6.915422976016998291e-01
6.917259395122528076e-01
6.920740008354187012e-01
6.923017501831054688e-01
6.902598738670349121e-01
6.796794533729553223e-01
6.595846712589263916e-01
6.396068930625915527e-01
6.243979632854461670e-01
6.132340133190155029e-01
6.055062413215637207e-01
5.999240577220916748e-01
5.953426957130432129e-01
5.901804864406585693e-01
5.861797928810119629e-01
5.820057392120361328e-01
5.778544247150421143e-01
5.742886662483215332e-01
5.700458288192749023e-01
5.655781924724578857e-01
5.604665875434875488e-01
5.566964149475097656e-01
5.525155365467071533e-01
5.478321909904479980e-01
5.454505085945129395e-01
5.400130152702331543e-01
5.364859402179718018e-01
5.324276089668273926e-01
5.281319916248321533e-01
5.255671143531799316e-01
5.228523313999176025e-01
5.188922286033630371e-01
5.148386061191558838e-01
5.091290175914764404e-01
5.063076913356781006e-01
5.066216886043548584e-01
5.013515353202819824e-01
4.974659085273742676e-01
4.943410754203796387e-01
4.926854670047760010e-01
4.889426231384277344e-01
4.853655993938446045e-01
4.830577224493026733e-01
4.821905791759490967e-01
4.778324514627456665e-01
4.754527956247329712e-01
4.751051515340805054e-01
4.722021371126174927e-01
4.727734923362731934e-01
4.670714139938354492e-01
4.626369476318359375e-01
4.606225192546844482e-01
4.572932869195938110e-01
4.559569060802459717e-01
4.536194205284118652e-01
4.553265720605850220e-01
4.491150230169296265e-01
4.471103399991989136e-01
4.455464482307434082e-01
4.453193843364715576e-01
4.428815245628356934e-01
4.396584331989288330e-01
4.372260123491287231e-01
4.385031014680862427e-01
4.352418929338455200e-01
4.331346303224563599e-01
4.306221902370452881e-01
4.312283545732498169e-01
4.319567531347274780e-01
4.268851131200790405e-01
4.294233322143554688e-01
4.338257908821105957e-01
4.258797764778137207e-01
4.227586537599563599e-01
4.200619459152221680e-01
4.207198917865753174e-01
4.198222458362579346e-01
4.229936301708221436e-01
4.202820956707000732e-01
4.133016467094421387e-01
4.127718210220336914e-01
4.101887643337249756e-01
4.119631946086883545e-01
4.099571704864501953e-01
4.117336869239807129e-01
4.047305881977081299e-01
4.049659073352813721e-01
4.031580686569213867e-01
3.997461497783660889e-01
3.994742631912231445e-01
3.980131447315216064e-01
3.997415155172348022e-01
3.983591645956039429e-01
3.923087865114212036e-01
3.925775140523910522e-01
3.921135365962982178e-01
3.969343006610870361e-01
3.933518826961517334e-01
3.875766545534133911e-01
3.865040540695190430e-01
3.876574933528900146e-01
3.869511187076568604e-01
3.867928683757781982e-01
3.842912167310714722e-01
3.848940730094909668e-01
3.816184103488922119e-01
3.910475671291351318e-01
3.808999657630920410e-01
3.754006922245025635e-01
3.778916299343109131e-01
3.786188662052154541e-01
3.790551126003265381e-01
3.829659819602966309e-01
3.860917836427688599e-01
3.725137114524841309e-01
3.756226301193237305e-01
3.764310628175735474e-01
3.705301135778427124e-01
3.695023953914642334e-01
3.700136989355087280e-01
3.702949285507202148e-01
3.683461546897888184e-01
3.665433973073959351e-01
3.654928803443908691e-01
3.712461590766906738e-01
3.671049773693084717e-01
3.637007474899291992e-01
3.646384477615356445e-01
3.622575700283050537e-01
3.666650354862213135e-01
3.630080223083496094e-01
3.607205599546432495e-01
3.572378009557723999e-01
3.603413254022598267e-01
3.643845766782760620e-01
3.566238731145858765e-01
3.531502038240432739e-01
3.576360195875167847e-01
3.517377972602844238e-01
3.490768969058990479e-01
3.544334471225738525e-01
3.575185090303421021e-01
3.486892282962799072e-01
3.469174653291702271e-01
3.477757722139358521e-01
3.478529602289199829e-01
3.477221578359603882e-01
3.490031808614730835e-01
3.570951968431472778e-01
3.494779467582702637e-01
3.513798117637634277e-01
3.583039343357086182e-01
3.431537896394729614e-01
3.542678058147430420e-01
3.490873128175735474e-01
3.437538743019104004e-01
3.432992994785308838e-01
3.422944843769073486e-01
3.379969894886016846e-01
3.393463194370269775e-01
3.372747600078582764e-01
3.451234400272369385e-01
3.418966978788375854e-01
3.332830369472503662e-01
3.338855952024459839e-01
3.326208293437957764e-01
3.357663601636886597e-01
3.321169763803482056e-01
3.379407972097396851e-01
3.392908275127410889e-01
3.417133241891860962e-01
3.354555368423461914e-01
3.429651260375976562e-01
3.355841338634490967e-01
3.317884653806686401e-01
3.378391414880752563e-01
3.308527767658233643e-01
3.277608752250671387e-01
3.271745890378952026e-01
3.339806199073791504e-01
3.327388018369674683e-01
3.280312120914459229e-01
3.304789066314697266e-01
3.257121443748474121e-01
3.282575160264968872e-01
3.282704055309295654e-01
3.210874199867248535e-01
3.332936167716979980e-01
3.238823264837265015e-01
3.203152567148208618e-01
3.231776207685470581e-01
3.238805234432220459e-01
3.209643661975860596e-01
3.258831799030303955e-01
3.203508257865905762e-01
3.325577080249786377e-01
3.308354914188385010e-01
3.229904472827911377e-01
3.226298242807388306e-01
3.201772421598434448e-01
3.278848975896835327e-01
3.207914829254150391e-01
3.156021535396575928e-01
3.118913173675537109e-01
3.137496411800384521e-01
3.251693248748779297e-01
3.154871463775634766e-01
3.107229471206665039e-01
3.141620904207229614e-01
3.148982524871826172e-01
3.119522631168365479e-01
3.235739469528198242e-01
3.204654753208160400e-01
3.207655847072601318e-01
3.131936639547348022e-01
3.101553767919540405e-01
3.206875324249267578e-01
3.142970800399780273e-01
3.271912187337875366e-01
3.169126659631729126e-01
3.063432872295379639e-01
3.094748407602310181e-01
3.040622472763061523e-01
3.052954077720642090e-01
3.244858980178833008e-01
3.159750103950500488e-01
3.040481209754943848e-01
3.128795474767684937e-01
3.091600388288497925e-01
3.174924999475479126e-01
3.161070644855499268e-01
3.159078657627105713e-01
3.081868886947631836e-01
3.087339103221893311e-01
3.063876032829284668e-01
3.090391159057617188e-01
3.053993880748748779e-01
3.008022010326385498e-01
3.045460879802703857e-01
3.150972276926040649e-01
3.133555501699447632e-01
3.060069531202316284e-01
3.151635080575942993e-01
3.014304190874099731e-01
3.055161684751510620e-01
3.067745268344879150e-01
3.002082407474517822e-01
2.953058779239654541e-01
3.000265657901763916e-01
2.959252446889877319e-01
2.966256141662597656e-01
3.026627600193023682e-01
3.055618107318878174e-01
3.040905445814132690e-01
2.915975004434585571e-01
2.912081778049468994e-01
2.980767786502838135e-01
2.992383241653442383e-01
3.119656890630722046e-01
2.998556941747665405e-01
2.877790033817291260e-01
2.896703183650970459e-01
2.941708713769912720e-01
2.916153669357299805e-01
2.892598360776901245e-01
2.946052849292755127e-01
2.911095917224884033e-01
2.908812612295150757e-01
3.009420037269592285e-01
3.004790544509887695e-01
2.911021560430526733e-01
3.000859916210174561e-01
2.898923158645629883e-01
2.897923588752746582e-01
2.916462719440460205e-01
2.864012122154235840e-01
2.943396866321563721e-01
2.878682464361190796e-01
2.925147116184234619e-01
2.873248159885406494e-01
2.874035835266113281e-01
2.841499745845794678e-01
2.842618525028228760e-01
2.968452423810958862e-01
2.883980870246887207e-01
2.889800071716308594e-01
2.873088419437408447e-01
2.836074829101562500e-01
2.871801257133483887e-01
2.826455831527709961e-01
2.826951444149017334e-01
2.866763770580291748e-01
2.839470505714416504e-01
2.871576100587844849e-01
2.892082482576370239e-01
2.923257797956466675e-01
2.911664843559265137e-01
2.829103767871856689e-01
2.841678708791732788e-01
2.834579646587371826e-01
2.833155691623687744e-01
2.839321196079254150e-01
2.824761867523193359e-01
2.803943157196044922e-01
2.938412725925445557e-01
3.022706508636474609e-01
2.857978641986846924e-01
2.925776392221450806e-01
2.797327637672424316e-01
2.806512117385864258e-01
2.846499383449554443e-01
2.808518111705780029e-01
2.841186821460723877e-01
2.858058959245681763e-01
2.777437716722488403e-01
2.883762270212173462e-01
2.830532789230346680e-01
2.820553779602050781e-01
2.799291610717773438e-01
2.749254703521728516e-01
2.713190913200378418e-01
2.849946320056915283e-01
2.806619405746459961e-01
2.821043878793716431e-01
2.786731719970703125e-01
2.742230445146560669e-01
2.748987674713134766e-01
2.941022962331771851e-01
2.772794961929321289e-01
2.772343307733535767e-01
2.826494723558425903e-01
2.821039557456970215e-01
2.831999659538269043e-01
2.776483297348022461e-01
2.699474394321441650e-01
2.713882476091384888e-01
2.744893431663513184e-01
2.726508080959320068e-01
2.748070359230041504e-01
2.783328890800476074e-01
2.684101164340972900e-01
2.661499530076980591e-01
2.816643118858337402e-01
2.749709486961364746e-01
2.751581519842147827e-01
2.731025367975234985e-01
2.674264460802078247e-01
2.734895795583724976e-01
2.743958085775375366e-01
2.725207954645156860e-01
2.717206627130508423e-01
2.797312736511230469e-01
2.742000222206115723e-01
2.734409570693969727e-01
2.707875072956085205e-01
2.647205442190170288e-01
2.735584676265716553e-01
2.762019932270050049e-01
2.748151123523712158e-01
2.739413231611251831e-01
2.722595036029815674e-01
2.690665870904922485e-01
2.742513716220855713e-01
2.677867710590362549e-01
2.681386768817901611e-01
2.743223011493682861e-01
2.691876292228698730e-01
2.640663683414459229e-01
2.677131295204162598e-01
2.599501013755798340e-01
2.621374130249023438e-01
2.646892964839935303e-01
2.651183307170867920e-01
2.573470026254653931e-01
2.687657475471496582e-01
2.642643749713897705e-01
2.636203020811080933e-01
2.613729685544967651e-01
2.715561091899871826e-01
2.744048833847045898e-01
2.828268408775329590e-01
2.634087204933166504e-01
2.853347808122634888e-01
2.697876095771789551e-01
2.681331783533096313e-01
2.728747129440307617e-01
2.625094652175903320e-01
2.668484002351760864e-01
2.834736108779907227e-01
2.611163258552551270e-01
2.595387697219848633e-01
2.602588683366775513e-01
2.599578201770782471e-01
2.726632058620452881e-01
2.686227858066558838e-01
2.693810015916824341e-01
2.661833316087722778e-01
2.581119164824485779e-01
2.693755030632019043e-01
2.706658244132995605e-01
2.638287246227264404e-01
2.623759508132934570e-01
2.636236101388931274e-01
2.795289158821105957e-01
2.718795835971832275e-01
2.694932222366333008e-01
2.643835991621017456e-01
2.545172572135925293e-01
2.617764472961425781e-01
2.697626799345016479e-01
2.654700577259063721e-01
2.625099569559097290e-01
2.632784098386764526e-01
2.671836316585540771e-01
2.712896913290023804e-01
2.770724296569824219e-01
2.682956904172897339e-01
2.614728361368179321e-01
2.571783810853958130e-01
2.601200640201568604e-01
2.589093297719955444e-01
2.542615681886672974e-01
2.563413977622985840e-01
2.587491422891616821e-01
2.658254951238632202e-01
2.604007646441459656e-01
2.575469315052032471e-01
2.551411986351013184e-01
2.589447945356369019e-01
2.564585208892822266e-01
2.498931437730789185e-01
2.619291841983795166e-01
2.636077105998992920e-01
2.656800746917724609e-01
2.576321363449096680e-01
2.656267583370208740e-01
2.632200717926025391e-01
2.668971717357635498e-01
2.723079174757003784e-01
2.535015791654586792e-01
2.666473388671875000e-01
2.539929002523422241e-01
2.557375580072402954e-01
2.516881227493286133e-01
2.550552785396575928e-01
2.535445988178253174e-01
2.752048522233963013e-01
2.598102390766143799e-01
2.565084844827651978e-01
2.525702565908432007e-01
2.501954883337020874e-01
2.542275562882423401e-01
2.484763115644454956e-01
2.478571981191635132e-01
2.481944262981414795e-01
2.445191219449043274e-01
2.577347308397293091e-01
2.563082054257392883e-01
2.504778131842613220e-01
2.502762377262115479e-01
2.603002786636352539e-01
2.576770707964897156e-01
2.522146701812744141e-01
2.515344843268394470e-01
2.565671652555465698e-01
2.525765001773834229e-01
2.516072168946266174e-01
2.506781071424484253e-01
2.481329739093780518e-01
2.467001676559448242e-01
2.467592656612396240e-01
2.451115846633911133e-01
2.455243170261383057e-01
2.545172944664955139e-01
2.586533278226852417e-01
2.479580789804458618e-01
2.429611384868621826e-01
2.500561997294425964e-01
2.457702755928039551e-01
2.643925696611404419e-01
2.620560750365257263e-01
2.560396790504455566e-01
2.549964189529418945e-01
2.491613030433654785e-01
2.467689737677574158e-01
2.492665648460388184e-01
2.463523745536804199e-01
2.514535337686538696e-01
2.538700625300407410e-01
2.534147053956985474e-01
2.497272789478302002e-01
2.502401322126388550e-01
2.650561034679412842e-01
2.537549734115600586e-01
2.506140246987342834e-01
2.542069777846336365e-01
2.617674022912979126e-01
2.564031630754470825e-01
2.535165101289749146e-01
2.496316432952880859e-01
2.416471093893051147e-01
2.383854761719703674e-01
2.403288483619689941e-01
2.396477013826370239e-01
2.605197727680206299e-01
2.561209425330162048e-01
2.452203705906867981e-01
2.421543523669242859e-01
2.428716495633125305e-01
2.405992001295089722e-01
2.421495988965034485e-01
2.520584762096405029e-01
2.499094828963279724e-01
2.513168454170227051e-01
2.439016550779342651e-01
2.422082275152206421e-01
2.491298019886016846e-01
2.486635297536849976e-01
2.418807297945022583e-01
2.552545815706253052e-01
2.517265081405639648e-01
2.445778995752334595e-01
2.710922658443450928e-01
2.508751451969146729e-01
2.422158271074295044e-01
2.464694529771804810e-01
2.476936131715774536e-01
2.501223534345626831e-01
2.441558241844177246e-01
2.452057152986526489e-01
2.363644540309906006e-01
2.390702888369560242e-01
2.408622354269027710e-01
2.368697077035903931e-01
2.490968927741050720e-01
2.414936199784278870e-01
2.399809509515762329e-01
2.450465187430381775e-01
2.453338801860809326e-01
2.474434375762939453e-01
2.510063499212265015e-01
2.407130822539329529e-01
2.387889325618743896e-01
2.443644478917121887e-01
2.418454885482788086e-01
2.570806145668029785e-01
2.442046254873275757e-01
2.393352240324020386e-01
2.459992840886116028e-01
2.366934716701507568e-01
2.426377162337303162e-01
2.434136718511581421e-01
2.418599724769592285e-01
2.383062690496444702e-01
2.496251165866851807e-01
2.598279416561126709e-01
2.459324151277542114e-01
2.452061474323272705e-01
2.549490481615066528e-01
2.512355744838714600e-01
2.421424686908721924e-01
2.388571128249168396e-01
2.567302137613296509e-01
2.361694350838661194e-01
2.405312284827232361e-01
2.443947792053222656e-01
2.369717657566070557e-01
2.370435893535614014e-01
2.376499250531196594e-01
2.380061224102973938e-01
2.372613549232482910e-01
2.341354638338088989e-01
2.416717186570167542e-01
2.415749132633209229e-01
2.388990521430969238e-01
2.379862070083618164e-01
2.370604425668716431e-01
2.454062849283218384e-01
2.414980828762054443e-01
2.530979290604591370e-01
2.487914264202117920e-01
2.379597947001457214e-01
2.321327179670333862e-01
2.421115636825561523e-01
2.367929816246032715e-01
2.339956909418106079e-01
2.419603466987609863e-01
2.374475747346878052e-01
2.316103726625442505e-01
2.339980974793434143e-01
2.341004312038421631e-01
2.294979393482208252e-01
2.313284277915954590e-01
2.327805235981941223e-01
2.370126470923423767e-01
2.315879091620445251e-01
2.335762903094291687e-01
2.406308874487876892e-01
2.346328049898147583e-01
2.430269569158554077e-01
2.430022805929183960e-01
2.471710294485092163e-01
2.430658489465713501e-01
2.417409643530845642e-01
2.688711285591125488e-01
2.506693005561828613e-01
2.394814863801002502e-01
2.314781174063682556e-01
2.290867120027542114e-01
2.394631356000900269e-01
2.351481169462203979e-01
2.341263815760612488e-01
2.285884320735931396e-01
2.295594215393066406e-01
2.297006323933601379e-01
2.392410784959793091e-01
2.398798242211341858e-01
2.326621785759925842e-01
2.434358745813369751e-01
2.335744053125381470e-01
2.283852994441986084e-01
2.321082055568695068e-01
2.391896471381187439e-01
2.311408519744873047e-01
2.303520292043685913e-01
2.355629354715347290e-01
2.308501899242401123e-01
2.331633269786834717e-01
2.424185797572135925e-01
2.294389903545379639e-01
2.365079671144485474e-01
2.434472888708114624e-01
2.464382201433181763e-01
2.447621673345565796e-01
2.332795783877372742e-01
2.289472967386245728e-01
2.416334450244903564e-01
2.392682507634162903e-01
2.540205419063568115e-01
2.421474605798721313e-01
2.272230833768844604e-01
2.311317473649978638e-01
2.389675676822662354e-01
2.338324859738349915e-01
2.337080091238021851e-01
2.323144003748893738e-01
2.248959317803382874e-01
2.323245555162429810e-01
2.367222160100936890e-01
2.428611144423484802e-01
2.515254318714141846e-01
2.436087429523468018e-01
2.287380099296569824e-01
2.335868328809738159e-01
2.265612930059432983e-01
2.260295450687408447e-01
2.332034632563591003e-01
2.260855138301849365e-01
2.286365851759910583e-01
2.308610826730728149e-01
2.278266102075576782e-01
2.432991564273834229e-01
2.286714464426040649e-01
2.257933318614959717e-01
2.293260097503662109e-01
2.310759127140045166e-01
2.361833900213241577e-01
2.279109656810760498e-01
2.286317795515060425e-01
2.229389324784278870e-01
2.272343635559082031e-01
2.291262224316596985e-01
2.317201942205429077e-01
2.352110743522644043e-01
2.372432798147201538e-01
2.342301458120346069e-01
2.348688095808029175e-01
2.509967833757400513e-01
2.256960570812225342e-01
2.288883551955223083e-01
2.248612493276596069e-01
2.240343168377876282e-01
2.253565862774848938e-01
2.257046103477478027e-01
2.269688472151756287e-01
2.324586138129234314e-01
2.310957685112953186e-01
2.333297654986381531e-01
2.307894676923751831e-01
2.355760857462882996e-01
2.282635122537612915e-01
2.287925258278846741e-01
2.425803616642951965e-01
2.217579036951065063e-01
2.239951044321060181e-01
2.206684052944183350e-01
2.303174585103988647e-01
2.250172048807144165e-01
2.243376001715660095e-01
2.214795723557472229e-01
2.230174839496612549e-01
2.238615900278091431e-01
2.225518450140953064e-01
2.246786877512931824e-01
2.376680374145507812e-01
2.310696020722389221e-01
2.269885987043380737e-01
2.202555760741233826e-01
2.212430611252784729e-01
2.251593917608261108e-01
2.344488054513931274e-01
2.399151325225830078e-01
2.249054759740829468e-01
2.190672680735588074e-01
2.228388413786888123e-01
2.311801686882972717e-01
2.258287817239761353e-01
2.220539674162864685e-01
2.256162464618682861e-01
2.249904051423072815e-01
2.204094752669334412e-01
2.320721745491027832e-01
2.287757843732833862e-01
2.333355844020843506e-01
2.270527184009552002e-01
2.256938219070434570e-01
2.293311730027198792e-01
2.223616242408752441e-01
2.201227769255638123e-01
2.299682721495628357e-01
2.193338721990585327e-01
2.256001532077789307e-01
2.251598834991455078e-01
2.178402319550514221e-01
2.183810919523239136e-01
2.232073843479156494e-01
2.283009737730026245e-01
2.227535396814346313e-01
2.253269702196121216e-01
2.263706177473068237e-01
2.213414311408996582e-01
2.166772037744522095e-01
2.284519746899604797e-01
2.304191887378692627e-01
2.229077517986297607e-01
2.212487682700157166e-01
2.206253856420516968e-01
2.208218574523925781e-01
2.301317751407623291e-01
2.191283404827117920e-01
2.230929583311080933e-01
2.171329930424690247e-01
2.399036511778831482e-01
2.206230610609054565e-01
2.305715978145599365e-01
2.396846860647201538e-01
2.293135672807693481e-01
2.286656498908996582e-01
2.265775725245475769e-01
2.249040082097053528e-01
2.236736267805099487e-01
2.222261279821395874e-01
2.506411969661712646e-01
2.185424789786338806e-01
2.267055362462997437e-01
2.214901521801948547e-01
2.337314262986183167e-01
2.223005443811416626e-01
2.283926680684089661e-01
2.282984182238578796e-01
2.215864956378936768e-01
2.221006378531455994e-01
2.309595942497253418e-01
2.348077446222305298e-01
2.210517078638076782e-01
2.225529551506042480e-01
2.180485352873802185e-01
2.259418070316314697e-01
2.202351093292236328e-01
2.191009595990180969e-01
2.203083038330078125e-01
2.315955609083175659e-01
2.165992185473442078e-01
2.164141759276390076e-01
2.210173979401588440e-01
2.166216820478439331e-01
2.153158336877822876e-01
2.264638170599937439e-01
2.192834615707397461e-01
2.241753414273262024e-01
2.311742901802062988e-01
2.160821631550788879e-01
2.211100831627845764e-01
2.185561358928680420e-01
2.179796844720840454e-01
2.218754366040229797e-01
2.140787243843078613e-01
2.195842564105987549e-01
2.156992927193641663e-01
2.287538051605224609e-01
2.185766547918319702e-01
2.190164476633071899e-01
2.254870235919952393e-01
2.166556715965270996e-01
2.197286412119865417e-01
2.205324098467826843e-01
2.254975140094757080e-01
2.271732762455940247e-01
2.234665304422378540e-01
2.223577201366424561e-01
2.240172922611236572e-01
2.242770940065383911e-01
2.183229178190231323e-01
2.331754267215728760e-01
2.203941494226455688e-01
2.135330587625503540e-01
2.099410742521286011e-01
2.151437401771545410e-01
2.124753072857856750e-01
2.151504829525947571e-01
2.184556573629379272e-01
2.217962667346000671e-01
2.128782421350479126e-01
2.155256867408752441e-01
2.130106687545776367e-01
2.321944013237953186e-01
2.276358455419540405e-01
2.136724889278411865e-01
2.207891121506690979e-01
2.198143899440765381e-01
2.140258401632308960e-01
2.153424322605133057e-01
2.194934934377670288e-01
2.194623276591300964e-01
2.206867337226867676e-01
2.504063248634338379e-01
2.211894840002059937e-01
2.407986372709274292e-01
2.295488864183425903e-01
2.144424691796302795e-01
2.201451063156127930e-01
2.156250998377799988e-01
2.208433300256729126e-01
2.259401828050613403e-01
2.155736684799194336e-01
2.115500196814537048e-01
2.240322977304458618e-01
2.338033765554428101e-01
2.370420470833778381e-01
2.209499254822731018e-01
2.192798927426338196e-01
2.137824818491935730e-01
2.159813418984413147e-01
2.107763513922691345e-01
2.179146558046340942e-01
2.185788601636886597e-01
2.181840837001800537e-01
2.311008572578430176e-01
2.143193930387496948e-01
2.175218015909194946e-01
2.255446091294288635e-01
2.174778878688812256e-01
2.194035127758979797e-01
2.152938693761825562e-01
2.171217426657676697e-01
2.113344743847846985e-01
2.222890257835388184e-01
2.185538411140441895e-01
2.226990163326263428e-01
2.451613917946815491e-01
2.146087512373924255e-01
2.130454927682876587e-01
2.236297428607940674e-01
2.229219079017639160e-01
2.195659279823303223e-01
2.313414067029953003e-01
2.201268076896667480e-01
2.122802957892417908e-01
2.182042449712753296e-01
2.216736227273941040e-01
2.195958048105239868e-01
2.298644483089447021e-01
2.269661873579025269e-01
2.227099388837814331e-01
2.266513109207153320e-01
2.181458175182342529e-01
2.140017747879028320e-01
2.204407975077629089e-01
2.162330970168113708e-01
2.153567969799041748e-01
2.119072377681732178e-01
2.199301719665527344e-01
2.180723026394844055e-01
2.194121032953262329e-01
2.286823987960815430e-01
2.168781459331512451e-01
2.147159501910209656e-01
2.153867632150650024e-01
2.160100638866424561e-01
2.117732316255569458e-01
2.217894345521926880e-01
2.166179269552230835e-01
2.279401943087577820e-01
2.168852165341377258e-01
2.123741507530212402e-01
2.104161083698272705e-01
2.127357125282287598e-01
2.100845575332641602e-01
2.060100734233856201e-01
2.131237238645553589e-01
2.080552577972412109e-01
2.226150035858154297e-01
2.305327579379081726e-01
2.202621027827262878e-01
2.205580845475196838e-01
2.138211056590080261e-01
2.125718966126441956e-01
2.153641283512115479e-01
2.176296859979629517e-01
2.140963524580001831e-01
2.166860923171043396e-01
2.160907238721847534e-01
2.200901359319686890e-01
2.137484997510910034e-01
2.087573260068893433e-01
2.087950482964515686e-01
2.158397510647773743e-01
2.157396748661994934e-01
2.354072779417037964e-01
2.143558040261268616e-01
2.106417864561080933e-01
2.090138196945190430e-01
2.123663872480392456e-01
2.111596241593360901e-01
2.066310271620750427e-01
2.149915769696235657e-01
2.141921818256378174e-01
2.227703705430030823e-01
2.149815633893013000e-01
2.109634727239608765e-01
2.150807902216911316e-01
2.157182842493057251e-01
2.180249392986297607e-01
2.072377800941467285e-01
2.143692970275878906e-01
2.060493454337120056e-01
2.078647315502166748e-01
2.266070172190666199e-01
2.075166329741477966e-01
2.091769576072692871e-01
2.184721827507019043e-01
2.089545428752899170e-01
2.129652351140975952e-01
2.132939621806144714e-01
2.133190110325813293e-01
2.086533904075622559e-01
2.140196487307548523e-01
2.146482318639755249e-01
2.350843176245689392e-01
2.103734537959098816e-01
2.205398678779602051e-01
2.175716459751129150e-01
2.152576670050621033e-01
2.147202417254447937e-01
2.158292010426521301e-01
2.082428038120269775e-01
2.121477648615837097e-01
2.140528708696365356e-01
2.074360698461532593e-01
2.155580222606658936e-01
2.145776897668838501e-01
2.289792597293853760e-01
2.135322988033294678e-01
2.140115201473236084e-01
2.117801606655120850e-01
2.132434695959091187e-01
2.098823338747024536e-01
2.264582812786102295e-01
2.125516831874847412e-01
2.140915468335151672e-01
2.127015739679336548e-01
2.270974591374397278e-01
2.140138670802116394e-01
2.091285735368728638e-01
2.115683853626251221e-01
2.095474451780319214e-01
2.098411619663238525e-01
2.090798765420913696e-01
2.093559950590133667e-01
2.103967219591140747e-01
2.159244269132614136e-01
2.183915451169013977e-01
2.168140709400177002e-01
2.126311957836151123e-01
2.201947718858718872e-01
2.134402245283126831e-01
2.074962854385375977e-01
2.102610990405082703e-01
2.224942743778228760e-01
2.120536938309669495e-01
2.040546759963035583e-01
