5.263157894736841987e-03
5.421052631578947116e-03
5.842105263157894995e-03
5.842105263157894995e-03
7.263157894736842028e-03
1.331578947368420966e-02
3.015789473684210575e-02
4.763157894736842063e-02
6.194736842105263291e-02
7.178947368421052799e-02
7.636842105263158542e-02
8.115789473684210942e-02
8.463157894736841880e-02
8.742105263157894102e-02
9.021052631578947711e-02
9.489473684210526783e-02
1.015263157894736867e-01
1.065789473684210509e-01
1.134736842105263099e-01
1.220526315789473709e-01
1.287368421052631495e-01
1.367894736842105163e-01
1.437368421052631628e-01
1.560526315789473595e-01
1.602105263157894699e-01
1.714736842105263059e-01
1.855263157894736781e-01
1.968421052631579016e-01
2.005263157894736914e-01
2.107894736842105265e-01
2.250000000000000056e-01
2.369999999999999885e-01
2.473157894736842111e-01
2.599473684210526492e-01
2.669473684210526554e-01
2.744210526315789545e-01
2.916842105263157681e-01
2.936842105263157698e-01
3.083157894736842097e-01
3.092631578947368509e-01
3.292631578947368687e-01
3.326842105263158045e-01
3.441052631578947474e-01
3.483684210526316050e-01
3.532631578947368345e-01
3.643684210526315637e-01
3.721052631578947167e-01
3.767368421052631478e-01
3.892631578947368665e-01
3.968421052631578849e-01
3.996842105263158085e-01
4.056842105263158138e-01
4.177894736842105439e-01
4.241578947368421226e-01
4.287894736842105536e-01
4.317894736842105008e-01
4.348421052631579187e-01
4.433684210526315783e-01
4.466315789473684350e-01
4.500000000000000111e-01
4.473684210526315819e-01
4.619473684210526065e-01
4.716315789473684017e-01
4.658421052631578907e-01
4.773684210526315530e-01
4.871052631578947634e-01
4.841578947368421204e-01
4.863157894736842013e-01
4.931052631578947132e-01
4.892105263157894846e-01
5.022105263157894406e-01
5.035789473684210149e-01
5.120526315789473148e-01
5.155789473684210256e-01
5.102105263157894477e-01
5.207368421052631646e-01
5.215263157894737267e-01
5.252631578947368762e-01
5.313684210526316010e-01
5.311052631578947469e-01
5.313157894736841858e-01
5.370526315789473371e-01
5.425263157894736343e-01
5.496315789473684710e-01
5.508947368421052149e-01
5.509473684210526301e-01
5.528421052631579125e-01
5.549473684210526336e-01
5.582631578947367945e-01
5.639999999999999458e-01
5.663684210526316321e-01
5.633684210526316294e-01
5.701052631578947816e-01
5.673684210526316329e-01
5.783157894736842275e-01
5.794736842105263630e-01
5.840526315789473788e-01
5.774736842105263612e-01
5.838947368421052442e-01
5.899473684210526647e-01
5.859473684210526612e-01
5.843684210526315370e-01
5.998421052631578432e-01
6.005789473684211011e-01
5.963684210526315477e-01
6.071578947368421186e-01
5.978947368421052566e-01
6.082631578947368389e-01
6.076315789473684115e-01
6.059473684210526789e-01
6.087894736842105470e-01
6.129999999999999893e-01
6.185263157894737018e-01
6.188421052631578601e-01
6.242631578947368531e-01
6.225263157894737054e-01
6.254736842105262928e-01
6.233157894736841564e-01
6.190526315789474099e-01
6.304736842105262973e-01
6.251578947368421346e-01
6.262631578947368549e-01
6.394736842105263053e-01
6.354736842105263017e-01
6.337368421052631540e-01
6.414210526315790029e-01
6.368947368421052913e-01
6.438421052631578823e-01
6.461052631578947381e-01
6.464736842105263115e-01
6.411052631578947336e-01
6.487894736842104715e-01
6.465789473684210309e-01
6.492631578947368753e-01
6.537894736842104759e-01
6.541578947368421604e-01
6.552105263157894655e-01
6.574210526315789060e-01
6.589473684210526150e-01
6.585789473684210416e-01
6.625789473684210451e-01
6.467894736842105807e-01
6.528421052631578902e-01
6.656315789473684630e-01
6.670526315789473415e-01
6.633684210526316072e-01
6.701578947368420636e-01
6.710526315789473450e-01
6.709473684210526256e-01
6.722105263157894806e-01
6.695263157894736361e-01
6.770526315789473504e-01
6.797368421052631948e-01
6.776315789473684736e-01
6.771052631578947656e-01
6.811578947368420733e-01
6.746315789473684710e-01
6.875263157894736521e-01
6.864736842105263470e-01
6.813157894736842080e-01
6.794736842105263408e-01
6.879999999999999449e-01
6.908947368421052282e-01
6.862105263157894930e-01
6.786315789473684745e-01
6.858421052631579196e-01
6.888421052631579222e-01
6.885263157894736530e-01
6.841578947368420760e-01
6.884210526315789336e-01
6.913157894736842168e-01
6.926842105263157912e-01
6.919999999999999485e-01
7.000526315789473708e-01
6.970526315789473681e-01
6.913157894736842168e-01
6.974736842105263568e-01
6.968947368421052335e-01
6.921052631578947789e-01
6.854736842105263461e-01
7.008947368421052371e-01
6.933157894736842186e-01
7.075263157894736699e-01
7.054736842105263639e-01
7.039473684210526550e-01
6.992105263157895045e-01
7.062105263157895108e-01
7.096315789473683910e-01
7.079473684210526585e-01
7.141578947368421026e-01
7.008947368421052371e-01
7.083157894736842319e-01
7.137894736842105292e-01
6.971052631578947834e-01
7.079999999999999627e-01
7.139999999999999680e-01
7.081052631578946821e-01
7.138947368421052486e-01
7.176315789473683981e-01
7.182631578947368256e-01
7.125263157894736743e-01
7.079473684210526585e-01
7.176842105263158134e-01
7.215263157894736823e-01
7.179999999999999716e-01
7.172631578947368247e-01
7.209473684210526701e-01
7.227894736842105372e-01
7.260526315789473939e-01
7.246842105263158196e-01
7.219473684210526709e-01
7.218421052631578405e-01
7.244210526315789656e-01
7.247894736842105390e-01
7.262631578947368327e-01
7.267894736842105408e-01
7.287368421052631273e-01
7.280526315789473957e-01
7.290526315789473966e-01
7.224210526315789638e-01
7.188421052631579489e-01
7.020526315789473726e-01
7.281052631578946999e-01
7.312631578947368372e-01
7.300526315789473975e-01
7.331052631578947043e-01
7.328947368421052655e-01
7.338947368421052664e-01
7.329999999999999849e-01
7.242631578947368309e-01
7.362105263157894264e-01
7.356842105263158293e-01
7.349473684210526825e-01
7.338421052631578512e-01
7.362631578947368416e-01
7.373684210526315619e-01
7.201052631578946928e-01
7.379473684210526852e-01
7.309473684210526789e-01
7.387368421052631362e-01
7.378947368421052699e-01
7.396842105263158329e-01
7.402631578947368451e-01
7.427894736842105550e-01
7.411578947368421266e-01
7.416315789473684195e-01
7.384736842105262822e-01
7.407368421052631380e-01
7.408421052631578574e-01
7.427368421052631398e-01
7.403157894736842604e-01
7.442105263157894335e-01
7.361052631578947070e-01
7.277894736842105416e-01
7.413157894736842612e-01
7.429999999999999938e-01
7.387368421052631362e-01
7.451052631578947150e-01
7.465263157894737045e-01
7.453684210526315690e-01
7.467368421052631433e-01
7.469473684210525821e-01
7.473157894736841556e-01
7.494210526315789878e-01
7.404736842105262840e-01
7.468947368421052779e-01
7.438947368421052753e-01
7.482631578947368522e-01
7.490526315789474143e-01
7.477368421052631442e-01
7.486842105263158409e-01
7.535263157894737107e-01
7.510000000000000009e-01
7.555789473684210167e-01
7.404736842105262840e-01
7.570000000000000062e-01
7.495263157894737072e-01
7.384210526315789780e-01
7.554736842105262973e-01
7.530000000000000027e-01
7.545263157894737116e-01
7.560526315789474205e-01
7.569473684210525910e-01
7.434736842105262866e-01
7.417368421052631389e-01
7.578947368421052877e-01
7.598947368421052895e-01
7.564210526315789940e-01
7.544736842105262964e-01
7.525263157894737098e-01
7.567368421052631522e-01
7.625263157894737187e-01
7.543684210526315770e-01
7.591578947368421426e-01
7.578421052631578725e-01
7.586315789473684346e-01
7.572105263157894450e-01
7.598947368421052895e-01
7.614210526315789984e-01
7.542105263157894424e-01
7.595789473684210202e-01
7.595263157894737160e-01
7.607368421052631557e-01
7.608421052631578752e-01
7.613157894736841680e-01
7.602105263157894477e-01
7.508421052631578663e-01
7.542105263157894424e-01
7.612105263157894486e-01
7.572631578947368602e-01
7.563684210526315788e-01
7.592105263157894468e-01
7.646315789473684399e-01
7.612631578947368638e-01
7.576315789473684337e-01
7.678421052631578814e-01
7.613157894736841680e-01
7.683684210526315894e-01
7.682105263157894548e-01
7.695263157894737249e-01
7.650000000000000133e-01
7.665789473684210265e-01
7.658947368421052948e-01
7.634736842105263044e-01
7.640000000000000124e-01
7.653684210526315868e-01
7.656842105263157450e-01
7.679473684210526008e-01
7.583684210526315805e-01
7.564736842105262982e-01
7.586842105263157388e-01
7.697894736842105790e-01
7.636842105263157432e-01
7.640526315789473166e-01
7.710000000000000187e-01
7.701578947368421524e-01
7.725263157894737276e-01
7.700000000000000178e-01
7.729473684210526052e-01
7.706315789473684452e-01
7.765789473684210353e-01
7.744736842105263142e-01
7.745789473684210336e-01
7.680526315789473202e-01
7.610000000000000098e-01
7.601052631578947283e-01
7.613157894736841680e-01
7.739473684210526061e-01
7.756842105263157539e-01
7.638421052631578778e-01
7.677894736842105772e-01
7.767368421052631700e-01
7.710000000000000187e-01
7.710000000000000187e-01
7.741052631578947407e-01
7.768421052631578894e-01
7.646315789473684399e-01
7.726315789473684470e-01
7.736315789473684479e-01
7.753157894736841804e-01
7.739473684210526061e-01
7.743684210526315947e-01
7.691578947368421515e-01
7.672631578947368691e-01
7.710000000000000187e-01
7.737894736842104715e-01
7.777894736842104750e-01
7.750526315789473264e-01
7.784736842105263177e-01
7.739473684210526061e-01
7.767894736842104741e-01
7.750000000000000222e-01
7.794210526315789034e-01
7.802105263157894655e-01
7.702105263157894566e-01
7.778421052631578902e-01
7.750000000000000222e-01
7.741578947368421559e-01
7.753684210526315956e-01
7.740526315789473255e-01
7.776842105263157556e-01
7.829473684210526141e-01
7.663157894736841724e-01
7.796315789473684532e-01
7.706315789473684452e-01
7.787894736842104759e-01
7.693157894736841751e-01
7.781578947368421595e-01
7.778421052631578902e-01
7.715789473684210309e-01
7.607368421052631557e-01
7.794736842105263186e-01
7.769473684210526088e-01
7.788421052631578911e-01
7.791578947368421604e-01
7.835263157894737374e-01
7.814210526315789052e-01
7.836842105263157610e-01
7.814736842105263204e-01
7.831052631578947487e-01
7.785789473684210371e-01
7.808947368421053081e-01
7.800526315789473308e-01
7.822105263157894672e-01
7.780000000000000249e-01
7.837894736842104804e-01
7.834736842105263221e-01
7.783684210526315983e-01
7.820526315789473326e-01
7.793157894736841840e-01
7.822105263157894672e-01
7.735789473684210327e-01
7.738947368421053019e-01
7.861578947368420556e-01
7.838947368421053108e-01
7.856842105263157627e-01
7.810526315789473317e-01
7.844736842105263230e-01
7.825263157894737365e-01
7.851578947368420547e-01
7.781578947368421595e-01
7.795263157894737338e-01
7.851578947368420547e-01
7.804210526315789043e-01
7.864210526315789096e-01
7.794210526315789034e-01
7.855263157894737391e-01
7.801052631578947461e-01
7.817368421052631744e-01
7.783157894736841831e-01
7.852631578947368851e-01
7.838947368421053108e-01
7.852105263157894699e-01
7.893157894736841929e-01
7.856315789473684585e-01
7.851578947368420547e-01
7.878947368421053143e-01
7.803157894736841849e-01
7.735789473684210327e-01
7.825789473684210407e-01
7.775789473684210362e-01
7.856315789473684585e-01
7.838421052631578956e-01
7.898947368421053161e-01
7.882631578947368878e-01
7.848421052631578965e-01
7.908421052631579018e-01
7.891578947368420582e-01
7.884210526315789114e-01
7.850526315789473353e-01
7.900000000000000355e-01
7.841578947368420538e-01
7.888947368421053152e-01
7.912631578947368904e-01
7.915263157894736334e-01
7.875263157894736299e-01
7.844736842105263230e-01
7.908421052631579018e-01
7.916842105263157681e-01
7.899473684210526203e-01
7.875263157894736299e-01
7.828421052631578947e-01
7.898947368421053161e-01
7.886315789473684612e-01
7.873157894736841911e-01
7.885789473684210460e-01
7.874210526315789105e-01
7.858947368421053126e-01
7.904736842105263284e-01
7.899473684210526203e-01
7.907894736842104866e-01
7.894210526315789123e-01
7.848947368421053117e-01
7.937894736842104892e-01
7.925263157894736343e-01
7.936315789473684656e-01
7.913157894736841946e-01
7.903684210526316090e-01
7.909473684210526212e-01
7.954736842105263328e-01
7.913684210526316098e-01
7.941052631578947585e-01
7.918421052631579027e-01
7.880526315789473379e-01
7.922105263157894761e-01
7.903157894736841937e-01
7.864210526315789096e-01
7.884736842105263266e-01
7.851052631578947505e-01
7.922631578947368913e-01
7.925263157894736343e-01
7.901578947368420591e-01
7.876842105263157645e-01
7.898947368421053161e-01
7.848947368421053117e-01
7.941052631578947585e-01
7.921578947368420609e-01
7.936842105263157698e-01
7.896842105263157663e-01
7.878421052631578991e-01
7.877894736842104839e-01
7.930526315789473424e-01
7.906315789473684630e-01
7.901578947368420591e-01
7.945789473684210513e-01
7.887368421052631806e-01
7.855789473684210433e-01
7.907368421052631824e-01
7.971052631578947612e-01
7.922631578947368913e-01
7.911052631578947558e-01
7.933157894736841964e-01
7.945263157894736361e-01
7.950000000000000400e-01
7.945263157894736361e-01
7.931052631578947576e-01
7.897368421052631815e-01
7.941578947368420627e-01
7.932631578947368922e-01
7.950000000000000400e-01
7.964736842105263337e-01
7.966842105263157725e-01
7.959473684210526256e-01
7.943157894736841973e-01
7.962105263157894797e-01
7.966315789473684683e-01
7.964210526315789185e-01
7.917894736842104875e-01
7.863157894736841902e-01
7.931578947368420618e-01
7.954736842105263328e-01
7.959473684210526256e-01
7.967368421052631877e-01
7.938421052631579045e-01
7.922105263157894761e-01
7.895789473684210469e-01
7.936842105263157698e-01
7.966315789473684683e-01
7.968947368421052113e-01
7.876842105263157645e-01
7.912631578947368904e-01
7.891578947368420582e-01
7.892105263157894735e-01
7.949473684210526248e-01
7.960526315789473450e-01
7.977894736842104928e-01
7.925263157894736343e-01
7.898947368421053161e-01
7.960000000000000409e-01
7.915263157894736334e-01
7.972631578947368958e-01
7.959473684210526256e-01
7.962105263157894797e-01
7.980000000000000426e-01
7.980526315789473468e-01
8.002631578947367874e-01
8.007368421052631913e-01
7.875263157894736299e-01
7.954210526315789176e-01
7.898947368421053161e-01
7.885789473684210460e-01
7.945263157894736361e-01
7.941052631578947585e-01
7.972631578947368958e-01
7.971052631578947612e-01
7.936842105263157698e-01
7.952105263157894788e-01
7.978947368421052122e-01
7.990526315789473477e-01
7.974210526315789194e-01
7.940000000000000391e-01
8.002105263157894832e-01
7.982105263157894814e-01
7.875263157894736299e-01
7.962105263157894797e-01
7.937368421052631851e-01
7.970000000000000417e-01
7.962105263157894797e-01
7.920000000000000373e-01
7.949473684210526248e-01
7.961578947368420645e-01
7.961578947368420645e-01
7.917894736842104875e-01
8.008947368421052149e-01
7.991578947368420671e-01
7.923157894736841955e-01
7.952631578947368940e-01
7.998947368421052140e-01
7.993157894736842017e-01
8.010000000000000453e-01
8.009473684210526301e-01
8.023157894736842044e-01
7.973157894736842000e-01
7.971052631578947612e-01
7.895263157894736317e-01
8.001052631578947638e-01
7.973157894736842000e-01
7.985789473684210549e-01
7.982631578947368967e-01
8.013684210526316187e-01
7.951052631578947594e-01
7.966315789473684683e-01
7.968421052631579071e-01
7.993157894736842017e-01
7.977894736842104928e-01
7.934210526315789158e-01
7.992631578947368975e-01
7.965789473684210531e-01
7.976842105263157734e-01
7.983157894736842008e-01
8.027368421052631930e-01
7.986842105263157743e-01
8.014736842105263381e-01
7.944210526315789167e-01
7.973684210526316152e-01
7.942631578947368931e-01
7.987368421052631895e-01
8.025789473684210584e-01
8.005789473684210567e-01
8.005263157894736414e-01
7.932105263157894770e-01
7.985263157894736397e-01
8.020000000000000462e-01
7.994736842105263364e-01
7.990526315789473477e-01
7.974210526315789194e-01
7.966315789473684683e-01
8.010000000000000453e-01
7.968947368421052113e-01
7.943684210526316125e-01
7.985263157894736397e-01
7.983157894736842008e-01
7.973157894736842000e-01
8.012105263157894841e-01
8.032631578947367901e-01
7.888947368421053152e-01
7.951578947368420636e-01
7.966842105263157725e-01
8.005789473684210567e-01
8.027368421052631930e-01
7.993157894736842017e-01
8.027368421052631930e-01
8.006315789473684719e-01
8.010000000000000453e-01
8.033157894736842053e-01
8.012105263157894841e-01
8.008947368421052149e-01
8.004736842105263372e-01
7.961052631578947603e-01
8.060526315789473539e-01
8.050000000000000488e-01
7.987894736842104937e-01
7.975789473684210540e-01
8.006315789473684719e-01
7.921578947368420609e-01
8.016842105263157769e-01
8.003684210526316178e-01
8.045263157894736450e-01
7.994736842105263364e-01
8.028421052631579125e-01
8.032105263157894859e-01
8.039473684210526327e-01
8.014210526315789229e-01
7.974210526315789194e-01
7.981052631578947620e-01
8.024736842105263390e-01
8.012631578947367883e-01
7.970000000000000417e-01
8.027368421052631930e-01
8.038421052631579133e-01
8.016315789473684728e-01
8.023684210526316196e-01
8.035789473684210593e-01
7.988421052631579089e-01
8.031052631578947665e-01
8.059473684210526345e-01
8.016842105263157769e-01
8.042631578947367910e-01
8.003684210526316178e-01
7.948421052631579053e-01
8.014210526315789229e-01
8.044210526315789256e-01
8.045789473684210602e-01
8.052105263157894877e-01
7.964210526315789185e-01
8.045789473684210602e-01
8.025789473684210584e-01
7.994736842105263364e-01
8.025263157894736432e-01
8.004736842105263372e-01
8.003157894736842026e-01
8.010526315789473495e-01
8.042105263157894868e-01
8.040000000000000480e-01
8.042631578947367910e-01
8.017368421052631922e-01
7.994736842105263364e-01
8.020000000000000462e-01
8.014210526315789229e-01
8.003157894736842026e-01
8.006842105263157761e-01
8.010000000000000453e-01
8.032631578947367901e-01
8.033157894736842053e-01
8.028421052631579125e-01
8.041052631578947674e-01
8.026315789473684736e-01
7.998947368421052140e-01
8.028947368421052166e-01
8.043157894736842062e-01
8.036315789473684745e-01
8.053684210526316223e-01
7.924210526315789149e-01
7.997894736842104946e-01
7.927368421052631842e-01
7.974210526315789194e-01
8.058947368421052193e-01
8.039473684210526327e-01
7.990000000000000435e-01
8.053157894736842071e-01
8.023684210526316196e-01
8.035263157894736441e-01
8.055263157894736459e-01
8.033157894736842053e-01
8.043157894736842062e-01
8.050000000000000488e-01
8.063684210526316232e-01
8.030000000000000471e-01
8.015789473684210575e-01
8.003684210526316178e-01
8.042105263157894868e-01
8.048421052631579142e-01
8.058421052631579151e-01
8.017368421052631922e-01
8.050526315789473530e-01
8.027368421052631930e-01
8.027894736842104972e-01
8.049473684210526336e-01
8.002105263157894832e-01
8.050000000000000488e-01
8.083684210526316249e-01
8.065789473684210620e-01
8.061052631578947691e-01
8.042631578947367910e-01
8.054210526315789265e-01
8.011052631578947647e-01
8.000526315789473486e-01
7.990526315789473477e-01
8.035789473684210593e-01
8.032631578947367901e-01
8.035789473684210593e-01
8.004210526315789220e-01
7.964210526315789185e-01
7.937368421052631851e-01
8.050000000000000488e-01
8.032105263157894859e-01
8.052105263157894877e-01
7.982105263157894814e-01
8.016842105263157769e-01
8.062631578947367927e-01
8.003684210526316178e-01
8.022631578947367892e-01
8.053157894736842071e-01
8.043684210526316214e-01
8.057894736842104999e-01
8.028421052631579125e-01
8.074210526315789282e-01
8.060526315789473539e-01
8.064736842105263426e-01
8.048421052631579142e-01
8.068947368421052202e-01
8.080526315789473557e-01
8.076842105263157823e-01
8.062105263157894885e-01
8.060526315789473539e-01
8.032105263157894859e-01
8.005789473684210567e-01
8.055263157894736459e-01
8.095789473684210646e-01
8.063684210526316232e-01
8.044736842105263408e-01
8.001052631578947638e-01
8.056315789473684763e-01
8.023684210526316196e-01
8.037368421052631939e-01
8.058421052631579151e-01
8.057894736842104999e-01
8.035263157894736441e-01
8.037894736842104981e-01
8.089473684210526372e-01
8.044736842105263408e-01
8.035789473684210593e-01
8.041052631578947674e-01
8.043157894736842062e-01
8.064210526315789274e-01
8.046842105263157796e-01
8.055789473684210611e-01
8.035263157894736441e-01
8.078421052631579169e-01
8.073157894736842088e-01
8.005263157894736414e-01
8.042631578947367910e-01
8.073684210526316241e-01
8.045263157894736450e-01
7.920000000000000373e-01
8.029473684210526319e-01
7.995263157894736405e-01
7.987894736842104937e-01
8.057368421052631957e-01
8.043684210526316214e-01
8.012631578947367883e-01
8.045263157894736450e-01
8.055263157894736459e-01
8.030526315789473513e-01
8.070526315789473548e-01
8.044210526315789256e-01
8.036315789473684745e-01
8.076315789473683671e-01
8.071052631578947700e-01
8.011578947368420689e-01
8.067894736842105008e-01
8.048421052631579142e-01
8.063157894736842080e-01
8.074210526315789282e-01
8.061052631578947691e-01
8.036315789473684745e-01
8.071052631578947700e-01
8.067368421052631966e-01
8.086315789473683679e-01
8.074736842105263435e-01
8.030526315789473513e-01
8.025789473684210584e-01
8.060526315789473539e-01
8.026315789473684736e-01
8.061052631578947691e-01
8.074736842105263435e-01
8.054210526315789265e-01
8.044210526315789256e-01
8.078421052631579169e-01
8.075789473684210629e-01
8.055263157894736459e-01
7.994736842105263364e-01
8.072105263157894894e-01
8.048947368421052184e-01
8.086842105263157832e-01
8.057894736842104999e-01
8.064210526315789274e-01
8.015789473684210575e-01
8.067894736842105008e-01
8.053684210526316223e-01
8.049473684210526336e-01
8.078421052631579169e-01
8.051578947368420724e-01
8.027368421052631930e-01
8.034210526315789247e-01
8.058421052631579151e-01
8.011578947368420689e-01
8.005789473684210567e-01
8.002105263157894832e-01
8.013157894736842035e-01
8.040526315789473522e-01
8.074210526315789282e-01
8.056842105263157805e-01
8.047368421052631948e-01
8.083684210526316249e-01
8.034736842105263399e-01
8.051578947368420724e-01
8.069473684210526354e-01
8.045263157894736450e-01
8.044736842105263408e-01
8.073684210526316241e-01
8.066842105263157814e-01
8.051052631578947683e-01
8.055789473684210611e-01
8.077894736842105017e-01
8.057368421052631957e-01
8.044210526315789256e-01
8.078947368421052211e-01
8.035263157894736441e-01
8.080000000000000515e-01
8.065789473684210620e-01
8.053684210526316223e-01
8.060526315789473539e-01
8.057894736842104999e-01
8.065789473684210620e-01
7.997894736842104946e-01
8.039473684210526327e-01
8.015789473684210575e-01
8.055263157894736459e-01
8.050000000000000488e-01
8.037894736842104981e-01
8.064210526315789274e-01
8.087894736842105026e-01
8.072105263157894894e-01
8.076842105263157823e-01
8.064736842105263426e-01
8.052631578947367919e-01
8.042631578947367910e-01
8.081052631578947709e-01
8.050526315789473530e-01
8.038947368421052175e-01
8.035263157894736441e-01
8.013684210526316187e-01
8.025263157894736432e-01
8.034210526315789247e-01
8.057894736842104999e-01
8.093157894736842106e-01
8.030000000000000471e-01
8.021578947368420698e-01
8.060526315789473539e-01
8.037368421052631939e-01
8.060000000000000497e-01
8.075263157894736477e-01
8.046315789473684754e-01
8.057894736842104999e-01
8.011052631578947647e-01
8.067368421052631966e-01
8.026842105263157778e-01
7.992631578947368975e-01
8.035789473684210593e-01
8.052105263157894877e-01
8.084736842105263444e-01
8.097368421052631993e-01
8.071578947368420742e-01
8.033157894736842053e-01
8.076842105263157823e-01
8.085263157894736485e-01
8.066842105263157814e-01
8.074736842105263435e-01
8.058947368421052193e-01
8.052631578947367919e-01
8.049473684210526336e-01
8.041578947368420716e-01
7.995263157894736405e-01
8.022631578947367892e-01
8.043684210526316214e-01
8.036315789473684745e-01
8.065263157894736468e-01
8.073684210526316241e-01
8.085263157894736485e-01
8.051578947368420724e-01
8.062631578947367927e-01
8.089473684210526372e-01
8.071052631578947700e-01
8.020000000000000462e-01
8.055789473684210611e-01
8.068947368421052202e-01
8.064210526315789274e-01
8.097368421052631993e-01
8.064210526315789274e-01
8.092105263157894912e-01
8.046315789473684754e-01
8.090000000000000524e-01
8.078947368421052211e-01
8.048421052631579142e-01
8.033157894736842053e-01
8.073157894736842088e-01
8.088947368421052220e-01
8.056842105263157805e-01
8.055263157894736459e-01
8.091052631578947718e-01
8.096842105263157841e-01
8.031052631578947665e-01
8.066842105263157814e-01
8.077368421052631975e-01
8.036315789473684745e-01
8.066315789473683662e-01
8.024736842105263390e-01
8.030526315789473513e-01
8.034210526315789247e-01
8.087894736842105026e-01
8.086315789473683679e-01
8.083684210526316249e-01
8.048421052631579142e-01
8.042105263157894868e-01
8.042631578947367910e-01
8.073157894736842088e-01
8.075263157894736477e-01
8.071578947368420742e-01
8.077894736842105017e-01
8.035789473684210593e-01
8.085263157894736485e-01
8.063684210526316232e-01
8.008421052631579107e-01
8.093157894736842106e-01
8.074736842105263435e-01
8.073684210526316241e-01
7.999473684210526292e-01
8.067894736842105008e-01
8.036315789473684745e-01
8.081578947368420751e-01
8.075263157894736477e-01
8.070526315789473548e-01
8.008421052631579107e-01
8.067368421052631966e-01
8.044210526315789256e-01
8.085789473684210638e-01
8.084736842105263444e-01
8.070526315789473548e-01
8.073684210526316241e-01
8.066315789473683662e-01
