3.838120289146900177e-01
3.548939377069473267e-01
3.347223363816738129e-01
3.176998645067214966e-01
3.023972697556018829e-01
2.884930521249771118e-01
2.754540331661701202e-01
2.635957151651382446e-01
2.524485960602760315e-01
2.417865972965955734e-01
2.317727748304605484e-01
2.223724164068698883e-01
2.135998439043760300e-01
2.051967624574899673e-01
1.971151996403932571e-01
1.894195340573787689e-01
1.827981714159250259e-01
1.756371799856424332e-01
1.712050698697566986e-01
1.639505364000797272e-01
1.585379540920257568e-01
1.533143110573291779e-01
1.473961751908063889e-01
1.435220073908567429e-01
1.362939607352018356e-01
1.323677469044923782e-01
1.292951144278049469e-01
1.246061176061630249e-01
1.218307511880993843e-01
1.202938044443726540e-01
1.184656647965312004e-01
1.106974110007286072e-01
1.044159531593322754e-01
1.018807338550686836e-01
9.621448814868927002e-02
9.488350432366132736e-02
9.171416051685810089e-02
8.790651801973581314e-02
8.234843518584966660e-02
7.966648973524570465e-02
7.924450933933258057e-02
7.492361031472682953e-02
7.125316374003887177e-02
6.959206704050302505e-02
6.549206282943487167e-02
6.327831838279962540e-02
6.013835314661264420e-02
6.040824856609106064e-02
5.797130893915891647e-02
5.556384334340691566e-02
5.546903004869818687e-02
5.361019214615225792e-02
5.573218502104282379e-02
4.858391266316175461e-02
4.541638027876615524e-02
4.262771643698215485e-02
4.197542741894721985e-02
4.557362478226423264e-02
4.386980505660176277e-02
4.253964731469750404e-02
3.846643958240747452e-02
3.493341384455561638e-02
3.420355590060353279e-02
3.139640041626989841e-02
3.157833986915647984e-02
3.103741304948925972e-02
2.696816739626228809e-02
2.836346905678510666e-02
2.602498349733650684e-02
2.839491865597665310e-02
2.960431715473532677e-02
2.696190634742379189e-02
2.335759880952537060e-02
2.141949348151683807e-02
2.376752393320202827e-02
2.098916005343198776e-02
1.870945561677217484e-02
1.849731011316180229e-02
1.946657639928162098e-02
1.713914098218083382e-02
1.652892865240573883e-02
1.605026447214186192e-02
1.469478372018784285e-02
1.369787019211798906e-02
1.540774176828563213e-02
1.424520323053002357e-02
1.265062228776514530e-02
1.463995990343391895e-02
1.533909398131072521e-02
1.324071502313017845e-02
1.200561679434031248e-02
1.103151449933648109e-02
1.236422627698630095e-02
1.176094368565827608e-02
1.474036136642098427e-02
1.337958336807787418e-02
1.512042875401675701e-02
1.277735899202525616e-02
1.037663372699171305e-02
8.997094468213617802e-03
9.839499602094292641e-03
1.033031952101737261e-02
8.713593997526913881e-03
1.046294940169900656e-02
9.179251675959676504e-03
8.775217342190444469e-03
7.744269329123198986e-03
7.235596713144332170e-03
7.808492635376751423e-03
6.455580820329487324e-03
6.185577600263059139e-03
6.542734743561595678e-03
5.785328743513673544e-03
6.332926801405847073e-03
6.196614529471844435e-03
6.714627146720886230e-03
8.097395009826868773e-03
1.399115950334817171e-02
1.355392555706202984e-02
1.396319339983165264e-02
1.131355128018185496e-02
8.534572203643620014e-03
7.245955639518797398e-03
1.280934066744521260e-02
2.214243006892502308e-02
1.356893288902938366e-02
1.425606559496372938e-02
1.728427351918071508e-02
1.647913875058293343e-02
1.114690315444022417e-02
8.266169810667634010e-03
7.051848282571882010e-03
5.109197518322616816e-03
4.351649025920778513e-03
5.347029364202171564e-03
4.183784651104360819e-03
4.186212550848722458e-03
4.338960949098691344e-03
4.995313385734334588e-03
1.151596120325848460e-02
1.531217450974509120e-02
1.115448650671169162e-02
6.315972248557955027e-03
5.729544762289151549e-03
5.328567436663433909e-03
4.984937433619052172e-03
4.057168203871697187e-03
3.637774760136380792e-03
3.360624541528522968e-03
3.095819673035293818e-03
3.117320709861814976e-03
3.244813909986987710e-03
3.390572819625958800e-03
3.218699246644973755e-03
2.420864417217671871e-03
2.393906819634139538e-03
2.913475647801533341e-03
2.537888678489252925e-03
2.468550839694216847e-03
2.313873352250084281e-03
2.348414069274440408e-03
2.483069634763523936e-03
2.184472192311659455e-03
2.193853215430863202e-03
2.141242905054241419e-03
2.434327107039280236e-03
1.869860396254807711e-03
2.788438752759248018e-03
2.050268230959773064e-03
2.020194559008814394e-03
2.032262797001749277e-03
1.953158571268431842e-03
2.090244655846618116e-03
1.845349441282451153e-03
1.959376953891478479e-03
1.602060088771395385e-03
1.990121076232753694e-03
1.857157854828983545e-03
2.142964280210435390e-03
2.120917764841578901e-03
1.729109091684222221e-03
2.112253831000998616e-03
1.837315576267428696e-03
1.749249306158162653e-03
1.871669999673031271e-03
1.745972971548326313e-03
1.881691554444842041e-03
1.665641422732733190e-03
2.315280318725854158e-03
1.505152904428541660e-03
1.779106300091370940e-03
2.270269455038942397e-03
2.348738285945728421e-03
2.916060941061004996e-03
2.388374952715821564e-03
2.381890284596011043e-03
1.786047039786353707e-03
1.712904660962522030e-03
1.988104355405084789e-03
1.471644980483688414e-03
2.289165815454907715e-03
1.453522636438719928e-03
1.383811613777652383e-03
1.417333827703259885e-03
1.776718854671344161e-03
1.935417370987124741e-03
1.757619567797519267e-03
1.375782958348281682e-03
1.546416417113505304e-03
1.451666787033900619e-03
1.425766517058946192e-03
1.349496247712522745e-03
1.320959447184577584e-03
1.651423401199281216e-03
1.309984101681038737e-03
1.134685815486591309e-03
1.298807634157128632e-03
1.485913962824270129e-03
1.445695772417820990e-03
1.125025461078621447e-03
9.907794737955555320e-04
1.057112705893814564e-03
1.386998701491393149e-03
1.090469711925834417e-03
1.116691069910302758e-03
2.007219547522254288e-03
1.629169142688624561e-03
1.378018278046511114e-03
1.195657299831509590e-03
9.316233335994184017e-04
1.085989795683417469e-03
1.189307600725442171e-03
9.411615392309613526e-04
1.019809889839962125e-03
1.194072596263140440e-03
1.716817314445506781e-03
3.155490980134345591e-03
4.855042847339063883e-03
8.037208055611699820e-03
5.800737999379634857e-03
5.525991437025368214e-03
4.525078780716285110e-03
3.609496197896078229e-03
3.318787814350798726e-03
2.691522313398309052e-03
3.307843639049679041e-03
3.284702950622886419e-03
5.678837216692045331e-03
2.765459805959835649e-02
1.534925203304737806e-02
7.763158937450498343e-03
4.811194026842713356e-03
3.980029723607003689e-03
3.136691098916344345e-03
1.787262284778989851e-03
2.553795726271346211e-03
2.407535386737436056e-03
1.484190710471011698e-03
1.343919539067428559e-03
1.164576926385052502e-03
8.458816009806469083e-04
1.009288251225370914e-03
1.135718441219069064e-03
8.441113095614127815e-04
1.108357937482651323e-03
9.453986567677929997e-04
1.315329471253789961e-03
8.629295043647289276e-04
1.002346019959077239e-03
6.386197419487871230e-04
6.542456685565412045e-04
6.891303928568959236e-04
6.508989463327452540e-04
6.163519501569680870e-04
6.505612909677438438e-04
6.737322764820419252e-04
7.472999859601259232e-04
8.055281796259805560e-04
6.105229331296868622e-04
7.162173133110627532e-04
9.370297484565526247e-04
2.603839464427437633e-03
2.088715438731014729e-03
1.021023759676609188e-03
9.500642045168206096e-04
7.999537338037043810e-04
7.707817931077443063e-04
6.573737882717978209e-04
1.093451133783673868e-03
7.663573051104322076e-04
6.262664392124861479e-04
9.904206817736849189e-04
6.213375236256979406e-04
5.508089489012490958e-04
4.907849724986590445e-04
5.801026600238401443e-04
5.806064400530885905e-04
6.146403429738711566e-04
9.774314276000950485e-04
5.517632671399042010e-04
7.670243467146065086e-04
5.910688560106791556e-04
5.762435284850653261e-04
5.421567802841309458e-04
6.382300161931198090e-04
5.634156186715699732e-04
5.324154735717456788e-04
5.106669304950628430e-04
4.884836962446570396e-04
1.489502366894157603e-03
9.496439306531101465e-03
2.126813231734558940e-02
1.825567113701254129e-02
1.407668547471985221e-02
1.495182845974341035e-02
2.305112045723944902e-02
1.354458153946325183e-02
7.847366388887166977e-03
5.202105385251343250e-03
3.334795925184153020e-03
1.846106228185817599e-03
1.350446400465443730e-03
1.296619055210612714e-03
8.012934704311192036e-04
8.083913635346107185e-04
6.183519435580819845e-04
1.153982229880057275e-03
7.511117764806840569e-04
5.631506428471766412e-04
6.014456375851295888e-04
5.383380084822420031e-04
8.742733953113202006e-04
5.138493361300788820e-04
7.845338077459018677e-04
7.664318836759775877e-04
6.666696863248944283e-04
5.560155223065521568e-04
4.955446274834685028e-04
5.036747024860233068e-04
6.743275662302039564e-04
4.989816807210445404e-04
3.689389559440314770e-04
4.077641824551392347e-04
4.818900779355317354e-04
4.194615721644368023e-04
4.342485844972543418e-04
7.226579549751477316e-03
7.653690918232314289e-03
9.173242666292935610e-03
3.286347578978165984e-03
1.712637560558505356e-03
1.323320022493135184e-03
1.149827730841934681e-03
1.694223712547682226e-03
2.270190336275845766e-03
1.491859293309971690e-03
1.982885383768007159e-03
1.742156102409353480e-03
1.061320239386986941e-03
1.082286074961302802e-03
8.501348565914668143e-04
7.340909724007360637e-04
4.799586131412070245e-04
4.027281938761007041e-04
4.677444449043832719e-04
3.853817361232358962e-04
4.477262009459082037e-04
4.533474420895799994e-04
3.964624957006890327e-04
3.582669269235339016e-04
3.900225819961633533e-04
3.722026704053860158e-04
3.566953273548278958e-04
4.200354742351919413e-04
3.099443856626749039e-04
3.669818433991167694e-04
3.351335471961647272e-04
3.690989251481369138e-04
3.507604742480907589e-04
3.167816175846382976e-04
3.107276170339901000e-04
2.742443102761171758e-04
3.467453389021102339e-04
4.393737999635050073e-04
3.217749508621636778e-04
3.165835078107193112e-04
3.086964588874252513e-04
4.168700343143427745e-04
3.345843233546474949e-04
3.226147546229185537e-04
3.636473775259219110e-04
3.165587859257357195e-04
2.825409301294712350e-04
3.268665550422156230e-04
3.398984317755093798e-04
4.806115539395250380e-04
3.109764766122680157e-04
3.707728956214850768e-04
4.836696243728511035e-04
2.455145968269789591e-04
3.409700602787779644e-04
2.586205027910182253e-04
3.931343544536503032e-04
3.423939961066935211e-04
2.725548729358706623e-04
3.874009271385148168e-04
4.584450543916318566e-04
2.522299382690107450e-04
1.048171510774409398e-03
1.643324772885534912e-03
1.965184688742738217e-03
2.421730234345886856e-03
7.348756509600207210e-03
3.833309907349757850e-03
1.652312137593980879e-03
2.096619005897082388e-03
2.298553998116403818e-03
2.231855192803777754e-03
1.532074587885290384e-03
1.341283488727640361e-03
2.870925032766535878e-03
8.375598554266616702e-04
7.482840264856349677e-04
5.182402819627895951e-04
4.355073033366352320e-04
3.926774734281934798e-04
5.296797316987067461e-04
3.263140897615812719e-04
3.647179146355483681e-04
2.918524187407456338e-04
2.616334913909668103e-04
4.376755969133228064e-04
2.612051048345165327e-04
2.510959802748402581e-04
2.567295741755515337e-04
2.912256659328704700e-04
3.744082059711217880e-04
2.797961333271814510e-04
2.953826242446666583e-04
2.336070265300804749e-04
2.342106181458802894e-04
2.272834954055724666e-04
3.045966514036990702e-04
3.556370775186223909e-04
2.877301212720340118e-04
2.775276479951571673e-04
2.731522508838679641e-04
3.245837742724688724e-04
4.266292617103317752e-04
2.590267777122789994e-04
3.227511369914282113e-04
3.105796495219692588e-04
3.311483815195970237e-04
2.837249267031438649e-04
2.679051103768870234e-04
3.989909710071515292e-04
3.756966980290599167e-04
4.180845207883976400e-04
2.536091360525460914e-04
3.061081897612893954e-04
2.709226500883232802e-04
2.247294560220325366e-04
1.853114099503727630e-04
3.638297894212882966e-04
4.286329058231785893e-04
2.722152548813028261e-04
3.183266526320949197e-04
3.825219027930870652e-04
4.273830891179386526e-04
3.794199037656653672e-04
3.253766801208257675e-03
7.287372776772826910e-03
1.146760891424492002e-02
8.231318264733999968e-03
2.967348758829757571e-03
2.488098551111761481e-03
1.411372715665493160e-03
8.105950291792396456e-04
9.355772563139908016e-04
5.707176758733112365e-03
6.314505761110922322e-03
7.079701899783685803e-03
3.000233118655160069e-03
1.767700479831546545e-03
1.065780932549387217e-03
6.693221730529330671e-04
6.522839576064143330e-04
1.353451778413727880e-03
1.733976132527459413e-03
1.174972909211646765e-03
1.933838488184846938e-03
2.824885392328724265e-03
1.074082698323763907e-03
8.159576063917484134e-04
5.448356787383090705e-04
4.655213633668608963e-04
4.271835932740941644e-04
5.446519426186569035e-04
4.284696478862315416e-04
3.298591018392471597e-04
2.935168449766933918e-04
2.955878262582700700e-04
5.058824317529797554e-04
4.260442328813951463e-04
2.782172196020837873e-04
2.850110340659739450e-04
4.206902794976485893e-04
2.532563230488449335e-04
4.442110330273862928e-04
5.604385351034579799e-04
3.438352050579851493e-04
2.771233575913356617e-04
2.861787797883152962e-04
2.078904017253080383e-04
2.685003710212185979e-04
4.112596707273041829e-04
2.022791668423451483e-04
3.077333767578238621e-04
2.495715179975377396e-04
2.148986768588656560e-04
2.529955490899737924e-04
1.868315594037994742e-04
1.771825227478984743e-04
1.916208439070032910e-04
1.829863049351843074e-04
2.309499341208720580e-04
1.501496781202149577e-04
1.539808563393307850e-04
1.821121622924692929e-04
1.664203173277201131e-04
1.575927653902908787e-04
1.744470137055031955e-04
2.068164812953909859e-04
1.756874917191453278e-04
1.613183530935202725e-04
1.732566452119499445e-04
2.427532235742546618e-04
1.460017483623232692e-04
1.317948417636216618e-04
1.689574037300189957e-04
2.086448330373968929e-04
1.965041074072360061e-04
3.743414381460752338e-04
2.033115142694441602e-04
1.762840010997024365e-04
1.588221093697939068e-04
1.775535520209814422e-04
1.408172083756653592e-04
1.591114869370358065e-04
1.820491543185198680e-04
1.623739499336807057e-04
2.747593443928053603e-04
2.561335195423453115e-04
8.781027554505271837e-04
1.028687442158116028e-03
2.650399133926839568e-03
1.461914616811554879e-03
5.022291461500572041e-04
4.632203908840892836e-04
9.520357816654723138e-04
3.232868919440079480e-03
1.194912128994474187e-02
7.952330895932391286e-03
5.870534107089042664e-03
4.596672893967479467e-03
2.542290138080716133e-03
9.207330673234537244e-03
2.473905172519152984e-02
1.120884518604725599e-02
5.389895057305693626e-03
3.128197218757122755e-03
3.891080006724223495e-03
3.399698121938854456e-03
8.418287558015435934e-03
5.539678968489170074e-03
5.666161414410453290e-03
7.511783733207266778e-03
5.825687134347390383e-03
4.315559213864617050e-03
3.057014822843484581e-03
1.410193151968996972e-03
1.299322568229399621e-03
6.705568339384626597e-04
5.774455348728224635e-04
3.966306576330680400e-04
3.637757290562149137e-04
3.444477224547881633e-04
4.380280734039843082e-04
3.297530347481369972e-04
4.687644541263580322e-04
2.964155537483748049e-04
3.005042271979618818e-04
7.053804347378900275e-04
7.724706883891485631e-04
5.024435122322756797e-04
2.834050519595621154e-04
2.241975125798489898e-04
2.873857429221970960e-04
2.150796226487727836e-04
2.958402419608319178e-04
3.318618328194133937e-04
2.180801002396037802e-04
2.124278362316545099e-04
2.809912912198342383e-04
3.025824753422057256e-04
1.795976331777637824e-04
2.260219152958597988e-04
1.751203872117912397e-04
1.728719671518774703e-04
1.404100676154484972e-04
2.093210478051332757e-04
1.657190150581300259e-04
1.585628124303184450e-04
1.370082527500926517e-04
2.134486567229032516e-04
2.769953362076194026e-04
2.154826570404111408e-04
1.405863149557262659e-04
2.669311807039775886e-04
1.754738996169180609e-04
3.048535172638366930e-04
2.184017866966314614e-04
1.808915276342304423e-04
1.402980060447589494e-04
1.364329291391186416e-04
1.245881676368298940e-04
1.890869880298851058e-04
1.668695276748621836e-04
1.619308277440723032e-04
1.029572276820545085e-04
1.323316837442689575e-04
1.790922224245150574e-04
1.331462963207741268e-04
1.243744191015139222e-04
1.425281370757147670e-04
1.316441394010325894e-04
1.707679457467747852e-04
1.414075832144590095e-04
1.198337959067430347e-04
3.567019266483839601e-04
1.184079783342895098e-04
2.570622282291878946e-04
1.363273840979672968e-04
1.616448998902342282e-04
1.090456453312071972e-04
1.281372760786325671e-04
1.199874313897453249e-04
1.555682974867522717e-04
1.722614597383653745e-04
1.625092454560217448e-04
1.195504437419003807e-04
1.039251365000382066e-04
3.547107298800256103e-04
1.279929883821750991e-04
1.867541695901309140e-04
1.485477005189750344e-04
1.484697277192026377e-04
2.163868321076733992e-04
1.657641641941154376e-04
1.313766806561034173e-04
1.438291865270002745e-04
1.169582974398508668e-04
1.023787044687196612e-04
1.267662764803390019e-04
1.537485513836145401e-04
1.354021214865497313e-04
3.138905249215895310e-04
1.466879612053162418e-04
1.620460607227869332e-04
1.914507074616267346e-04
2.129207887264783494e-04
1.764961543813114986e-04
1.557218702146201394e-04
6.938934702702681534e-04
4.788742589880712330e-04
4.619571136572631076e-04
2.359019927098415792e-03
3.644375203293748200e-03
2.326029454707168043e-03
8.411305723711848259e-03
8.449648390524089336e-03
3.722792738699354231e-03
1.408979849657043815e-03
1.005875870760064572e-03
6.389034133462700993e-04
4.240207763359649107e-04
3.727293915289919823e-04
3.209603910363512114e-04
2.734235604293644428e-04
3.468023460300173610e-04
2.273285335832042620e-04
1.579121344548184425e-04
1.939392228450742550e-03
1.222025998868048191e-02
6.582809641258791089e-03
6.949002156034111977e-03
2.977494361402932554e-03
2.263925242004916072e-03
1.643445099034579471e-03
9.428271514480002224e-04
1.397247375280130655e-03
2.275820374052273110e-03
1.529942928755190223e-03
2.572775651060510427e-03
1.131525925302412361e-03
9.504274967184755951e-04
1.543878133816178888e-03
8.330684122483944520e-04
6.826755889051128179e-04
3.669480902317445725e-04
4.843581487511983141e-02
4.715678072534501553e-02
2.698705228976905346e-02
1.596969913225620985e-02
7.846699969377368689e-03
3.202412219252437353e-03
2.334015691303648055e-03
9.872982918750494719e-04
1.365220530715305358e-03
6.573221689905039966e-04
7.389172569673974067e-04
4.591158394759986550e-04
1.084508399799233302e-03
1.110832738049793988e-03
6.721529607602860779e-04
5.747627110395114869e-04
3.848392188956495374e-04
4.647125388146378100e-04
4.654289441532455385e-04
3.411468242120463401e-04
5.756223417847650126e-04
2.999708285642554983e-04
3.606323807616718113e-04
3.130658806185238063e-04
4.345985671534435824e-04
3.194477249053306878e-04
3.344670167280128226e-04
2.371539903833763674e-04
2.324602501175832003e-04
3.656831613625399768e-04
2.417349569441284984e-04
2.094149185722926632e-04
2.717358420341042802e-04
2.512558039597934112e-04
1.785916756489314139e-04
2.507037861505523324e-04
2.527329834265401587e-04
2.776656674541300163e-04
1.731143374854582362e-04
1.921902403410058469e-04
3.199984093953389674e-04
1.722308998068911023e-04
1.992777770283282734e-04
1.635640137465088628e-04
1.666145344643155113e-04
1.451572506994125433e-04
2.093138591590104625e-04
2.019830699282465503e-04
1.509607582192984410e-04
1.469645421821041964e-04
1.864982014012639411e-04
1.345448390566161834e-04
1.467672072976711206e-04
2.234705552837112918e-04
2.082572773360880092e-04
2.403576509095728397e-04
1.914066988319973461e-04
5.389636335166869685e-04
5.190171923459274694e-04
3.333550575916888192e-04
3.683002905745524913e-04
1.596366819285321981e-04
2.700971062949975021e-04
1.243100305146072060e-04
1.234572091561858542e-04
1.920105696626706049e-04
2.833337111951550469e-04
1.819603257899871096e-04
1.308073451582458802e-04
1.970542762137483805e-04
1.250823788723209873e-04
1.062894571077777073e-04
1.549276685182121582e-04
1.381034035148331895e-04
2.098160575769725256e-04
1.110296134356758557e-04
1.508824570919387043e-04
1.564935992064420134e-04
1.241130266862455755e-04
1.170770783573971130e-04
2.642537801875732839e-04
1.875551379271200858e-04
9.661759122536750510e-05
1.114636752390651964e-04
1.634378877497510985e-04
1.908322119561489671e-04
2.551687421146198176e-04
1.497051462138188072e-04
1.583230296091642231e-04
1.105372757592704147e-04
1.430552938472828828e-04
1.171928688563639298e-04
9.049780146597186103e-05
9.469415272178594023e-05
2.184403792853117920e-04
1.564532631164183840e-04
1.887097178041585721e-04
9.648586183175211772e-05
1.381362708343658596e-04
1.729297691781539470e-04
1.622859244889696129e-04
1.321310655839624815e-04
9.618849890102865174e-05
1.010994292300892994e-04
1.283499268538434990e-04
1.326511264778673649e-04
1.043215552272158675e-04
1.349369049421511590e-04
1.070202133632847108e-04
1.344089814665494487e-04
1.418001984347938560e-04
2.475843512002029456e-04
1.280659644180559553e-04
2.515571050025755540e-04
1.777179827513464261e-04
1.812374375731451437e-04
9.062758635991485789e-05
1.176238502011983655e-04
1.107346506614703685e-04
1.219477298946003430e-04
1.173021355498349294e-04
1.038418663483753335e-04
9.725560812512412667e-05
1.421599363311543129e-04
9.686346675152890384e-05
8.717810305824968964e-05
1.178526908915955573e-04
1.085829644580371678e-04
9.244237571692792699e-05
1.448875627829693258e-04
8.324201826326316223e-05
9.805984882405027747e-05
1.042733729264000431e-04
8.052263774516177364e-05
8.830493970890529454e-05
1.111353803935344331e-04
1.376183358843263704e-04
1.129049533119541593e-04
9.834056936597335152e-05
1.406067985953995958e-04
1.194100341308512725e-04
1.137077724706614390e-04
9.349518586532212794e-05
7.436791247528162785e-05
8.515262270520906895e-04
3.849756712952512316e-04
1.750590099618420936e-04
1.413651289112749510e-04
1.239453276866697706e-04
1.814775482671393547e-04
7.608618761878460646e-05
1.123076444855541922e-04
9.456005045649362728e-05
1.226014846906764433e-04
1.140344343184551690e-04
9.718703176986309700e-05
8.049837606449727900e-05
9.731841237226035446e-05
8.408371832047123462e-05
9.664142362453276291e-05
7.230564733617939055e-05
7.770530874040559866e-05
7.686775734327966347e-05
8.347373295691795647e-05
1.150905650320055429e-04
7.422294311254518107e-05
7.782425473124021664e-05
6.341025664369226433e-05
8.247757068602368236e-05
7.395815646304981783e-05
1.359492543997475877e-04
6.186560131027363241e-05
8.758994317759061232e-05
7.588620519527466968e-05
8.925256361180800013e-05
8.597410896982182749e-05
8.207285463868174702e-05
1.064344178303144872e-04
6.726840092596830800e-05
7.775871245030430146e-05
9.985292581404792145e-05
8.379787777812452987e-05
7.869952605688013136e-05
1.475813160141115077e-04
7.616438415425363928e-05
1.281891181861283258e-04
6.463838371928432025e-05
6.145284532976802438e-05
6.339065566862700507e-05
7.010561057541053742e-05
5.917706857871962711e-05
1.385928640047495719e-04
1.035258314914244693e-04
2.262319458168349229e-04
1.518778972240397707e-04
8.154149509209673852e-05
7.051925331325037405e-05
7.674316111661028117e-05
7.421894133585738018e-05
7.041305480015580542e-05
6.786353151255752891e-05
8.652184078528080136e-05
7.219366580102359876e-05
7.022561794656212442e-05
5.490577723321621306e-05
1.766997797858493868e-04
2.002765604629530571e-04
1.273445122933480889e-04
1.347598317806841806e-04
7.971178047228022479e-05
9.291935384680982679e-05
7.857716445869300514e-05
1.812636437534820288e-04
9.654183031670982018e-05
6.384326070474344306e-05
3.039694333892839495e-04
8.891921515896683559e-05
7.501473373849876225e-05
9.711541270007728599e-05
8.067335375017137267e-05
5.059271597929182462e-05
6.819202462793327868e-05
1.323623823736852501e-04
9.870490657704067416e-05
6.587126972590340301e-05
6.163360603750334121e-05
8.680765995450201444e-05
5.660586657540989108e-05
2.327677948414930142e-04
2.721403661780641414e-04
3.687604939841548912e-04
1.333996374341950286e-04
1.283929700548469555e-04
7.184703417806304060e-05
7.803646303727873601e-05
6.740139042449300177e-05
7.016819427008158527e-05
8.278581299236975610e-05
1.113517923840845469e-04
8.864688243193086237e-05
6.689573547191685066e-05
7.207137832665466703e-05
5.266447806206997484e-05
5.965194213786162436e-05
9.669078372098738328e-05
7.448234055118518881e-05
8.186909963114885613e-05
5.751529124609078281e-05
8.127083401632262394e-05
5.951251432634308003e-05
1.217422250192612410e-04
9.335654294773121364e-05
7.155763387345359661e-05
6.364376940837246366e-05
1.555588969495147467e-04
7.771575155857135542e-05
5.835986576130380854e-05
6.025523680364130996e-05
5.982092488920898177e-05
5.248825073067564517e-05
4.987258944311179221e-05
6.730788663844577968e-05
4.732133766083279625e-05
6.921978319951449521e-05
6.818416341047850437e-05
6.478625073214061558e-05
4.476891899685142562e-05
1.067402617991319858e-04
7.117143559298710898e-05
1.069282543539884500e-04
1.008019648907065857e-04
1.000443799057393335e-04
5.695260051652439870e-05
7.890159167800447904e-05
5.811849769088439643e-05
5.627357177218073048e-05
7.177836278060567565e-05
5.348941431293496862e-05
4.180748874205164611e-05
5.871627990927663632e-05
7.829369133105501533e-05
4.389157902551232837e-05
4.590157277561957017e-05
5.072504654890508391e-05
7.144120263546938077e-05
4.733560581371420994e-05
5.265000845611211844e-05
3.955318197768065147e-05
5.794935805170098320e-05
6.498877610283670947e-05
4.998980898562876973e-05
