2.000000000000000111e-01
2.760000000000000231e-01
4.333333333333333481e-01
5.819999999999999618e-01
6.926666666666666528e-01
7.419999999999999929e-01
7.313333333333332797e-01
7.353333333333332833e-01
6.973333333333333606e-01
7.319999999999999840e-01
7.253333333333333854e-01
7.213333333333333819e-01
7.366666666666666918e-01
7.393333333333332869e-01
7.273333333333333872e-01
7.313333333333332797e-01
7.179999999999999716e-01
7.206666666666666776e-01
7.339999999999999858e-01
7.259999999999999787e-01
7.353333333333332833e-01
7.359999999999999876e-01
7.333333333333332815e-01
7.359999999999999876e-01
7.359999999999999876e-01
7.386666666666666936e-01
7.386666666666666936e-01
7.413333333333332886e-01
7.406666666666666954e-01
7.386666666666666936e-01
7.406666666666666954e-01
7.359999999999999876e-01
7.359999999999999876e-01
7.386666666666666936e-01
7.333333333333332815e-01
7.366666666666666918e-01
7.426666666666666972e-01
7.406666666666666954e-01
7.386666666666666936e-01
7.399999999999999911e-01
7.386666666666666936e-01
7.399999999999999911e-01
7.393333333333332869e-01
7.426666666666666972e-01
7.406666666666666954e-01
7.386666666666666936e-01
7.406666666666666954e-01
7.399999999999999911e-01
7.426666666666666972e-01
7.399999999999999911e-01
7.386666666666666936e-01
7.426666666666666972e-01
7.413333333333332886e-01
7.426666666666666972e-01
7.426666666666666972e-01
7.393333333333332869e-01
7.419999999999999929e-01
7.413333333333332886e-01
7.393333333333332869e-01
7.373333333333332851e-01
7.413333333333332886e-01
7.439999999999999947e-01
7.426666666666666972e-01
7.406666666666666954e-01
7.393333333333332869e-01
7.439999999999999947e-01
7.426666666666666972e-01
7.366666666666666918e-01
7.413333333333332886e-01
7.413333333333332886e-01
7.419999999999999929e-01
7.406666666666666954e-01
7.399999999999999911e-01
7.399999999999999911e-01
7.406666666666666954e-01
7.413333333333332886e-01
7.439999999999999947e-01
7.413333333333332886e-01
7.406666666666666954e-01
7.399999999999999911e-01
7.399999999999999911e-01
7.413333333333332886e-01
7.426666666666666972e-01
7.426666666666666972e-01
7.419999999999999929e-01
7.386666666666666936e-01
7.379999999999999893e-01
7.346666666666666901e-01
7.406666666666666954e-01
7.419999999999999929e-01
7.373333333333332851e-01
7.413333333333332886e-01
7.433333333333332904e-01
7.439999999999999947e-01
7.393333333333332869e-01
7.406666666666666954e-01
7.433333333333332904e-01
7.386666666666666936e-01
7.426666666666666972e-01
7.393333333333332869e-01
7.346666666666666901e-01
