1.002776622772216797e+00
1.078043897946675544e+00
1.079258044560750252e+00
9.314027627309163782e-01
7.708581089973449707e-01
6.421059370040893555e-01
6.748740375041961670e-01
7.643937269846597937e-01
8.142098784446716309e-01
8.005812962849935266e-01
8.601236343383789062e-01
9.454239408175150183e-01
9.225661953290303918e-01
9.558367331822713586e-01
1.068462530771891350e+00
9.748025735219320032e-01
1.075508356094360352e+00
1.061173637708028084e+00
1.068293333053588867e+00
1.177474160989125496e+00
1.100244522094726562e+00
1.149228851000468010e+00
1.132987300554911370e+00
1.161402086416880364e+00
1.147155384222666497e+00
1.162067254384358650e+00
1.221408784389495850e+00
1.203369061152140373e+00
1.198871314525604248e+00
1.231409629185994392e+00
1.222031831741333008e+00
1.222337881724039788e+00
1.227159221967061287e+00
1.229036013285319084e+00
1.247864723205566406e+00
1.258235732714335198e+00
1.265265345573425293e+00
1.267973105112711663e+00
1.263947923978169685e+00
1.274614095687866211e+00
1.274628321329752678e+00
1.273263136545817131e+00
1.280977129936218262e+00
1.285482724507649666e+00
1.304090857505798340e+00
1.306139906247456794e+00
1.306534131368001228e+00
1.315051794052124023e+00
1.319462001323699951e+00
1.325737078984578377e+00
1.322827418645222908e+00
1.329338987668355232e+00
1.334524134794871086e+00
1.334697286287943596e+00
1.345584948857625252e+00
1.359947443008422852e+00
1.359104116757710701e+00
1.355657537778218513e+00
1.374930163224538093e+00
1.374705413977305168e+00
1.363519410292307610e+00
1.360322872797648186e+00
1.367739677429199219e+00
1.381165782610575432e+00
1.380793790022532219e+00
1.372726400693257576e+00
1.387119313081105476e+00
1.398602147897084480e+00
1.389311710993448967e+00
1.383949339389801025e+00
1.386940081914265877e+00
1.391147375106811523e+00
1.384639859199523926e+00
1.407828787962595696e+00
1.410406827926635742e+00
1.403258204460144043e+00
1.412736713886260986e+00
1.408646444479624504e+00
1.420860846837361580e+00
1.433243830998738533e+00
1.442297061284383064e+00
1.433458328247070312e+00
1.435349901517232185e+00
1.443077524503072029e+00
1.436855753262837654e+00
1.448648611704508538e+00
1.437802155812581306e+00
1.449369708697001213e+00
1.443953315416971916e+00
1.444362680117289299e+00
1.441695531209309822e+00
1.433452943960825676e+00
1.459098418553670173e+00
1.458870132764180427e+00
1.467463135719299316e+00
1.438502232233683342e+00
1.449322541554768806e+00
1.467630545298258538e+00
1.458369890848795647e+00
1.463073531786600823e+00
1.483802278836568123e+00
