8.214231610298157182e-01
6.489466011524200884e-01
5.465135693550109419e-01
4.598751693964004406e-01
3.843729645013809204e-01
3.060581088066101074e-01
2.404793664813041632e-01
1.734915673732757568e-01
1.292494729161262623e-01
8.343747109174728949e-02
6.245060078799724579e-02
4.180916920304298540e-02
2.856478635221719811e-02
2.174057438969612122e-02
1.465613460168242385e-02
1.098395911976695130e-02
8.099038153886795044e-03
6.141391303390264685e-03
4.495754302479326552e-03
3.844835190102458087e-03
2.857922017574310216e-03
2.434545173309743491e-03
2.118205861188471404e-03
2.038442902266979131e-03
1.731565617956221147e-03
1.578533067367971030e-03
1.678318833000957966e-03
1.407635596115142020e-03
1.390789228025823832e-03
1.146917848382145253e-03
1.027125772088766011e-03
1.027218822855502367e-03
1.001865841681137768e-03
9.190923941787332080e-04
8.956679143011569760e-04
8.357193903066218333e-04
8.130351547151803753e-04
7.244303415063768625e-04
7.512667740229517438e-04
6.685863132588565566e-04
6.103567779064178250e-04
5.901739234104752974e-04
5.976578104309737682e-04
5.320270836818962856e-04
5.102870229166001515e-04
4.885628382908180573e-04
5.387590528698638515e-04
4.988283209968358712e-04
4.367266519693657756e-04
4.779052484082058289e-04
3.901960328221320998e-04
4.906372865661978938e-04
3.844776278128847263e-04
3.674526029499247887e-04
3.720266016898676536e-04
3.057558264117687724e-04
3.334477165481075861e-04
3.208290727343410254e-04
3.244420964620076337e-04
3.130340963252820183e-04
3.167311369907110929e-04
2.699776159715838730e-04
2.795923253870569278e-04
2.629653346957638751e-04
2.728610706981271505e-04
2.890850330004468452e-04
2.541397057939321020e-04
2.508083547581918321e-04
2.390356428804807473e-04
2.460561634507030357e-04
2.065890890662558323e-04
2.060719751170836497e-04
2.246378702693618888e-04
2.466605481458827962e-04
2.191602790844626616e-04
1.943959461641497802e-04
1.879296018159948344e-04
2.047813992248848026e-04
1.927114659338258153e-04
1.699315325822681189e-04
1.724859292153269161e-04
1.652996317716315280e-04
1.864052785094827305e-04
1.731676093186251819e-04
1.707665651338174939e-04
1.646449003601446802e-04
1.434391364455223138e-04
1.583138793648686152e-04
1.427160859748255461e-04
1.627540754270739908e-04
1.725081834592856413e-04
1.368575962260365540e-04
1.410538759955670793e-04
1.408575757523067350e-04
1.251902067451737821e-04
1.726061775116249811e-04
1.310353996814228540e-04
1.737579201289918219e-04
1.162619068054482395e-04
1.205167012813035453e-04
1.223047787789255435e-04
