5.940050000000000052e-01
7.599900000000000544e-01
8.033599999999999630e-01
8.279950000000000365e-01
8.452150000000000496e-01
8.601550000000000029e-01
8.718599999999999683e-01
8.832100000000000506e-01
8.919799999999999951e-01
9.004100000000000437e-01
9.080949999999999855e-01
9.138899999999999801e-01
9.191850000000000298e-01
9.237999999999999545e-01
9.287750000000000172e-01
9.320800000000000196e-01
9.360899999999999777e-01
9.389600000000000168e-01
9.421650000000000302e-01
9.449300000000000477e-01
9.476999999999999869e-01
9.496449999999999614e-01
9.512150000000000327e-01
9.534550000000000525e-01
9.557849999999999957e-01
9.573800000000000088e-01
9.584549999999999459e-01
9.603549999999999587e-01
9.619100000000000428e-01
9.630199999999999871e-01
9.646700000000000275e-01
9.658050000000000246e-01
9.670299999999999452e-01
9.676649999999999974e-01
9.691250000000000142e-01
9.700849999999999751e-01
9.709649999999999670e-01
9.716949999999999754e-01
9.730199999999999960e-01
9.741450000000000387e-01
9.747249999999999526e-01
9.755549999999999500e-01
9.757000000000000117e-01
9.768499999999999961e-01
9.771900000000000031e-01
9.777799999999999825e-01
9.790499999999999758e-01
9.788599999999999524e-01
9.799099999999999477e-01
9.803199999999999692e-01
9.809149999999999814e-01
9.819499999999999895e-01
9.823349999999999582e-01
9.830200000000000049e-01
9.829499999999999904e-01
9.836200000000000498e-01
9.839499999999999913e-01
9.839499999999999913e-01
9.852199999999999847e-01
9.853650000000000464e-01
9.859550000000000258e-01
9.865650000000000253e-01
9.865099999999999980e-01
9.867050000000000542e-01
9.872950000000000337e-01
9.874100000000000099e-01
9.874849999999999461e-01
9.879000000000000004e-01
9.887399999999999523e-01
9.893650000000000500e-01
9.893600000000000172e-01
9.895500000000000407e-01
9.896599999999999842e-01
9.898050000000000459e-01
9.901450000000000529e-01
9.903699999999999726e-01
9.906749999999999723e-01
9.910250000000000448e-01
9.912549999999999972e-01
9.911349999999999882e-01
9.916650000000000187e-01
9.916599999999999859e-01
9.922250000000000236e-01
9.920449999999999546e-01
9.923849999999999616e-01
9.928949999999999720e-01
9.929350000000000120e-01
9.928449999999999775e-01
9.932549999999999990e-01
9.933999999999999497e-01
9.935399999999999787e-01
9.933300000000000463e-01
9.940299999999999692e-01
9.940849999999999964e-01
9.942999999999999616e-01
9.945049999999999724e-01
9.943049999999999944e-01
9.945850000000000524e-01
9.949550000000000338e-01
9.946599999999999886e-01
9.950700000000000101e-01
9.950900000000000301e-01
9.953750000000000098e-01
9.953600000000000225e-01
9.952849999999999753e-01
9.954399999999999915e-01
9.956450000000000022e-01
9.956049999999999622e-01
9.956700000000000550e-01
9.957000000000000295e-01
9.960099999999999509e-01
9.958900000000000530e-01
9.961600000000000454e-01
9.963649999999999451e-01
9.963899999999999979e-01
9.964800000000000324e-01
9.965100000000000069e-01
9.967700000000000449e-01
9.963899999999999979e-01
9.970599999999999463e-01
9.970250000000000501e-01
9.969050000000000411e-01
9.971499999999999808e-01
9.969200000000000284e-01
9.971799999999999553e-01
9.973699999999999788e-01
9.972250000000000281e-01
9.972499999999999698e-01
9.973100000000000298e-01
9.972050000000000081e-01
9.975100000000000078e-01
9.976199999999999513e-01
9.974199999999999733e-01
9.975000000000000533e-01
9.976650000000000240e-01
9.975650000000000350e-01
9.977700000000000458e-01
9.979500000000000037e-01
9.977650000000000130e-01
9.979299999999999837e-01
9.978650000000000020e-01
9.980700000000000127e-01
9.980949999999999545e-01
9.980499999999999927e-01
9.980149999999999855e-01
9.981750000000000345e-01
9.980449999999999600e-01
9.982349999999999834e-01
9.982100000000000417e-01
9.981349999999999945e-01
9.984699999999999687e-01
9.983899999999999997e-01
9.982750000000000234e-01
9.985349999999999504e-01
9.984199999999999742e-01
9.983699999999999797e-01
9.985500000000000487e-01
9.986099999999999977e-01
9.985849999999999449e-01
9.984950000000000214e-01
9.986899999999999666e-01
9.985650000000000359e-01
9.986749999999999794e-01
9.986049999999999649e-01
9.988850000000000229e-01
9.987549999999999484e-01
9.988000000000000211e-01
9.988050000000000539e-01
9.987800000000000011e-01
9.988799999999999901e-01
9.988449999999999829e-01
9.988399999999999501e-01
9.989500000000000046e-01
9.988200000000000411e-01
9.988399999999999501e-01
9.991649999999999698e-01
9.989050000000000429e-01
9.990649999999999809e-01
9.989999999999999991e-01
9.990649999999999809e-01
9.989550000000000374e-01
9.989700000000000246e-01
9.992100000000000426e-01
9.990649999999999809e-01
9.991449999999999498e-01
9.991600000000000481e-01
9.991299999999999626e-01
9.989550000000000374e-01
9.992349999999999843e-01
9.992649999999999588e-01
9.992450000000000498e-01
9.992299999999999516e-01
9.990900000000000336e-01
9.991550000000000153e-01
9.992050000000000098e-01
9.991449999999999498e-01
9.993199999999999861e-01
9.994049999999999878e-01
9.992699999999999916e-01
9.992299999999999516e-01
9.992999999999999661e-01
9.993450000000000388e-01
9.992900000000000116e-01
9.992849999999999788e-01
9.993400000000000061e-01
9.993149999999999533e-01
9.993999999999999551e-01
9.993950000000000333e-01
9.994549999999999823e-01
9.993900000000000006e-01
9.993450000000000388e-01
9.994349999999999623e-01
9.993800000000000461e-01
9.993950000000000333e-01
9.994100000000000206e-01
9.994150000000000533e-01
9.995549999999999713e-01
9.995500000000000496e-01
9.994199999999999751e-01
9.995300000000000296e-01
9.994899999999999896e-01
9.995049999999999768e-01
9.993649999999999478e-01
9.994300000000000406e-01
9.995049999999999768e-01
9.994650000000000478e-01
9.995199999999999640e-01
9.994549999999999823e-01
9.994699999999999696e-01
9.994600000000000151e-01
9.995500000000000496e-01
9.995899999999999785e-01
9.996300000000000185e-01
9.995749999999999913e-01
9.994199999999999751e-01
9.995049999999999768e-01
9.993999999999999551e-01
9.995500000000000496e-01
9.996950000000000003e-01
9.995800000000000241e-01
9.995699999999999585e-01
9.996850000000000458e-01
9.996099999999999985e-01
9.995549999999999713e-01
9.995500000000000496e-01
9.997099999999999875e-01
9.995800000000000241e-01
9.996300000000000185e-01
9.996300000000000185e-01
9.996049999999999658e-01
9.996450000000000058e-01
9.996699999999999475e-01
9.995000000000000551e-01
9.995650000000000368e-01
9.996300000000000185e-01
9.997599999999999820e-01
9.996500000000000385e-01
9.997399999999999620e-01
9.996899999999999675e-01
9.996500000000000385e-01
9.996300000000000185e-01
9.996850000000000458e-01
9.997000000000000330e-01
9.996150000000000313e-01
9.996549999999999603e-01
9.996450000000000058e-01
9.995600000000000041e-01
9.996899999999999675e-01
9.997549999999999493e-01
9.996800000000000130e-01
9.996300000000000185e-01
9.995800000000000241e-01
9.997549999999999493e-01
9.995950000000000113e-01
9.997700000000000475e-01
9.997700000000000475e-01
9.996899999999999675e-01
9.997949999999999893e-01
9.996850000000000458e-01
9.997350000000000403e-01
9.998150000000000093e-01
9.997249999999999748e-01
9.997099999999999875e-01
9.996850000000000458e-01
9.996549999999999603e-01
9.995600000000000041e-01
9.997949999999999893e-01
9.997399999999999620e-01
9.997899999999999565e-01
9.997249999999999748e-01
9.996850000000000458e-01
9.998599999999999710e-01
9.998000000000000220e-01
9.997650000000000148e-01
9.997350000000000403e-01
9.997300000000000075e-01
9.996899999999999675e-01
9.997599999999999820e-01
9.997700000000000475e-01
9.998399999999999510e-01
9.997449999999999948e-01
9.997850000000000348e-01
9.997449999999999948e-01
9.997650000000000148e-01
9.997500000000000275e-01
9.996749999999999803e-01
9.997549999999999493e-01
9.996699999999999475e-01
9.997000000000000330e-01
9.998700000000000365e-01
9.998399999999999510e-01
9.998099999999999765e-01
9.998000000000000220e-01
9.997449999999999948e-01
9.997449999999999948e-01
9.997399999999999620e-01
9.997500000000000275e-01
9.997350000000000403e-01
9.998200000000000420e-01
9.997500000000000275e-01
9.998550000000000493e-01
9.997500000000000275e-01
9.998000000000000220e-01
9.998249999999999638e-01
9.998599999999999710e-01
9.998749999999999583e-01
9.998350000000000293e-01
9.998050000000000548e-01
9.997850000000000348e-01
9.997200000000000530e-01
9.998000000000000220e-01
9.998150000000000093e-01
9.998949999999999783e-01
9.998350000000000293e-01
9.998350000000000293e-01
9.998099999999999765e-01
9.996800000000000130e-01
9.998150000000000093e-01
9.998399999999999510e-01
9.998050000000000548e-01
9.998399999999999510e-01
9.998350000000000293e-01
9.998449999999999838e-01
9.998249999999999638e-01
9.997200000000000530e-01
9.998050000000000548e-01
9.998650000000000038e-01
9.998050000000000548e-01
9.998850000000000238e-01
9.998500000000000165e-01
9.998650000000000038e-01
9.998850000000000238e-01
9.998350000000000293e-01
9.997899999999999565e-01
9.998399999999999510e-01
9.998700000000000365e-01
9.998500000000000165e-01
9.998399999999999510e-01
9.998749999999999583e-01
9.999000000000000110e-01
9.998850000000000238e-01
9.998299999999999965e-01
9.998949999999999783e-01
9.998299999999999965e-01
9.997949999999999893e-01
9.998949999999999783e-01
9.998949999999999783e-01
9.998150000000000093e-01
9.999249999999999527e-01
9.998500000000000165e-01
9.998700000000000365e-01
9.998949999999999783e-01
9.999050000000000438e-01
9.998249999999999638e-01
9.997949999999999893e-01
9.998550000000000493e-01
9.998650000000000038e-01
9.998650000000000038e-01
9.998850000000000238e-01
9.997949999999999893e-01
9.999000000000000110e-01
9.998399999999999510e-01
9.998700000000000365e-01
9.998599999999999710e-01
9.999200000000000310e-01
9.998599999999999710e-01
9.998000000000000220e-01
9.998650000000000038e-01
9.998399999999999510e-01
9.999099999999999655e-01
9.998799999999999910e-01
9.999249999999999527e-01
9.998899999999999455e-01
9.998550000000000493e-01
9.999149999999999983e-01
9.999249999999999527e-01
9.999400000000000510e-01
9.999099999999999655e-01
9.998650000000000038e-01
9.998899999999999455e-01
9.998899999999999455e-01
9.999000000000000110e-01
9.999000000000000110e-01
9.999350000000000183e-01
9.998899999999999455e-01
9.998500000000000165e-01
9.998799999999999910e-01
9.998200000000000420e-01
9.998850000000000238e-01
9.998599999999999710e-01
9.998899999999999455e-01
9.999200000000000310e-01
9.999200000000000310e-01
9.998350000000000293e-01
9.998949999999999783e-01
9.999000000000000110e-01
9.998599999999999710e-01
9.998899999999999455e-01
9.999249999999999527e-01
9.999350000000000183e-01
9.999099999999999655e-01
9.999000000000000110e-01
9.999400000000000510e-01
9.998949999999999783e-01
9.998850000000000238e-01
9.998799999999999910e-01
9.999299999999999855e-01
9.998799999999999910e-01
9.999200000000000310e-01
9.999400000000000510e-01
9.999550000000000383e-01
9.999099999999999655e-01
9.999350000000000183e-01
9.999000000000000110e-01
9.999500000000000055e-01
9.999050000000000438e-01
9.999200000000000310e-01
9.999149999999999983e-01
9.999350000000000183e-01
9.999500000000000055e-01
9.999500000000000055e-01
9.999050000000000438e-01
9.999299999999999855e-01
9.999200000000000310e-01
9.998350000000000293e-01
9.999149999999999983e-01
9.999000000000000110e-01
9.998700000000000365e-01
9.999500000000000055e-01
9.999299999999999855e-01
9.999200000000000310e-01
9.998899999999999455e-01
9.999449999999999728e-01
9.999550000000000383e-01
9.999400000000000510e-01
9.999149999999999983e-01
9.999500000000000055e-01
9.999449999999999728e-01
9.999299999999999855e-01
9.998899999999999455e-01
9.998500000000000165e-01
9.999050000000000438e-01
9.999599999999999600e-01
9.999649999999999928e-01
9.999200000000000310e-01
9.998799999999999910e-01
9.999299999999999855e-01
9.999000000000000110e-01
9.999099999999999655e-01
9.999500000000000055e-01
9.999200000000000310e-01
9.999649999999999928e-01
9.999299999999999855e-01
9.999449999999999728e-01
9.999500000000000055e-01
9.999449999999999728e-01
9.999449999999999728e-01
9.999500000000000055e-01
9.999550000000000383e-01
9.999249999999999527e-01
9.999149999999999983e-01
9.999249999999999527e-01
9.998899999999999455e-01
9.999550000000000383e-01
9.999350000000000183e-01
9.999200000000000310e-01
9.999400000000000510e-01
9.999649999999999928e-01
9.999599999999999600e-01
9.999599999999999600e-01
9.999449999999999728e-01
9.999599999999999600e-01
9.999449999999999728e-01
9.999400000000000510e-01
9.999350000000000183e-01
9.999449999999999728e-01
9.999200000000000310e-01
9.999400000000000510e-01
9.999200000000000310e-01
9.999749999999999472e-01
9.999850000000000128e-01
9.999350000000000183e-01
9.999200000000000310e-01
9.999599999999999600e-01
9.999749999999999472e-01
9.999599999999999600e-01
9.999550000000000383e-01
9.999099999999999655e-01
9.999149999999999983e-01
9.999400000000000510e-01
9.999299999999999855e-01
9.999200000000000310e-01
9.999200000000000310e-01
9.999649999999999928e-01
9.999599999999999600e-01
9.999249999999999527e-01
9.999599999999999600e-01
9.999550000000000383e-01
9.999149999999999983e-01
9.999400000000000510e-01
9.999400000000000510e-01
9.999449999999999728e-01
9.999700000000000255e-01
9.999099999999999655e-01
9.999449999999999728e-01
9.999649999999999928e-01
9.999700000000000255e-01
9.999900000000000455e-01
9.999649999999999928e-01
9.999550000000000383e-01
9.999599999999999600e-01
9.999500000000000055e-01
9.999649999999999928e-01
9.999599999999999600e-01
9.999749999999999472e-01
9.999900000000000455e-01
9.999799999999999800e-01
9.999050000000000438e-01
9.999500000000000055e-01
9.999400000000000510e-01
9.999550000000000383e-01
9.999550000000000383e-01
9.999200000000000310e-01
9.999850000000000128e-01
9.999550000000000383e-01
9.999550000000000383e-01
9.999200000000000310e-01
9.999550000000000383e-01
9.999599999999999600e-01
9.999900000000000455e-01
9.999749999999999472e-01
9.999649999999999928e-01
9.999449999999999728e-01
9.999649999999999928e-01
9.999700000000000255e-01
9.999500000000000055e-01
9.999149999999999983e-01
9.999749999999999472e-01
9.999649999999999928e-01
9.999550000000000383e-01
9.999649999999999928e-01
9.999149999999999983e-01
9.999649999999999928e-01
9.999599999999999600e-01
9.999400000000000510e-01
9.999900000000000455e-01
9.999799999999999800e-01
9.999649999999999928e-01
9.999249999999999527e-01
9.999400000000000510e-01
9.999599999999999600e-01
9.999350000000000183e-01
9.999649999999999928e-01
9.999949999999999672e-01
9.999099999999999655e-01
9.999350000000000183e-01
9.999550000000000383e-01
9.999749999999999472e-01
9.999799999999999800e-01
9.999500000000000055e-01
9.999700000000000255e-01
9.999550000000000383e-01
9.999500000000000055e-01
9.999550000000000383e-01
9.999649999999999928e-01
9.999799999999999800e-01
9.999799999999999800e-01
9.999749999999999472e-01
9.999299999999999855e-01
9.999799999999999800e-01
9.999749999999999472e-01
9.999799999999999800e-01
9.999700000000000255e-01
9.999350000000000183e-01
9.999599999999999600e-01
9.999850000000000128e-01
9.999799999999999800e-01
9.999799999999999800e-01
9.999550000000000383e-01
9.999749999999999472e-01
9.999449999999999728e-01
9.999350000000000183e-01
9.999799999999999800e-01
9.999949999999999672e-01
9.999599999999999600e-01
9.999350000000000183e-01
9.999749999999999472e-01
9.999900000000000455e-01
9.999700000000000255e-01
9.999400000000000510e-01
9.999749999999999472e-01
1.000000000000000000e+00
9.999700000000000255e-01
9.999850000000000128e-01
9.999749999999999472e-01
9.999799999999999800e-01
9.999400000000000510e-01
9.999900000000000455e-01
9.999850000000000128e-01
1.000000000000000000e+00
9.999700000000000255e-01
9.999900000000000455e-01
9.999649999999999928e-01
9.999799999999999800e-01
9.999799999999999800e-01
9.999949999999999672e-01
9.999850000000000128e-01
9.999949999999999672e-01
9.999749999999999472e-01
9.999799999999999800e-01
9.999749999999999472e-01
9.999700000000000255e-01
9.999850000000000128e-01
9.999749999999999472e-01
9.999749999999999472e-01
9.999850000000000128e-01
9.999599999999999600e-01
9.999550000000000383e-01
9.999749999999999472e-01
9.999850000000000128e-01
9.999850000000000128e-01
9.999850000000000128e-01
9.999900000000000455e-01
9.999700000000000255e-01
9.999749999999999472e-01
9.999700000000000255e-01
9.999649999999999928e-01
9.999850000000000128e-01
9.999700000000000255e-01
9.999799999999999800e-01
9.999949999999999672e-01
9.999850000000000128e-01
9.999749999999999472e-01
9.999850000000000128e-01
9.999749999999999472e-01
9.999850000000000128e-01
9.999949999999999672e-01
9.999900000000000455e-01
9.999500000000000055e-01
9.999799999999999800e-01
9.999850000000000128e-01
9.999900000000000455e-01
1.000000000000000000e+00
1.000000000000000000e+00
9.999599999999999600e-01
9.999599999999999600e-01
9.999799999999999800e-01
9.999900000000000455e-01
9.999799999999999800e-01
9.999799999999999800e-01
9.999900000000000455e-01
9.999850000000000128e-01
9.999900000000000455e-01
9.999949999999999672e-01
9.999850000000000128e-01
9.999700000000000255e-01
9.999799999999999800e-01
9.999799999999999800e-01
9.999850000000000128e-01
9.999350000000000183e-01
1.000000000000000000e+00
9.999949999999999672e-01
9.999799999999999800e-01
9.999749999999999472e-01
9.999850000000000128e-01
9.999850000000000128e-01
9.999900000000000455e-01
9.999700000000000255e-01
9.999799999999999800e-01
9.999900000000000455e-01
9.999949999999999672e-01
9.999900000000000455e-01
9.999749999999999472e-01
9.999700000000000255e-01
9.999850000000000128e-01
9.999799999999999800e-01
9.999850000000000128e-01
9.999850000000000128e-01
9.999799999999999800e-01
9.999850000000000128e-01
9.999900000000000455e-01
9.999900000000000455e-01
9.999949999999999672e-01
9.999799999999999800e-01
9.999900000000000455e-01
9.999900000000000455e-01
9.999949999999999672e-01
1.000000000000000000e+00
9.999850000000000128e-01
9.999900000000000455e-01
9.999700000000000255e-01
9.999700000000000255e-01
9.999949999999999672e-01
9.999900000000000455e-01
9.999900000000000455e-01
9.999749999999999472e-01
9.999850000000000128e-01
9.999700000000000255e-01
9.999949999999999672e-01
1.000000000000000000e+00
9.999850000000000128e-01
9.999850000000000128e-01
1.000000000000000000e+00
9.999850000000000128e-01
9.999900000000000455e-01
9.999700000000000255e-01
9.999649999999999928e-01
9.999900000000000455e-01
9.999949999999999672e-01
9.999949999999999672e-01
9.999799999999999800e-01
9.999900000000000455e-01
9.999900000000000455e-01
9.999799999999999800e-01
9.999900000000000455e-01
9.999799999999999800e-01
9.999949999999999672e-01
1.000000000000000000e+00
9.999900000000000455e-01
1.000000000000000000e+00
9.999949999999999672e-01
9.999749999999999472e-01
9.999700000000000255e-01
9.999850000000000128e-01
9.999900000000000455e-01
9.999900000000000455e-01
9.999900000000000455e-01
1.000000000000000000e+00
9.999799999999999800e-01
9.999900000000000455e-01
9.999900000000000455e-01
9.999799999999999800e-01
9.999949999999999672e-01
9.999799999999999800e-01
9.999799999999999800e-01
9.999949999999999672e-01
9.999949999999999672e-01
9.999850000000000128e-01
9.999850000000000128e-01
9.999850000000000128e-01
9.999949999999999672e-01
9.999850000000000128e-01
9.999949999999999672e-01
9.999850000000000128e-01
9.999850000000000128e-01
9.999949999999999672e-01
9.999900000000000455e-01
9.999949999999999672e-01
9.999850000000000128e-01
9.999949999999999672e-01
9.999850000000000128e-01
9.999700000000000255e-01
9.999900000000000455e-01
9.999850000000000128e-01
9.999900000000000455e-01
9.999949999999999672e-01
9.999949999999999672e-01
1.000000000000000000e+00
9.999949999999999672e-01
9.999949999999999672e-01
9.999900000000000455e-01
9.999850000000000128e-01
9.999949999999999672e-01
1.000000000000000000e+00
9.999900000000000455e-01
1.000000000000000000e+00
9.999900000000000455e-01
9.999850000000000128e-01
9.999900000000000455e-01
9.999850000000000128e-01
1.000000000000000000e+00
9.999949999999999672e-01
9.999949999999999672e-01
9.999900000000000455e-01
1.000000000000000000e+00
9.999850000000000128e-01
1.000000000000000000e+00
1.000000000000000000e+00
1.000000000000000000e+00
9.999850000000000128e-01
9.999949999999999672e-01
9.999900000000000455e-01
1.000000000000000000e+00
1.000000000000000000e+00
9.999949999999999672e-01
9.999949999999999672e-01
1.000000000000000000e+00
9.999799999999999800e-01
9.999850000000000128e-01
9.999949999999999672e-01
9.999749999999999472e-01
9.999949999999999672e-01
9.999749999999999472e-01
9.999799999999999800e-01
9.999850000000000128e-01
1.000000000000000000e+00
9.999949999999999672e-01
1.000000000000000000e+00
9.999949999999999672e-01
1.000000000000000000e+00
9.999949999999999672e-01
9.999949999999999672e-01
1.000000000000000000e+00
1.000000000000000000e+00
1.000000000000000000e+00
9.999900000000000455e-01
9.999850000000000128e-01
9.999949999999999672e-01
1.000000000000000000e+00
9.999900000000000455e-01
1.000000000000000000e+00
9.999949999999999672e-01
9.999949999999999672e-01
9.999900000000000455e-01
9.999949999999999672e-01
9.999949999999999672e-01
1.000000000000000000e+00
9.999949999999999672e-01
9.999900000000000455e-01
9.999949999999999672e-01
9.999850000000000128e-01
1.000000000000000000e+00
9.999949999999999672e-01
9.999799999999999800e-01
1.000000000000000000e+00
9.999900000000000455e-01
9.999900000000000455e-01
9.999850000000000128e-01
9.999949999999999672e-01
9.999850000000000128e-01
9.999900000000000455e-01
1.000000000000000000e+00
9.999949999999999672e-01
1.000000000000000000e+00
9.999900000000000455e-01
9.999900000000000455e-01
9.999949999999999672e-01
9.999799999999999800e-01
1.000000000000000000e+00
9.999949999999999672e-01
1.000000000000000000e+00
1.000000000000000000e+00
9.999949999999999672e-01
9.999900000000000455e-01
9.999949999999999672e-01
9.999900000000000455e-01
9.999900000000000455e-01
9.999749999999999472e-01
1.000000000000000000e+00
9.999799999999999800e-01
9.999949999999999672e-01
1.000000000000000000e+00
9.999799999999999800e-01
9.999900000000000455e-01
9.999900000000000455e-01
1.000000000000000000e+00
9.999949999999999672e-01
1.000000000000000000e+00
9.999949999999999672e-01
1.000000000000000000e+00
9.999949999999999672e-01
9.999900000000000455e-01
9.999850000000000128e-01
9.999949999999999672e-01
9.999900000000000455e-01
9.999949999999999672e-01
1.000000000000000000e+00
9.999949999999999672e-01
1.000000000000000000e+00
9.999949999999999672e-01
9.999949999999999672e-01
9.999900000000000455e-01
1.000000000000000000e+00
1.000000000000000000e+00
9.999949999999999672e-01
1.000000000000000000e+00
9.999949999999999672e-01
9.999900000000000455e-01
9.999900000000000455e-01
1.000000000000000000e+00
9.999949999999999672e-01
1.000000000000000000e+00
9.999949999999999672e-01
9.999949999999999672e-01
1.000000000000000000e+00
9.999900000000000455e-01
9.999850000000000128e-01
9.999949999999999672e-01
1.000000000000000000e+00
1.000000000000000000e+00
9.999949999999999672e-01
1.000000000000000000e+00
9.999900000000000455e-01
9.999850000000000128e-01
9.999949999999999672e-01
9.999949999999999672e-01
9.999949999999999672e-01
9.999850000000000128e-01
1.000000000000000000e+00
9.999949999999999672e-01
1.000000000000000000e+00
9.999900000000000455e-01
1.000000000000000000e+00
1.000000000000000000e+00
9.999949999999999672e-01
9.999949999999999672e-01
9.999900000000000455e-01
9.999949999999999672e-01
9.999850000000000128e-01
1.000000000000000000e+00
9.999900000000000455e-01
9.999949999999999672e-01
9.999949999999999672e-01
9.999900000000000455e-01
9.999949999999999672e-01
9.999850000000000128e-01
1.000000000000000000e+00
9.999949999999999672e-01
1.000000000000000000e+00
9.999949999999999672e-01
9.999949999999999672e-01
9.999949999999999672e-01
1.000000000000000000e+00
1.000000000000000000e+00
1.000000000000000000e+00
9.999949999999999672e-01
1.000000000000000000e+00
9.999949999999999672e-01
9.999949999999999672e-01
1.000000000000000000e+00
9.999949999999999672e-01
9.999850000000000128e-01
9.999900000000000455e-01
1.000000000000000000e+00
1.000000000000000000e+00
9.999949999999999672e-01
9.999949999999999672e-01
9.999900000000000455e-01
9.999949999999999672e-01
9.999949999999999672e-01
1.000000000000000000e+00
1.000000000000000000e+00
9.999900000000000455e-01
9.999850000000000128e-01
1.000000000000000000e+00
1.000000000000000000e+00
9.999949999999999672e-01
9.999900000000000455e-01
1.000000000000000000e+00
9.999949999999999672e-01
9.999900000000000455e-01
9.999850000000000128e-01
9.999949999999999672e-01
1.000000000000000000e+00
9.999949999999999672e-01
1.000000000000000000e+00
1.000000000000000000e+00
9.999949999999999672e-01
1.000000000000000000e+00
1.000000000000000000e+00
1.000000000000000000e+00
9.999949999999999672e-01
1.000000000000000000e+00
1.000000000000000000e+00
9.999900000000000455e-01
9.999949999999999672e-01
1.000000000000000000e+00
9.999850000000000128e-01
9.999949999999999672e-01
9.999949999999999672e-01
1.000000000000000000e+00
9.999949999999999672e-01
9.999949999999999672e-01
1.000000000000000000e+00
9.999949999999999672e-01
9.999900000000000455e-01
9.999900000000000455e-01
9.999949999999999672e-01
9.999850000000000128e-01
9.999949999999999672e-01
9.999900000000000455e-01
