6.086344718933105469e-01
4.193964302539825439e-01
3.739696741104125977e-01
3.588181734085083008e-01
3.536516129970550537e-01
3.549554944038391113e-01
3.596815168857574463e-01
3.645752966403961182e-01
3.771244883537292480e-01
3.852324485778808594e-01
3.952614665031433105e-01
4.079918861389160156e-01
4.225181937217712402e-01
4.321773946285247803e-01
4.500866234302520752e-01
4.619816541671752930e-01
4.716650843620300293e-01
4.762837886810302734e-01
4.942467808723449707e-01
5.099527239799499512e-01
5.252113342285156250e-01
5.321113467216491699e-01
5.498588085174560547e-01
5.562956333160400391e-01
5.694828629493713379e-01
5.798259973526000977e-01
5.788530111312866211e-01
5.984911918640136719e-01
6.152564287185668945e-01
6.207955479621887207e-01
6.249483823776245117e-01
6.437050104141235352e-01
6.484317183494567871e-01
6.575229763984680176e-01
6.732926964759826660e-01
6.786962747573852539e-01
6.873769760131835938e-01
7.017484307289123535e-01
7.065254449844360352e-01
7.230068445205688477e-01
7.231817245483398438e-01
7.401416301727294922e-01
7.524651288986206055e-01
7.558517456054687500e-01
7.692188024520874023e-01
7.767244577407836914e-01
7.955211997032165527e-01
7.975664138793945312e-01
8.013658523559570312e-01
8.131246566772460938e-01
8.271736502647399902e-01
8.370876908302307129e-01
8.381109237670898438e-01
8.568598628044128418e-01
8.648559451103210449e-01
8.686796426773071289e-01
8.920762538909912109e-01
8.879964351654052734e-01
8.898998498916625977e-01
8.944915533065795898e-01
9.189692139625549316e-01
9.188176393508911133e-01
9.399126768112182617e-01
9.469332098960876465e-01
9.579753875732421875e-01
9.621410369873046875e-01
9.796901941299438477e-01
9.713549613952636719e-01
9.974082708358764648e-01
9.996608495712280273e-01
9.960156679153442383e-01
1.016105413436889648e+00
1.029750585556030273e+00
1.038091301918029785e+00
1.057574987411499023e+00
1.068505287170410156e+00
1.064993023872375488e+00
1.070395231246948242e+00
1.073421716690063477e+00
1.082888126373291016e+00
1.101125597953796387e+00
1.105344772338867188e+00
1.103645801544189453e+00
1.108464956283569336e+00
1.144792556762695312e+00
1.136469125747680664e+00
1.134562134742736816e+00
1.147521615028381348e+00
1.159723281860351562e+00
1.190555095672607422e+00
1.174139380455017090e+00
1.179404020309448242e+00
1.193865180015563965e+00
1.229665279388427734e+00
1.209398269653320312e+00
1.220719218254089355e+00
1.217328786849975586e+00
1.251640558242797852e+00
1.225819826126098633e+00
1.229760289192199707e+00
1.245616436004638672e+00
1.237679004669189453e+00
1.270211696624755859e+00
1.250492095947265625e+00
1.263234138488769531e+00
1.286909341812133789e+00
1.295507192611694336e+00
1.303853511810302734e+00
1.306987524032592773e+00
1.297997593879699707e+00
1.339844703674316406e+00
1.321928381919860840e+00
1.328543663024902344e+00
1.339776396751403809e+00
1.328431010246276855e+00
1.322408199310302734e+00
1.349250555038452148e+00
1.361052632331848145e+00
1.380262136459350586e+00
1.356058359146118164e+00
1.391492605209350586e+00
1.394234180450439453e+00
1.380531311035156250e+00
1.387986898422241211e+00
1.406147122383117676e+00
1.404460310935974121e+00
1.414571762084960938e+00
1.419183850288391113e+00
1.423177719116210938e+00
1.409988164901733398e+00
1.420243740081787109e+00
1.415641903877258301e+00
1.441878318786621094e+00
1.449573040008544922e+00
1.456185579299926758e+00
1.468334674835205078e+00
1.460538387298583984e+00
1.471271395683288574e+00
1.464553475379943848e+00
1.462958097457885742e+00
1.473557114601135254e+00
1.458864450454711914e+00
1.490869045257568359e+00
1.480947494506835938e+00
1.486118674278259277e+00
1.496935129165649414e+00
1.486999511718750000e+00
1.505669593811035156e+00
1.489518880844116211e+00
1.495323538780212402e+00
1.499846339225769043e+00
1.507469892501831055e+00
1.503997325897216797e+00
1.533793807029724121e+00
1.497570037841796875e+00
1.530678391456604004e+00
1.520284175872802734e+00
1.534211158752441406e+00
1.537657022476196289e+00
1.530876874923706055e+00
1.519908547401428223e+00
1.523369550704956055e+00
1.566746711730957031e+00
1.527812242507934570e+00
1.569573998451232910e+00
1.553202152252197266e+00
1.553302645683288574e+00
1.542483568191528320e+00
1.575230479240417480e+00
1.566937565803527832e+00
1.546164751052856445e+00
1.587434530258178711e+00
1.584948301315307617e+00
1.567105174064636230e+00
1.581427097320556641e+00
1.571823000907897949e+00
1.582617521286010742e+00
1.597550392150878906e+00
1.580366373062133789e+00
1.613408327102661133e+00
1.609824657440185547e+00
1.624543190002441406e+00
1.620658159255981445e+00
1.641438364982604980e+00
1.647482275962829590e+00
1.584936618804931641e+00
1.620017290115356445e+00
1.599465727806091309e+00
1.626053929328918457e+00
1.639244794845581055e+00
1.619648337364196777e+00
1.606072187423706055e+00
1.649875164031982422e+00
1.633299112319946289e+00
1.618844032287597656e+00
1.618944883346557617e+00
1.616950750350952148e+00
1.644629478454589844e+00
1.669403076171875000e+00
1.691428899765014648e+00
1.661730051040649414e+00
1.644341945648193359e+00
1.639330506324768066e+00
1.649407625198364258e+00
1.644448161125183105e+00
1.652582526206970215e+00
1.634927511215209961e+00
1.672731161117553711e+00
1.638203144073486328e+00
1.627799510955810547e+00
1.629014730453491211e+00
1.667153358459472656e+00
1.619689226150512695e+00
1.621674537658691406e+00
1.680916547775268555e+00
1.689787626266479492e+00
1.665637016296386719e+00
1.694325208663940430e+00
1.625439882278442383e+00
1.651371359825134277e+00
1.632464647293090820e+00
1.638453125953674316e+00
1.654131054878234863e+00
1.659659385681152344e+00
1.672113895416259766e+00
1.651239871978759766e+00
1.686372160911560059e+00
1.698103785514831543e+00
1.690550327301025391e+00
1.705602169036865234e+00
1.721830844879150391e+00
1.770099639892578125e+00
1.603530764579772949e+00
1.633370399475097656e+00
1.647979497909545898e+00
1.661814212799072266e+00
1.655514001846313477e+00
1.649643421173095703e+00
1.662674427032470703e+00
1.683468580245971680e+00
1.672831058502197266e+00
1.680975198745727539e+00
1.662097454071044922e+00
1.676765441894531250e+00
1.681595563888549805e+00
1.688538432121276855e+00
1.666132330894470215e+00
1.685001134872436523e+00
1.660773992538452148e+00
1.682029724121093750e+00
1.683082818984985352e+00
1.699266552925109863e+00
1.707812666893005371e+00
1.670466899871826172e+00
1.663297891616821289e+00
1.695724606513977051e+00
1.676244139671325684e+00
1.681210756301879883e+00
1.691091060638427734e+00
1.696394205093383789e+00
1.703879833221435547e+00
1.734572410583496094e+00
1.749835729598999023e+00
1.741782665252685547e+00
1.725998401641845703e+00
1.703922986984252930e+00
1.708756446838378906e+00
1.765396952629089355e+00
1.773308753967285156e+00
1.791920542716979980e+00
1.731415033340454102e+00
1.755963921546936035e+00
1.751924753189086914e+00
1.756792783737182617e+00
1.744104743003845215e+00
1.749009728431701660e+00
1.762252211570739746e+00
1.749366521835327148e+00
1.763059735298156738e+00
1.742429494857788086e+00
1.729535341262817383e+00
1.764513611793518066e+00
1.764872908592224121e+00
1.739551186561584473e+00
1.753578186035156250e+00
1.744139075279235840e+00
1.762203693389892578e+00
1.789378643035888672e+00
1.762790560722351074e+00
1.769185781478881836e+00
1.828035831451416016e+00
1.783350586891174316e+00
1.762305021286010742e+00
1.764874339103698730e+00
1.773874640464782715e+00
1.775198817253112793e+00
1.759911894798278809e+00
1.746705055236816406e+00
1.748177647590637207e+00
1.781919717788696289e+00
1.763004899024963379e+00
1.790931940078735352e+00
1.794975876808166504e+00
1.766062617301940918e+00
1.780065774917602539e+00
1.782624959945678711e+00
1.802133321762084961e+00
1.787861585617065430e+00
1.771156787872314453e+00
1.789110422134399414e+00
1.780222892761230469e+00
1.774579048156738281e+00
1.763107180595397949e+00
1.769308567047119141e+00
1.771757125854492188e+00
1.778996467590332031e+00
1.775580883026123047e+00
1.780275583267211914e+00
1.774659156799316406e+00
1.788913011550903320e+00
1.834876060485839844e+00
1.747041940689086914e+00
1.822091341018676758e+00
1.801718473434448242e+00
1.817658185958862305e+00
1.827246904373168945e+00
1.831125497817993164e+00
1.828928351402282715e+00
1.792330384254455566e+00
1.797237873077392578e+00
1.792740821838378906e+00
1.810561895370483398e+00
1.791977643966674805e+00
1.810195922851562500e+00
1.792473435401916504e+00
1.804105401039123535e+00
1.812216162681579590e+00
1.790168046951293945e+00
1.830259680747985840e+00
1.859552383422851562e+00
1.809507489204406738e+00
1.753515124320983887e+00
1.835267901420593262e+00
1.830196380615234375e+00
1.812694549560546875e+00
1.817868113517761230e+00
1.830998420715332031e+00
1.808246612548828125e+00
1.819252252578735352e+00
1.797115325927734375e+00
1.813270449638366699e+00
1.825304627418518066e+00
1.775879621505737305e+00
1.801086187362670898e+00
1.828610420227050781e+00
1.884135842323303223e+00
1.794778585433959961e+00
1.839183807373046875e+00
1.827392339706420898e+00
1.817332386970520020e+00
1.814547061920166016e+00
1.805620312690734863e+00
1.810029864311218262e+00
1.802998900413513184e+00
1.847096920013427734e+00
1.816393375396728516e+00
1.870984911918640137e+00
1.841862440109252930e+00
1.834600925445556641e+00
1.859679102897644043e+00
1.810215115547180176e+00
1.807824850082397461e+00
1.834564208984375000e+00
1.822455525398254395e+00
1.826679944992065430e+00
1.848100423812866211e+00
1.845205545425415039e+00
1.841992139816284180e+00
1.830279111862182617e+00
1.835291266441345215e+00
1.826519012451171875e+00
1.817372083663940430e+00
1.832972764968872070e+00
1.820004224777221680e+00
1.842666864395141602e+00
1.834708571434020996e+00
1.841537356376647949e+00
1.830667257308959961e+00
1.829972863197326660e+00
1.833135366439819336e+00
1.840886116027832031e+00
1.816587448120117188e+00
1.810973882675170898e+00
1.823626995086669922e+00
1.835414648056030273e+00
1.830794334411621094e+00
1.822589039802551270e+00
1.826347827911376953e+00
1.893811941146850586e+00
1.857620239257812500e+00
1.815595149993896484e+00
1.846617937088012695e+00
1.840394496917724609e+00
1.807814359664916992e+00
1.809936285018920898e+00
1.810273766517639160e+00
1.819223165512084961e+00
1.823261976242065430e+00
1.804118156433105469e+00
1.833082675933837891e+00
1.816187143325805664e+00
1.820724964141845703e+00
1.834666728973388672e+00
1.839852571487426758e+00
1.862874031066894531e+00
1.800683021545410156e+00
1.877431631088256836e+00
1.859793543815612793e+00
1.846633911132812500e+00
1.840607881546020508e+00
1.856662511825561523e+00
1.887661933898925781e+00
1.878191232681274414e+00
1.886283159255981445e+00
1.864924669265747070e+00
1.869625210762023926e+00
1.902087926864624023e+00
1.906090497970581055e+00
1.890210151672363281e+00
1.871481060981750488e+00
1.872148036956787109e+00
1.884762048721313477e+00
1.880482196807861328e+00
1.888300180435180664e+00
1.875534772872924805e+00
1.885987758636474609e+00
1.874839544296264648e+00
1.860946655273437500e+00
1.861731052398681641e+00
1.873311638832092285e+00
1.867153525352478027e+00
1.886386036872863770e+00
1.888369560241699219e+00
1.881946563720703125e+00
1.883475184440612793e+00
1.880295276641845703e+00
1.855999231338500977e+00
1.848908782005310059e+00
1.862361907958984375e+00
1.878662347793579102e+00
1.878646135330200195e+00
1.874779701232910156e+00
1.855896472930908203e+00
1.843046784400939941e+00
1.870686769485473633e+00
1.865551114082336426e+00
1.865329980850219727e+00
1.859013319015502930e+00
1.884763479232788086e+00
1.884592175483703613e+00
1.933893680572509766e+00
1.893663525581359863e+00
1.907993197441101074e+00
1.896788835525512695e+00
1.915174484252929688e+00
1.896310091018676758e+00
1.900068283081054688e+00
1.886920452117919922e+00
1.876214027404785156e+00
1.884060144424438477e+00
1.879317522048950195e+00
1.870775699615478516e+00
1.877166509628295898e+00
1.885804891586303711e+00
1.883054971694946289e+00
1.871150732040405273e+00
1.883829355239868164e+00
1.905158519744873047e+00
1.904443025588989258e+00
1.885839700698852539e+00
1.904740571975708008e+00
1.877473831176757812e+00
1.893835544586181641e+00
1.878708362579345703e+00
1.896003007888793945e+00
1.889712095260620117e+00
1.894611835479736328e+00
1.897077679634094238e+00
1.905249714851379395e+00
1.921566724777221680e+00
1.900442361831665039e+00
1.912456750869750977e+00
1.920865058898925781e+00
1.904598116874694824e+00
1.928066849708557129e+00
1.919703245162963867e+00
1.923925876617431641e+00
1.917564392089843750e+00
1.901157736778259277e+00
1.924158930778503418e+00
1.946992874145507812e+00
1.958791255950927734e+00
1.886138677597045898e+00
1.909265041351318359e+00
1.905465006828308105e+00
1.903787493705749512e+00
1.915169835090637207e+00
1.923309922218322754e+00
1.876603841781616211e+00
1.882512688636779785e+00
1.886380434036254883e+00
1.902601003646850586e+00
1.886758685111999512e+00
1.894208669662475586e+00
1.902883052825927734e+00
1.896649241447448730e+00
1.899188995361328125e+00
1.899462938308715820e+00
1.907702803611755371e+00
1.908688187599182129e+00
1.918136835098266602e+00
1.925587654113769531e+00
1.908501386642456055e+00
2.019733905792236328e+00
1.983315944671630859e+00
1.957703828811645508e+00
1.911990761756896973e+00
1.938719749450683594e+00
1.925867915153503418e+00
1.965465188026428223e+00
1.955362558364868164e+00
1.913709163665771484e+00
1.920593500137329102e+00
1.920019268989562988e+00
1.906822919845581055e+00
1.919232845306396484e+00
1.929131746292114258e+00
1.927584409713745117e+00
1.932827234268188477e+00
1.951210975646972656e+00
1.930214881896972656e+00
1.927378654479980469e+00
1.919070243835449219e+00
1.918402433395385742e+00
1.935327172279357910e+00
1.916489124298095703e+00
1.940292119979858398e+00
1.927426338195800781e+00
1.940785884857177734e+00
1.933741807937622070e+00
1.927819967269897461e+00
1.958051443099975586e+00
1.943572998046875000e+00
1.941546559333801270e+00
2.007643938064575195e+00
1.974332332611083984e+00
1.978694915771484375e+00
1.946793794631958008e+00
2.014184474945068359e+00
1.954372406005859375e+00
1.916214823722839355e+00
1.920630097389221191e+00
1.948759675025939941e+00
1.943640112876892090e+00
1.930512785911560059e+00
1.929551482200622559e+00
1.920352697372436523e+00
1.943755865097045898e+00
1.929359078407287598e+00
1.930170059204101562e+00
1.940514087677001953e+00
1.953481912612915039e+00
1.946345806121826172e+00
1.952705383300781250e+00
1.942272663116455078e+00
1.947201728820800781e+00
1.955117821693420410e+00
1.942215442657470703e+00
1.944037437438964844e+00
1.944065093994140625e+00
1.942220211029052734e+00
1.951940774917602539e+00
1.939636707305908203e+00
1.936625123023986816e+00
1.951646804809570312e+00
1.963684082031250000e+00
1.954570293426513672e+00
1.961351633071899414e+00
1.959223985671997070e+00
1.950842142105102539e+00
1.942788124084472656e+00
1.986313939094543457e+00
1.989873290061950684e+00
1.998835086822509766e+00
1.988589286804199219e+00
2.004830121994018555e+00
1.975711822509765625e+00
1.993545889854431152e+00
2.025039196014404297e+00
2.012453794479370117e+00
1.975252747535705566e+00
1.985025882720947266e+00
1.972312092781066895e+00
1.969954013824462891e+00
1.984761714935302734e+00
1.968096852302551270e+00
1.985940933227539062e+00
1.966819882392883301e+00
1.972354054450988770e+00
1.964375853538513184e+00
1.965890645980834961e+00
1.971239089965820312e+00
1.984908938407897949e+00
1.968421220779418945e+00
1.968958854675292969e+00
1.980863213539123535e+00
1.975987076759338379e+00
1.975734710693359375e+00
1.979456424713134766e+00
1.973307371139526367e+00
1.979558467864990234e+00
1.982357501983642578e+00
1.979066610336303711e+00
1.984607100486755371e+00
1.991463303565979004e+00
1.978402853012084961e+00
2.005030632019042969e+00
1.980707406997680664e+00
2.006489515304565430e+00
2.025084972381591797e+00
2.019898414611816406e+00
1.992194414138793945e+00
1.990854978561401367e+00
1.966262102127075195e+00
1.978822469711303711e+00
1.992794036865234375e+00
1.987791061401367188e+00
1.983041048049926758e+00
1.996506452560424805e+00
1.986570119857788086e+00
1.972889304161071777e+00
1.994233608245849609e+00
2.004467010498046875e+00
1.996188163757324219e+00
1.980457305908203125e+00
1.996598243713378906e+00
1.979471325874328613e+00
1.998339653015136719e+00
1.982483506202697754e+00
2.015537261962890625e+00
2.001091003417968750e+00
2.003458023071289062e+00
1.997602701187133789e+00
2.005064487457275391e+00
1.993292212486267090e+00
2.004376173019409180e+00
1.991937875747680664e+00
1.999432802200317383e+00
1.995131731033325195e+00
2.017360925674438477e+00
2.006490230560302734e+00
2.019138813018798828e+00
1.989794015884399414e+00
2.000697135925292969e+00
2.003453969955444336e+00
2.014299869537353516e+00
2.000231266021728516e+00
1.983384966850280762e+00
1.977623462677001953e+00
2.019512176513671875e+00
2.015017747879028320e+00
2.003773927688598633e+00
2.001830577850341797e+00
2.004896163940429688e+00
1.993853211402893066e+00
1.981536030769348145e+00
1.976936578750610352e+00
1.999242544174194336e+00
2.007383108139038086e+00
2.002037286758422852e+00
2.045555591583251953e+00
2.059094429016113281e+00
2.029410839080810547e+00
2.043264865875244141e+00
2.051037311553955078e+00
2.049250364303588867e+00
2.037540912628173828e+00
2.051294803619384766e+00
2.053362607955932617e+00
2.017281770706176758e+00
2.032943487167358398e+00
2.027820825576782227e+00
2.028364658355712891e+00
2.024351358413696289e+00
2.015897750854492188e+00
2.011853694915771484e+00
2.007330894470214844e+00
2.016245365142822266e+00
2.023525714874267578e+00
2.024671554565429688e+00
2.038399696350097656e+00
2.058612823486328125e+00
2.048529148101806641e+00
2.032085895538330078e+00
2.022563934326171875e+00
2.017806053161621094e+00
2.024161815643310547e+00
2.026449680328369141e+00
2.020265340805053711e+00
2.038822650909423828e+00
2.005243778228759766e+00
2.017895698547363281e+00
2.038760423660278320e+00
2.029358148574829102e+00
2.031641244888305664e+00
2.038196563720703125e+00
2.030986070632934570e+00
2.041547536849975586e+00
2.039379835128784180e+00
2.040431261062622070e+00
2.039952039718627930e+00
2.057238340377807617e+00
2.049448728561401367e+00
2.062467098236083984e+00
2.086214542388916016e+00
2.065288066864013672e+00
2.071168899536132812e+00
2.060936689376831055e+00
2.054059505462646484e+00
2.061022758483886719e+00
2.049567699432373047e+00
2.062143325805664062e+00
2.025696039199829102e+00
2.050783157348632812e+00
2.058112621307373047e+00
2.060149431228637695e+00
2.048343658447265625e+00
2.043166637420654297e+00
2.045459032058715820e+00
2.043229103088378906e+00
2.043653488159179688e+00
2.047794342041015625e+00
2.044240951538085938e+00
2.049876689910888672e+00
2.066617250442504883e+00
2.048710346221923828e+00
2.051205396652221680e+00
2.046079635620117188e+00
2.068955421447753906e+00
2.051443099975585938e+00
2.049121379852294922e+00
2.070171833038330078e+00
2.057237148284912109e+00
2.049114227294921875e+00
2.053643703460693359e+00
2.079148769378662109e+00
2.072808742523193359e+00
2.063726425170898438e+00
2.073401927947998047e+00
2.065104484558105469e+00
2.074114561080932617e+00
2.090387105941772461e+00
2.068456172943115234e+00
2.078887701034545898e+00
2.084692001342773438e+00
2.095305442810058594e+00
2.074902057647705078e+00
2.085056781768798828e+00
2.066327095031738281e+00
2.062031984329223633e+00
2.072887420654296875e+00
2.073073387145996094e+00
2.070473194122314453e+00
2.063804626464843750e+00
2.063449859619140625e+00
2.093439340591430664e+00
2.065005779266357422e+00
2.078630447387695312e+00
2.086104869842529297e+00
2.075388431549072266e+00
2.095795154571533203e+00
2.091564655303955078e+00
2.071704387664794922e+00
2.061041355133056641e+00
2.067481040954589844e+00
2.066524028778076172e+00
2.066292762756347656e+00
2.076004505157470703e+00
2.067744255065917969e+00
2.070590496063232422e+00
2.076031684875488281e+00
2.080217361450195312e+00
2.076699256896972656e+00
2.069153308868408203e+00
2.070531845092773438e+00
2.066500425338745117e+00
2.074101448059082031e+00
2.086929798126220703e+00
2.061962127685546875e+00
2.070715427398681641e+00
2.072681665420532227e+00
2.062756538391113281e+00
2.092925071716308594e+00
2.080312728881835938e+00
2.096644878387451172e+00
2.084536075592041016e+00
2.074294567108154297e+00
2.081502199172973633e+00
2.070758819580078125e+00
2.075308322906494141e+00
2.106048583984375000e+00
2.075215339660644531e+00
2.073621749877929688e+00
2.089682102203369141e+00
2.069525718688964844e+00
2.069561004638671875e+00
2.073673725128173828e+00
2.054604768753051758e+00
2.054862260818481445e+00
2.065493106842041016e+00
2.076172351837158203e+00
2.071274280548095703e+00
2.072759628295898438e+00
2.064136981964111328e+00
2.091254711151123047e+00
2.084140777587890625e+00
2.086552619934082031e+00
2.072772502899169922e+00
2.084916830062866211e+00
2.092635631561279297e+00
2.073478221893310547e+00
2.092316627502441406e+00
2.069334030151367188e+00
2.063442230224609375e+00
2.069767951965332031e+00
2.075941562652587891e+00
2.087513208389282227e+00
2.086301803588867188e+00
2.091914176940917969e+00
2.080019712448120117e+00
2.094367980957031250e+00
2.079855680465698242e+00
2.078917503356933594e+00
2.076614379882812500e+00
2.100593805313110352e+00
2.091310501098632812e+00
2.080492496490478516e+00
2.089858531951904297e+00
2.074488639831542969e+00
2.090737104415893555e+00
2.087314128875732422e+00
2.102151393890380859e+00
2.089140415191650391e+00
2.107431888580322266e+00
2.084876775741577148e+00
2.087508678436279297e+00
2.091640233993530273e+00
2.079858779907226562e+00
2.104700565338134766e+00
2.093324422836303711e+00
2.083042621612548828e+00
2.107670307159423828e+00
2.107773780822753906e+00
2.119537353515625000e+00
2.109820842742919922e+00
2.112368106842041016e+00
2.089116573333740234e+00
2.093069314956665039e+00
2.101604461669921875e+00
2.098678350448608398e+00
2.101360797882080078e+00
2.084990978240966797e+00
2.085113048553466797e+00
2.113814830780029297e+00
2.105145215988159180e+00
2.110166072845458984e+00
2.106403112411499023e+00
2.124575614929199219e+00
2.105138063430786133e+00
2.122910499572753906e+00
2.100423336029052734e+00
2.118228673934936523e+00
2.118023395538330078e+00
2.105480670928955078e+00
2.115501403808593750e+00
2.120492458343505859e+00
2.099724292755126953e+00
2.096606254577636719e+00
2.094377517700195312e+00
2.123803138732910156e+00
2.103582382202148438e+00
2.101725101470947266e+00
2.137403964996337891e+00
2.129508495330810547e+00
2.114463806152343750e+00
2.096453189849853516e+00
2.105772972106933594e+00
2.111521720886230469e+00
2.107255458831787109e+00
2.102681636810302734e+00
2.092873096466064453e+00
2.107827663421630859e+00
2.107526302337646484e+00
2.094345092773437500e+00
2.102442264556884766e+00
2.117699146270751953e+00
2.104915142059326172e+00
2.110745668411254883e+00
2.114067554473876953e+00
2.103998184204101562e+00
2.099104881286621094e+00
2.098823785781860352e+00
2.104008197784423828e+00
2.110498428344726562e+00
2.113558292388916016e+00
2.102819919586181641e+00
2.102215290069580078e+00
2.121427774429321289e+00
2.107052326202392578e+00
2.123292207717895508e+00
2.114113330841064453e+00
2.105595111846923828e+00
2.116655349731445312e+00
2.115583419799804688e+00
2.110430240631103516e+00
2.114691972732543945e+00
2.121233463287353516e+00
2.124594688415527344e+00
2.109701871871948242e+00
2.117071628570556641e+00
2.111795902252197266e+00
2.111557722091674805e+00
2.142053127288818359e+00
2.114785671234130859e+00
2.121080875396728516e+00
2.117159843444824219e+00
2.108096122741699219e+00
2.114771366119384766e+00
2.118306398391723633e+00
2.130203723907470703e+00
2.118822574615478516e+00
2.111069679260253906e+00
2.129122972488403320e+00
2.130947828292846680e+00
2.122040271759033203e+00
2.123502492904663086e+00
2.133086204528808594e+00
2.131055355072021484e+00
2.120891094207763672e+00
2.134669303894042969e+00
2.139611721038818359e+00
2.128002166748046875e+00
2.113792419433593750e+00
2.122503757476806641e+00
2.129627466201782227e+00
2.119864463806152344e+00
2.136201143264770508e+00
2.126868247985839844e+00
2.127506256103515625e+00
2.116788864135742188e+00
2.122001886367797852e+00
2.114790916442871094e+00
2.120526552200317383e+00
2.128416061401367188e+00
2.130991458892822266e+00
2.136204719543457031e+00
2.127545356750488281e+00
2.134098052978515625e+00
2.117831707000732422e+00
2.105381488800048828e+00
2.112020492553710938e+00
2.127355337142944336e+00
2.127182483673095703e+00
2.142920255661010742e+00
2.105169296264648438e+00
2.127423763275146484e+00
2.115609169006347656e+00
2.141013622283935547e+00
2.124698638916015625e+00
2.128474712371826172e+00
2.135118246078491211e+00
2.121818780899047852e+00
2.133149147033691406e+00
2.126176595687866211e+00
2.147452831268310547e+00
2.139293193817138672e+00
2.141460895538330078e+00
2.144161701202392578e+00
2.140920877456665039e+00
2.139049530029296875e+00
2.161971092224121094e+00
2.140800476074218750e+00
2.135979652404785156e+00
2.147557020187377930e+00
2.140634536743164062e+00
2.142006874084472656e+00
2.134715080261230469e+00
2.130671262741088867e+00
2.139940738677978516e+00
2.136736869812011719e+00
2.134134769439697266e+00
