6.891461536288261414e-01
5.235873907804489136e-01
4.142006337642669678e-01
3.427641503512859344e-01
2.964376173913478851e-01
2.663411162793636322e-01
2.466772682964801788e-01
2.337307725101709366e-01
2.251003831624984741e-01
2.192051671445369720e-01
2.150811813771724701e-01
2.120958305895328522e-01
2.098592352122068405e-01
2.080958336591720581e-01
2.066594101488590240e-01
2.054529897868633270e-01
2.043962273746728897e-01
2.034523915499448776e-01
2.025745380669832230e-01
2.017871607095003128e-01
2.010327167809009552e-01
2.003191541880369186e-01
1.996492445468902588e-01
1.990021802484989166e-01
1.983880326151847839e-01
1.977987531572580338e-01
1.972286961972713470e-01
1.966812759637832642e-01
1.961604841053485870e-01
1.956518311053514481e-01
1.951576285064220428e-01
1.946984846144914627e-01
1.942309569567441940e-01
1.937970183789730072e-01
1.933741010725498199e-01
1.929659843444824219e-01
1.925624087452888489e-01
1.921855527907609940e-01
1.918108910322189331e-01
1.914503294974565506e-01
1.910947319120168686e-01
1.907593142241239548e-01
1.904283985495567322e-01
1.901117451488971710e-01
1.897999569773674011e-01
1.894955132156610489e-01
1.892090849578380585e-01
1.889315433800220490e-01
1.886468920856714249e-01
1.883890219032764435e-01
1.881157141178846359e-01
1.878660731017589569e-01
1.876235008239746094e-01
1.873766537755727768e-01
1.871482972055673599e-01
1.869156062602996826e-01
1.867044065147638321e-01
1.864894032478332520e-01
1.862754188477993011e-01
1.860796231776475906e-01
1.858772523701190948e-01
1.856851018965244293e-01
1.855076346546411514e-01
1.853175032883882523e-01
1.851567886769771576e-01
1.849706824868917465e-01
1.848012283444404602e-01
1.846511699259281158e-01
1.845058463513851166e-01
1.843266319483518600e-01
1.841954700648784637e-01
1.840359121561050415e-01
1.838963944464921951e-01
1.837708931416273117e-01
1.836170349270105362e-01
1.834898348897695541e-01
1.833718512207269669e-01
1.832656562328338623e-01
1.831376794725656509e-01
1.830161362886428833e-01
1.829129680991172791e-01
1.828031279146671295e-01
1.826958842575550079e-01
1.825925204902887344e-01
1.825190261006355286e-01
1.824037022888660431e-01
1.823004651814699173e-01
1.822403836995363235e-01
1.821342445909976959e-01
1.820538192987442017e-01
1.819710973650217056e-01
1.818908080458641052e-01
1.818244829773902893e-01
1.817590128630399704e-01
1.816793903708457947e-01
1.816089432686567307e-01
1.815312225371599197e-01
1.814837027341127396e-01
1.814299840480089188e-01
1.813668552786111832e-01
1.812997646629810333e-01
1.812549158930778503e-01
1.811964511871337891e-01
1.811379566788673401e-01
1.810950972139835358e-01
1.810592859983444214e-01
1.810180973261594772e-01
1.809724848717451096e-01
1.809105295687913895e-01
1.808884181082248688e-01
1.808613352477550507e-01
1.808163803070783615e-01
1.807882692664861679e-01
1.807504650205373764e-01
1.807239390909671783e-01
1.806969065219163895e-01
1.806333381682634354e-01
1.806099116802215576e-01
1.805924102663993835e-01
1.805637460201978683e-01
1.805182397365570068e-01
1.805472355335950851e-01
1.805169675499200821e-01
1.804839726537466049e-01
1.804584544152021408e-01
1.804431285709142685e-01
1.804261803627014160e-01
1.804171763360500336e-01
1.803837083280086517e-01
1.804082822054624557e-01
1.803569309413433075e-01
1.803820878267288208e-01
1.803302820771932602e-01
1.803469564765691757e-01
1.803256105631589890e-01
1.802836712449789047e-01
1.802994478493928909e-01
1.802820339798927307e-01
1.802781783044338226e-01
1.802657600492238998e-01
1.802614629268646240e-01
1.802357882261276245e-01
1.802438087761402130e-01
1.802288070321083069e-01
1.802177783101797104e-01
1.802175082266330719e-01
1.802014876157045364e-01
1.801973823457956314e-01
1.802096161991357803e-01
1.802020985633134842e-01
1.802068091928958893e-01
1.801940798759460449e-01
1.801805961877107620e-01
1.801886204630136490e-01
1.801854856312274933e-01
1.801717001944780350e-01
1.801926679909229279e-01
1.801765710115432739e-01
1.801489312201738358e-01
1.801799330860376358e-01
1.801737621426582336e-01
1.801447048783302307e-01
1.801757495850324631e-01
1.801560521125793457e-01
1.801487207412719727e-01
1.801602467894554138e-01
1.801335252821445465e-01
1.801441367715597153e-01
1.801364943385124207e-01
1.801175922155380249e-01
1.801449283957481384e-01
1.801324356347322464e-01
1.801454536616802216e-01
1.801424287259578705e-01
1.801473461091518402e-01
1.801301222294569016e-01
1.801387034356594086e-01
1.801304519176483154e-01
1.801085770130157471e-01
1.801308859139680862e-01
1.801335643976926804e-01
1.801519207656383514e-01
1.801116932183504105e-01
1.801191177219152451e-01
1.801388207823038101e-01
1.801071446388959885e-01
1.801348086446523666e-01
1.801231484860181808e-01
1.801565084606409073e-01
1.801018510013818741e-01
1.801161151379346848e-01
1.801017373800277710e-01
1.801006328314542770e-01
1.801092475652694702e-01
1.801151540130376816e-01
1.801277510821819305e-01
1.801105998456478119e-01
1.801002938300371170e-01
1.800876650959253311e-01
1.801411788910627365e-01
1.801208592951297760e-01
1.801044438034296036e-01
1.801054552197456360e-01
1.801091041415929794e-01
1.801169086247682571e-01
1.800995487719774246e-01
1.801065113395452499e-01
1.800835840404033661e-01
1.800967622548341751e-01
1.800943408161401749e-01
1.800962947309017181e-01
1.800907943397760391e-01
1.800987552851438522e-01
1.800983883440494537e-01
1.800906937569379807e-01
1.800848059356212616e-01
1.800876092165708542e-01
1.801088396459817886e-01
1.801023799926042557e-01
1.800975818186998367e-01
1.801081169396638870e-01
1.801146622747182846e-01
1.800873856991529465e-01
1.801233738660812378e-01
1.800978891551494598e-01
1.800889074802398682e-01
1.800964660942554474e-01
1.800981387495994568e-01
1.801138576120138168e-01
1.800843011587858200e-01
1.800868976861238480e-01
1.801098547875881195e-01
1.801000032573938370e-01
1.800848878920078278e-01
1.800992749631404877e-01
1.801054030656814575e-01
1.800846196711063385e-01
1.801057644188404083e-01
1.800977196544408798e-01
1.801205147057771683e-01
1.800870317965745926e-01
1.801254656165838242e-01
1.800945401191711426e-01
1.800723336637020111e-01
1.800846122205257416e-01
1.801029201596975327e-01
1.801220849156379700e-01
1.800796128809452057e-01
1.800946108996868134e-01
1.800879165530204773e-01
1.801198758184909821e-01
1.800932586193084717e-01
1.801006868481636047e-01
1.800809167325496674e-01
1.800741311162710190e-01
1.800834517925977707e-01
1.800809577107429504e-01
1.800753641873598099e-01
1.800815369933843613e-01
1.800854094326496124e-01
1.800848543643951416e-01
1.800713110715150833e-01
1.800866834819316864e-01
1.800983976572751999e-01
1.800904981791973114e-01
1.800754833966493607e-01
1.800883449614048004e-01
1.800975725054740906e-01
1.801069024950265884e-01
1.800642441958189011e-01
1.800773795694112778e-01
1.800958923995494843e-01
1.800681557506322861e-01
1.800791956484317780e-01
1.801073588430881500e-01
1.800959073007106781e-01
1.800913196057081223e-01
1.800863444805145264e-01
1.800857055932283401e-01
1.801204495131969452e-01
1.800840198993682861e-01
1.800890862941741943e-01
1.801046170294284821e-01
1.800799053162336349e-01
1.800463851541280746e-01
1.800977736711502075e-01
1.800810564309358597e-01
1.800639014691114426e-01
1.800718195736408234e-01
1.800853069871664047e-01
1.800780929625034332e-01
1.800836846232414246e-01
1.801038943231105804e-01
1.800981853157281876e-01
1.800874285399913788e-01
1.800940707325935364e-01
1.800909247249364853e-01
1.801022700965404510e-01
1.800998635590076447e-01
1.800774838775396347e-01
1.800756771117448807e-01
1.800876799970865250e-01
1.800707802176475525e-01
1.800720468163490295e-01
1.800655256956815720e-01
1.800673883408308029e-01
1.800814811140298843e-01
1.800754927098751068e-01
1.800735983997583389e-01
1.800846941769123077e-01
1.801080610603094101e-01
1.800479423254728317e-01
1.800889503210783005e-01
1.800547186285257339e-01
1.800588760524988174e-01
1.800899077206850052e-01
1.800874434411525726e-01
1.800793353468179703e-01
1.800577137619256973e-01
1.800950411707162857e-01
1.800979059189558029e-01
1.801067888736724854e-01
1.800508387386798859e-01
1.800760701298713684e-01
1.800629589706659317e-01
1.800529640167951584e-01
1.800721548497676849e-01
1.800697650760412216e-01
1.800781954079866409e-01
1.800816413015127182e-01
1.800950858741998672e-01
1.800817232578992844e-01
1.800761297345161438e-01
1.800794657319784164e-01
1.800698097795248032e-01
1.800732035189867020e-01
1.800861209630966187e-01
1.800822205841541290e-01
1.800596676766872406e-01
1.800961699336767197e-01
1.800700407475233078e-01
1.800669785588979721e-01
1.800749972462654114e-01
1.800719052553176880e-01
1.800697501748800278e-01
1.800613366067409515e-01
1.800657361745834351e-01
1.800806745886802673e-01
1.800843775272369385e-01
1.800496857613325119e-01
1.800627466291189194e-01
1.800650656223297119e-01
1.800569724291563034e-01
1.800697539001703262e-01
1.800770759582519531e-01
1.800787281244993210e-01
1.800687406212091446e-01
1.800593826919794083e-01
1.800874266773462296e-01
1.800875719636678696e-01
1.800723522901535034e-01
1.800554543733596802e-01
1.800924167037010193e-01
1.800574176013469696e-01
1.800946202129125595e-01
1.800775695592164993e-01
1.800575125962495804e-01
1.800827309489250183e-01
1.800887919962406158e-01
1.800720877945423126e-01
1.800700742751359940e-01
1.800851281732320786e-01
1.800640262663364410e-01
1.800666078925132751e-01
1.800665631890296936e-01
1.800770871341228485e-01
1.800636164844036102e-01
1.800750754773616791e-01
1.800600420683622360e-01
1.801091600209474564e-01
1.800868604332208633e-01
1.800667904317378998e-01
1.800673753023147583e-01
1.800714991986751556e-01
1.800928171724081039e-01
1.800894327461719513e-01
1.800924874842166901e-01
1.800901237875223160e-01
1.800852902233600616e-01
1.800856124609708786e-01
1.800681948661804199e-01
1.800671201199293137e-01
1.800848394632339478e-01
1.800714470446109772e-01
1.801067087799310684e-01
1.800862997770309448e-01
1.800752487033605576e-01
1.800743397325277328e-01
1.800893414765596390e-01
1.801038440316915512e-01
1.800680514425039291e-01
1.800929754972457886e-01
1.800635475665330887e-01
1.800773721188306808e-01
1.800569556653499603e-01
1.800784170627593994e-01
1.800808496773242950e-01
1.800765320658683777e-01
1.800603754818439484e-01
1.800748985260725021e-01
1.800698488950729370e-01
1.800614837557077408e-01
1.800679340958595276e-01
1.800882536917924881e-01
1.800688039511442184e-01
1.800472605973482132e-01
1.800902094691991806e-01
1.800677366554737091e-01
1.800659578293561935e-01
1.800739690661430359e-01
1.800878588110208511e-01
1.800849437713623047e-01
1.800861172378063202e-01
1.800885722041130066e-01
1.800612807273864746e-01
1.800806447863578796e-01
1.800751984119415283e-01
1.800720188766717911e-01
1.800578087568283081e-01
1.800729576498270035e-01
1.800606660544872284e-01
1.800643429160118103e-01
1.800827961415052414e-01
1.800804603844881058e-01
1.800722312182188034e-01
1.800662614405155182e-01
1.800466701388359070e-01
1.800534687936306000e-01
1.800618488341569901e-01
1.800664309412240982e-01
1.800732258707284927e-01
1.800459641963243484e-01
1.800880469381809235e-01
1.800810117274522781e-01
1.800904534757137299e-01
1.800628025084733963e-01
1.800682097673416138e-01
1.800729539245367050e-01
1.800623722374439240e-01
1.800547428429126740e-01
1.800719089806079865e-01
1.800619475543498993e-01
1.800614278763532639e-01
1.800703704357147217e-01
1.800682693719863892e-01
1.800707820802927017e-01
1.800699122250080109e-01
1.800696868449449539e-01
1.800750438123941422e-01
1.800818312913179398e-01
1.800701040774583817e-01
1.800938155502080917e-01
1.800803486257791519e-01
1.800719629973173141e-01
1.800585500895977020e-01
1.800347771495580673e-01
1.800670288503170013e-01
1.800566408783197403e-01
1.800654213875532150e-01
1.800759509205818176e-01
1.800545323640108109e-01
1.800740603357553482e-01
1.800624877214431763e-01
1.800674088299274445e-01
1.800630148500204086e-01
1.800375692546367645e-01
1.800596769899129868e-01
1.800811141729354858e-01
1.800462044775485992e-01
1.800505854189395905e-01
1.800473276525735855e-01
1.800616607069969177e-01
1.800916902720928192e-01
1.800858918577432632e-01
1.800582651048898697e-01
1.800687257200479507e-01
1.800383161753416061e-01
1.800569966435432434e-01
1.800596863031387329e-01
1.800595149397850037e-01
1.801108233630657196e-01
1.800754610449075699e-01
1.800766307860612869e-01
1.800852157175540924e-01
1.800813004374504089e-01
1.800788827240467072e-01
1.800715848803520203e-01
1.800512783229351044e-01
1.800406742841005325e-01
1.800712086260318756e-01
1.800845041871070862e-01
1.800643447786569595e-01
1.800631247460842133e-01
1.800637301057577133e-01
1.800677906721830368e-01
1.800678372383117676e-01
1.800549626350402832e-01
1.800504829734563828e-01
1.800721753388643265e-01
1.800582353025674820e-01
1.800828967243432999e-01
1.800594236701726913e-01
1.800635065883398056e-01
1.800937149673700333e-01
1.800593156367540359e-01
1.800524741411209106e-01
1.800720151513814926e-01
1.800699140876531601e-01
1.800639126449823380e-01
1.800777893513441086e-01
1.800511498004198074e-01
1.800696961581707001e-01
1.800703890621662140e-01
1.800706759095191956e-01
1.800712570548057556e-01
1.800406351685523987e-01
1.800716184079647064e-01
1.800947897136211395e-01
1.800512634217739105e-01
1.800496373325586319e-01
1.800904404371976852e-01
1.800650991499423981e-01
1.800857242196798325e-01
1.801022980362176895e-01
1.800843123346567154e-01
1.800650320947170258e-01
1.800586488097906113e-01
1.800795495510101318e-01
1.800583992153406143e-01
1.800704486668109894e-01
1.800565123558044434e-01
1.800800058990716934e-01
1.800473388284444809e-01
1.800691410899162292e-01
1.800803523510694504e-01
1.800446305423974991e-01
1.800783593207597733e-01
1.800669375807046890e-01
1.800592690706253052e-01
1.800569035112857819e-01
1.800540257245302200e-01
1.800615098327398300e-01
1.800705343484878540e-01
1.800627391785383224e-01
1.800687965005636215e-01
1.800604425370693207e-01
1.800737082958221436e-01
1.800557561218738556e-01
1.800901349633932114e-01
1.800898965448141098e-01
1.800905838608741760e-01
1.800670195370912552e-01
1.800659503787755966e-01
1.800613496452569962e-01
1.800765469670295715e-01
1.800797022879123688e-01
1.800807937979698181e-01
1.800549384206533432e-01
1.800462510436773300e-01
1.800529118627309799e-01
1.800622195005416870e-01
1.800728030502796173e-01
1.800649445503950119e-01
1.800701972097158432e-01
1.800669915974140167e-01
1.800630558282136917e-01
1.800643187016248703e-01
1.800585854798555374e-01
1.800584420561790466e-01
1.800775211304426193e-01
1.800655461847782135e-01
1.800519805401563644e-01
1.800745781511068344e-01
1.800830010324716568e-01
1.800750102847814560e-01
1.800499167293310165e-01
1.800787225365638733e-01
1.800567917525768280e-01
1.800721660256385803e-01
1.800895929336547852e-01
1.800816841423511505e-01
1.800636220723390579e-01
1.800611671060323715e-01
1.800554115325212479e-01
1.800909265875816345e-01
1.800686437636613846e-01
1.800711657851934433e-01
1.800467278808355331e-01
1.800582800060510635e-01
1.800784356892108917e-01
1.800704207271337509e-01
1.800547167658805847e-01
1.800671350210905075e-01
1.800582259893417358e-01
1.800720226019620895e-01
1.800856906920671463e-01
1.800625603646039963e-01
1.800752896815538406e-01
1.800897978246212006e-01
1.800745725631713867e-01
1.800500042736530304e-01
1.800606157630681992e-01
1.800556387752294540e-01
1.800453662872314453e-01
1.800840012729167938e-01
1.800745334476232529e-01
1.800607200711965561e-01
1.800667271018028259e-01
1.800642963498830795e-01
1.800735015422105789e-01
1.800469662994146347e-01
1.800475809723138809e-01
1.800503898411989212e-01
1.800730880349874496e-01
1.800746358931064606e-01
1.800624039024114609e-01
1.800660341978073120e-01
1.800657305866479874e-01
1.800825148820877075e-01
1.800549179315567017e-01
1.800766773521900177e-01
1.800844855606555939e-01
1.800619177520275116e-01
1.800777744501829147e-01
1.800348851829767227e-01
1.800483055412769318e-01
1.800715234130620956e-01
1.800644509494304657e-01
1.800613328814506531e-01
1.800373140722513199e-01
1.800943408161401749e-01
1.800549253821372986e-01
1.800422333180904388e-01
1.800416167825460434e-01
1.800596918910741806e-01
1.800759527832269669e-01
1.800558026880025864e-01
1.800697520375251770e-01
1.800519712269306183e-01
1.800394244492053986e-01
1.800698935985565186e-01
1.800528839230537415e-01
1.800886970013380051e-01
1.800590883940458298e-01
1.800568848848342896e-01
1.800544727593660355e-01
1.800655443221330643e-01
1.800446938723325729e-01
1.800687592476606369e-01
1.800643131136894226e-01
1.800650469958782196e-01
1.801026668399572372e-01
1.800697743892669678e-01
1.800602301955223083e-01
1.800534185022115707e-01
1.800598148256540298e-01
1.800769176334142685e-01
1.800679247826337814e-01
1.800510194152593613e-01
1.800666730850934982e-01
1.800677310675382614e-01
1.800664234906435013e-01
1.800586506724357605e-01
1.800729669630527496e-01
1.800551470369100571e-01
1.800855770707130432e-01
1.800605971366167068e-01
1.800619773566722870e-01
1.800794154405593872e-01
1.800477020442485809e-01
1.800636015832424164e-01
1.800547596067190170e-01
1.800932101905345917e-01
1.800777614116668701e-01
1.800688020884990692e-01
1.800624504685401917e-01
1.800455767661333084e-01
1.800673622637987137e-01
1.800550222396850586e-01
1.800730358809232712e-01
1.800735518336296082e-01
1.800734736025333405e-01
1.800558194518089294e-01
1.800667308270931244e-01
1.800588611513376236e-01
1.800562124699354172e-01
1.800430156290531158e-01
1.800561062991619110e-01
1.800742447376251221e-01
1.800458915531635284e-01
1.800483558326959610e-01
1.800638064742088318e-01
1.800516769289970398e-01
1.800651699304580688e-01
1.800523772835731506e-01
1.800657045096158981e-01
1.800637599080801010e-01
1.800932418555021286e-01
1.800447721034288406e-01
1.800597552210092545e-01
1.800894048064947128e-01
1.800594516098499298e-01
1.800463553518056870e-01
1.800766177475452423e-01
1.800548098981380463e-01
1.800702363252639771e-01
1.800588220357894897e-01
1.800562422722578049e-01
1.800595149397850037e-01
1.800791155546903610e-01
1.800697464495897293e-01
1.800619717687368393e-01
1.800531074404716492e-01
1.800712347030639648e-01
1.800442468374967575e-01
1.800716929137706757e-01
1.800617221742868423e-01
1.800717692822217941e-01
1.800491809844970703e-01
1.800729110836982727e-01
1.800526883453130722e-01
1.800675783306360245e-01
1.800578162074089050e-01
1.800366584211587906e-01
1.800715420395135880e-01
1.800490729510784149e-01
1.800665352493524551e-01
1.800556648522615433e-01
1.800549533218145370e-01
1.800694651901721954e-01
1.800751015543937683e-01
1.800708547234535217e-01
1.800609342753887177e-01
1.800509970635175705e-01
1.800669785588979721e-01
1.800472475588321686e-01
1.800568811595439911e-01
1.800514925271272659e-01
1.800784189254045486e-01
1.800802499055862427e-01
1.800478305667638779e-01
1.800367385149002075e-01
1.800645627081394196e-01
1.800578758120536804e-01
1.800504047423601151e-01
1.800526753067970276e-01
1.800338923931121826e-01
1.800727173686027527e-01
1.800761576741933823e-01
1.800493746995925903e-01
1.800663676112890244e-01
1.800547279417514801e-01
1.800551880151033401e-01
1.800671331584453583e-01
1.800744310021400452e-01
1.800464335829019547e-01
1.800580471754074097e-01
1.800709050148725510e-01
1.800960209220647812e-01
1.800486613065004349e-01
1.800626032054424286e-01
1.800743602216243744e-01
1.800472512841224670e-01
1.800529267638921738e-01
1.800642590969800949e-01
1.800774186849594116e-01
1.800478380173444748e-01
1.800588816404342651e-01
1.800580341368913651e-01
1.800574474036693573e-01
1.800573412328958511e-01
1.800551433116197586e-01
1.800762973725795746e-01
1.800618693232536316e-01
1.800576169043779373e-01
1.800638940185308456e-01
1.800713799893856049e-01
1.800585277378559113e-01
1.800730302929878235e-01
1.800469290465116501e-01
1.800726652145385742e-01
1.800827700644731522e-01
1.800824347883462906e-01
1.800743192434310913e-01
1.800589505583047867e-01
1.800469346344470978e-01
1.800640374422073364e-01
1.800472568720579147e-01
1.800532490015029907e-01
1.800529509782791138e-01
1.800588201731443405e-01
1.800502110272645950e-01
1.800486575812101364e-01
1.800572182983160019e-01
1.800580769777297974e-01
1.800790186971426010e-01
1.800639983266592026e-01
1.800676994025707245e-01
1.800452210009098053e-01
1.800536271184682846e-01
1.800411473959684372e-01
1.800433788448572159e-01
1.800499372184276581e-01
1.800700873136520386e-01
1.800431180745363235e-01
1.800356935709714890e-01
1.800570581108331680e-01
1.800795309245586395e-01
1.800459399819374084e-01
1.800547875463962555e-01
1.800570152699947357e-01
1.800587493926286697e-01
1.800720561295747757e-01
1.800600383430719376e-01
1.800548024475574493e-01
1.800505053251981735e-01
1.800673678517341614e-01
1.800700277090072632e-01
1.800525914877653122e-01
1.800578925758600235e-01
1.800746917724609375e-01
1.800647117197513580e-01
1.800574492663145065e-01
1.800684016197919846e-01
1.800750214606523514e-01
1.800668556243181229e-01
1.800429355353116989e-01
1.800651848316192627e-01
1.800547372549772263e-01
1.800664644688367844e-01
1.800555810332298279e-01
1.800508461892604828e-01
1.800729986280202866e-01
1.800709906965494156e-01
1.800514478236436844e-01
1.800578609108924866e-01
1.800682824105024338e-01
1.800633221864700317e-01
1.800473034381866455e-01
1.800595819950103760e-01
1.800473164767026901e-01
1.800703201442956924e-01
1.800556778907775879e-01
1.800602525472640991e-01
1.800556089729070663e-01
1.800542436540126801e-01
1.800810787826776505e-01
1.800528112798929214e-01
1.800444386899471283e-01
1.800461784005165100e-01
1.800504568964242935e-01
1.800445225089788437e-01
1.800599042326211929e-01
1.800640076398849487e-01
1.800664979964494705e-01
1.800525244325399399e-01
1.800563000142574310e-01
1.800548601895570755e-01
1.800633072853088379e-01
1.800566781312227249e-01
1.800593920052051544e-01
1.800567246973514557e-01
1.800489332526922226e-01
1.800501346588134766e-01
1.800737790763378143e-01
1.800594870001077652e-01
1.800673250108957291e-01
1.800629813224077225e-01
1.800448354333639145e-01
1.800380833446979523e-01
1.800816692411899567e-01
1.800458207726478577e-01
1.800452116876840591e-01
1.800677068531513214e-01
1.800477616488933563e-01
1.800644267350435257e-01
1.800585910677909851e-01
1.800500042736530304e-01
1.800564322620630264e-01
1.800696533173322678e-01
1.800677701830863953e-01
1.800604742020368576e-01
1.800658851861953735e-01
1.800358761101961136e-01
1.800518985837697983e-01
1.800477877259254456e-01
1.800565831363201141e-01
1.800600085407495499e-01
1.800325810909271240e-01
1.800831872969865799e-01
1.800627652555704117e-01
1.800350584089756012e-01
1.800486501306295395e-01
1.800560764968395233e-01
1.800600960850715637e-01
1.800588481128215790e-01
1.800470966845750809e-01
1.800602693110704422e-01
1.800654102116823196e-01
1.800628546625375748e-01
1.800524145364761353e-01
1.800503730773925781e-01
1.800586786121129990e-01
1.800566166639328003e-01
1.800555661320686340e-01
1.800631787627935410e-01
1.800413113087415695e-01
1.800549440085887909e-01
1.800413634628057480e-01
1.800579186528921127e-01
1.800541356205940247e-01
1.800612248480319977e-01
1.800463125109672546e-01
1.800390873104333878e-01
1.800644788891077042e-01
1.800642684102058411e-01
1.800716705620288849e-01
1.800501737743616104e-01
1.800543908029794693e-01
1.800683755427598953e-01
1.800357382744550705e-01
1.800572555512189865e-01
1.800550054758787155e-01
1.800298746675252914e-01
1.800534054636955261e-01
1.800584457814693451e-01
1.800553556531667709e-01
1.800630763173103333e-01
1.800453178584575653e-01
1.800632700324058533e-01
1.800666395574808121e-01
1.800489220768213272e-01
1.800461206585168839e-01
1.800545360893011093e-01
1.800441294908523560e-01
1.800460256636142731e-01
1.800632309168577194e-01
1.800580285489559174e-01
1.800399962812662125e-01
1.800406686961650848e-01
1.800449434667825699e-01
1.800463069230318069e-01
1.800456903874874115e-01
1.800623461604118347e-01
1.800575330853462219e-01
1.800565719604492188e-01
1.800610423088073730e-01
1.800377145409584045e-01
1.800483204424381256e-01
1.800524760037660599e-01
1.800501383841037750e-01
1.800540201365947723e-01
1.800444684922695160e-01
1.800396796315908432e-01
1.800594087690114975e-01
1.800340265035629272e-01
1.800372209399938583e-01
1.800431199371814728e-01
1.800573300570249557e-01
1.800633259117603302e-01
1.800678167492151260e-01
1.800593547523021698e-01
1.800435818731784821e-01
1.800540555268526077e-01
1.800478678196668625e-01
1.800600476562976837e-01
1.800781544297933578e-01
1.800518650561571121e-01
1.800583507865667343e-01
1.800623796880245209e-01
1.800587959587574005e-01
1.800533588975667953e-01
1.800559218972921371e-01
1.800498198717832565e-01
1.800463162362575531e-01
1.800470333546400070e-01
1.800431404262781143e-01
1.800469029694795609e-01
1.800523791462182999e-01
1.800572928041219711e-01
1.800382528454065323e-01
1.800666078925132751e-01
1.800537165254354477e-01
1.800556760281324387e-01
1.800366993993520737e-01
1.800576951354742050e-01
1.800487097352743149e-01
1.800564471632242203e-01
1.800513174384832382e-01
1.800497435033321381e-01
1.800667513161897659e-01
