4.721000000000000196e-01
5.473666666666666680e-01
5.730333333333332835e-01
5.849999999999999645e-01
5.934000000000000385e-01
6.013666666666667160e-01
6.110666666666666469e-01
6.122666666666666258e-01
6.112999999999999545e-01
6.098000000000000087e-01
6.106000000000000316e-01
6.169666666666666632e-01
6.180999999999999828e-01
6.173666666666666192e-01
6.199000000000000066e-01
6.207333333333333591e-01
6.185666666666667091e-01
6.147666666666666835e-01
6.216333333333333711e-01
6.245000000000000551e-01
6.197333333333333583e-01
6.172666666666666302e-01
6.153666666666666174e-01
6.213666666666666227e-01
6.206666666666666998e-01
6.200333333333333252e-01
6.181999999999999718e-01
6.215000000000000524e-01
6.181333333333333124e-01
6.176333333333333675e-01
6.181999999999999718e-01
6.215333333333333821e-01
6.226000000000000423e-01
6.162333333333332996e-01
6.186333333333333684e-01
6.153666666666666174e-01
6.173666666666666192e-01
6.208666666666666778e-01
6.183333333333332904e-01
6.191999999999999726e-01
6.205000000000000515e-01
6.209999999999999964e-01
6.151999999999999691e-01
6.177333333333333565e-01
6.157333333333333547e-01
6.172999999999999599e-01
6.203999999999999515e-01
6.146666666666666945e-01
6.176333333333333675e-01
6.223999999999999533e-01
6.162333333333332996e-01
6.188666666666666760e-01
6.167666666666666853e-01
6.159000000000000030e-01
6.197333333333333583e-01
6.216666666666667007e-01
6.211666666666666448e-01
6.176666666666666972e-01
6.174666666666667192e-01
6.202333333333333032e-01
6.168666666666666742e-01
6.157000000000000250e-01
6.179999999999999938e-01
6.159999999999999920e-01
6.161999999999999700e-01
6.129333333333333300e-01
6.153333333333332877e-01
6.124000000000000554e-01
6.111999999999999655e-01
6.129000000000000004e-01
6.137666666666666826e-01
6.125333333333333741e-01
6.107666666666666799e-01
6.149333333333333318e-01
6.174666666666667192e-01
6.108333333333333393e-01
6.141333333333333089e-01
6.105000000000000426e-01
6.143333333333332869e-01
6.135000000000000453e-01
6.101666666666666350e-01
6.104000000000000536e-01
6.088999999999999968e-01
6.141333333333333089e-01
6.096333333333333604e-01
6.138333333333333419e-01
6.141999999999999682e-01
6.107666666666666799e-01
6.132666666666666266e-01
6.117000000000000215e-01
6.064666666666667094e-01
6.137666666666666826e-01
6.082999999999999519e-01
6.076666666666666883e-01
6.129000000000000004e-01
6.120333333333333181e-01
6.112666666666666249e-01
6.101333333333333053e-01
6.064333333333333798e-01
6.108999999999999986e-01
6.074000000000000510e-01
6.066333333333333577e-01
6.095000000000000417e-01
6.099666666666666570e-01
6.108000000000000096e-01
6.092666666666666231e-01
6.092333333333332934e-01
6.077000000000000179e-01
6.072666666666666213e-01
6.095666666666667011e-01
6.042666666666666186e-01
6.041999999999999593e-01
6.059333333333333238e-01
6.027333333333333432e-01
6.075000000000000400e-01
6.069666666666666544e-01
6.093666666666666121e-01
6.084666666666667112e-01
6.062333333333332908e-01
6.119666666666666588e-01
6.048333333333333339e-01
6.069666666666666544e-01
6.046666666666666856e-01
6.044666666666667076e-01
6.070333333333333137e-01
6.056333333333333568e-01
6.084666666666667112e-01
6.036333333333333551e-01
6.058999999999999941e-01
6.064333333333333798e-01
6.079333333333333256e-01
6.054000000000000492e-01
6.059999999999999831e-01
6.061999999999999611e-01
6.047000000000000153e-01
6.030666666666666398e-01
6.074333333333333806e-01
6.007333333333333414e-01
6.034333333333333771e-01
6.074666666666667103e-01
6.069666666666666544e-01
6.037666666666666737e-01
6.022333333333332872e-01
6.057666666666666755e-01
6.054666666666667085e-01
6.035666666666666957e-01
5.998333333333333295e-01
6.076333333333333586e-01
5.986333333333333506e-01
6.038000000000000034e-01
6.048000000000000043e-01
6.000999999999999668e-01
6.063333333333332797e-01
6.030666666666666398e-01
6.068000000000000060e-01
6.026333333333333542e-01
6.033333333333333881e-01
6.011999999999999567e-01
6.028000000000000025e-01
6.031666666666666288e-01
6.036666666666666847e-01
6.024666666666667059e-01
6.031333333333332991e-01
6.041999999999999593e-01
6.044000000000000483e-01
6.006000000000000227e-01
6.046333333333333560e-01
6.014000000000000457e-01
6.025666666666666949e-01
5.995666666666666922e-01
6.013666666666667160e-01
6.017000000000000126e-01
6.014000000000000457e-01
6.040999999999999703e-01
5.992333333333332845e-01
6.021666666666666279e-01
6.038333333333333330e-01
6.013333333333333863e-01
6.026666666666666838e-01
6.031666666666666288e-01
6.015333333333333643e-01
6.012999999999999456e-01
6.067000000000000171e-01
6.009666666666666490e-01
6.009999999999999787e-01
5.999666666666666481e-01
5.997666666666666702e-01
6.013666666666667160e-01
6.008000000000000007e-01
5.997999999999999998e-01
6.059333333333333238e-01
6.010999999999999677e-01
6.027000000000000135e-01
5.991666666666666252e-01
5.976333333333333497e-01
6.018000000000000016e-01
6.024666666666667059e-01
6.011333333333332973e-01
6.020666666666666389e-01
5.999333333333333185e-01
5.987999999999999989e-01
6.007000000000000117e-01
6.022666666666666169e-01
6.006333333333333524e-01
6.024333333333333762e-01
6.022666666666666169e-01
6.044333333333333780e-01
5.991666666666666252e-01
5.953333333333333810e-01
5.977666666666666684e-01
5.991999999999999549e-01
6.015333333333333643e-01
5.991333333333332956e-01
5.997333333333333405e-01
5.998999999999999888e-01
5.988999999999999879e-01
5.982666666666666133e-01
5.960999999999999632e-01
6.037000000000000144e-01
6.018999999999999906e-01
6.003333333333333854e-01
6.009333333333333194e-01
6.032333333333332881e-01
5.965666666666666895e-01
6.014333333333333753e-01
6.006666666666666821e-01
6.004666666666667041e-01
6.007666666666666710e-01
5.996000000000000218e-01
6.030666666666666398e-01
6.006000000000000227e-01
6.027000000000000135e-01
5.973000000000000531e-01
6.012666666666666160e-01
6.006666666666666821e-01
6.041999999999999593e-01
5.961333333333332929e-01
5.975000000000000311e-01
5.977333333333333387e-01
5.980333333333333057e-01
5.977000000000000091e-01
5.988666666666666583e-01
5.969666666666666455e-01
6.031666666666666288e-01
5.955666666666666886e-01
6.030666666666666398e-01
6.001666666666666261e-01
5.967000000000000082e-01
6.018000000000000016e-01
5.950333333333333030e-01
5.965000000000000302e-01
6.002333333333332854e-01
6.000666666666666371e-01
6.015000000000000346e-01
5.989666666666666472e-01
6.011666666666666270e-01
5.993333333333333846e-01
5.980666666666666353e-01
5.997000000000000108e-01
6.034666666666667068e-01
6.011333333333332973e-01
6.003666666666667151e-01
6.001666666666666261e-01
6.015666666666666940e-01
5.953666666666667107e-01
5.975000000000000311e-01
5.995333333333333625e-01
5.982333333333332837e-01
6.008333333333333304e-01
6.012999999999999456e-01
5.974666666666667014e-01
6.019333333333333202e-01
5.997000000000000108e-01
5.989333333333333176e-01
6.014000000000000457e-01
5.992666666666666142e-01
6.010333333333333083e-01
5.973333333333333828e-01
5.987999999999999989e-01
5.981999999999999540e-01
5.982333333333332837e-01
5.956000000000000183e-01
5.991666666666666252e-01
6.008333333333333304e-01
5.982666666666666133e-01
5.957999999999999963e-01
5.984000000000000430e-01
6.010333333333333083e-01
5.971333333333332938e-01
5.997333333333333405e-01
5.964666666666667005e-01
5.993000000000000549e-01
5.978333333333333277e-01
6.006000000000000227e-01
5.983000000000000540e-01
6.058333333333333348e-01
5.982666666666666133e-01
5.980333333333333057e-01
5.951666666666666217e-01
5.995333333333333625e-01
5.985666666666666913e-01
6.005666666666666931e-01
5.950666666666666327e-01
5.956000000000000183e-01
6.006666666666666821e-01
5.980999999999999650e-01
5.956000000000000183e-01
5.954000000000000403e-01
6.004333333333333744e-01
5.943000000000000504e-01
6.015000000000000346e-01
5.950999999999999623e-01
5.983000000000000540e-01
5.981333333333332947e-01
5.962333333333332819e-01
5.978999999999999870e-01
6.000666666666666371e-01
5.998999999999999888e-01
5.960333333333333039e-01
5.991333333333332956e-01
5.992333333333332845e-01
5.978666666666666574e-01
5.958999999999999853e-01
5.993333333333333846e-01
6.009999999999999787e-01
5.995000000000000329e-01
5.964000000000000412e-01
5.963333333333333819e-01
5.959666666666666446e-01
5.978333333333333277e-01
5.971999999999999531e-01
5.977999999999999980e-01
5.996333333333333515e-01
5.979666666666666464e-01
5.946000000000000174e-01
5.958999999999999853e-01
5.963000000000000522e-01
5.948999999999999844e-01
5.967000000000000082e-01
5.966666666666666785e-01
5.966333333333333488e-01
5.976666666666666794e-01
5.950666666666666327e-01
5.979333333333333167e-01
5.963333333333333819e-01
5.968999999999999861e-01
5.969999999999999751e-01
5.923666666666667080e-01
5.936000000000000165e-01
5.930666666666666309e-01
5.949666666666666437e-01
5.961999999999999522e-01
5.947333333333333361e-01
5.966000000000000192e-01
5.958999999999999853e-01
5.961333333333332929e-01
5.940333333333333021e-01
5.997333333333333405e-01
5.960666666666666336e-01
5.984666666666667023e-01
5.960666666666666336e-01
5.966666666666666785e-01
5.960999999999999632e-01
5.987333333333333396e-01
5.972666666666666124e-01
5.934000000000000385e-01
5.973333333333333828e-01
5.944333333333333691e-01
5.978999999999999870e-01
5.942333333333332801e-01
5.956666666666666776e-01
5.925000000000000266e-01
5.957999999999999963e-01
5.938666666666666538e-01
5.981333333333332947e-01
5.964000000000000412e-01
5.935666666666666869e-01
5.917666666666666631e-01
5.960666666666666336e-01
5.954333333333333700e-01
5.905000000000000249e-01
5.914666666666666961e-01
5.950666666666666327e-01
5.928666666666666529e-01
5.944333333333333691e-01
5.960333333333333039e-01
5.942333333333332801e-01
5.957666666666666666e-01
5.960666666666666336e-01
5.897333333333333316e-01
5.930666666666666309e-01
5.950666666666666327e-01
5.915000000000000258e-01
5.904333333333333655e-01
5.950666666666666327e-01
5.931666666666666199e-01
5.940666666666666318e-01
5.967000000000000082e-01
5.948333333333333250e-01
5.924333333333333673e-01
5.953000000000000513e-01
5.907000000000000028e-01
5.916333333333333444e-01
5.910999999999999588e-01
5.935666666666666869e-01
5.969666666666666455e-01
5.928666666666666529e-01
5.946333333333333471e-01
5.944333333333333691e-01
5.951666666666666217e-01
5.936333333333333462e-01
5.897333333333333316e-01
5.914333333333333664e-01
5.910333333333332995e-01
5.958666666666666556e-01
5.933333333333333792e-01
5.974666666666667014e-01
5.979666666666666464e-01
5.932333333333332792e-01
5.961999999999999522e-01
5.949999999999999734e-01
5.942666666666667208e-01
5.971333333333332938e-01
5.942333333333332801e-01
5.940333333333333021e-01
5.932666666666667199e-01
5.919999999999999707e-01
5.936000000000000165e-01
5.939666666666666428e-01
5.936333333333333462e-01
5.956333333333333480e-01
5.942666666666667208e-01
5.971333333333332938e-01
5.943333333333333801e-01
5.930666666666666309e-01
5.927999999999999936e-01
5.937666666666666648e-01
5.943666666666667098e-01
5.908666666666666512e-01
5.934000000000000385e-01
5.921666666666666190e-01
5.936000000000000165e-01
5.951333333333332920e-01
5.913666666666667071e-01
5.949333333333333140e-01
5.889666666666666384e-01
5.946333333333333471e-01
5.954666666666666996e-01
5.918333333333333224e-01
5.937666666666666648e-01
5.923000000000000487e-01
5.940333333333333021e-01
5.943666666666667098e-01
5.944333333333333691e-01
5.947666666666666657e-01
5.947999999999999954e-01
5.948999999999999844e-01
5.952666666666667217e-01
5.887999999999999901e-01
5.936333333333333462e-01
5.932666666666667199e-01
5.902333333333333876e-01
5.901333333333332876e-01
5.950666666666666327e-01
5.933333333333333792e-01
5.895000000000000240e-01
5.958333333333333259e-01
5.942666666666667208e-01
5.928666666666666529e-01
5.957666666666666666e-01
5.940333333333333021e-01
5.911666666666666181e-01
5.925666666666666860e-01
5.934666666666666979e-01
5.928666666666666529e-01
5.934000000000000385e-01
5.933333333333333792e-01
5.905333333333333545e-01
5.937000000000000055e-01
5.952333333333332810e-01
5.911999999999999478e-01
5.928666666666666529e-01
5.937333333333333352e-01
5.960333333333333039e-01
5.914666666666666961e-01
5.899666666666666393e-01
5.932333333333332792e-01
5.898666666666666503e-01
5.936000000000000165e-01
5.913666666666667071e-01
5.929999999999999716e-01
5.921999999999999487e-01
5.934000000000000385e-01
5.906000000000000139e-01
5.967999999999999972e-01
5.957333333333333369e-01
5.933000000000000496e-01
5.930333333333333012e-01
5.938666666666666538e-01
5.903000000000000469e-01
5.923666666666667080e-01
5.941666666666666208e-01
5.898666666666666503e-01
5.887999999999999901e-01
5.884000000000000341e-01
5.930999999999999606e-01
5.926333333333333453e-01
5.974333333333333718e-01
5.949666666666666437e-01
5.902333333333333876e-01
5.926000000000000156e-01
5.905000000000000249e-01
5.932333333333332792e-01
5.919999999999999707e-01
5.943000000000000504e-01
5.906000000000000139e-01
5.905000000000000249e-01
5.889999999999999680e-01
5.943000000000000504e-01
5.909666666666666401e-01
5.910666666666666291e-01
5.915000000000000258e-01
5.919333333333333114e-01
5.937333333333333352e-01
5.931333333333332902e-01
5.946333333333333471e-01
5.942333333333332801e-01
5.907333333333333325e-01
5.911333333333332885e-01
5.934666666666666979e-01
5.891333333333332867e-01
5.956333333333333480e-01
5.907666666666666622e-01
5.909333333333333105e-01
5.887000000000000011e-01
5.926666666666666750e-01
5.896666666666666723e-01
5.903666666666667062e-01
5.907333333333333325e-01
5.917666666666666631e-01
5.931666666666666199e-01
5.936000000000000165e-01
5.902333333333333876e-01
5.967333333333333378e-01
5.940666666666666318e-01
5.929999999999999716e-01
5.901999999999999469e-01
5.925333333333333563e-01
5.947333333333333361e-01
5.931999999999999496e-01
5.933333333333333792e-01
5.913333333333333774e-01
5.900666666666666282e-01
5.904666666666666952e-01
5.925333333333333563e-01
5.939333333333333131e-01
5.912333333333333885e-01
5.903000000000000469e-01
5.920666666666666300e-01
5.908666666666666512e-01
5.928666666666666529e-01
5.898666666666666503e-01
5.898999999999999799e-01
5.905666666666666842e-01
5.914333333333333664e-01
5.901666666666666172e-01
5.878333333333333188e-01
5.925000000000000266e-01
5.913333333333333774e-01
5.938666666666666538e-01
5.935000000000000275e-01
5.914333333333333664e-01
5.925000000000000266e-01
5.903333333333333766e-01
5.911333333333332885e-01
5.894666666666666943e-01
5.901666666666666172e-01
5.919333333333333114e-01
5.934000000000000385e-01
5.918333333333333224e-01
5.907666666666666622e-01
5.927999999999999936e-01
5.947666666666666657e-01
5.934333333333333682e-01
5.921333333333332893e-01
5.917000000000000037e-01
5.880666666666666265e-01
5.900999999999999579e-01
5.917999999999999927e-01
5.917000000000000037e-01
5.910999999999999588e-01
5.925666666666666860e-01
5.929666666666666419e-01
5.926000000000000156e-01
5.919333333333333114e-01
5.946333333333333471e-01
5.902333333333333876e-01
5.946000000000000174e-01
5.914666666666666961e-01
5.896000000000000130e-01
5.911666666666666181e-01
5.918333333333333224e-01
5.923333333333333783e-01
5.917666666666666631e-01
5.905000000000000249e-01
5.904666666666666952e-01
5.912333333333333885e-01
5.919333333333333114e-01
5.911999999999999478e-01
5.924666666666666970e-01
5.912333333333333885e-01
5.927999999999999936e-01
5.921666666666666190e-01
5.903666666666667062e-01
5.888666666666666494e-01
5.893333333333333757e-01
5.925000000000000266e-01
5.878333333333333188e-01
5.886000000000000121e-01
5.897666666666666613e-01
5.917999999999999927e-01
5.906000000000000139e-01
5.899999999999999689e-01
5.928666666666666529e-01
5.903666666666667062e-01
5.923333333333333783e-01
5.895333333333333536e-01
5.891666666666666163e-01
5.876333333333333409e-01
5.923000000000000487e-01
5.888999999999999790e-01
5.898333333333333206e-01
5.896666666666666723e-01
5.900333333333332986e-01
5.909333333333333105e-01
5.889999999999999680e-01
5.898666666666666503e-01
5.897999999999999909e-01
5.899999999999999689e-01
5.923000000000000487e-01
5.922333333333332783e-01
5.893333333333333757e-01
5.895666666666666833e-01
5.913000000000000478e-01
5.923333333333333783e-01
5.908666666666666512e-01
5.909666666666666401e-01
5.923333333333333783e-01
5.890666666666666273e-01
5.890999999999999570e-01
5.900999999999999579e-01
5.917666666666666631e-01
5.919333333333333114e-01
5.913666666666667071e-01
5.905000000000000249e-01
5.931333333333332902e-01
5.909999999999999698e-01
5.903000000000000469e-01
5.918999999999999817e-01
5.942666666666667208e-01
5.915000000000000258e-01
5.934000000000000385e-01
5.910666666666666291e-01
5.920333333333333004e-01
5.908666666666666512e-01
5.887000000000000011e-01
5.910333333333332995e-01
5.923666666666667080e-01
5.902666666666667172e-01
5.900333333333332986e-01
5.888333333333333197e-01
5.918666666666666520e-01
5.913666666666667071e-01
5.922333333333332783e-01
5.885333333333333528e-01
5.909999999999999698e-01
5.907666666666666622e-01
5.910333333333332995e-01
5.898666666666666503e-01
5.902333333333333876e-01
5.906333333333333435e-01
5.923666666666667080e-01
5.916333333333333444e-01
5.909666666666666401e-01
5.893000000000000460e-01
5.912666666666667181e-01
5.909999999999999698e-01
5.910999999999999588e-01
5.918999999999999817e-01
5.916333333333333444e-01
5.912666666666667181e-01
5.906333333333333435e-01
5.920333333333333004e-01
5.913333333333333774e-01
5.897666666666666613e-01
5.881666666666666154e-01
5.892333333333333867e-01
5.897999999999999909e-01
5.906000000000000139e-01
5.918666666666666520e-01
5.917999999999999927e-01
5.895000000000000240e-01
5.887666666666666604e-01
5.891666666666666163e-01
5.900333333333332986e-01
5.900666666666666282e-01
5.903333333333333766e-01
5.907999999999999918e-01
5.924666666666666970e-01
5.920333333333333004e-01
5.903666666666667062e-01
5.928999999999999826e-01
5.908666666666666512e-01
5.905666666666666842e-01
5.922666666666667190e-01
5.910999999999999588e-01
5.891999999999999460e-01
5.912666666666667181e-01
5.916000000000000147e-01
5.907666666666666622e-01
5.910999999999999588e-01
5.910333333333332995e-01
5.895666666666666833e-01
5.903000000000000469e-01
5.911999999999999478e-01
5.913000000000000478e-01
5.903666666666667062e-01
5.906000000000000139e-01
5.894000000000000350e-01
5.906666666666666732e-01
5.921666666666666190e-01
5.896666666666666723e-01
5.897666666666666613e-01
5.904666666666666952e-01
5.891333333333332867e-01
5.909333333333333105e-01
5.904000000000000359e-01
5.888999999999999790e-01
5.910333333333332995e-01
5.879999999999999671e-01
5.909333333333333105e-01
5.904333333333333655e-01
5.899666666666666393e-01
5.919666666666666410e-01
5.895666666666666833e-01
5.891999999999999460e-01
5.890333333333332977e-01
5.910666666666666291e-01
5.920999999999999597e-01
5.884666666666666934e-01
5.925666666666666860e-01
5.889999999999999680e-01
5.898666666666666503e-01
5.904000000000000359e-01
5.907666666666666622e-01
5.900666666666666282e-01
5.890333333333332977e-01
5.911999999999999478e-01
5.907666666666666622e-01
5.898999999999999799e-01
5.893000000000000460e-01
5.911333333333332885e-01
5.909666666666666401e-01
5.920999999999999597e-01
5.886000000000000121e-01
5.936333333333333462e-01
5.890999999999999570e-01
5.896333333333333426e-01
5.904666666666666952e-01
5.923666666666667080e-01
5.905000000000000249e-01
5.892333333333333867e-01
5.903333333333333766e-01
5.910666666666666291e-01
5.900999999999999579e-01
5.897999999999999909e-01
5.902666666666667172e-01
5.909999999999999698e-01
5.920333333333333004e-01
5.930666666666666309e-01
5.887666666666666604e-01
5.902333333333333876e-01
5.897000000000000020e-01
5.887000000000000011e-01
5.884000000000000341e-01
5.883333333333333748e-01
5.894333333333333647e-01
5.908666666666666512e-01
5.910666666666666291e-01
5.920333333333333004e-01
5.906000000000000139e-01
5.897666666666666613e-01
5.903000000000000469e-01
5.907333333333333325e-01
5.895000000000000240e-01
5.894666666666666943e-01
5.879333333333333078e-01
5.893333333333333757e-01
5.876666666666666705e-01
5.915666666666666851e-01
5.888666666666666494e-01
5.911999999999999478e-01
5.913666666666667071e-01
5.882333333333333858e-01
5.901999999999999469e-01
5.892666666666667163e-01
5.924333333333333673e-01
5.896333333333333426e-01
5.899333333333333096e-01
5.907000000000000028e-01
5.896666666666666723e-01
5.894000000000000350e-01
5.900333333333332986e-01
5.921666666666666190e-01
5.921666666666666190e-01
5.896666666666666723e-01
5.885000000000000231e-01
5.901666666666666172e-01
5.908333333333333215e-01
5.896000000000000130e-01
5.911999999999999478e-01
5.889999999999999680e-01
5.887000000000000011e-01
5.901333333333332876e-01
5.908666666666666512e-01
5.897666666666666613e-01
5.880666666666666265e-01
5.922666666666667190e-01
5.912333333333333885e-01
5.895000000000000240e-01
5.906000000000000139e-01
5.890999999999999570e-01
5.887999999999999901e-01
5.906000000000000139e-01
5.907999999999999918e-01
5.900333333333332986e-01
5.906666666666666732e-01
5.909666666666666401e-01
5.877333333333333298e-01
5.910333333333332995e-01
5.887999999999999901e-01
5.881999999999999451e-01
5.885666666666666824e-01
5.889999999999999680e-01
5.882666666666667155e-01
5.889333333333333087e-01
5.885666666666666824e-01
5.890666666666666273e-01
5.895333333333333536e-01
5.869999999999999662e-01
5.889333333333333087e-01
5.890333333333332977e-01
5.886333333333333417e-01
5.903666666666667062e-01
5.895333333333333536e-01
5.888333333333333197e-01
5.897999999999999909e-01
5.885666666666666824e-01
5.893666666666667053e-01
5.897999999999999909e-01
5.899999999999999689e-01
5.895000000000000240e-01
5.908333333333333215e-01
5.899666666666666393e-01
5.886000000000000121e-01
5.893666666666667053e-01
5.896000000000000130e-01
5.900666666666666282e-01
5.910999999999999588e-01
5.876666666666666705e-01
5.905333333333333545e-01
5.897666666666666613e-01
5.902666666666667172e-01
5.901666666666666172e-01
5.887000000000000011e-01
5.895000000000000240e-01
5.898666666666666503e-01
5.884666666666666934e-01
5.907000000000000028e-01
5.903000000000000469e-01
5.884333333333333638e-01
5.892333333333333867e-01
5.912333333333333885e-01
5.890666666666666273e-01
5.906333333333333435e-01
5.887333333333333307e-01
5.900333333333332986e-01
5.907333333333333325e-01
5.893666666666667053e-01
5.908333333333333215e-01
5.895666666666666833e-01
5.906666666666666732e-01
5.907666666666666622e-01
5.899999999999999689e-01
5.891333333333332867e-01
5.889333333333333087e-01
5.905333333333333545e-01
5.908999999999999808e-01
5.886666666666666714e-01
5.893000000000000460e-01
5.891666666666666163e-01
5.908333333333333215e-01
5.899666666666666393e-01
5.898999999999999799e-01
5.903000000000000469e-01
5.904333333333333655e-01
5.894666666666666943e-01
5.917000000000000037e-01
5.889666666666666384e-01
5.889666666666666384e-01
5.893000000000000460e-01
5.883000000000000451e-01
5.885333333333333528e-01
5.901666666666666172e-01
5.897666666666666613e-01
5.896333333333333426e-01
5.888999999999999790e-01
5.873666666666667036e-01
5.897000000000000020e-01
5.901666666666666172e-01
5.905000000000000249e-01
5.897333333333333316e-01
5.886666666666666714e-01
5.883666666666667044e-01
5.882333333333333858e-01
5.893000000000000460e-01
5.896000000000000130e-01
5.892333333333333867e-01
5.902333333333333876e-01
5.888666666666666494e-01
5.899999999999999689e-01
5.889666666666666384e-01
5.896333333333333426e-01
5.900999999999999579e-01
5.887000000000000011e-01
5.895333333333333536e-01
5.900333333333332986e-01
5.906000000000000139e-01
5.909999999999999698e-01
5.890666666666666273e-01
5.884666666666666934e-01
5.910999999999999588e-01
5.898333333333333206e-01
5.898666666666666503e-01
5.897333333333333316e-01
5.914333333333333664e-01
5.897333333333333316e-01
5.888999999999999790e-01
5.895666666666666833e-01
5.898999999999999799e-01
5.908999999999999808e-01
5.904000000000000359e-01
5.882333333333333858e-01
5.915000000000000258e-01
5.895666666666666833e-01
5.881666666666666154e-01
5.897999999999999909e-01
5.883666666666667044e-01
5.904666666666666952e-01
5.913333333333333774e-01
5.907999999999999918e-01
5.914333333333333664e-01
5.880666666666666265e-01
5.896666666666666723e-01
5.889666666666666384e-01
5.907000000000000028e-01
5.883666666666667044e-01
5.907666666666666622e-01
5.889666666666666384e-01
5.895333333333333536e-01
5.898999999999999799e-01
5.904666666666666952e-01
5.904000000000000359e-01
5.904333333333333655e-01
5.887999999999999901e-01
5.891333333333332867e-01
5.897666666666666613e-01
5.891333333333332867e-01
5.886666666666666714e-01
5.897000000000000020e-01
5.903333333333333766e-01
5.887333333333333307e-01
5.895000000000000240e-01
5.904333333333333655e-01
5.899333333333333096e-01
5.887666666666666604e-01
5.889666666666666384e-01
5.885333333333333528e-01
5.891999999999999460e-01
5.891666666666666163e-01
5.900999999999999579e-01
5.895666666666666833e-01
5.886000000000000121e-01
5.906333333333333435e-01
5.877333333333333298e-01
5.904000000000000359e-01
5.892333333333333867e-01
5.894666666666666943e-01
5.881333333333332858e-01
5.900999999999999579e-01
5.893333333333333757e-01
