3.771300000000000208e-01
5.015300000000000313e-01
5.505100000000000549e-01
5.759699999999999820e-01
5.919100000000000472e-01
6.053199999999999692e-01
6.170900000000000274e-01
6.242699999999999916e-01
6.308799999999999963e-01
6.388300000000000090e-01
6.448500000000000343e-01
6.507500000000000506e-01
6.555999999999999606e-01
6.602200000000000291e-01
6.641399999999999526e-01
6.683900000000000396e-01
6.721799999999999997e-01
6.757100000000000328e-01
6.783799999999999830e-01
6.807999999999999607e-01
6.840300000000000269e-01
6.874599999999999600e-01
6.902199999999999447e-01
6.923200000000000465e-01
6.936299999999999688e-01
6.971100000000000074e-01
6.990699999999999692e-01
7.015599999999999614e-01
7.037299999999999667e-01
7.058799999999999519e-01
7.085399999999999476e-01
7.093000000000000416e-01
7.127000000000000002e-01
7.124500000000000277e-01
7.160400000000000098e-01
7.170900000000000052e-01
7.208200000000000163e-01
7.216599999999999682e-01
7.223300000000000276e-01
7.264300000000000201e-01
7.261699999999999822e-01
7.278000000000000025e-01
7.286200000000000454e-01
7.294500000000000428e-01
7.319900000000000295e-01
7.341100000000000403e-01
7.350499999999999812e-01
7.351299999999999502e-01
7.368099999999999650e-01
7.385399999999999743e-01
7.398500000000000076e-01
7.399499999999999966e-01
7.428900000000000503e-01
7.444300000000000361e-01
7.458200000000000385e-01
7.458200000000000385e-01
7.478099999999999747e-01
7.493199999999999861e-01
7.494300000000000406e-01
7.527099999999999902e-01
7.518200000000000438e-01
7.531200000000000117e-01
7.544499999999999540e-01
7.545399999999999885e-01
7.577300000000000146e-01
7.582699999999999996e-01
7.596500000000000474e-01
7.607000000000000428e-01
7.608599999999999808e-01
7.608300000000000063e-01
7.625600000000000156e-01
7.649299999999999988e-01
7.641499999999999959e-01
7.664999999999999591e-01
7.655300000000000438e-01
7.672700000000000076e-01
7.700799999999999867e-01
7.698899999999999633e-01
7.722099999999999520e-01
7.724800000000000555e-01
7.729700000000000459e-01
7.725400000000000045e-01
7.737800000000000233e-01
7.747600000000000042e-01
7.757300000000000306e-01
7.767500000000000515e-01
7.783700000000000063e-01
7.786199999999999788e-01
7.797699999999999632e-01
7.815299999999999470e-01
7.799399999999999666e-01
7.815299999999999470e-01
7.830300000000000038e-01
7.854700000000000015e-01
7.835400000000000142e-01
7.848500000000000476e-01
7.861200000000000410e-01
7.871899999999999453e-01
7.878899999999999793e-01
7.903000000000000025e-01
7.905799999999999494e-01
7.897999999999999465e-01
7.916800000000000503e-01
7.916900000000000048e-01
7.911099999999999799e-01
7.941700000000000426e-01
7.932599999999999651e-01
7.932500000000000107e-01
7.955100000000000504e-01
7.951200000000000490e-01
7.964900000000000313e-01
7.969199999999999617e-01
7.981500000000000261e-01
7.980199999999999516e-01
7.991200000000000525e-01
8.012000000000000233e-01
7.996100000000000430e-01
8.002700000000000369e-01
8.000800000000000134e-01
8.012099999999999778e-01
8.035499999999999865e-01
8.044299999999999784e-01
8.035400000000000320e-01
8.053299999999999903e-01
8.055400000000000338e-01
8.067900000000000071e-01
8.063500000000000112e-01
8.073599999999999666e-01
8.084200000000000275e-01
8.084999999999999964e-01
8.102800000000000002e-01
8.105099999999999527e-01
8.104400000000000492e-01
8.116100000000000536e-01
8.119699999999999696e-01
8.124099999999999655e-01
8.134400000000000519e-01
8.147199999999999998e-01
8.135200000000000209e-01
8.160300000000000331e-01
8.148699999999999832e-01
8.160600000000000076e-01
8.166600000000000525e-01
8.163599999999999746e-01
8.194099999999999717e-01
8.165299999999999780e-01
8.189499999999999558e-01
8.202199999999999491e-01
8.190899999999999848e-01
8.204799999999999871e-01
8.197799999999999532e-01
8.212599999999999900e-01
8.233200000000000518e-01
8.214299999999999935e-01
8.234599999999999698e-01
8.238799999999999457e-01
8.251300000000000301e-01
8.239400000000000057e-01
8.238600000000000367e-01
8.249600000000000266e-01
8.267999999999999794e-01
8.254200000000000426e-01
8.262000000000000455e-01
8.290100000000000247e-01
8.286200000000000232e-01
8.295099999999999696e-01
8.293500000000000316e-01
8.296799999999999731e-01
8.310199999999999809e-01
8.325299999999999923e-01
8.304200000000000470e-01
8.296900000000000386e-01
8.323000000000000398e-01
8.314899999999999514e-01
8.325599999999999667e-01
8.337799999999999656e-01
8.340199999999999836e-01
8.351699999999999680e-01
8.340999999999999526e-01
8.365799999999999903e-01
8.356900000000000439e-01
8.371600000000000152e-01
8.361300000000000399e-01
8.374800000000000022e-01
8.375899999999999457e-01
8.377599999999999492e-01
8.370999999999999552e-01
8.405200000000000449e-01
8.391399999999999970e-01
8.413000000000000478e-01
8.395799999999999930e-01
8.385799999999999921e-01
8.410400000000000098e-01
8.426399999999999446e-01
8.423599999999999977e-01
8.401199999999999779e-01
8.425300000000000011e-01
8.433599999999999985e-01
8.433500000000000441e-01
8.427499999999999991e-01
8.447500000000000009e-01
8.445200000000000484e-01
8.441699999999999759e-01
8.455599999999999783e-01
8.457299999999999818e-01
8.468999999999999861e-01
8.473000000000000531e-01
8.445500000000000229e-01
8.490699999999999914e-01
8.462899999999999867e-01
8.486900000000000555e-01
8.478700000000000125e-01
8.490100000000000424e-01
8.494399999999999729e-01
8.491499999999999604e-01
8.489100000000000534e-01
8.501100000000000323e-01
8.501199999999999868e-01
8.500400000000000178e-01
8.502999999999999448e-01
8.517099999999999671e-01
8.513600000000000056e-01
8.535000000000000364e-01
8.521199999999999886e-01
8.540699999999999958e-01
8.565899999999999626e-01
8.529400000000000315e-01
8.536599999999999744e-01
8.537099999999999689e-01
8.546799999999999953e-01
8.559299999999999686e-01
8.561800000000000521e-01
8.560100000000000486e-01
8.566899999999999515e-01
8.572600000000000220e-01
8.573300000000000365e-01
8.573499999999999455e-01
8.584000000000000519e-01
8.578999999999999959e-01
8.590799999999999548e-01
8.598099999999999632e-01
8.588200000000000278e-01
8.595300000000000162e-01
8.599799999999999667e-01
8.604000000000000536e-01
8.608900000000000441e-01
8.602699999999999791e-01
8.608999999999999986e-01
8.598900000000000432e-01
8.619799999999999685e-01
8.618299999999999850e-01
8.630400000000000293e-01
8.618900000000000450e-01
8.635300000000000198e-01
8.640299999999999647e-01
8.627799999999999914e-01
8.630100000000000549e-01
8.641999999999999682e-01
8.649700000000000166e-01
8.643600000000000172e-01
8.651100000000000456e-01
8.644800000000000262e-01
8.654300000000000326e-01
8.664500000000000535e-01
8.670700000000000074e-01
8.677300000000000013e-01
8.672199999999999909e-01
8.678099999999999703e-01
8.660600000000000520e-01
8.690999999999999837e-01
8.688599999999999657e-01
8.703999999999999515e-01
8.680099999999999483e-01
8.684399999999999897e-01
8.691499999999999782e-01
8.687399999999999567e-01
8.702100000000000390e-01
8.727700000000000458e-01
8.709500000000000020e-01
8.723699999999999788e-01
8.713100000000000289e-01
8.716699999999999449e-01
8.713600000000000234e-01
8.713699999999999779e-01
8.731799999999999562e-01
8.736800000000000122e-01
8.739000000000000101e-01
8.732900000000000107e-01
8.746000000000000441e-01
8.739000000000000101e-01
8.719500000000000028e-01
8.740799999999999681e-01
8.757899999999999574e-01
8.749200000000000310e-01
8.747599999999999820e-01
8.747399999999999620e-01
8.749900000000000455e-01
8.768000000000000238e-01
8.767099999999999893e-01
8.762499999999999734e-01
8.760700000000000154e-01
8.764399999999999968e-01
8.781299999999999661e-01
8.783100000000000351e-01
8.765899999999999803e-01
8.772799999999999487e-01
8.773999999999999577e-01
8.785100000000000131e-01
8.786300000000000221e-01
8.784899999999999931e-01
8.786899999999999711e-01
8.801499999999999879e-01
8.812499999999999778e-01
8.809299999999999908e-01
8.804699999999999749e-01
8.799099999999999699e-01
8.791700000000000070e-01
8.812999999999999723e-01
8.813299999999999468e-01
8.810900000000000398e-01
8.839399999999999480e-01
8.822499999999999787e-01
8.831299999999999706e-01
8.833800000000000541e-01
8.823299999999999477e-01
8.827399999999999691e-01
8.810999999999999943e-01
8.821900000000000297e-01
8.836199999999999610e-01
8.838200000000000500e-01
8.843999999999999639e-01
8.843100000000000405e-01
8.834699999999999775e-01
8.854699999999999793e-01
8.860299999999999843e-01
8.843499999999999694e-01
8.867199999999999527e-01
8.857899999999999663e-01
8.855899999999999883e-01
8.862799999999999567e-01
8.874699999999999811e-01
8.873999999999999666e-01
8.871200000000000196e-01
8.871999999999999886e-01
8.880000000000000115e-01
8.869500000000000162e-01
8.869299999999999962e-01
8.877500000000000391e-01
8.892400000000000304e-01
8.886800000000000255e-01
8.890299999999999869e-01
8.897300000000000209e-01
8.890000000000000124e-01
8.906600000000000072e-01
8.900299999999999878e-01
8.896500000000000519e-01
8.904100000000000348e-01
8.894699999999999829e-01
8.918300000000000116e-01
8.911700000000000177e-01
8.909700000000000397e-01
8.909899999999999487e-01
8.908099999999999907e-01
8.916600000000000081e-01
8.909200000000000452e-01
8.905300000000000438e-01
8.909799999999999942e-01
8.935800000000000409e-01
8.926699999999999635e-01
8.917000000000000481e-01
8.921099999999999586e-01
8.917100000000000026e-01
8.933499999999999774e-01
8.926199999999999690e-01
8.952599999999999447e-01
8.930599999999999650e-01
8.934299999999999464e-01
8.944499999999999673e-01
8.957899999999999752e-01
8.935699999999999754e-01
8.940000000000000169e-01
8.944299999999999473e-01
8.962400000000000366e-01
8.961000000000000076e-01
8.963700000000000001e-01
8.968000000000000416e-01
8.948599999999999888e-01
8.965100000000000291e-01
8.978399999999999714e-01
8.964199999999999946e-01
8.957899999999999752e-01
8.981599999999999584e-01
8.950299999999999923e-01
8.957600000000000007e-01
8.974100000000000410e-01
8.976399999999999935e-01
8.981799999999999784e-01
8.979200000000000514e-01
8.984100000000000419e-01
8.990200000000000413e-01
8.983299999999999619e-01
8.973499999999999810e-01
8.975300000000000500e-01
8.991099999999999648e-01
8.969500000000000250e-01
8.983100000000000529e-01
8.989899999999999558e-01
8.990799999999999903e-01
8.990500000000000158e-01
8.995999999999999552e-01
8.994999999999999662e-01
8.990200000000000413e-01
9.012299999999999756e-01
9.008899999999999686e-01
9.003700000000000037e-01
9.002000000000000002e-01
8.998899999999999677e-01
9.007500000000000506e-01
9.017199999999999660e-01
9.025199999999999889e-01
9.019599999999999840e-01
9.025100000000000344e-01
9.036499999999999533e-01
9.015300000000000535e-01
9.024900000000000144e-01
9.040500000000000203e-01
9.027500000000000524e-01
9.025300000000000544e-01
9.028899999999999704e-01
9.024600000000000399e-01
9.043400000000000327e-01
9.035800000000000498e-01
9.042799999999999727e-01
9.033600000000000518e-01
9.033299999999999663e-01
9.051799999999999846e-01
9.042599999999999527e-01
9.054200000000000026e-01
9.057899999999999840e-01
9.038500000000000423e-01
9.071700000000000319e-01
9.049399999999999666e-01
9.051299999999999901e-01
9.068100000000000049e-01
9.055699999999999861e-01
9.068199999999999594e-01
9.067300000000000360e-01
9.069399999999999684e-01
9.077800000000000313e-01
9.062999999999999945e-01
9.074999999999999734e-01
9.069199999999999484e-01
9.079000000000000403e-01
9.063200000000000145e-01
9.062400000000000455e-01
9.075600000000000334e-01
9.086999999999999522e-01
9.091399999999999482e-01
9.074400000000000244e-01
9.089099999999999957e-01
9.081000000000000183e-01
9.091200000000000392e-01
9.079500000000000348e-01
9.084900000000000198e-01
9.099899999999999656e-01
9.093999999999999861e-01
9.097300000000000386e-01
9.085699999999999887e-01
9.102500000000000036e-01
9.092000000000000082e-01
9.110099999999999865e-01
9.095100000000000406e-01
9.098899999999999766e-01
9.099800000000000111e-01
9.114400000000000279e-01
9.108300000000000285e-01
9.108600000000000030e-01
9.094499999999999806e-01
9.121599999999999708e-01
9.109800000000000120e-01
9.095900000000000096e-01
9.116900000000000004e-01
9.123700000000000143e-01
9.122200000000000308e-01
9.112999999999999989e-01
9.108500000000000485e-01
9.114299999999999624e-01
9.123299999999999743e-01
9.121099999999999763e-01
9.115799999999999459e-01
9.127999999999999448e-01
9.127399999999999958e-01
9.126600000000000268e-01
9.133799999999999697e-01
9.137899999999999912e-01
9.129000000000000448e-01
9.124299999999999633e-01
9.133000000000000007e-01
9.131000000000000227e-01
9.122400000000000508e-01
9.138199999999999656e-01
9.139699999999999491e-01
9.141599999999999726e-01
9.136999999999999567e-01
9.163499999999999979e-01
9.153200000000000225e-01
9.144600000000000506e-01
9.136800000000000477e-01
9.141099999999999781e-01
9.151700000000000390e-01
9.138800000000000257e-01
9.150500000000000300e-01
9.151299999999999990e-01
9.169300000000000228e-01
9.157800000000000384e-01
9.147499999999999520e-01
9.156100000000000350e-01
9.160800000000000054e-01
9.150500000000000300e-01
9.163799999999999724e-01
9.160800000000000054e-01
9.149599999999999955e-01
9.168500000000000538e-01
9.176499999999999657e-01
9.156999999999999584e-01
9.151700000000000390e-01
9.185699999999999976e-01
9.166400000000000103e-01
9.169399999999999773e-01
9.161000000000000254e-01
9.170199999999999463e-01
9.176199999999999912e-01
9.172700000000000298e-01
9.178300000000000347e-01
9.165600000000000414e-01
9.182200000000000362e-01
9.188699999999999646e-01
9.169899999999999718e-01
9.178199999999999692e-01
9.185799999999999521e-01
9.185200000000000031e-01
9.188800000000000301e-01
9.181599999999999762e-01
9.177800000000000402e-01
9.188300000000000356e-01
9.182399999999999451e-01
9.193700000000000205e-01
9.189199999999999591e-01
9.191899999999999515e-01
9.194900000000000295e-01
9.189599999999999991e-01
9.198399999999999910e-01
9.204299999999999704e-01
9.194499999999999895e-01
9.197199999999999820e-01
9.199500000000000455e-01
9.211200000000000498e-01
9.174999999999999822e-01
9.202399999999999469e-01
9.196800000000000530e-01
9.200099999999999945e-01
9.209600000000000009e-01
9.211300000000000043e-01
9.207499999999999574e-01
9.199800000000000200e-01
9.208499999999999464e-01
9.202700000000000324e-01
9.201099999999999834e-01
9.207999999999999519e-01
9.215499999999999803e-01
9.222799999999999887e-01
9.216800000000000548e-01
9.215100000000000513e-01
9.212299999999999933e-01
9.224200000000000177e-01
9.209399999999999809e-01
9.216499999999999693e-01
9.219600000000000017e-01
9.223999999999999977e-01
9.215100000000000513e-01
9.211200000000000498e-01
9.233299999999999841e-01
9.217999999999999527e-01
9.226900000000000102e-01
9.218499999999999472e-01
9.221200000000000507e-01
9.236600000000000366e-01
9.235299999999999621e-01
9.243099999999999650e-01
9.219500000000000473e-01
9.236799999999999455e-01
9.232900000000000551e-01
9.227699999999999791e-01
9.216600000000000348e-01
9.235900000000000221e-01
9.237800000000000455e-01
9.220199999999999507e-01
9.250399999999999734e-01
9.244099999999999540e-01
9.240500000000000380e-01
9.236400000000000166e-01
9.234200000000000186e-01
9.241800000000000015e-01
9.244700000000000140e-01
9.237900000000000000e-01
9.239899999999999780e-01
9.236600000000000366e-01
9.242299999999999960e-01
9.239399999999999835e-01
9.244799999999999685e-01
9.260099999999999998e-01
9.236299999999999510e-01
9.255799999999999583e-01
9.243299999999999850e-01
9.249000000000000554e-01
9.257100000000000328e-01
9.251200000000000534e-01
9.262899999999999467e-01
9.258300000000000418e-01
9.242700000000000360e-01
9.240899999999999670e-01
9.271200000000000552e-01
9.253200000000000314e-01
9.259600000000000053e-01
9.269500000000000517e-01
9.247600000000000264e-01
9.264900000000000357e-01
9.265799999999999592e-01
9.273799999999999821e-01
9.260599999999999943e-01
9.268399999999999972e-01
9.258600000000000163e-01
9.259199999999999653e-01
9.271300000000000097e-01
9.262899999999999467e-01
9.271000000000000352e-01
9.274799999999999711e-01
9.268999999999999462e-01
9.282099999999999795e-01
9.271899999999999586e-01
9.285799999999999610e-01
9.276699999999999946e-01
9.273700000000000276e-01
9.275200000000000111e-01
9.270899999999999697e-01
9.280500000000000416e-01
9.282000000000000250e-01
9.279800000000000271e-01
9.272500000000000187e-01
9.275999999999999801e-01
9.283200000000000340e-01
9.272599999999999731e-01
9.285400000000000320e-01
9.288399999999999990e-01
9.288800000000000390e-01
9.291099999999999914e-01
9.269100000000000117e-01
9.279500000000000526e-01
9.291000000000000369e-01
9.296499999999999764e-01
9.309800000000000297e-01
9.294700000000000184e-01
9.292200000000000459e-01
9.287600000000000300e-01
9.296400000000000219e-01
9.279100000000000126e-01
9.288100000000000245e-01
9.298899999999999944e-01
9.298399999999999999e-01
9.307600000000000318e-01
9.289899999999999824e-01
9.292399999999999549e-01
9.302599999999999758e-01
9.289199999999999680e-01
9.301099999999999923e-01
9.283299999999999885e-01
9.302099999999999813e-01
9.294700000000000184e-01
9.298499999999999543e-01
9.293599999999999639e-01
9.298100000000000254e-01
9.309199999999999697e-01
9.304799999999999738e-01
9.298899999999999944e-01
9.303099999999999703e-01
9.307800000000000518e-01
9.303200000000000358e-01
9.298699999999999743e-01
9.304499999999999993e-01
9.306999999999999718e-01
9.311899999999999622e-01
9.304200000000000248e-01
9.301599999999999868e-01
9.311899999999999622e-01
9.303200000000000358e-01
9.312399999999999567e-01
9.314500000000000002e-01
9.318600000000000216e-01
9.313900000000000512e-01
9.312399999999999567e-01
9.314599999999999547e-01
9.308199999999999807e-01
9.315299999999999692e-01
9.322899999999999521e-01
9.304000000000000048e-01
9.312000000000000277e-01
9.323900000000000521e-01
9.313700000000000312e-01
9.307699999999999863e-01
9.308300000000000463e-01
9.304499999999999993e-01
9.312300000000000022e-01
9.313000000000000167e-01
9.320599999999999996e-01
9.318800000000000416e-01
9.324099999999999611e-01
9.311599999999999877e-01
9.316400000000000237e-01
9.321000000000000396e-01
9.316200000000000037e-01
9.339499999999999469e-01
9.331000000000000405e-01
9.326900000000000190e-01
9.327900000000000080e-01
9.340399999999999814e-01
9.342500000000000249e-01
9.328600000000000225e-01
9.314000000000000057e-01
9.317299999999999471e-01
9.331199999999999495e-01
9.320800000000000196e-01
9.334900000000000420e-01
9.325900000000000301e-01
9.334000000000000075e-01
9.328300000000000480e-01
9.331599999999999895e-01
9.317699999999999871e-01
9.333399999999999475e-01
9.325200000000000156e-01
9.320000000000000506e-01
9.320300000000000251e-01
9.336499999999999799e-01
9.348699999999999788e-01
9.325700000000000101e-01
9.332899999999999530e-01
9.346499999999999808e-01
9.333299999999999930e-01
9.342099999999999849e-01
9.338800000000000434e-01
9.334099999999999620e-01
9.339800000000000324e-01
9.343700000000000339e-01
9.343799999999999883e-01
9.351199999999999513e-01
9.328899999999999970e-01
9.356200000000000072e-01
9.347800000000000553e-01
9.331800000000000095e-01
9.347100000000000408e-01
9.333799999999999875e-01
9.345499999999999918e-01
9.347400000000000153e-01
9.359499999999999487e-01
9.342200000000000504e-01
9.333700000000000330e-01
9.351399999999999713e-01
9.340399999999999814e-01
9.335900000000000309e-01
9.348699999999999788e-01
9.334000000000000075e-01
9.348800000000000443e-01
9.344000000000000083e-01
9.337600000000000344e-01
9.346400000000000263e-01
9.352700000000000458e-01
9.339899999999999869e-01
9.352399999999999602e-01
9.346400000000000263e-01
9.343099999999999739e-01
9.341699999999999449e-01
9.354799999999999782e-01
9.341699999999999449e-01
9.358100000000000307e-01
9.344799999999999773e-01
9.364500000000000046e-01
9.342799999999999994e-01
9.359300000000000397e-01
9.359499999999999487e-01
9.356100000000000527e-01
9.338600000000000234e-01
9.351699999999999458e-01
9.348899999999999988e-01
9.360199999999999632e-01
9.354999999999999982e-01
9.362599999999999811e-01
9.350899999999999768e-01
9.358999999999999542e-01
9.357400000000000162e-01
9.357499999999999707e-01
9.349899999999999878e-01
9.350899999999999768e-01
9.347199999999999953e-01
9.355700000000000127e-01
9.351000000000000423e-01
9.355400000000000382e-01
9.367299999999999516e-01
9.366200000000000081e-01
9.359800000000000342e-01
9.361399999999999721e-01
9.366499999999999826e-01
9.354400000000000492e-01
9.362899999999999556e-01
9.366600000000000481e-01
9.371399999999999730e-01
9.364200000000000301e-01
9.368900000000000006e-01
9.376499999999999835e-01
9.365099999999999536e-01
9.380500000000000504e-01
9.356900000000000217e-01
9.367499999999999716e-01
9.369600000000000151e-01
9.356700000000000017e-01
9.346999999999999753e-01
9.370699999999999585e-01
9.375099999999999545e-01
9.378999999999999559e-01
9.373000000000000220e-01
9.367999999999999661e-01
9.376600000000000490e-01
9.355900000000000327e-01
9.389100000000000223e-01
9.380600000000000049e-01
9.371800000000000130e-01
9.355999999999999872e-01
9.378400000000000070e-01
9.386499999999999844e-01
9.368900000000000006e-01
9.356400000000000272e-01
9.368600000000000261e-01
9.366600000000000481e-01
9.371899999999999675e-01
9.367699999999999916e-01
9.377999999999999670e-01
9.366600000000000481e-01
9.368900000000000006e-01
9.363399999999999501e-01
9.371599999999999930e-01
9.377600000000000380e-01
9.369399999999999951e-01
9.379199999999999759e-01
9.373899999999999455e-01
9.381800000000000139e-01
9.378100000000000325e-01
9.382399999999999629e-01
9.379699999999999704e-01
9.380600000000000049e-01
9.370399999999999840e-01
9.381699999999999484e-01
9.384000000000000119e-01
9.365299999999999736e-01
9.385000000000000009e-01
9.376799999999999580e-01
9.376700000000000035e-01
9.365700000000000136e-01
9.376900000000000235e-01
9.379699999999999704e-01
9.364400000000000501e-01
9.381500000000000394e-01
9.363099999999999756e-01
9.378800000000000470e-01
9.380800000000000249e-01
9.376799999999999580e-01
9.375299999999999745e-01
9.376200000000000090e-01
9.382200000000000539e-01
9.378400000000000070e-01
9.383000000000000229e-01
9.390500000000000513e-01
9.376999999999999780e-01
9.380100000000000104e-01
9.376499999999999835e-01
9.377799999999999470e-01
9.374599999999999600e-01
9.382599999999999829e-01
9.384500000000000064e-01
9.387900000000000134e-01
9.379899999999999904e-01
9.392000000000000348e-01
9.389300000000000423e-01
9.390500000000000513e-01
9.389600000000000168e-01
9.396700000000000053e-01
9.388499999999999623e-01
9.386100000000000554e-01
9.381699999999999484e-01
9.380500000000000504e-01
9.380300000000000304e-01
9.398900000000000032e-01
9.389899999999999913e-01
9.386700000000000044e-01
9.388699999999999823e-01
9.388600000000000279e-01
9.386100000000000554e-01
9.376600000000000490e-01
9.381099999999999994e-01
9.385299999999999754e-01
9.392899999999999583e-01
9.397600000000000398e-01
9.400899999999999812e-01
9.379600000000000160e-01
9.389100000000000223e-01
9.386100000000000554e-01
9.397100000000000453e-01
9.383700000000000374e-01
9.390300000000000313e-01
9.402300000000000102e-01
9.386999999999999789e-01
9.383899999999999464e-01
9.396700000000000053e-01
9.389899999999999913e-01
9.390199999999999658e-01
9.398300000000000542e-01
9.386299999999999644e-01
9.391899999999999693e-01
9.389499999999999513e-01
9.390399999999999858e-01
9.397999999999999687e-01
9.397100000000000453e-01
9.388999999999999568e-01
9.385000000000000009e-01
9.394900000000000473e-01
9.394099999999999673e-01
9.402500000000000302e-01
9.392399999999999638e-01
9.394200000000000328e-01
9.382399999999999629e-01
9.393799999999999928e-01
9.384900000000000464e-01
9.389600000000000168e-01
9.402300000000000102e-01
9.395900000000000363e-01
9.391199999999999548e-01
9.391699999999999493e-01
9.387299999999999534e-01
9.399999999999999467e-01
9.381699999999999484e-01
9.381199999999999539e-01
9.391699999999999493e-01
9.401000000000000467e-01
9.397100000000000453e-01
9.385200000000000209e-01
9.389300000000000423e-01
9.398199999999999887e-01
9.395200000000000218e-01
9.391500000000000403e-01
9.397299999999999542e-01
9.399399999999999977e-01
9.409399999999999986e-01
9.399100000000000232e-01
9.403000000000000247e-01
9.397400000000000198e-01
9.403200000000000447e-01
9.383299999999999974e-01
9.394099999999999673e-01
9.394400000000000528e-01
9.388999999999999568e-01
9.396499999999999853e-01
9.401399999999999757e-01
9.396299999999999653e-01
9.395099999999999563e-01
9.396400000000000308e-01
9.407200000000000006e-01
9.387199999999999989e-01
9.404500000000000082e-01
9.405900000000000372e-01
9.388900000000000023e-01
9.402000000000000357e-01
9.404299999999999882e-01
9.400399999999999867e-01
9.387499999999999734e-01
9.402599999999999847e-01
9.413599999999999746e-01
9.414099999999999691e-01
9.395999999999999908e-01
9.403399999999999537e-01
9.400500000000000522e-01
9.389499999999999513e-01
9.408999999999999586e-01
9.403799999999999937e-01
9.389199999999999768e-01
9.403799999999999937e-01
9.399399999999999977e-01
9.401800000000000157e-01
9.411000000000000476e-01
9.392099999999999893e-01
9.394000000000000128e-01
9.413099999999999801e-01
9.402399999999999647e-01
9.395099999999999563e-01
9.393500000000000183e-01
