6.915252208709716797e-01
6.915967464447021484e-01
6.917012929916381836e-01
6.917725205421447754e-01
6.915469169616699219e-01
6.900925636291503906e-01
6.853577494621276855e-01
6.750741600990295410e-01
6.592743396759033203e-01
6.404670476913452148e-01
6.213951110839843750e-01
6.038284301757812500e-01
5.887606143951416016e-01
5.765056610107421875e-01
5.666424036026000977e-01
5.590927600860595703e-01
5.524511933326721191e-01
5.465440750122070312e-01
5.404425859451293945e-01
5.353453159332275391e-01
5.297289490699768066e-01
5.244143009185791016e-01
5.195084810256958008e-01
5.147759914398193359e-01
5.105079412460327148e-01
5.059859752655029297e-01
5.018607378005981445e-01
4.977336525917053223e-01
4.935131669044494629e-01
4.897521734237670898e-01
4.859173893928527832e-01
4.821082651615142822e-01
4.781543612480163574e-01
4.743579030036926270e-01
4.703561663627624512e-01
4.664989709854125977e-01
4.628335833549499512e-01
4.588365554809570312e-01
4.550659060478210449e-01
4.514370560646057129e-01
4.474999308586120605e-01
4.436554908752441406e-01
4.402703642845153809e-01
4.367700219154357910e-01
4.333418905735015869e-01
4.298418164253234863e-01
4.262563884258270264e-01
4.241707324981689453e-01
4.205034971237182617e-01
4.171632528305053711e-01
4.142291843891143799e-01
4.117912054061889648e-01
4.091736674308776855e-01
4.061340689659118652e-01
4.033059477806091309e-01
4.009388387203216553e-01
3.987879157066345215e-01
3.958283662796020508e-01
3.930635750293731689e-01
3.910487294197082520e-01
3.883231580257415771e-01
3.864063322544097900e-01
3.838288784027099609e-01
3.817574977874755859e-01
3.795364499092102051e-01
3.771029114723205566e-01
3.748461604118347168e-01
3.730521202087402344e-01
3.708801269531250000e-01
3.690033257007598877e-01
3.671911954879760742e-01
3.652076721191406250e-01
3.633065819740295410e-01
3.617340028285980225e-01
3.593138158321380615e-01
3.577452301979064941e-01
3.559739589691162109e-01
3.541190326213836670e-01
3.518909215927124023e-01
3.504349887371063232e-01
3.492460250854492188e-01
3.472345471382141113e-01
3.461678326129913330e-01
3.435479998588562012e-01
3.422837853431701660e-01
3.420089483261108398e-01
3.397969603538513184e-01
3.378568887710571289e-01
3.358955383300781250e-01
3.341907262802124023e-01
3.328862786293029785e-01
3.315185904502868652e-01
3.295801579952239990e-01
3.287683725357055664e-01
3.267247676849365234e-01
3.253938257694244385e-01
3.243540525436401367e-01
3.222645521163940430e-01
3.234647512435913086e-01
3.210468888282775879e-01
3.189470469951629639e-01
