6.492313146591186523e-01
6.401915550231933594e-01
6.713788509368896484e-01
6.670552492141723633e-01
7.172784805297851562e-01
6.365752220153808594e-01
6.610069274902343750e-01
6.553692817687988281e-01
6.394814252853393555e-01
6.427214145660400391e-01
6.264461278915405273e-01
6.261210441589355469e-01
6.258883476257324219e-01
6.264202594757080078e-01
6.447017192840576172e-01
6.401355266571044922e-01
6.698703765869140625e-01
6.229007840156555176e-01
6.255175471305847168e-01
6.231071949005126953e-01
6.434670686721801758e-01
6.429853439331054688e-01
7.126057744026184082e-01
6.262586116790771484e-01
6.332141160964965820e-01
6.409540176391601562e-01
6.244481801986694336e-01
6.209345459938049316e-01
6.247279644012451172e-01
6.585006713867187500e-01
6.201661825180053711e-01
6.175587177276611328e-01
6.259599924087524414e-01
6.301399469375610352e-01
6.281705498695373535e-01
6.180670261383056641e-01
6.200278997421264648e-01
6.325972080230712891e-01
6.270546913146972656e-01
6.226063966751098633e-01
6.287059187889099121e-01
6.196783781051635742e-01
6.347188353538513184e-01
6.206458806991577148e-01
6.282333731651306152e-01
6.255352497100830078e-01
6.348364353179931641e-01
6.207271814346313477e-01
6.208714246749877930e-01
6.333736181259155273e-01
6.231700181961059570e-01
6.178177595138549805e-01
6.183030605316162109e-01
6.179312467575073242e-01
6.413557529449462891e-01
6.164040565490722656e-01
6.356171369552612305e-01
6.267177462577819824e-01
6.710866689682006836e-01
6.406962275505065918e-01
6.169212460517883301e-01
6.456322669982910156e-01
6.332293152809143066e-01
7.035315036773681641e-01
6.349600553512573242e-01
7.009649276733398438e-01
6.204367280006408691e-01
1.285906076431274414e+00
1.650983214378356934e+00
1.608797788619995117e+00
9.914335012435913086e-01
8.064794540405273438e-01
6.902514100074768066e-01
6.628865003585815430e-01
7.292351722717285156e-01
7.537112236022949219e-01
6.973139643669128418e-01
7.544662952423095703e-01
6.887668371200561523e-01
8.911911845207214355e-01
6.991535425186157227e-01
6.306526064872741699e-01
1.138803601264953613e+00
6.974940299987792969e-01
8.745149374008178711e-01
6.303508281707763672e-01
8.984979391098022461e-01
7.392860054969787598e-01
8.027052879333496094e-01
1.273934841156005859e+00
1.128564834594726562e+00
7.410726547241210938e-01
6.870762109756469727e-01
1.099699258804321289e+00
7.339595556259155273e-01
8.912026286125183105e-01
2.544457912445068359e+00
7.668817043304443359e-01
9.118552207946777344e-01
8.244729042053222656e-01
1.427042484283447266e+00
