6.915557384490966797e-01
6.917454004287719727e-01
6.920586824417114258e-01
6.924849748611450195e-01
6.930325031280517578e-01
6.936140358448028564e-01
6.942324042320251465e-01
6.953115761280059814e-01
6.968821883201599121e-01
7.002305388450622559e-01
7.061116993427276611e-01
7.001138925552368164e-01
7.196054458618164062e-01
6.996517181396484375e-01
6.810539960861206055e-01
6.734371185302734375e-01
7.092348933219909668e-01
6.705846786499023438e-01
6.869473755359649658e-01
6.701151430606842041e-01
6.714931130409240723e-01
6.695778071880340576e-01
6.681697964668273926e-01
6.660855412483215332e-01
6.663008034229278564e-01
6.710833311080932617e-01
6.659993529319763184e-01
6.673278510570526123e-01
6.815334856510162354e-01
6.751577556133270264e-01
6.698585748672485352e-01
6.651016473770141602e-01
6.649100780487060547e-01
6.658076941967010498e-01
6.648987829685211182e-01
6.679679453372955322e-01
6.659771203994750977e-01
6.652637124061584473e-01
6.635919809341430664e-01
6.626211404800415039e-01
6.640509366989135742e-01
6.673094630241394043e-01
6.669230461120605469e-01
6.635798513889312744e-01
6.634110808372497559e-01
6.629198193550109863e-01
6.615961492061614990e-01
6.683478653430938721e-01
6.623757183551788330e-01
6.641020476818084717e-01
6.651202142238616943e-01
6.612331569194793701e-01
6.669048964977264404e-01
6.609051823616027832e-01
6.613081991672515869e-01
6.660565137863159180e-01
6.593950986862182617e-01
6.705327928066253662e-01
6.775290966033935547e-01
6.623370945453643799e-01
6.639283895492553711e-01
6.641425788402557373e-01
6.630276143550872803e-01
6.572716236114501953e-01
6.640375256538391113e-01
6.584334075450897217e-01
6.594737172126770020e-01
6.584824025630950928e-01
6.583977639675140381e-01
6.591608226299285889e-01
6.598596572875976562e-01
6.605378985404968262e-01
6.577843427658081055e-01
6.639737486839294434e-01
6.554174125194549561e-01
6.602922081947326660e-01
6.557978987693786621e-01
6.602763533592224121e-01
6.575506329536437988e-01
6.574391722679138184e-01
6.551710367202758789e-01
6.606438755989074707e-01
6.572939157485961914e-01
6.605201363563537598e-01
6.558601260185241699e-01
6.552377641201019287e-01
6.558687090873718262e-01
6.546435058116912842e-01
6.550935506820678711e-01
6.579686999320983887e-01
6.607440114021301270e-01
6.549738943576812744e-01
6.548812389373779297e-01
6.550790667533874512e-01
6.623536348342895508e-01
6.541785001754760742e-01
6.584808826446533203e-01
6.538385748863220215e-01
6.549320816993713379e-01
6.532543301582336426e-01
6.606752574443817139e-01
6.529934704303741455e-01
6.540859043598175049e-01
6.539679169654846191e-01
6.565120816230773926e-01
6.546858251094818115e-01
6.538843512535095215e-01
6.538168787956237793e-01
6.533668935298919678e-01
6.585475802421569824e-01
6.544766724109649658e-01
6.526190638542175293e-01
6.577278971672058105e-01
6.527046561241149902e-01
6.538731157779693604e-01
6.521819233894348145e-01
6.515201926231384277e-01
6.543231606483459473e-01
6.537481844425201416e-01
6.547033786773681641e-01
6.593478024005889893e-01
6.520224511623382568e-01
6.572898924350738525e-01
6.561884284019470215e-01
6.514824032783508301e-01
6.565753817558288574e-01
6.551133990287780762e-01
6.515385508537292480e-01
6.512420177459716797e-01
6.509462594985961914e-01
6.508448123931884766e-01
6.541697978973388672e-01
6.538186073303222656e-01
6.520067751407623291e-01
6.553114950656890869e-01
6.525295972824096680e-01
6.523948907852172852e-01
6.564555764198303223e-01
6.496955454349517822e-01
6.525566577911376953e-01
6.515776515007019043e-01
6.520650684833526611e-01
6.559078693389892578e-01
6.513145565986633301e-01
6.506403088569641113e-01
6.508507728576660156e-01
6.513176858425140381e-01
6.501319110393524170e-01
6.546154916286468506e-01
6.514923572540283203e-01
6.511825621128082275e-01
6.507048308849334717e-01
6.515966355800628662e-01
6.546191871166229248e-01
6.509543955326080322e-01
6.491987705230712891e-01
6.540001928806304932e-01
6.525124609470367432e-01
6.501930058002471924e-01
6.575695276260375977e-01
6.495742201805114746e-01
6.512384116649627686e-01
6.541166901588439941e-01
6.508594453334808350e-01
6.498819589614868164e-01
6.500757634639739990e-01
6.500664651393890381e-01
6.504054665565490723e-01
6.509462594985961914e-01
6.501215696334838867e-01
6.482829451560974121e-01
6.543843448162078857e-01
6.502159833908081055e-01
6.525525152683258057e-01
6.502138972282409668e-01
6.487510204315185547e-01
6.508814096450805664e-01
6.529548764228820801e-01
6.493019163608551025e-01
6.494805216789245605e-01
6.544071435928344727e-01
6.490358710289001465e-01
6.551415920257568359e-01
6.496623754501342773e-01
6.527547836303710938e-01
6.552747786045074463e-01
6.515254974365234375e-01
6.491791307926177979e-01
6.487684249877929688e-01
6.547178924083709717e-01
6.505757868289947510e-01
6.518937349319458008e-01
6.483492255210876465e-01
6.483039855957031250e-01
6.486630141735076904e-01
6.495859622955322266e-01
6.487804651260375977e-01
6.486812829971313477e-01
6.491417288780212402e-01
6.516658961772918701e-01
6.493900716304779053e-01
6.503398716449737549e-01
6.487556397914886475e-01
6.485398709774017334e-01
6.493875086307525635e-01
6.498401165008544922e-01
6.503067612648010254e-01
6.552959084510803223e-01
6.529245972633361816e-01
6.532200574874877930e-01
6.489610970020294189e-01
6.501059234142303467e-01
6.479192674160003662e-01
6.529881060123443604e-01
6.512424647808074951e-01
6.520038247108459473e-01
6.516446769237518311e-01
6.489520072937011719e-01
6.505011618137359619e-01
6.523031294345855713e-01
6.595493853092193604e-01
6.493814587593078613e-01
6.483470201492309570e-01
6.496070325374603271e-01
6.489704847335815430e-01
6.500694155693054199e-01
6.569264233112335205e-01
6.525118350982666016e-01
6.520299613475799561e-01
6.662783324718475342e-01
6.550495028495788574e-01
6.539343893527984619e-01
6.520060896873474121e-01
6.500917077064514160e-01
6.484410166740417480e-01
6.481306254863739014e-01
6.483932733535766602e-01
6.488888859748840332e-01
6.538175344467163086e-01
6.548509597778320312e-01
6.510979235172271729e-01
6.505180597305297852e-01
6.491760015487670898e-01
6.478515863418579102e-01
6.493950486183166504e-01
6.501344740390777588e-01
6.484674215316772461e-01
6.507773101329803467e-01
6.476858556270599365e-01
6.485554873943328857e-01
6.469623446464538574e-01
6.531693935394287109e-01
6.513054370880126953e-01
6.525824368000030518e-01
6.499013900756835938e-01
6.595879495143890381e-01
6.567398905754089355e-01
6.489240527153015137e-01
6.498257517814636230e-01
6.489431560039520264e-01
6.497627496719360352e-01
6.557124853134155273e-01
6.505063176155090332e-01
6.520006060600280762e-01
6.524253487586975098e-01
6.488889753818511963e-01
6.502974629402160645e-01
6.505036950111389160e-01
6.530559360980987549e-01
6.485218405723571777e-01
6.486914753913879395e-01
6.485658288002014160e-01
6.524908542633056641e-01
6.469109654426574707e-01
6.484288573265075684e-01
6.507085263729095459e-01
6.531161367893218994e-01
6.535392105579376221e-01
6.527317166328430176e-01
6.484917700290679932e-01
6.488611102104187012e-01
6.500413119792938232e-01
6.474191546440124512e-01
6.560753583908081055e-01
6.477842330932617188e-01
6.515758633613586426e-01
6.483667194843292236e-01
6.504263579845428467e-01
6.477077901363372803e-01
6.487301588058471680e-01
6.521147489547729492e-01
6.481964290142059326e-01
6.545041203498840332e-01
6.539083719253540039e-01
6.490436494350433350e-01
6.500290632247924805e-01
6.493984460830688477e-01
6.492984890937805176e-01
6.487270891666412354e-01
6.526988744735717773e-01
6.519914865493774414e-01
6.549487709999084473e-01
6.503744423389434814e-01
6.526023447513580322e-01
6.530385315418243408e-01
6.472911238670349121e-01
6.485967636108398438e-01
6.498523652553558350e-01
6.514475941658020020e-01
6.533289849758148193e-01
6.499175429344177246e-01
6.504365205764770508e-01
6.479975283145904541e-01
6.507129073143005371e-01
6.575966179370880127e-01
6.499601602554321289e-01
6.511549949645996094e-01
6.470528244972229004e-01
6.505210399627685547e-01
6.495349407196044922e-01
6.473518610000610352e-01
6.508179008960723877e-01
6.475578248500823975e-01
6.563823819160461426e-01
6.478068828582763672e-01
6.555185914039611816e-01
6.471536755561828613e-01
6.495258808135986328e-01
6.526362299919128418e-01
6.488946378231048584e-01
6.502667069435119629e-01
6.478301286697387695e-01
6.482475101947784424e-01
6.468628048896789551e-01
6.481733918190002441e-01
6.487240195274353027e-01
6.524160206317901611e-01
6.484453976154327393e-01
6.545239388942718506e-01
6.519235670566558838e-01
6.582596898078918457e-01
6.544100046157836914e-01
6.467651724815368652e-01
6.484139561653137207e-01
6.498757004737854004e-01
6.467382907867431641e-01
6.484571099281311035e-01
6.480457484722137451e-01
6.495108604431152344e-01
6.475541889667510986e-01
6.500132679939270020e-01
6.476016342639923096e-01
6.526611745357513428e-01
6.505509614944458008e-01
6.509893834590911865e-01
6.575026810169219971e-01
6.493450999259948730e-01
6.471477746963500977e-01
6.488628685474395752e-01
6.492009162902832031e-01
6.472980380058288574e-01
6.475119590759277344e-01
6.520241498947143555e-01
6.497942209243774414e-01
6.555112302303314209e-01
6.519918143749237061e-01
6.493559777736663818e-01
6.513730287551879883e-01
6.564345657825469971e-01
6.555477678775787354e-01
6.450617909431457520e-01
6.546306312084197998e-01
6.508748531341552734e-01
6.516810655593872070e-01
6.472761929035186768e-01
6.485518217086791992e-01
6.489249169826507568e-01
6.487196385860443115e-01
6.498665511608123779e-01
6.465107500553131104e-01
6.521561741828918457e-01
6.489940881729125977e-01
6.478996276855468750e-01
6.495997905731201172e-01
6.476801037788391113e-01
6.480822861194610596e-01
6.460198163986206055e-01
6.489029824733734131e-01
6.476727724075317383e-01
6.507766842842102051e-01
6.472151875495910645e-01
6.463974416255950928e-01
6.506005227565765381e-01
6.487851142883300781e-01
6.456771492958068848e-01
6.491113901138305664e-01
6.484808623790740967e-01
6.496943533420562744e-01
6.472318172454833984e-01
6.464734375476837158e-01
6.478870511054992676e-01
6.479808390140533447e-01
6.500011980533599854e-01
6.515133678913116455e-01
6.496605277061462402e-01
6.479675173759460449e-01
6.459241807460784912e-01
6.478784680366516113e-01
6.485524177551269531e-01
6.466462016105651855e-01
6.460192799568176270e-01
6.494005322456359863e-01
6.518201828002929688e-01
6.478906869888305664e-01
6.482516527175903320e-01
6.500013470649719238e-01
6.495735049247741699e-01
6.490221619606018066e-01
6.500924527645111084e-01
6.447792351245880127e-01
6.483381688594818115e-01
6.470434069633483887e-01
6.511610150337219238e-01
6.454821825027465820e-01
6.477216184139251709e-01
6.489959955215454102e-01
6.495144665241241455e-01
6.472010016441345215e-01
6.507180631160736084e-01
6.493498980998992920e-01
6.452399492263793945e-01
6.517374515533447266e-01
6.533105969429016113e-01
6.473435163497924805e-01
6.455813646316528320e-01
6.465251445770263672e-01
6.561621427536010742e-01
6.482353508472442627e-01
6.531199514865875244e-01
6.469178795814514160e-01
6.539785861968994141e-01
6.482197344303131104e-01
6.460889577865600586e-01
6.540637612342834473e-01
6.516959667205810547e-01
6.518692672252655029e-01
6.476555764675140381e-01
6.554926633834838867e-01
6.504172682762145996e-01
6.500920951366424561e-01
6.474680304527282715e-01
6.461410224437713623e-01
6.479243338108062744e-01
6.492613852024078369e-01
6.498204171657562256e-01
6.574617624282836914e-01
6.505088508129119873e-01
6.474778652191162109e-01
6.454169750213623047e-01
6.477500200271606445e-01
6.500971913337707520e-01
6.475585401058197021e-01
6.437621712684631348e-01
6.574275791645050049e-01
6.504142284393310547e-01
6.549866199493408203e-01
6.462028026580810547e-01
6.437956094741821289e-01
6.516906321048736572e-01
6.533070802688598633e-01
6.529430150985717773e-01
6.451244056224822998e-01
6.508704423904418945e-01
6.577012240886688232e-01
6.503622531890869141e-01
6.474677920341491699e-01
6.613498926162719727e-01
6.584435701370239258e-01
6.559598743915557861e-01
6.463271975517272949e-01
6.463566720485687256e-01
6.448985338211059570e-01
6.546568572521209717e-01
6.563040018081665039e-01
6.521605253219604492e-01
6.451483964920043945e-01
6.512525975704193115e-01
6.530596017837524414e-01
6.567810177803039551e-01
6.436412334442138672e-01
6.449653506278991699e-01
6.493101119995117188e-01
6.488003730773925781e-01
6.522607207298278809e-01
6.481387019157409668e-01
6.488882005214691162e-01
6.506466567516326904e-01
6.463071405887603760e-01
6.566781699657440186e-01
6.617273688316345215e-01
6.626409292221069336e-01
6.531078219413757324e-01
6.608141362667083740e-01
6.526023149490356445e-01
6.458549499511718750e-01
6.505388021469116211e-01
6.506595909595489502e-01
6.493991017341613770e-01
6.576097011566162109e-01
6.475194394588470459e-01
6.471171975135803223e-01
6.493794322013854980e-01
6.417616605758666992e-01
6.454099714756011963e-01
6.459435820579528809e-01
6.443238258361816406e-01
6.414355933666229248e-01
6.510134339332580566e-01
6.432161629199981689e-01
6.457470655441284180e-01
6.595065891742706299e-01
6.483476161956787109e-01
6.511326134204864502e-01
6.554316282272338867e-01
6.519405245780944824e-01
6.464721858501434326e-01
6.537130475044250488e-01
6.518568098545074463e-01
6.425298452377319336e-01
6.419959664344787598e-01
6.659633815288543701e-01
6.469268500804901123e-01
6.523698568344116211e-01
6.514050364494323730e-01
6.475314795970916748e-01
6.530208885669708252e-01
6.495008766651153564e-01
6.427488327026367188e-01
6.403181552886962891e-01
6.601649820804595947e-01
6.465065479278564453e-01
6.467674374580383301e-01
6.530922353267669678e-01
6.510071158409118652e-01
6.494170427322387695e-01
6.508378982543945312e-01
6.428357362747192383e-01
6.407869160175323486e-01
6.581813097000122070e-01
6.459685564041137695e-01
6.481638550758361816e-01
6.458514928817749023e-01
6.483921408653259277e-01
6.419761776924133301e-01
6.425822973251342773e-01
6.588886678218841553e-01
6.456583738327026367e-01
6.496801376342773438e-01
6.566767990589141846e-01
6.465820670127868652e-01
6.477951109409332275e-01
6.521137356758117676e-01
6.610103845596313477e-01
6.476977169513702393e-01
6.511639654636383057e-01
6.418150067329406738e-01
6.582143306732177734e-01
6.509485244750976562e-01
6.393835544586181641e-01
6.442146897315979004e-01
6.439360380172729492e-01
6.527553796768188477e-01
6.572061479091644287e-01
6.460435092449188232e-01
6.399613618850708008e-01
6.400565803050994873e-01
6.407729387283325195e-01
6.447314620018005371e-01
6.435651779174804688e-01
6.548881232738494873e-01
6.539644002914428711e-01
6.414263844490051270e-01
6.525678634643554688e-01
6.480650007724761963e-01
6.474401056766510010e-01
6.550108194351196289e-01
6.494448781013488770e-01
6.535489261150360107e-01
6.470673680305480957e-01
6.572163999080657959e-01
6.443630456924438477e-01
6.443195939064025879e-01
6.572697162628173828e-01
6.387485265731811523e-01
6.450711786746978760e-01
6.452124714851379395e-01
6.578711271286010742e-01
6.446771919727325439e-01
6.462890803813934326e-01
6.469832658767700195e-01
6.543370485305786133e-01
6.451531648635864258e-01
6.707612872123718262e-01
6.452785730361938477e-01
6.492740511894226074e-01
6.551319360733032227e-01
6.434354484081268311e-01
6.397351920604705811e-01
6.439365148544311523e-01
6.685650646686553955e-01
6.518633663654327393e-01
6.672181785106658936e-01
6.420967280864715576e-01
6.502157449722290039e-01
6.438712775707244873e-01
6.434086561203002930e-01
6.653319001197814941e-01
6.540532708168029785e-01
6.754009127616882324e-01
6.806166768074035645e-01
6.826555430889129639e-01
6.500264406204223633e-01
6.524008214473724365e-01
6.391493082046508789e-01
6.455943584442138672e-01
6.450912058353424072e-01
6.422870159149169922e-01
6.390031874179840088e-01
6.408792138099670410e-01
6.534244418144226074e-01
6.545845270156860352e-01
6.463330388069152832e-01
6.411040425300598145e-01
6.416184306144714355e-01
6.590643525123596191e-01
6.416267156600952148e-01
6.558345556259155273e-01
6.613079011440277100e-01
6.428161263465881348e-01
6.456631124019622803e-01
6.410057842731475830e-01
6.413408517837524414e-01
6.552923321723937988e-01
6.521108150482177734e-01
6.399451494216918945e-01
6.487957835197448730e-01
6.434043943881988525e-01
6.383019089698791504e-01
6.412138342857360840e-01
6.418378055095672607e-01
6.391894817352294922e-01
6.458859443664550781e-01
6.415603160858154297e-01
6.446385383605957031e-01
6.439577639102935791e-01
6.432015001773834229e-01
6.472139358520507812e-01
6.437678337097167969e-01
6.418085694313049316e-01
6.486254930496215820e-01
6.657980680465698242e-01
6.447340250015258789e-01
6.404789090156555176e-01
6.552706956863403320e-01
6.449669003486633301e-01
6.370752751827239990e-01
6.482750773429870605e-01
6.625351011753082275e-01
6.464492678642272949e-01
6.749248504638671875e-01
6.692104339599609375e-01
6.618687510490417480e-01
6.487182378768920898e-01
6.471598744392395020e-01
6.405410766601562500e-01
6.390825510025024414e-01
6.484864056110382080e-01
6.633498668670654297e-01
6.371572613716125488e-01
6.373814940452575684e-01
6.500142216682434082e-01
6.370152235031127930e-01
6.411727070808410645e-01
6.418330073356628418e-01
6.478002667427062988e-01
6.363438665866851807e-01
6.383478343486785889e-01
6.478679180145263672e-01
6.434027552604675293e-01
6.684852838516235352e-01
6.480912566184997559e-01
6.473185718059539795e-01
6.366163790225982666e-01
6.515285968780517578e-01
6.556943655014038086e-01
6.367151141166687012e-01
6.459068655967712402e-01
6.388111412525177002e-01
6.365529596805572510e-01
6.743587255477905273e-01
6.606195271015167236e-01
6.466742157936096191e-01
6.407692134380340576e-01
6.315581798553466797e-01
6.392836570739746094e-01
6.374843716621398926e-01
6.672277450561523438e-01
6.639333069324493408e-01
6.558468043804168701e-01
6.596091389656066895e-01
6.458809375762939453e-01
6.425471901893615723e-01
6.686128973960876465e-01
6.576388180255889893e-01
6.473174393177032471e-01
6.977049112319946289e-01
6.560853421688079834e-01
6.338335275650024414e-01
6.424355506896972656e-01
6.720901429653167725e-01
6.505352556705474854e-01
6.532682180404663086e-01
6.661781668663024902e-01
6.721169054508209229e-01
6.559794843196868896e-01
6.605531573295593262e-01
6.418846845626831055e-01
6.385858058929443359e-01
6.517239809036254883e-01
6.424852311611175537e-01
6.533913910388946533e-01
6.604241132736206055e-01
6.471517086029052734e-01
6.430004537105560303e-01
6.522163152694702148e-01
6.486663818359375000e-01
6.422413289546966553e-01
6.485052108764648438e-01
6.445285379886627197e-01
6.786326766014099121e-01
6.742708981037139893e-01
6.359808743000030518e-01
6.384204328060150146e-01
6.610892415046691895e-01
6.445421874523162842e-01
6.357279419898986816e-01
6.530690491199493408e-01
6.364309191703796387e-01
6.447028219699859619e-01
6.410761773586273193e-01
6.510781049728393555e-01
6.367425918579101562e-01
6.447994709014892578e-01
6.563384830951690674e-01
6.765077412128448486e-01
6.970797479152679443e-01
6.884111464023590088e-01
6.552744507789611816e-01
6.347623169422149658e-01
6.477928459644317627e-01
6.549620628356933594e-01
6.361697912216186523e-01
6.346344649791717529e-01
6.677860021591186523e-01
6.684615910053253174e-01
6.586537063121795654e-01
6.729919910430908203e-01
6.531479656696319580e-01
6.390108466148376465e-01
6.378633677959442139e-01
6.421079933643341064e-01
6.508860588073730469e-01
6.327743828296661377e-01
6.437157392501831055e-01
6.443935930728912354e-01
6.346261203289031982e-01
6.494342982769012451e-01
6.432324051856994629e-01
6.487480401992797852e-01
6.318934261798858643e-01
6.610231995582580566e-01
6.424675285816192627e-01
6.426135897636413574e-01
6.401370167732238770e-01
6.432112455368041992e-01
6.293130517005920410e-01
6.524617075920104980e-01
6.582652330398559570e-01
6.587828993797302246e-01
6.591967642307281494e-01
6.323768496513366699e-01
6.429832577705383301e-01
6.540119647979736328e-01
6.334011852741241455e-01
6.448301076889038086e-01
6.330997943878173828e-01
6.533415317535400391e-01
6.781359910964965820e-01
6.445567309856414795e-01
6.457097530364990234e-01
6.601036190986633301e-01
6.683515906333923340e-01
6.521112918853759766e-01
6.669883430004119873e-01
6.853413581848144531e-01
6.421605348587036133e-01
6.289277970790863037e-01
6.337963044643402100e-01
6.430034935474395752e-01
6.519442200660705566e-01
6.302215456962585449e-01
6.307276785373687744e-01
6.373664736747741699e-01
6.421334743499755859e-01
6.442817747592926025e-01
6.693591177463531494e-01
6.678668260574340820e-01
6.718264818191528320e-01
7.409521341323852539e-01
7.167958319187164307e-01
6.566557884216308594e-01
6.404756903648376465e-01
6.444013416767120361e-01
6.584435999393463135e-01
6.529818773269653320e-01
6.360106170177459717e-01
6.429856419563293457e-01
6.373715996742248535e-01
6.317786276340484619e-01
6.458119451999664307e-01
6.583136022090911865e-01
6.524157524108886719e-01
6.698648929595947266e-01
6.289153397083282471e-01
6.601748764514923096e-01
6.393935978412628174e-01
6.568722724914550781e-01
6.421838402748107910e-01
6.671109795570373535e-01
6.326913833618164062e-01
6.390111148357391357e-01
6.504525542259216309e-01
6.436690092086791992e-01
6.460486054420471191e-01
6.343191564083099365e-01
6.340378522872924805e-01
6.536287665367126465e-01
6.489936113357543945e-01
6.436483263969421387e-01
6.268313825130462646e-01
6.337968707084655762e-01
6.293193399906158447e-01
6.621432900428771973e-01
6.467608809471130371e-01
6.346050202846527100e-01
6.418357789516448975e-01
6.457239985466003418e-01
6.406228840351104736e-01
6.687254905700683594e-01
6.963528394699096680e-01
6.467131972312927246e-01
6.462367773056030273e-01
6.327399015426635742e-01
6.465495824813842773e-01
6.371369659900665283e-01
6.411986947059631348e-01
6.614084243774414062e-01
7.497278451919555664e-01
6.688866615295410156e-01
6.422305703163146973e-01
6.388886570930480957e-01
6.332269906997680664e-01
6.540103256702423096e-01
6.748376786708831787e-01
6.454158425331115723e-01
6.304289996623992920e-01
6.448981761932373047e-01
6.603779792785644531e-01
6.317232847213745117e-01
6.358641386032104492e-01
6.603877246379852295e-01
6.444541811943054199e-01
6.705402135848999023e-01
6.534909605979919434e-01
6.403364837169647217e-01
6.390787065029144287e-01
6.440357863903045654e-01
6.415473520755767822e-01
6.351496577262878418e-01
6.352020800113677979e-01
6.799313426017761230e-01
6.696444153785705566e-01
6.466684639453887939e-01
6.425101757049560547e-01
6.394389569759368896e-01
6.361652016639709473e-01
6.639412641525268555e-01
6.438437700271606445e-01
6.672192811965942383e-01
6.463194489479064941e-01
6.444873511791229248e-01
6.274066269397735596e-01
6.570798456668853760e-01
6.714477837085723877e-01
6.450636982917785645e-01
6.347981393337249756e-01
6.559115350246429443e-01
6.901803314685821533e-01
6.421130001544952393e-01
6.357800960540771484e-01
6.370723843574523926e-01
6.693387329578399658e-01
6.573479175567626953e-01
6.346284449100494385e-01
6.864477992057800293e-01
6.819322109222412109e-01
7.360471785068511963e-01
6.349291801452636719e-01
6.362710893154144287e-01
6.610466241836547852e-01
6.595961153507232666e-01
6.343997418880462646e-01
6.941317617893218994e-01
6.330806314945220947e-01
6.269051134586334229e-01
6.324973106384277344e-01
6.293259263038635254e-01
6.325507462024688721e-01
6.647201478481292725e-01
6.486930251121520996e-01
6.694009304046630859e-01
6.405312418937683105e-01
6.545684933662414551e-01
6.572677493095397949e-01
6.444563865661621094e-01
6.451575756072998047e-01
6.420729756355285645e-01
6.437782049179077148e-01
6.429947018623352051e-01
6.278365850448608398e-01
6.768763065338134766e-01
7.006839513778686523e-01
6.589921712875366211e-01
6.804282069206237793e-01
6.658121049404144287e-01
6.440237164497375488e-01
6.418386697769165039e-01
6.499280035495758057e-01
6.431277990341186523e-01
6.305313408374786377e-01
6.666207313537597656e-01
6.716123223304748535e-01
6.553646326065063477e-01
6.375405788421630859e-01
6.611474752426147461e-01
6.448335051536560059e-01
6.324950456619262695e-01
6.648769676685333252e-01
6.800133585929870605e-01
6.305898427963256836e-01
6.432285606861114502e-01
6.853595972061157227e-01
6.413607001304626465e-01
6.359475851058959961e-01
6.548640131950378418e-01
6.481341421604156494e-01
6.569360196590423584e-01
7.099918723106384277e-01
6.361039280891418457e-01
6.221595406532287598e-01
6.498675048351287842e-01
6.525491476058959961e-01
6.567438840866088867e-01
6.349316537380218506e-01
6.383289694786071777e-01
6.556635797023773193e-01
6.451886594295501709e-01
6.235716342926025391e-01
6.320044994354248047e-01
6.429504752159118652e-01
6.315637826919555664e-01
6.659520864486694336e-01
6.404842734336853027e-01
6.276176273822784424e-01
6.345611214637756348e-01
6.897976398468017578e-01
6.637014150619506836e-01
6.497600674629211426e-01
6.359494626522064209e-01
6.366197466850280762e-01
6.297994554042816162e-01
6.331385970115661621e-01
6.543971598148345947e-01
7.233981788158416748e-01
6.666030883789062500e-01
6.292468607425689697e-01
7.084154486656188965e-01
6.625102758407592773e-01
6.515010297298431396e-01
6.462162733078002930e-01
6.517135500907897949e-01
6.473367214202880859e-01
6.336035132408142090e-01
6.280707120895385742e-01
6.305809020996093750e-01
6.507536768913269043e-01
6.687373518943786621e-01
6.245949268341064453e-01
6.481608748435974121e-01
6.316424608230590820e-01
6.265525817871093750e-01
6.363362073898315430e-01
6.471496224403381348e-01
7.277439236640930176e-01
6.350579857826232910e-01
6.327061057090759277e-01
6.371500492095947266e-01
6.381351947784423828e-01
6.576483249664306641e-01
6.338706910610198975e-01
6.367002725601196289e-01
6.274409294128417969e-01
6.680719554424285889e-01
6.317954063415527344e-01
6.281580328941345215e-01
6.392053961753845215e-01
6.457951962947845459e-01
7.333129048347473145e-01
6.722539067268371582e-01
6.556736528873443604e-01
6.400260031223297119e-01
6.438654959201812744e-01
6.956820189952850342e-01
6.661234796047210693e-01
6.611354053020477295e-01
6.475589871406555176e-01
6.899131834506988525e-01
6.857779324054718018e-01
6.526292562484741211e-01
6.631372570991516113e-01
6.533526778221130371e-01
6.562255620956420898e-01
7.266156673431396484e-01
6.310389041900634766e-01
6.423735618591308594e-01
6.505212485790252686e-01
6.329796016216278076e-01
6.847801208496093750e-01
6.447409689426422119e-01
6.372058689594268799e-01
6.491557061672210693e-01
6.603302955627441406e-01
6.324285268783569336e-01
6.485146284103393555e-01
6.584182977676391602e-01
6.975569128990173340e-01
6.392761468887329102e-01
6.989803314208984375e-01
6.702280044555664062e-01
6.597768962383270264e-01
6.542443037033081055e-01
6.358048021793365479e-01
6.387758255004882812e-01
6.272682845592498779e-01
6.360720396041870117e-01
6.302003264427185059e-01
6.362161636352539062e-01
6.303356289863586426e-01
6.281184852123260498e-01
6.335123777389526367e-01
6.336196959018707275e-01
6.672679185867309570e-01
7.049694359302520752e-01
6.880908012390136719e-01
6.622332334518432617e-01
6.388145685195922852e-01
6.298072934150695801e-01
6.402296125888824463e-01
6.424939036369323730e-01
6.396576166152954102e-01
6.334913074970245361e-01
6.468912065029144287e-01
6.770853698253631592e-01
6.499061286449432373e-01
6.359341442584991455e-01
6.789402961730957031e-01
6.245436370372772217e-01
6.666968464851379395e-01
6.975119709968566895e-01
6.296623349189758301e-01
6.298552453517913818e-01
6.285999119281768799e-01
6.519048213958740234e-01
6.411062479019165039e-01
6.732469797134399414e-01
7.249827384948730469e-01
7.309785485267639160e-01
6.940667331218719482e-01
6.719006896018981934e-01
6.247062981128692627e-01
6.388445794582366943e-01
6.546888351440429688e-01
6.456270515918731689e-01
6.501045227050781250e-01
6.523984372615814209e-01
6.452884376049041748e-01
6.405977010726928711e-01
6.967804431915283203e-01
7.061025500297546387e-01
7.885345518589019775e-01
7.022494375705718994e-01
6.590486168861389160e-01
6.827508807182312012e-01
6.815100312232971191e-01
6.491888165473937988e-01
6.278471350669860840e-01
6.346219480037689209e-01
6.709637045860290527e-01
6.505042016506195068e-01
6.218295097351074219e-01
6.337204277515411377e-01
6.516060233116149902e-01
6.819751262664794922e-01
6.656236648559570312e-01
6.249170899391174316e-01
6.282097399234771729e-01
6.465013623237609863e-01
6.600842773914337158e-01
6.266496777534484863e-01
6.249641776084899902e-01
6.337223649024963379e-01
6.823454797267913818e-01
6.573610305786132812e-01
6.417524218559265137e-01
6.291051506996154785e-01
6.480764746665954590e-01
6.507432162761688232e-01
6.775933504104614258e-01
6.452842950820922852e-01
6.393326520919799805e-01
6.560729146003723145e-01
6.678544878959655762e-01
6.331265568733215332e-01
6.368892192840576172e-01
6.384231448173522949e-01
6.490492522716522217e-01
6.226382553577423096e-01
6.728898584842681885e-01
6.258662045001983643e-01
6.247584819793701172e-01
6.405165195465087891e-01
6.437808275222778320e-01
6.275070309638977051e-01
6.384088993072509766e-01
7.160221040248870850e-01
7.601598799228668213e-01
6.538177430629730225e-01
6.260562837123870850e-01
6.412208080291748047e-01
6.471362411975860596e-01
6.310315728187561035e-01
6.536908447742462158e-01
6.181358695030212402e-01
6.306327879428863525e-01
6.372452974319458008e-01
6.240808367729187012e-01
6.331236660480499268e-01
6.180807054042816162e-01
6.720107793807983398e-01
6.481056511402130127e-01
6.686974167823791504e-01
6.610907018184661865e-01
6.400390267372131348e-01
6.226096749305725098e-01
6.454946696758270264e-01
6.316142678260803223e-01
6.775930225849151611e-01
6.281131505966186523e-01
6.217120885848999023e-01
6.217292547225952148e-01
6.431125402450561523e-01
6.278538405895233154e-01
6.470241546630859375e-01
6.831202507019042969e-01
6.972567439079284668e-01
7.263090908527374268e-01
6.378276646137237549e-01
6.286959052085876465e-01
6.185658276081085205e-01
6.328471899032592773e-01
6.754471659660339355e-01
6.527104079723358154e-01
7.027679979801177979e-01
6.748335957527160645e-01
6.741733849048614502e-01
6.883279681205749512e-01
6.994353830814361572e-01
6.357552707195281982e-01
6.190521419048309326e-01
6.321052610874176025e-01
6.305381357669830322e-01
6.345243752002716064e-01
6.356841325759887695e-01
6.527253687381744385e-01
6.276670396327972412e-01
6.567247211933135986e-01
6.192885637283325195e-01
6.231315433979034424e-01
6.315288245677947998e-01
6.913114786148071289e-01
7.257102727890014648e-01
6.668590307235717773e-01
6.877357661724090576e-01
6.876885294914245605e-01
6.632539927959442139e-01
6.623090803623199463e-01
6.832799911499023438e-01
7.188177108764648438e-01
7.687214314937591553e-01
7.458216547966003418e-01
6.898811459541320801e-01
6.407934427261352539e-01
6.312746405601501465e-01
6.890594959259033203e-01
7.000067234039306641e-01
7.133345901966094971e-01
7.779758274555206299e-01
6.535152792930603027e-01
6.214785575866699219e-01
6.414697170257568359e-01
6.289646327495574951e-01
6.779373884201049805e-01
7.150399684906005859e-01
7.334026694297790527e-01
6.675068438053131104e-01
6.836121380329132080e-01
6.204003095626831055e-01
6.143949329853057861e-01
6.600684821605682373e-01
7.186373472213745117e-01
6.779265403747558594e-01
7.223441898822784424e-01
7.055081129074096680e-01
6.978621780872344971e-01
6.255345642566680908e-01
6.301736533641815186e-01
6.333673596382141113e-01
6.411727964878082275e-01
6.404676735401153564e-01
6.303743422031402588e-01
6.230849921703338623e-01
6.410281658172607422e-01
6.206720471382141113e-01
6.439136862754821777e-01
6.276546120643615723e-01
6.191194653511047363e-01
6.229721605777740479e-01
6.484701037406921387e-01
7.347350120544433594e-01
6.262674629688262939e-01
6.508205235004425049e-01
6.698055267333984375e-01
6.769302487373352051e-01
6.514624953269958496e-01
6.196231842041015625e-01
6.431716680526733398e-01
8.508903086185455322e-01
6.240541338920593262e-01
6.369523704051971436e-01
6.430007517337799072e-01
6.316803693771362305e-01
6.164748668670654297e-01
6.375901699066162109e-01
6.410311162471771240e-01
6.246044933795928955e-01
7.179616391658782959e-01
7.184973359107971191e-01
7.060497701168060303e-01
7.045846283435821533e-01
6.278411149978637695e-01
6.303818821907043457e-01
6.577081084251403809e-01
6.650522947311401367e-01
6.391079425811767578e-01
6.410690546035766602e-01
6.495900154113769531e-01
6.329102218151092529e-01
6.308794617652893066e-01
6.428461670875549316e-01
6.272194087505340576e-01
6.282990574836730957e-01
6.282269656658172607e-01
6.238832771778106689e-01
6.384478807449340820e-01
6.463707983493804932e-01
6.213756799697875977e-01
6.166468560695648193e-01
6.221448183059692383e-01
6.409857869148254395e-01
6.535153687000274658e-01
7.198232114315032959e-01
6.758179068565368652e-01
6.367422938346862793e-01
7.206538319587707520e-01
6.255966424942016602e-01
6.332798004150390625e-01
6.736743152141571045e-01
6.650321781635284424e-01
6.195568442344665527e-01
6.202308535575866699e-01
6.326717734336853027e-01
6.566016376018524170e-01
7.254089713096618652e-01
6.193994283676147461e-01
6.462385654449462891e-01
6.209166049957275391e-01
6.310551166534423828e-01
6.681272685527801514e-01
7.097023129463195801e-01
6.347998380661010742e-01
6.317740678787231445e-01
6.768541336059570312e-01
6.494601964950561523e-01
6.753006875514984131e-01
6.500464379787445068e-01
6.277766823768615723e-01
6.274936199188232422e-01
6.180496811866760254e-01
6.426957845687866211e-01
6.407127380371093750e-01
6.189114451408386230e-01
6.486500799655914307e-01
6.701351702213287354e-01
6.392087936401367188e-01
6.559514105319976807e-01
6.653311848640441895e-01
6.449209451675415039e-01
6.844688057899475098e-01
6.980482935905456543e-01
6.698532104492187500e-01
6.381627917289733887e-01
6.857883036136627197e-01
6.993170976638793945e-01
7.473750114440917969e-01
8.342138230800628662e-01
7.748014926910400391e-01
7.348409891128540039e-01
7.948169708251953125e-01
6.298382878303527832e-01
6.450828015804290771e-01
6.399036049842834473e-01
6.858966946601867676e-01
6.856968104839324951e-01
6.379826366901397705e-01
6.168907284736633301e-01
6.367687582969665527e-01
6.323047280311584473e-01
6.610593795776367188e-01
6.154380142688751221e-01
6.318680644035339355e-01
6.547026932239532471e-01
6.951784789562225342e-01
6.612360775470733643e-01
6.302186548709869385e-01
6.361450850963592529e-01
6.384397447109222412e-01
6.283426284790039062e-01
6.304494142532348633e-01
8.176762163639068604e-01
7.792444229125976562e-01
6.543878614902496338e-01
6.581705808639526367e-01
6.427622735500335693e-01
6.200357973575592041e-01
6.291646361351013184e-01
6.160338521003723145e-01
6.634174287319183350e-01
7.477510273456573486e-01
6.596292853355407715e-01
6.504585146903991699e-01
6.679930090904235840e-01
6.416198611259460449e-01
6.309856176376342773e-01
6.377377808094024658e-01
7.555125355720520020e-01
7.955436408519744873e-01
6.460632681846618652e-01
6.364207863807678223e-01
6.873077452182769775e-01
6.538596749305725098e-01
6.614921689033508301e-01
6.373132765293121338e-01
6.346209347248077393e-01
6.906380355358123779e-01
6.183072328567504883e-01
6.595036983489990234e-01
6.705026328563690186e-01
6.701257228851318359e-01
6.451392173767089844e-01
6.188967525959014893e-01
6.403315961360931396e-01
6.317882835865020752e-01
6.487480998039245605e-01
6.148500144481658936e-01
6.405631005764007568e-01
7.237599790096282959e-01
8.312385082244873047e-01
6.902481317520141602e-01
6.748260557651519775e-01
6.327164471149444580e-01
6.235199868679046631e-01
6.443191468715667725e-01
6.218766570091247559e-01
6.363566219806671143e-01
7.222280204296112061e-01
6.996077895164489746e-01
6.415580213069915771e-01
6.908278167247772217e-01
6.454742550849914551e-01
6.677979230880737305e-01
6.947281658649444580e-01
7.106857597827911377e-01
6.792449951171875000e-01
6.885534524917602539e-01
6.669148504734039307e-01
7.130248844623565674e-01
6.297577917575836182e-01
6.510381996631622314e-01
6.531514525413513184e-01
6.165409386157989502e-01
6.345885396003723145e-01
6.516288220882415771e-01
6.317427456378936768e-01
6.622410416603088379e-01
6.543177366256713867e-01
6.773658692836761475e-01
6.674598753452301025e-01
6.821870505809783936e-01
6.594229638576507568e-01
6.650997996330261230e-01
6.152248382568359375e-01
6.184194087982177734e-01
6.154131591320037842e-01
6.357000470161437988e-01
7.477642893791198730e-01
7.525385618209838867e-01
6.630113720893859863e-01
6.252382397651672363e-01
6.171596646308898926e-01
7.157140970230102539e-01
6.296353936195373535e-01
6.331087052822113037e-01
7.212764322757720947e-01
6.857865452766418457e-01
6.875947415828704834e-01
7.269269227981567383e-01
7.951608598232269287e-01
6.750770509243011475e-01
7.025481760501861572e-01
6.523118019104003906e-01
6.622465848922729492e-01
6.671572625637054443e-01
6.751832067966461182e-01
6.616028845310211182e-01
6.347486674785614014e-01
6.124594807624816895e-01
6.295856237411499023e-01
6.195406019687652588e-01
6.673338115215301514e-01
7.152175307273864746e-01
6.176232695579528809e-01
6.738931238651275635e-01
6.212709248065948486e-01
6.397952735424041748e-01
6.207987070083618164e-01
6.633397638797760010e-01
6.310213208198547363e-01
6.579620838165283203e-01
7.312916517257690430e-01
6.690432727336883545e-01
6.173785626888275146e-01
6.305428147315979004e-01
6.620188355445861816e-01
6.305665671825408936e-01
6.174642145633697510e-01
6.685014069080352783e-01
6.785446107387542725e-01
6.716727316379547119e-01
7.277947068214416504e-01
7.105709016323089600e-01
7.229611873626708984e-01
7.880307734012603760e-01
6.584629714488983154e-01
6.451181173324584961e-01
6.894503831863403320e-01
6.323997378349304199e-01
6.174122691154479980e-01
6.161212325096130371e-01
6.229041516780853271e-01
7.143023610115051270e-01
7.454913556575775146e-01
7.495403289794921875e-01
6.792234182357788086e-01
6.145280003547668457e-01
6.311025619506835938e-01
7.750160992145538330e-01
6.863498985767364502e-01
6.571396589279174805e-01
6.336020231246948242e-01
6.217546164989471436e-01
6.271759569644927979e-01
6.471122205257415771e-01
6.400506496429443359e-01
6.098252534866333008e-01
6.234156489372253418e-01
6.970256567001342773e-01
7.065432071685791016e-01
6.458557844161987305e-01
6.427772045135498047e-01
6.556014716625213623e-01
6.212918460369110107e-01
6.956784129142761230e-01
6.740516722202301025e-01
7.292592823505401611e-01
7.444407939910888672e-01
6.723241806030273438e-01
7.410005629062652588e-01
7.778152823448181152e-01
7.070226073265075684e-01
6.634480357170104980e-01
6.907179951667785645e-01
7.053234577178955078e-01
6.267646253108978271e-01
6.183140575885772705e-01
6.199052631855010986e-01
6.377200782299041748e-01
6.347583234310150146e-01
6.164701879024505615e-01
6.359521746635437012e-01
6.385384500026702881e-01
6.587849259376525879e-01
6.490829586982727051e-01
6.250671744346618652e-01
6.530219912528991699e-01
6.588236391544342041e-01
6.563814580440521240e-01
6.628762483596801758e-01
6.697416901588439941e-01
6.494869589805603027e-01
6.468301117420196533e-01
6.260167360305786133e-01
7.456659376621246338e-01
6.507850289344787598e-01
6.647310256958007812e-01
6.216164231300354004e-01
6.358744502067565918e-01
6.409924626350402832e-01
6.514781415462493896e-01
6.143905818462371826e-01
6.149746775627136230e-01
6.447826027870178223e-01
6.197117865085601807e-01
6.293243765830993652e-01
6.734477579593658447e-01
7.116582989692687988e-01
6.494608223438262939e-01
6.435585021972656250e-01
6.461651623249053955e-01
6.902403533458709717e-01
6.217972934246063232e-01
7.114938795566558838e-01
6.508201956748962402e-01
6.254347264766693115e-01
6.511032283306121826e-01
6.513329446315765381e-01
7.537440359592437744e-01
6.443088054656982422e-01
6.242341399192810059e-01
6.199330389499664307e-01
6.616776585578918457e-01
6.570689380168914795e-01
6.712879240512847900e-01
6.813099086284637451e-01
7.843459844589233398e-01
6.857488751411437988e-01
7.713165581226348877e-01
9.505133926868438721e-01
8.968788087368011475e-01
6.346392929553985596e-01
6.624997258186340332e-01
6.638134121894836426e-01
6.094919741153717041e-01
6.409543752670288086e-01
7.429599165916442871e-01
8.175521790981292725e-01
7.054054737091064453e-01
6.144372522830963135e-01
6.444361805915832520e-01
6.736343801021575928e-01
7.044945359230041504e-01
6.824385821819305420e-01
6.989231705665588379e-01
6.714028418064117432e-01
6.144775152206420898e-01
6.541867554187774658e-01
7.481055259704589844e-01
7.890483438968658447e-01
8.323531150817871094e-01
6.750201582908630371e-01
7.552320957183837891e-01
7.545173764228820801e-01
6.817248165607452393e-01
6.317237019538879395e-01
6.519364714622497559e-01
6.336656212806701660e-01
6.242836117744445801e-01
6.306287646293640137e-01
6.516251564025878906e-01
7.329286634922027588e-01
6.828491389751434326e-01
6.906631588935852051e-01
6.261000931262969971e-01
6.378490328788757324e-01
6.616500616073608398e-01
7.165406346321105957e-01
6.201223134994506836e-01
6.533173322677612305e-01
6.879249215126037598e-01
6.337823569774627686e-01
6.729308664798736572e-01
6.274591088294982910e-01
6.155568361282348633e-01
6.194275021553039551e-01
6.955657303333282471e-01
8.409409523010253906e-01
8.892290294170379639e-01
8.369250893592834473e-01
6.415114998817443848e-01
6.146710216999053955e-01
6.358800530433654785e-01
6.310188472270965576e-01
6.371560394763946533e-01
6.331790685653686523e-01
7.222326099872589111e-01
6.276781857013702393e-01
6.660290062427520752e-01
6.448955535888671875e-01
6.773478388786315918e-01
6.380148231983184814e-01
6.377635002136230469e-01
6.598570942878723145e-01
6.186562776565551758e-01
6.960365176200866699e-01
7.708543241024017334e-01
6.570769250392913818e-01
6.499443054199218750e-01
7.202421724796295166e-01
6.266657710075378418e-01
6.361224949359893799e-01
6.285685896873474121e-01
6.140252947807312012e-01
6.451737284660339355e-01
6.424150764942169189e-01
6.261930465698242188e-01
6.737640202045440674e-01
6.351235508918762207e-01
6.922128796577453613e-01
6.725221276283264160e-01
6.507762372493743896e-01
8.101440668106079102e-01
6.482891142368316650e-01
6.704306900501251221e-01
7.384100556373596191e-01
6.476222276687622070e-01
6.153670251369476318e-01
6.123396158218383789e-01
7.095111310482025146e-01
6.680040061473846436e-01
6.756851077079772949e-01
6.756263375282287598e-01
7.611156702041625977e-01
6.999750137329101562e-01
7.016339302062988281e-01
6.153272986412048340e-01
7.582200169563293457e-01
9.121505320072174072e-01
6.742478013038635254e-01
6.264497041702270508e-01
6.276937127113342285e-01
6.071592867374420166e-01
6.630605757236480713e-01
7.673178315162658691e-01
9.386979341506958008e-01
8.142593502998352051e-01
6.953493058681488037e-01
6.190957427024841309e-01
6.155693829059600830e-01
6.225748062133789062e-01
6.815801262855529785e-01
6.770348250865936279e-01
6.823905408382415771e-01
8.940413296222686768e-01
6.382491290569305420e-01
6.678491830825805664e-01
6.316039860248565674e-01
6.505809128284454346e-01
6.609804630279541016e-01
6.617609858512878418e-01
7.207970619201660156e-01
7.086549103260040283e-01
6.346072554588317871e-01
6.340636014938354492e-01
6.597140729427337646e-01
6.464446485042572021e-01
6.602509915828704834e-01
6.563203334808349609e-01
6.643948853015899658e-01
6.514783501625061035e-01
6.237343251705169678e-01
6.287673711776733398e-01
6.560556292533874512e-01
6.332161724567413330e-01
7.121094465255737305e-01
6.427574157714843750e-01
6.251782178878784180e-01
6.271007955074310303e-01
6.434496045112609863e-01
7.005646824836730957e-01
8.468680083751678467e-01
6.280366182327270508e-01
6.309826970100402832e-01
6.282198429107666016e-01
7.084303796291351318e-01
6.717560589313507080e-01
7.401029169559478760e-01
7.790115475654602051e-01
9.896833300590515137e-01
6.945320367813110352e-01
6.367821991443634033e-01
6.888753175735473633e-01
7.882240116596221924e-01
6.932296752929687500e-01
7.350111603736877441e-01
7.199255228042602539e-01
7.170619368553161621e-01
6.663736701011657715e-01
7.626062035560607910e-01
6.892855763435363770e-01
6.988378465175628662e-01
6.399813294410705566e-01
6.909185945987701416e-01
6.454739570617675781e-01
6.248874068260192871e-01
6.600103974342346191e-01
6.395699977874755859e-01
6.652239561080932617e-01
6.218579411506652832e-01
6.905854344367980957e-01
7.337726354598999023e-01
6.483024358749389648e-01
6.129888892173767090e-01
6.548991203308105469e-01
6.907200217247009277e-01
6.324883103370666504e-01
6.188118159770965576e-01
6.179670989513397217e-01
6.375085711479187012e-01
6.514031291007995605e-01
7.553743124008178711e-01
6.507269144058227539e-01
7.786241471767425537e-01
7.165154814720153809e-01
7.580634951591491699e-01
6.988211870193481445e-01
7.138011753559112549e-01
6.309351325035095215e-01
6.544311046600341797e-01
6.487544775009155273e-01
6.865059137344360352e-01
7.112510204315185547e-01
6.116014719009399414e-01
7.901945114135742188e-01
8.040712773799896240e-01
8.086765706539154053e-01
6.844740509986877441e-01
6.656892299652099609e-01
6.226562261581420898e-01
6.160026788711547852e-01
6.270123720169067383e-01
7.820967137813568115e-01
1.003022253513336182e+00
6.899675726890563965e-01
6.128920912742614746e-01
6.388229727745056152e-01
6.695682704448699951e-01
6.244560480117797852e-01
7.121922075748443604e-01
6.742853522300720215e-01
6.710088849067687988e-01
6.365791261196136475e-01
6.336346864700317383e-01
6.389222145080566406e-01
6.248665153980255127e-01
6.257419288158416748e-01
6.518197953701019287e-01
7.397775053977966309e-01
7.207454442977905273e-01
6.352931261062622070e-01
6.159260272979736328e-01
7.125514745712280273e-01
7.240929901599884033e-01
6.590345799922943115e-01
6.264325678348541260e-01
6.991122364997863770e-01
6.287375092506408691e-01
6.291533112525939941e-01
6.280528604984283447e-01
6.754783689975738525e-01
6.816884279251098633e-01
6.024556159973144531e-01
6.175180971622467041e-01
6.206936538219451904e-01
6.705967485904693604e-01
6.543444991111755371e-01
6.083062589168548584e-01
6.864780485630035400e-01
6.346540451049804688e-01
8.106168210506439209e-01
6.656263768672943115e-01
6.542471945285797119e-01
7.472322583198547363e-01
6.400294303894042969e-01
6.351704299449920654e-01
6.469641923904418945e-01
9.247620403766632080e-01
7.987509071826934814e-01
6.594541668891906738e-01
6.228809952735900879e-01
6.725254952907562256e-01
7.360602319240570068e-01
8.646289706230163574e-01
8.107944130897521973e-01
7.275295257568359375e-01
6.583406031131744385e-01
6.655445694923400879e-01
6.324127912521362305e-01
6.172817647457122803e-01
6.821487843990325928e-01
7.631657719612121582e-01
7.441783547401428223e-01
7.143768966197967529e-01
6.988945603370666504e-01
7.247363626956939697e-01
7.446012496948242188e-01
6.727329492568969727e-01
6.782244443893432617e-01
6.187780797481536865e-01
6.174595057964324951e-01
6.239095032215118408e-01
6.522809565067291260e-01
6.695330142974853516e-01
6.613781750202178955e-01
6.751840114593505859e-01
7.627607583999633789e-01
8.725212812423706055e-01
6.384859681129455566e-01
6.577014625072479248e-01
6.396984457969665527e-01
6.323453485965728760e-01
6.020106077194213867e-01
7.733115553855895996e-01
7.730612456798553467e-01
6.617684364318847656e-01
6.352754235267639160e-01
6.104339957237243652e-01
7.079273462295532227e-01
6.162576377391815186e-01
6.474133133888244629e-01
6.835930645465850830e-01
6.443681716918945312e-01
6.065234541893005371e-01
6.414543390274047852e-01
6.558865904808044434e-01
6.565055549144744873e-01
6.362537741661071777e-01
6.313760280609130859e-01
6.077243387699127197e-01
6.658682823181152344e-01
6.707988679409027100e-01
6.457696855068206787e-01
7.072048783302307129e-01
6.079479455947875977e-01
6.058952808380126953e-01
6.709664463996887207e-01
6.268923878669738770e-01
6.468661427497863770e-01
6.580093502998352051e-01
6.426393091678619385e-01
6.131089329719543457e-01
6.166932582855224609e-01
6.989533007144927979e-01
8.111479580402374268e-01
7.347286045551300049e-01
7.215973138809204102e-01
7.194733023643493652e-01
6.447784006595611572e-01
6.399250030517578125e-01
6.405276656150817871e-01
6.871623396873474121e-01
6.256682276725769043e-01
6.965692937374114990e-01
6.244964897632598877e-01
6.084012091159820557e-01
6.605638265609741211e-01
6.200519502162933350e-01
7.460014820098876953e-01
6.571127772331237793e-01
6.969386041164398193e-01
8.334302008152008057e-01
6.739835143089294434e-01
7.668023705482482910e-01
6.507056951522827148e-01
6.298884153366088867e-01
6.826194524765014648e-01
7.613803744316101074e-01
7.930163145065307617e-01
6.731226742267608643e-01
6.775833964347839355e-01
6.156001985073089600e-01
6.610332131385803223e-01
6.501975655555725098e-01
6.527037322521209717e-01
6.287031769752502441e-01
6.669796705245971680e-01
7.030839323997497559e-01
7.403561472892761230e-01
6.921990215778350830e-01
6.351580619812011719e-01
6.777303218841552734e-01
7.899765074253082275e-01
6.605152785778045654e-01
6.588064432144165039e-01
6.445796787738800049e-01
6.383881568908691406e-01
6.408435404300689697e-01
7.053945660591125488e-01
6.681924760341644287e-01
7.779269814491271973e-01
7.309991121292114258e-01
6.517716348171234131e-01
6.247296035289764404e-01
6.597973704338073730e-01
7.068505585193634033e-01
6.476051211357116699e-01
6.208622455596923828e-01
6.716953814029693604e-01
6.726672053337097168e-01
7.458013892173767090e-01
6.274775266647338867e-01
6.563406288623809814e-01
6.773788332939147949e-01
6.740168929100036621e-01
6.413166522979736328e-01
6.337183415889739990e-01
8.176815509796142578e-01
7.969107925891876221e-01
6.736531853675842285e-01
6.096349358558654785e-01
6.114480197429656982e-01
6.560833156108856201e-01
8.177834451198577881e-01
9.651570916175842285e-01
1.009566783905029297e+00
8.920745849609375000e-01
6.513160765171051025e-01
6.510230302810668945e-01
7.329607307910919189e-01
6.067396998405456543e-01
6.531720757484436035e-01
6.547324061393737793e-01
6.233510673046112061e-01
6.343859434127807617e-01
7.483983635902404785e-01
6.051163673400878906e-01
6.556729972362518311e-01
6.126227676868438721e-01
6.380572319030761719e-01
6.463024020195007324e-01
6.368414461612701416e-01
6.665703654289245605e-01
6.476776897907257080e-01
6.843931078910827637e-01
7.016215324401855469e-01
9.587656855583190918e-01
8.938513696193695068e-01
7.735759913921356201e-01
6.629723310470581055e-01
6.503010392189025879e-01
7.573201358318328857e-01
7.131806015968322754e-01
6.836193203926086426e-01
