1.001171787579854255e+00
1.005344192186991448e+00
9.920300841331481934e-01
8.550040523211160925e-01
7.270767490069071082e-01
6.397164066632589075e-01
6.120068629582723352e-01
6.092736919720967981e-01
6.392706831296285364e-01
6.709048549334207800e-01
6.900736490885416297e-01
7.272440989812215539e-01
7.410612503687540320e-01
7.475881775220235559e-01
7.714295983314514160e-01
7.943111260732015344e-01
8.183476527531942102e-01
8.562675714492797852e-01
8.523169954617818567e-01
8.538390795389810828e-01
8.914831678072611121e-01
9.330247044563293457e-01
9.335970481236776086e-01
9.552758137385050086e-01
9.619652628898620605e-01
1.025998373826344734e+00
1.042562603950500488e+00
1.069313784440358406e+00
1.069591879844665527e+00
1.081684986750284905e+00
1.112399379412333245e+00
1.194876114527384514e+00
1.139641364415486580e+00
1.127954602241516113e+00
1.143746256828308105e+00
1.174419840176900154e+00
1.171101212501525879e+00
1.185556451479593987e+00
1.219156106313069587e+00
1.236853241920471191e+00
1.286839286486307854e+00
1.277272224426269531e+00
1.297092080116271973e+00
1.340067744255065918e+00
1.389618158340454102e+00
1.424342115720113044e+00
1.491789619127909416e+00
1.391989032427469963e+00
1.353369990984598870e+00
1.354160507520039802e+00
1.381835500399271721e+00
1.393295367558797127e+00
1.400658488273620605e+00
1.408750891685485840e+00
1.425398349761962891e+00
1.466044386227925544e+00
1.480416893959045410e+00
1.474539120992024666e+00
1.503768682479858398e+00
1.531790057818094963e+00
1.540550510088602776e+00
1.557396491368611580e+00
1.593574682871500725e+00
1.579621990521748787e+00
1.577837824821472168e+00
1.642604629198710198e+00
1.629324436187744141e+00
1.663823088010152107e+00
1.650974988937377930e+00
1.688198804855346680e+00
2.180230538050333511e+00
1.806294631958007812e+01
1.359624958038330078e+01
9.994784990946451231e+00
7.778026898701985381e+00
6.630060036977131865e+00
5.983100414276123047e+00
5.544349034627278350e+00
5.233107089996337891e+00
5.009839057922363281e+00
4.838042418162028291e+00
4.701438744862874053e+00
4.574092864990234375e+00
4.459936618804931641e+00
4.351244926452636719e+00
4.250475247701008819e+00
4.153475602467854522e+00
4.067285537719726562e+00
3.966246287027994644e+00
3.875224351882934570e+00
3.794878959655761719e+00
3.709410667419433594e+00
3.619644959767659653e+00
3.554391225179036606e+00
3.464576880137125503e+00
3.382974783579508316e+00
3.306134223937988281e+00
3.225155115127563477e+00
3.154443422953287612e+00
3.106078863143920898e+00
3.042706648508707534e+00
2.979939619700113784e+00
2.923451423645019531e+00
2.880827744801839341e+00
2.824285348256429184e+00
2.769678274790445816e+00
2.712434530258178711e+00
2.665955940882364761e+00
2.626455545425415039e+00
2.584403594334920395e+00
2.533612012863159180e+00
2.494321982065836441e+00
2.460043191909790039e+00
2.413103421529134263e+00
2.365807453791300308e+00
2.326277414957682144e+00
2.281368652979532730e+00
2.249156475067138672e+00
2.209279616673787583e+00
2.167963027954101562e+00
2.135771115620931138e+00
2.107818603515625000e+00
2.074818849563598633e+00
2.034973343213399399e+00
2.004512429237365723e+00
1.977885166803995842e+00
1.943475445111592537e+00
1.922379771868387932e+00
1.890244086583455330e+00
1.871054172515869141e+00
1.842030564943949456e+00
1.817904710769653320e+00
1.787046750386555916e+00
1.767484903335571289e+00
1.741864562034606934e+00
1.714548031489054436e+00
1.697610855102539062e+00
1.673069834709167480e+00
1.651121815045674568e+00
1.627920468648274666e+00
1.609244306882222419e+00
1.597017367680867439e+00
1.585375547409057617e+00
1.557883977890014648e+00
1.543943007787068611e+00
1.523630221684773689e+00
1.505034367243448967e+00
1.489519516626993889e+00
1.478006720542907715e+00
1.467943032582600837e+00
1.454524874687194824e+00
1.442566593488057380e+00
1.428031563758850098e+00
1.420730670293172127e+00
1.402768492698669434e+00
1.386880834897359138e+00
1.376947363217671638e+00
1.363923827807108635e+00
1.358116189638773674e+00
1.346585512161254883e+00
1.336209058761596680e+00
1.316158056259155273e+00
1.309642752011616951e+00
1.301334738731384277e+00
1.292986432711283440e+00
1.276876846949259514e+00
1.268209815025329590e+00
1.262277007102966309e+00
1.252152681350708008e+00
1.245118260383605957e+00
1.235451221466064453e+00
1.230932394663492913e+00
1.220970571041107178e+00
1.206450363000233894e+00
1.196216980616251702e+00
1.193885286649068123e+00
1.180409828821818108e+00
1.170662621657053704e+00
1.160594860712687248e+00
1.155276576677958245e+00
1.148795127868652344e+00
1.143330971399943108e+00
1.134415705998738533e+00
1.129934112230936760e+00
1.124130288759867424e+00
1.114880144596099854e+00
1.107048948605855232e+00
1.099856853485107422e+00
1.095814545949300056e+00
1.082256555557250977e+00
1.079168756802876716e+00
1.074115633964538574e+00
1.067961732546488518e+00
1.060167034467061287e+00
1.052416622638702393e+00
1.049844761689503914e+00
1.043691992759704590e+00
1.039765636126200432e+00
1.032330870628356934e+00
1.025090873241424561e+00
1.015928169091542488e+00
1.006310741106669182e+00
1.002743522326151604e+00
9.993127187093099328e-01
9.932093620300292969e-01
9.917778968811035156e-01
9.805480837821960449e-01
9.745968977610269812e-01
9.723122715950012207e-01
9.635995229085286828e-01
9.572329123814901086e-01
9.557294249534606934e-01
9.513666828473409387e-01
9.477757016817728308e-01
9.438768029212951660e-01
9.397328694661458703e-01
9.351499478022257117e-01
9.302487770716348914e-01
9.260644316673278809e-01
9.226086139678955078e-01
9.172805150349935266e-01
9.098263978958129883e-01
9.070100585619608191e-01
9.041298031806945801e-01
9.003277818361917761e-01
8.969262242317199707e-01
8.911096453666687012e-01
8.884160121281942102e-01
8.837008078893026086e-01
8.776691754659017297e-01
8.740027745564779016e-01
8.700807889302571985e-01
8.660238981246948242e-01
8.645642598470052453e-01
8.600000143051147461e-01
8.547241886456807825e-01
8.487378954887390137e-01
8.477849761644998816e-01
8.430518706639608117e-01
8.428843418757120398e-01
8.396855592727661133e-01
8.319696187973022461e-01
8.300463358561197547e-01
8.265367348988851282e-01
8.258864084879556922e-01
8.233944177627563477e-01
8.189215064048767090e-01
8.130352894465128211e-01
8.105975588162740442e-01
8.115776181221008301e-01
8.058457970619201660e-01
8.059194485346475867e-01
8.034839630126953125e-01
7.990465760231018066e-01
7.953748703002929688e-01
7.933415373166402551e-01
7.909689148267110559e-01
7.888936400413513184e-01
7.841511368751525879e-01
7.844001849492391321e-01
7.828114231427510950e-01
7.815817594528198242e-01
7.766988277435302734e-01
7.754796346028646203e-01
7.742641568183898926e-01
7.725479801495870325e-01
7.692717115084329871e-01
7.693939407666524621e-01
7.675757805506387976e-01
7.612062096595764160e-01
7.610081434249877930e-01
7.608114083607991907e-01
7.570469776789346961e-01
7.580020626386007043e-01
7.537973721822103235e-01
7.533418933550516394e-01
7.550297578175863000e-01
7.502347032229105261e-01
7.478858629862467078e-01
7.493785421053568152e-01
7.480332454045613977e-01
7.451029618581136438e-01
7.435790697733560828e-01
7.473932902018228797e-01
7.465744614601135254e-01
7.443470756212869910e-01
7.432725032170613977e-01
7.385125954945882532e-01
7.388181090354919434e-01
7.365413506825765344e-01
7.352043588956197473e-01
7.326448361078897742e-01
7.298938830693563196e-01
7.250975966453552246e-01
7.245404918988546106e-01
7.229599356651306152e-01
7.187431454658508301e-01
7.164088686307271692e-01
7.147825558980306360e-01
7.110182642936706543e-01
7.085037032763162879e-01
7.057265639305114746e-01
7.060930331548055383e-01
6.988151669502258301e-01
6.999118725458780554e-01
7.013357679049173621e-01
6.968999306360880164e-01
7.012822826703389856e-01
6.948355237642923621e-01
6.926510532697042200e-01
6.956791679064432410e-01
6.982571681340535852e-01
6.951053738594055176e-01
6.936230659484863281e-01
6.884574095408121375e-01
6.903425455093383789e-01
6.901635527610778809e-01
6.906089385350545617e-01
6.923864285151163367e-01
6.860412160555521277e-01
6.898093422253926965e-01
6.873295307159423828e-01
6.876519322395324707e-01
6.879475712776184082e-01
6.888404687245687219e-01
6.876059373219808313e-01
6.866709391276041297e-01
6.852326393127441406e-01
6.832947731018066406e-01
6.839163700739542273e-01
6.828334728876749304e-01
6.851827303568521765e-01
6.801581581433614465e-01
6.798922618230184289e-01
6.801759401957193640e-01
6.805473566055297852e-01
6.799649596214294434e-01
6.796247363090515137e-01
6.765099565188089636e-01
6.825828949610391883e-01
6.827815969785054895e-01
6.777118444442749023e-01
6.787560184796651575e-01
6.799613436063131067e-01
6.772706906000772742e-01
6.799753109614053992e-01
6.759391029675801965e-01
6.755263606707254675e-01
6.779171824455261230e-01
6.775731643040975305e-01
6.789543231328328821e-01
6.801382501920064660e-01
6.768200000127156946e-01
6.784989635149637488e-01
6.772465904553731653e-01
6.779069900512695312e-01
6.813632845878601074e-01
6.772546966870626184e-01
6.777819991111755371e-01
6.783831516901651648e-01
6.794186631838480261e-01
6.772770484288533899e-01
6.807623108228048059e-01
6.797964970270792273e-01
6.758684118588765832e-01
6.827227473258972168e-01
6.833336949348449707e-01
6.827651460965474817e-01
6.815649072329202918e-01
6.801879405975341797e-01
6.838115851084390906e-01
6.839620669682821008e-01
6.810524066289266321e-01
6.825372576713562012e-01
6.831741531689962121e-01
6.816959778467813758e-01
6.877500613530477258e-01
6.849029660224914551e-01
6.894244949022928504e-01
6.847977042198181152e-01
6.839344700177510950e-01
6.891789833704630164e-01
6.855019728342691687e-01
6.865526835123697547e-01
6.900150775909423828e-01
6.882854302724202844e-01
6.883479754130045203e-01
6.881892681121826172e-01
6.930586298306783410e-01
6.876150568326314660e-01
6.926107207934061316e-01
6.914263168970743445e-01
6.932085355122884485e-01
6.962700486183166504e-01
6.952500542004903528e-01
6.941984891891479492e-01
6.959353884061177942e-01
6.945575475692749023e-01
6.997585495313008996e-01
6.985501845677694055e-01
6.985103885332742957e-01
6.985369920730590820e-01
7.011746764183044434e-01
7.021015286445617676e-01
7.024355133374532434e-01
7.021898627281188965e-01
7.017872333526611328e-01
7.074623306592305871e-01
7.067997256914774207e-01
7.044639984766641883e-01
7.112157742182413367e-01
7.089930772781372070e-01
7.118191917737325403e-01
7.118521531422933313e-01
7.127499580383300781e-01
7.077629566192626953e-01
7.068011760711669922e-01
7.126619418462117883e-01
7.112491130828857422e-01
7.171924511591593054e-01
7.123242616653442383e-01
7.169168591499328613e-01
7.147488792737325403e-01
7.180863022804260254e-01
7.206363677978515625e-01
7.191751003265380859e-01
7.144421140352884558e-01
7.190020283063253137e-01
7.202129364013671875e-01
7.248166203498840332e-01
7.223688364028930664e-01
7.327352563540140418e-01
7.246471246083577844e-01
7.238573630650838586e-01
7.233302195866903039e-01
7.239972750345865515e-01
7.279688318570455285e-01
7.254840930302938196e-01
7.275575796763101843e-01
7.266452113787332800e-01
7.281126777331033972e-01
7.353137731552124023e-01
7.379310925801595422e-01
7.281116445859273645e-01
7.344020009040832520e-01
7.357300519943237305e-01
7.352024515469869348e-01
7.374865214029947547e-01
7.359312574068704871e-01
7.363439599672952918e-01
7.370982964833577844e-01
7.374953031539916992e-01
7.351412773132324219e-01
7.402092615763345984e-01
7.387473384539285925e-01
7.461814085642496375e-01
7.430709799130758020e-01
7.503634095191955566e-01
7.447660962740579871e-01
7.412019570668538782e-01
7.466569542884826660e-01
7.468583583831787109e-01
7.482292056083679199e-01
7.532132665316263465e-01
7.477760513623555871e-01
7.510222593943277625e-01
7.520020405451456336e-01
7.549158930778503418e-01
7.552649577458699914e-01
7.592606147130330774e-01
7.569891611735025672e-01
7.595360080401102332e-01
7.559203505516052246e-01
7.586161096890767785e-01
7.601326107978820801e-01
7.594377795855203894e-01
7.614147861798604700e-01
7.631157835324605676e-01
7.674133181571960449e-01
7.611109217007955285e-01
7.663667400677999231e-01
7.616901596387227746e-01
7.647202809651693078e-01
7.687291701634725305e-01
7.697605689366658899e-01
7.680727044741312293e-01
7.697893778483072547e-01
7.726574540138244629e-01
7.765135963757833215e-01
7.767278154691060754e-01
7.817037900288900110e-01
7.723929683367410925e-01
7.784896890322366980e-01
7.760724027951558801e-01
7.784191171328226355e-01
7.847197254498800012e-01
7.860560019810994836e-01
7.853066325187683105e-01
7.847511768341064453e-01
7.887062231699625281e-01
7.898872693379720422e-01
7.855992714564005164e-01
7.926323811213175086e-01
7.991356650988260535e-01
7.939642667770385742e-01
7.966160178184509277e-01
7.983306248982747766e-01
7.913532455762227746e-01
8.017541766166687012e-01
8.012732068697611121e-01
7.981141805648803711e-01
8.049067457516988489e-01
8.065686821937561035e-01
8.052637577056884766e-01
8.185015519460042688e-01
8.074383139610290527e-01
8.114545543988546106e-01
8.134149511655172082e-01
8.110779921213785437e-01
8.185447851816812781e-01
8.182639678319295617e-01
8.171615997950235633e-01
8.195907274881998328e-01
8.246908982594808313e-01
8.251124819119771692e-01
8.272577126820882532e-01
8.307577967643737793e-01
8.279277284940084192e-01
8.341564933458963660e-01
8.345835208892822266e-01
8.392402927080789832e-01
8.545189698537191125e-01
8.451554775238037109e-01
8.421486218770345422e-01
8.625769615173339844e-01
8.354427615801492957e-01
8.368141849835714075e-01
8.575007915496826172e-01
8.442016045252481726e-01
8.468727469444274902e-01
8.438273866971334192e-01
8.436306913693746301e-01
8.484147191047668457e-01
8.537220160166422156e-01
8.646366596221923828e-01
8.565397659937540320e-01
8.586082061131795617e-01
8.577080567677816125e-01
8.633244832356771203e-01
8.701298832893371582e-01
8.621173302332559851e-01
8.796690702438354492e-01
8.688313961029052734e-01
8.688419063886007043e-01
8.686893582344055176e-01
8.720661203066507605e-01
8.679527839024862024e-01
8.770977656046549109e-01
8.713747262954711914e-01
8.777324755986531946e-01
8.829956054687500000e-01
8.815738956133524207e-01
8.812619050343831750e-01
8.856289386749267578e-01
8.899942437807718543e-01
8.924710949261983606e-01
9.029563069343566895e-01
9.012147386868795129e-01
8.959478338559468957e-01
9.101685086886087683e-01
8.970170815785726282e-01
8.979083100954691199e-01
9.020623366038004187e-01
9.010043541590372351e-01
9.289314349492391321e-01
9.020197788874307898e-01
9.068617224693298340e-01
9.090953469276428223e-01
9.244218269983927039e-01
9.096852540969848633e-01
9.198559323946634558e-01
9.349329868952432898e-01
9.276242454846700403e-01
9.239028890927633020e-01
9.113804300626119348e-01
9.279029568036397668e-01
9.414672454198201867e-01
9.406526684761047363e-01
9.277127186457315711e-01
9.414542516072591516e-01
9.390925765037536621e-01
9.324833949406942102e-01
9.694333076477050781e-01
9.493514498074849817e-01
9.510233402252197266e-01
9.429347515106201172e-01
9.409203529357910156e-01
9.438687960306803015e-01
9.473259051640828821e-01
9.518149296442667273e-01
9.504271149635314941e-01
9.732349316279093054e-01
9.645426273345947266e-01
9.540247321128845215e-01
9.590158065160115930e-01
9.583716789881387976e-01
1.003043731053670173e+00
9.755798975626627234e-01
9.739050467809041711e-01
9.773470560709635047e-01
9.570897817611694336e-01
9.875885844230651855e-01
9.576199054718017578e-01
9.661985834439595910e-01
9.790344635645548133e-01
9.958333969116210938e-01
1.000898003578186035e+00
9.834024508794149133e-01
9.648416042327880859e-01
9.765030940373738977e-01
9.905320207277933386e-01
9.798915783564249304e-01
9.870518843332926062e-01
1.006019870440165276e+00
9.942845900853475305e-01
1.001920183499654060e+00
9.980348944664001465e-01
1.009755233923594231e+00
9.908339977264404297e-01
9.982357819875081750e-01
1.045012056827545166e+00
1.041153689225514656e+00
1.017285883426666260e+00
1.034784873326619392e+00
1.014507234096527100e+00
1.023293932278950935e+00
1.026147584120432610e+00
1.018985211849212646e+00
1.027408162752787346e+00
1.026952763398488289e+00
1.036924799283345466e+00
1.038336575031280518e+00
1.042542219161987305e+00
1.040710012118021721e+00
1.028568625450134277e+00
1.070073326428731209e+00
1.059473792711893791e+00
1.039797902107238770e+00
1.043663422266642327e+00
1.070983767509460449e+00
1.074328184127807617e+00
1.065006653467814202e+00
1.137914260228474861e+00
1.056718985239664788e+00
1.083267529805501228e+00
1.072926640510559082e+00
1.081443727016448975e+00
1.082133571306864495e+00
1.098097761472066169e+00
1.116082827250162834e+00
1.072520534197489495e+00
1.071991642316182380e+00
1.074759205182393318e+00
1.127301732699076409e+00
1.082419395446777344e+00
1.076997359593709236e+00
1.078549126784006829e+00
1.080683310826619392e+00
1.091822783152262444e+00
1.100042859713236565e+00
1.130330284436543709e+00
1.103471696376800537e+00
1.113476117451985603e+00
1.101123650868733650e+00
1.102523962656656975e+00
1.114506880442301506e+00
1.106414218743642097e+00
1.111971120039622063e+00
1.161951303482055664e+00
1.124200503031412834e+00
1.121386011441548591e+00
1.132064064343770271e+00
1.132500449816385979e+00
1.117982308069864983e+00
1.137454191843668694e+00
1.143544475237528557e+00
1.139420469601948982e+00
1.162800033887227302e+00
1.171709736188252693e+00
1.157830397288004631e+00
1.173265337944030762e+00
1.164737939834594727e+00
1.191959778467814202e+00
1.185645103454589844e+00
1.167019089063008552e+00
1.156153837839762444e+00
1.177846034367879158e+00
1.166449030240376716e+00
1.146768093109130859e+00
1.175772428512573242e+00
1.177734255790710449e+00
1.181808829307556152e+00
1.220914761225382561e+00
1.161627213160197014e+00
1.195214748382568359e+00
1.166894753774007087e+00
1.171770850817362541e+00
1.191187143325805664e+00
1.180386781692504883e+00
1.193155090014139885e+00
1.211253364880879646e+00
1.196349700291951423e+00
1.225123763084411621e+00
1.248774766921997070e+00
1.284232219060261970e+00
1.213913559913635254e+00
1.203666130701700920e+00
1.220908085505167717e+00
1.213449041048685784e+00
1.200311183929443359e+00
1.230853716532389397e+00
1.238994280497233147e+00
1.237605651219685798e+00
1.247312982877095466e+00
1.278908292452494377e+00
1.293371876080830818e+00
1.260189453760782952e+00
1.265431483586629158e+00
1.270727117856343513e+00
1.259482860565185547e+00
1.247307062149047852e+00
1.256345391273498535e+00
1.255868832270304436e+00
1.239511966705322266e+00
1.249994595845540291e+00
1.294067144393920898e+00
1.275557994842529297e+00
1.294045885403950935e+00
1.261839866638183594e+00
1.274063984553019280e+00
1.260501503944396973e+00
1.255405624707539802e+00
1.269066890080769783e+00
1.263923843701680427e+00
1.286968906720479255e+00
1.300466179847717285e+00
1.288832505544026619e+00
1.282386302947998047e+00
1.290035525957743401e+00
1.355561892191569084e+00
1.315531810124715095e+00
1.314210851987202888e+00
1.307321707407633538e+00
1.279044270515441895e+00
1.280122280120849609e+00
1.306265989939371819e+00
1.314563393592834473e+00
1.328657905260721916e+00
1.319677829742431641e+00
1.321688334147135491e+00
1.324823260307312012e+00
1.323689937591552734e+00
1.344750920931498284e+00
1.345703085263570076e+00
1.346324165662129646e+00
1.383210659027099609e+00
1.352583686510721916e+00
1.363679687182108635e+00
1.367528915405273438e+00
1.404170632362365723e+00
1.369315624237060547e+00
1.386653343836466545e+00
1.389632542928059822e+00
1.350089828173319573e+00
1.339966615041096931e+00
1.344640533129374260e+00
1.341714739799499512e+00
1.394730210304260254e+00
1.379180590311686272e+00
1.393590410550435310e+00
1.392326434453328377e+00
1.408000747362772698e+00
1.383484641710917229e+00
1.408421556154886956e+00
1.399375398953755623e+00
1.432464321454365974e+00
1.400386571884155273e+00
1.439676920572916741e+00
1.407879471778869629e+00
1.405807693799336677e+00
1.421917319297790527e+00
1.441532810529073005e+00
1.421615918477376228e+00
1.475341399510701423e+00
1.423075596491495842e+00
1.441507538159688240e+00
1.465627829233805413e+00
1.432943383852640862e+00
1.426958123842875237e+00
1.452528595924377441e+00
1.415737867355346680e+00
1.412680308024088616e+00
1.422389785448710198e+00
1.479878624280293709e+00
1.459698915481567383e+00
1.383079051971435547e+00
1.433136622111002678e+00
1.496243556340535408e+00
1.436104456583658928e+00
1.405590931574503655e+00
1.455288171768188477e+00
1.420935432116190666e+00
1.447634498278300041e+00
1.448669314384460449e+00
1.453648964564005608e+00
1.468170523643493652e+00
1.540450572967529297e+00
1.519665956497192383e+00
1.602168718973795647e+00
1.458256999651591057e+00
1.431629578272501702e+00
1.453721125920613533e+00
1.422837018966674805e+00
1.435737808545430427e+00
1.468880891799926758e+00
1.444303830464680916e+00
1.475264271100362068e+00
1.524272759755452400e+00
1.502002477645874023e+00
1.522630095481872559e+00
1.574087460835774666e+00
1.536173701286315918e+00
1.585538268089294434e+00
1.527699112892150879e+00
1.486208995183308845e+00
1.517130414644877190e+00
1.490628480911254883e+00
1.489041884740193611e+00
1.544183969497680664e+00
1.510423024495442634e+00
1.566424608230590820e+00
1.552654107411702400e+00
1.547314723332722908e+00
1.581354379653930664e+00
1.554698665936787849e+00
1.519878149032592773e+00
1.505879402160644531e+00
1.589922388394673591e+00
1.560252904891967773e+00
1.565607587496439690e+00
1.571600357691447014e+00
1.535227298736572266e+00
1.552211682001749748e+00
1.558324178059895759e+00
1.535049080848693848e+00
1.564996480941772461e+00
1.551153222719828362e+00
1.596289952596028572e+00
1.589200139045715332e+00
1.582063158353169685e+00
1.576687216758728027e+00
1.613219459851582771e+00
1.611944158871968513e+00
1.633631626764933342e+00
1.623878320058186775e+00
1.647717078526814705e+00
1.710536241531372070e+00
1.763349612553914314e+00
1.645810405413309807e+00
1.631732304890950447e+00
1.583141962687174553e+00
1.616705298423767090e+00
1.633532842000325447e+00
1.688196063041687012e+00
1.756663878758748298e+00
1.689920345942179436e+00
1.775604764620463127e+00
1.621912280718485588e+00
1.562956055005391365e+00
1.558925390243530273e+00
1.552221457163492913e+00
1.564624945322672600e+00
1.573061426480611091e+00
1.568116148312886482e+00
1.545980850855509514e+00
1.562927484512329102e+00
1.590222477912902832e+00
1.585419297218322754e+00
1.550165335337321038e+00
1.597334543863932366e+00
1.595970392227172852e+00
1.599084218343098884e+00
1.616015513737996345e+00
1.623422145843505859e+00
1.625944932301839119e+00
1.631456414858500237e+00
1.713425596555073982e+00
1.715444008509318108e+00
1.729957063992818123e+00
1.682458957036336189e+00
1.703135848045349121e+00
1.666773279507954841e+00
1.618506431579589844e+00
1.662034551302592034e+00
1.645490447680155510e+00
1.649893124898274666e+00
1.700586835543314690e+00
1.668551802635192871e+00
1.657165765762329102e+00
1.682571649551391602e+00
1.673400719960530525e+00
1.702873229980468750e+00
1.707753499348958259e+00
1.763078927993774414e+00
1.792129437128702873e+00
1.790572206179301018e+00
1.719892501831054688e+00
1.665041645367940193e+00
1.688834945360819573e+00
1.719830671946207756e+00
1.666318853696187263e+00
1.705073634783426995e+00
1.708997249603271484e+00
1.701247890790303474e+00
1.752732316652933831e+00
1.724538485209147209e+00
1.723883748054504395e+00
1.741567373275756836e+00
1.728098114331563240e+00
1.788033207257588630e+00
1.815736730893452888e+00
1.822681148846944099e+00
1.761222958564758301e+00
1.886336485544840569e+00
1.792991995811462402e+00
1.339878082275390625e+01
1.353486633300781250e+01
9.918852488199869200e+00
7.092275301615397431e+00
5.548020680745442412e+00
7.731889088948567412e+00
7.467979907989501953e+00
7.106819470723469756e+00
8.211550394694009825e+00
9.568157196044921875e+00
1.722591400146484375e+01
1.616602516174316406e+01
1.651630783081054688e+01
1.315686416625976562e+01
1.206052144368489643e+01
1.240810934702555279e+01
1.261269378662109375e+01
1.285515944163004498e+01
1.298196697235107422e+01
1.298749001820882221e+01
1.300961589813232422e+01
1.295443344116210938e+01
1.297016302744547467e+01
1.291274611155191998e+01
1.288395468393961529e+01
1.286578782399495502e+01
1.284752400716145893e+01
1.282456684112548828e+01
1.279109350840250592e+01
1.275086593627929688e+01
1.272186724344889264e+01
1.269581254323323627e+01
1.266970952351888080e+01
1.264529895782470703e+01
1.262719217936197857e+01
1.257980187733968158e+01
1.254271952311197857e+01
1.253215662638346295e+01
1.251690196990966797e+01
1.248269685109456439e+01
1.245349947611490826e+01
1.241807492574056049e+01
1.239340655008951764e+01
1.236833095550537109e+01
1.234186649322509766e+01
1.230512777964274029e+01
1.228773498535156250e+01
1.224904632568359375e+01
1.224533557891845703e+01
1.222801367441813092e+01
1.222002092997233014e+01
1.219085725148518939e+01
1.216893227895100971e+01
1.215347544352213482e+01
1.214059861501058002e+01
1.213099447886149029e+01
1.214036560058593750e+01
1.212245686848958393e+01
1.210427665710449219e+01
1.209344323476155658e+01
1.207746156056722064e+01
1.206533845265706439e+01
1.205576705932617188e+01
1.204562218983968158e+01
1.202972284952799420e+01
1.202522786458333393e+01
1.202503013610839844e+01
1.199884319305419922e+01
1.199533685048421283e+01
1.199027379353841205e+01
1.198074499766031842e+01
1.196434688568115234e+01
1.195944976806640625e+01
1.194065888722737689e+01
1.193220424652099609e+01
1.192374579111734967e+01
1.192297999064127545e+01
1.191068458557128906e+01
1.191777896881103516e+01
1.190645885467529297e+01
1.189408397674560547e+01
1.190174738566080670e+01
1.189555931091308594e+01
1.188825511932373047e+01
1.188642183939615826e+01
1.188719431559244732e+01
1.188513851165771484e+01
1.187865352630615234e+01
1.186533737182617188e+01
1.186519082387288471e+01
1.185183397928873639e+01
1.184979597727457623e+01
1.183353106180826764e+01
1.183704026540120502e+01
1.182430648803710938e+01
1.182255713144938092e+01
1.181628227233886719e+01
1.180648167928059955e+01
1.179208501180013080e+01
1.179662259419759174e+01
1.179177920023600201e+01
1.178532091776529889e+01
1.177912807464599609e+01
1.176817862192789654e+01
1.176778570810953717e+01
1.175778770446777344e+01
1.173759969075520893e+01
1.171565755208333393e+01
1.170932102203369141e+01
1.171458530426025391e+01
1.171051883697509766e+01
1.169596958160400391e+01
1.169557348887125592e+01
1.168910725911458393e+01
1.169156328837076764e+01
1.169017791748046875e+01
1.168522135416666607e+01
1.167085838317871094e+01
1.166501522064208984e+01
1.166314315795898438e+01
1.166362953186035156e+01
1.165903218587239643e+01
1.164812310536702533e+01
1.164251009623209576e+01
1.163625748952229877e+01
1.162449995676676373e+01
1.163915761311849018e+01
1.163905207316080670e+01
1.170433266957600971e+01
1.171804682413736920e+01
1.171658515930175781e+01
1.171563816070556641e+01
1.171310329437255859e+01
1.171485360463460346e+01
1.170595296223958393e+01
1.170726331075032611e+01
1.170378716786702533e+01
1.169435310363769531e+01
1.169495900472005268e+01
1.169657166798909564e+01
1.168584855397542377e+01
1.167394065856933594e+01
1.166149711608886719e+01
1.168340237935384174e+01
1.166512616475423236e+01
1.167976570129394531e+01
1.167102050781250000e+01
1.168335247039794922e+01
1.172147432963053326e+01
1.172697957356770893e+01
1.179097143809000592e+01
1.178303305308024029e+01
1.177695496877034564e+01
1.178073628743489643e+01
1.180029296875000000e+01
1.179642359415690045e+01
1.179552777608235736e+01
1.179601224263509174e+01
1.181271012624104877e+01
1.180326588948567768e+01
1.179636605580647846e+01
1.178986454010009766e+01
1.179309336344400982e+01
1.182596047719319721e+01
1.184284750620524029e+01
1.183566602071126361e+01
1.184960492451985736e+01
1.187390009562174420e+01
1.188130410512288471e+01
1.187623373667399029e+01
1.187251949310302734e+01
1.185353883107503314e+01
1.186258729298909564e+01
1.185221290588378906e+01
1.184371821085611920e+01
1.184173838297525982e+01
1.183315976460774799e+01
1.181821155548095703e+01
1.181708145141601562e+01
1.182093683878580670e+01
1.180678367614746094e+01
1.180367183685302734e+01
1.179392528533935547e+01
1.179981486002604107e+01
1.176340675354003906e+01
1.175193087259928326e+01
1.177874851226806641e+01
1.182398064931233783e+01
1.184238020579020123e+01
1.183985646565755268e+01
1.183092085520426373e+01
1.182415008544921875e+01
1.182322915395100971e+01
1.183273855845133404e+01
1.184064133961995502e+01
1.183820088704427143e+01
1.186790593465169330e+01
1.191767851511637311e+01
1.194044748942057232e+01
1.194772084554036518e+01
1.195525805155436139e+01
1.195156510670979877e+01
1.197397804260253906e+01
1.199424997965494732e+01
1.202730019887288471e+01
1.209043343861897846e+01
1.204561932881673236e+01
1.203783289591471295e+01
1.203022289276123047e+01
1.199744351704915424e+01
1.196587944030761719e+01
1.196508375803629498e+01
1.195324548085530658e+01
1.193841552734375000e+01
1.192003409067789654e+01
1.192105579376220703e+01
1.190483029683431049e+01
1.188528982798258404e+01
1.188023694356282611e+01
1.189033222198486328e+01
1.188336944580078125e+01
1.188063112894693951e+01
1.188393370310465436e+01
1.182184155782063861e+01
1.181649335225423236e+01
1.181430466969808002e+01
1.182272307078043561e+01
1.181205177307128906e+01
1.180617300669352154e+01
1.181557432810465436e+01
1.180344645182291607e+01
1.180566310882568359e+01
1.181830151875813861e+01
1.177954101562500000e+01
1.176544030507405658e+01
1.173822148640950580e+01
1.171413580576578717e+01
1.169326591491699219e+01
1.169609959920247455e+01
1.167626857757568359e+01
1.166828378041585346e+01
1.167173163096109967e+01
1.165413347880045514e+01
1.165518728892008404e+01
1.164155038197835346e+01
1.163894462585449219e+01
1.164063930511474609e+01
1.163610585530599018e+01
1.161827500661214252e+01
1.161960760752359967e+01
1.162506421407063861e+01
1.161143366495768170e+01
1.160306771596272846e+01
1.160537306467691998e+01
1.159509277343750000e+01
1.159177017211914062e+01
1.159574222564697266e+01
1.158842627207438092e+01
1.157367006937662701e+01
1.157406330108642578e+01
1.157557074228922467e+01
1.157487265268961529e+01
1.158251317342122455e+01
1.159810288747151752e+01
1.166765626271565814e+01
1.167698542277018170e+01
1.168279393513997455e+01
1.166687965393066406e+01
1.166867415110270123e+01
1.165891106923421283e+01
1.163751284281412701e+01
1.163499291737874408e+01
1.162705739339192768e+01
1.162688318888346295e+01
1.165294075012207031e+01
1.164392471313476562e+01
1.166009966532389264e+01
1.167494837443033795e+01
1.167560036977132221e+01
1.167628765106201172e+01
1.166405932108561139e+01
1.165466976165771484e+01
1.165657838185628314e+01
1.165412012736002545e+01
1.164490222930908203e+01
1.163960456848144531e+01
1.162907695770263672e+01
1.162895901997884174e+01
1.162345345815022846e+01
1.161922359466552734e+01
1.158360195159912109e+01
1.160650889078775982e+01
1.162487983703613281e+01
1.161225573221842389e+01
1.161866537729899029e+01
1.161811065673828125e+01
1.162206268310546875e+01
1.161769707997640033e+01
1.161876360575358014e+01
1.160541343688964844e+01
1.160579999287923236e+01
1.158156840006510357e+01
1.159136899312337299e+01
1.158897686004638672e+01
1.158776601155599018e+01
1.158296680450439453e+01
1.157549985249837299e+01
1.157360204060872455e+01
1.157315635681152344e+01
1.157319641113281250e+01
1.156340281168619732e+01
1.154809856414794922e+01
1.155716196695963482e+01
1.154914410909016986e+01
1.153998629252115826e+01
1.153372128804524799e+01
1.153761863708496094e+01
1.154550743103027344e+01
1.152469285329183002e+01
1.151517264048258404e+01
1.151771513621012311e+01
1.151979732513427734e+01
1.151023451487223248e+01
1.146231492360433002e+01
1.132740338643391986e+01
1.133377138773600201e+01
1.130249691009521484e+01
1.125779914855957031e+01
1.124295012156168561e+01
1.123509120941162109e+01
1.123887221018473248e+01
1.124505710601806641e+01
1.121227518717447857e+01
1.121346441904703717e+01
1.120072110493977924e+01
1.118631045023600201e+01
1.119437980651855469e+01
1.118192259470621686e+01
1.118076006571451764e+01
1.118667030334472656e+01
1.116855939229329486e+01
1.116394042968750000e+01
1.115058358510335346e+01
1.115929063161214252e+01
1.113367589314778705e+01
1.113446903228759766e+01
1.113906892140706439e+01
1.114651807149251361e+01
1.113175900777181049e+01
1.113360341389974018e+01
1.112267367045084576e+01
1.112776056925455670e+01
1.111452134450276752e+01
1.112503019968668561e+01
1.111840057373046875e+01
1.110399691263834576e+01
1.111660067240397076e+01
1.112795289357503314e+01
1.111126136779785156e+01
1.108700021107991596e+01
1.110744953155517578e+01
1.108419863382975201e+01
1.107794284820556641e+01
1.107954883575439453e+01
1.106894747416178326e+01
1.107443745930989643e+01
1.106743653615315814e+01
1.106684843699137311e+01
1.106027825673421283e+01
1.106113910675048828e+01
1.105914783477783203e+01
1.104863357543945312e+01
1.106509462992350201e+01
1.104666519165039062e+01
1.104772885640462299e+01
1.103494675954183002e+01
1.103768539428710938e+01
1.102525234222412109e+01
1.102788289388020893e+01
1.102135880788167377e+01
1.102396424611409564e+01
1.101718966166178326e+01
1.101073678334554096e+01
1.100999005635579486e+01
1.100551605224609375e+01
1.100337378184000592e+01
1.099807421366373639e+01
1.099331855773925781e+01
1.099244244893391986e+01
1.100761508941650391e+01
1.099584611256917377e+01
1.099422391255696674e+01
1.098557345072428326e+01
1.097733402252197266e+01
1.098806095123291016e+01
1.098176066080729107e+01
1.096341451009114643e+01
1.095691680908203125e+01
1.094790395100911518e+01
1.095026016235351562e+01
1.094782193501790424e+01
1.095134353637695312e+01
1.094494819641113281e+01
1.093503634134928326e+01
1.094649728139241596e+01
1.094535319010416607e+01
1.087154769897460938e+01
1.126142628987630268e+01
1.324268182118733783e+01
1.176899623870849609e+01
1.355893007914225201e+01
1.456800365447998047e+01
1.464270750681559186e+01
1.377870019276936908e+01
1.144736194610595703e+01
1.239675966898600201e+01
1.260033988952636719e+01
1.245559692382812500e+01
1.233373610178629498e+01
1.225334930419921875e+01
1.217127641042073627e+01
1.208966954549153705e+01
1.202455202738443951e+01
1.196882279713948627e+01
1.188125483194986920e+01
1.184095700581868549e+01
1.178902117411295514e+01
1.171681340535481830e+01
1.167400773366292377e+01
1.160592206319173236e+01
1.156662686665852924e+01
1.152193228403727154e+01
1.146727307637532611e+01
1.142167250315348248e+01
1.138743209838867188e+01
1.135010560353597064e+01
1.130972290039062500e+01
1.127674229939778705e+01
1.124819246927897076e+01
1.120692125956217389e+01
1.118193499247233014e+01
1.115390682220458984e+01
1.111786238352457623e+01
1.108387819925943951e+01
1.106429036458333393e+01
1.103834819793701172e+01
1.101314989725748639e+01
1.097903982798258404e+01
1.096282927195231061e+01
1.092642974853515625e+01
1.090469169616699219e+01
1.088131109873453717e+01
1.086253420511881451e+01
1.083285808563232422e+01
1.081002648671468158e+01
1.078834470113118549e+01
1.077031326293945312e+01
1.074639733632405658e+01
1.072706762949625592e+01
1.070216496785481830e+01
1.068790531158447266e+01
1.065927982330322266e+01
1.064571952819824219e+01
1.062617460886637311e+01
1.059758631388346295e+01
1.057724571228027344e+01
1.055554930369059186e+01
1.052712440490722656e+01
1.051687367757161518e+01
1.050386238098144531e+01
1.048555469512939453e+01
1.046877574920654297e+01
1.044621213277181049e+01
1.042805194854736328e+01
1.041151809692382812e+01
1.039124107360839844e+01
1.037726815541585346e+01
1.035934257507324219e+01
1.035293579101562500e+01
1.034061463673909564e+01
1.032213083902994732e+01
1.030132039388020893e+01
1.029236475626627545e+01
1.027248350779215436e+01
1.026772117614746094e+01
1.025065263112386127e+01
1.024129358927408795e+01
1.023099867502848248e+01
1.021516990661621094e+01
1.019955380757649799e+01
1.019653828938802143e+01
1.018585713704427143e+01
1.016828123728434186e+01
1.016477108001708984e+01
1.014964103698730469e+01
1.013674481709798236e+01
1.014069366455078125e+01
1.012253824869791607e+01
1.011668300628662109e+01
1.010587437947591205e+01
1.009720579783121686e+01
1.008766237894693951e+01
1.007320562998453717e+01
1.007495339711507221e+01
1.006738885243733783e+01
1.005609289805094342e+01
1.005299441019693951e+01
1.004758930206298828e+01
1.004029623667399029e+01
1.003261311848958393e+01
1.002534103393554688e+01
1.002450561523437500e+01
1.000831476847330670e+01
1.000473276774088482e+01
1.000219154357910156e+01
1.000045108795166016e+01
9.991400400797525450e+00
9.988873799641927675e+00
9.979928334554037050e+00
9.970624287923177675e+00
9.968647638956705137e+00
9.963924725850423769e+00
9.966080029805501894e+00
9.968492190043130918e+00
9.956905682881673769e+00
9.949502627054849668e+00
9.942709604899087950e+00
9.940799713134765625e+00
9.933537483215332031e+00
9.931443532307943300e+00
9.926823616027832031e+00
9.925494194030761719e+00
9.924909591674804688e+00
9.917848587036132812e+00
9.916334152221679688e+00
9.912718454996744200e+00
9.906889915466308594e+00
9.906578381856283144e+00
9.905443191528320312e+00
9.901283899943033262e+00
9.894608179728189512e+00
9.889378229777017637e+00
9.890950838724771543e+00
9.887748400370279356e+00
9.886804262797037168e+00
9.883509953816732363e+00
9.879204750061035156e+00
9.879754702250162168e+00
9.870195070902505918e+00
9.874866485595703125e+00
9.872154235839843750e+00
9.872444470723470644e+00
9.865453084309896425e+00
9.860287984212240175e+00
9.852474530537923769e+00
9.853412628173828125e+00
9.859044710795084043e+00
9.852794965108236269e+00
9.846314748128255800e+00
9.845997174580892519e+00
9.839684486389160156e+00
9.835367202758789062e+00
9.834892908732095762e+00
9.836050033569335938e+00
9.838135083516439394e+00
9.835138956705728575e+00
9.835415522257486387e+00
9.832468986511230469e+00
9.828076680501302675e+00
9.819716771443685488e+00
9.816859563191732363e+00
9.817309697469076113e+00
9.823237737019857363e+00
9.816927274068197207e+00
9.816942850748697325e+00
9.813496589660644531e+00
9.807592074076334043e+00
9.809796969095865293e+00
9.805457433064779238e+00
9.803212483723958925e+00
9.814089139302572207e+00
9.811606725056966738e+00
9.808740615844726562e+00
9.802283604939779238e+00
9.801964441935220762e+00
9.795714378356933594e+00
9.790296554565429688e+00
9.791297276814779238e+00
9.791085879007974668e+00
9.793423016866048769e+00
9.786907831827798887e+00
9.783044179280599550e+00
9.780443191528320312e+00
9.783862749735513731e+00
9.783015886942544981e+00
9.788277626037597656e+00
9.787103017171224550e+00
9.783959070841470762e+00
9.771702130635580019e+00
9.778515179951986269e+00
9.779216130574544863e+00
9.775328000386556582e+00
9.759460767110189394e+00
9.766002655029296875e+00
9.768125851949056582e+00
9.763330141703287168e+00
9.761640230814615293e+00
9.760990460713705019e+00
9.757618586222330137e+00
9.769834836324056582e+00
9.769371668497720762e+00
9.768394152323404356e+00
9.759430567423502012e+00
9.762440681457519531e+00
9.760940233866373106e+00
9.762703259785970644e+00
9.764361063639322325e+00
9.760594367980957031e+00
9.757740338643392519e+00
9.747682571411132812e+00
9.742426236470540957e+00
9.751805623372396425e+00
9.752674102783203125e+00
9.747165362040201231e+00
9.749626159667968750e+00
9.747282346089681582e+00
9.744765917460123106e+00
9.751104990641275450e+00
9.746177991231283144e+00
9.739571889241537050e+00
9.733347256978353457e+00
9.740361531575521425e+00
9.748864809672037168e+00
9.746525446573892637e+00
9.740066528320312500e+00
9.740164756774902344e+00
9.742209752400716738e+00
9.737614631652832031e+00
9.736564000447591738e+00
9.735075632731119200e+00
9.738554636637369200e+00
9.738205591837564512e+00
9.736369450887044863e+00
9.737385114034017519e+00
9.733558654785156250e+00
9.734743118286132812e+00
9.734131495157877012e+00
9.737433433532714844e+00
9.730327288309732481e+00
9.725746154785156250e+00
9.730631828308105469e+00
9.730204582214355469e+00
9.726270993550619082e+00
9.731296539306640625e+00
9.724147160847982363e+00
9.727833747863769531e+00
9.725270271301269531e+00
9.719796180725097656e+00
9.723161697387695312e+00
9.722501754760742188e+00
9.720284461975097656e+00
9.715408643086751894e+00
9.716355005900064512e+00
9.718673070271810488e+00
9.714509963989257812e+00
9.718785921732584043e+00
9.711892445882162050e+00
9.704955736796060606e+00
9.711200078328451113e+00
9.706052780151367188e+00
9.703729629516601562e+00
9.705957730611165957e+00
9.715452829996744200e+00
9.710888544718423887e+00
9.707650820414224668e+00
9.709205309549966856e+00
9.704413096110025450e+00
9.701568603515625000e+00
9.696779568990072207e+00
9.703159332275390625e+00
9.702601114908853575e+00
9.694110234578451113e+00
9.702771822611490293e+00
9.698671023050943418e+00
9.702186584472656250e+00
9.697698911031087832e+00
9.701845486958822207e+00
9.696329752604166075e+00
9.698882102966308594e+00
9.697293599446615175e+00
9.693876584370931582e+00
9.692443211873372988e+00
9.691508293151855469e+00
9.696763674418130918e+00
9.698964436848958925e+00
9.690818150838216738e+00
9.687692006429037050e+00
9.690561930338541075e+00
9.690482139587402344e+00
9.684843063354492188e+00
9.688954671223958925e+00
9.691920598347982363e+00
9.684510548909505800e+00
9.686910629272460938e+00
9.688595136006673769e+00
9.683327992757162050e+00
9.682004610697427793e+00
9.681695620218912168e+00
9.681030591328939394e+00
9.674117088317871094e+00
9.685304641723632812e+00
9.680719057718912168e+00
9.682629585266113281e+00
9.677226702372232481e+00
9.680632591247558594e+00
9.683259963989257812e+00
9.671323140462240175e+00
9.671808878580728575e+00
9.673127810160318418e+00
9.677494684855142637e+00
9.671628952026367188e+00
9.673454920450845762e+00
9.668394088745117188e+00
9.670821825663248106e+00
9.667753537495931582e+00
9.663681983947753906e+00
9.658486048380533262e+00
9.659919420878091856e+00
9.666633923848470644e+00
9.665459314982095762e+00
9.663769721984863281e+00
9.661877950032552675e+00
9.667583783467611269e+00
9.667640050252279238e+00
9.669793446858724550e+00
9.663844744364419981e+00
9.664739926656087832e+00
9.664549509684244200e+00
9.660270690917968750e+00
9.657104492187500000e+00
9.664914131164550781e+00
9.659705162048339844e+00
9.662055333455404238e+00
9.663288434346517519e+00
9.663863499959310488e+00
9.664226531982421875e+00
9.662918726603189512e+00
9.664374033610025450e+00
9.657124201456705137e+00
9.658268928527832031e+00
9.653444608052572207e+00
9.657033602396646543e+00
9.657465616861978575e+00
9.656323750813802675e+00
9.653898239135742188e+00
9.652194341023763613e+00
9.652026176452636719e+00
9.655303319295247988e+00
9.652534802754720644e+00
9.643591562906900450e+00
9.648047765096029238e+00
9.649569829305013613e+00
9.646819750467935606e+00
9.643881479899087950e+00
9.645590782165527344e+00
9.651219050089517637e+00
9.649287541707357363e+00
9.647625605265298887e+00
9.645647048950195312e+00
9.643627802530923887e+00
9.638442993164062500e+00
9.642012914021810488e+00
9.648167292277017637e+00
9.637120246887207031e+00
9.640435536702474550e+00
9.640640894571939512e+00
9.640514691670736269e+00
9.630903244018554688e+00
9.644433657328287168e+00
9.638102531433105469e+00
9.629612922668457031e+00
9.635306040445962950e+00
9.623783111572265625e+00
9.637101173400878906e+00
9.637857437133789062e+00
9.635827700297037168e+00
9.630202929178873106e+00
9.631300926208496094e+00
9.642062505086263613e+00
9.625398953755697207e+00
9.630322774251302675e+00
9.630954742431640625e+00
9.629963556925455137e+00
9.627113978068033262e+00
9.635993639628091856e+00
9.628351211547851562e+00
9.629909197489419981e+00
9.623314221700033144e+00
9.625388781229654356e+00
9.633591334025064512e+00
9.627751986185709043e+00
9.623567263285318418e+00
9.625019391377767519e+00
9.630497296651205019e+00
9.625143369038900332e+00
9.620332717895507812e+00
9.617629051208496094e+00
9.627934773763021425e+00
9.623260180155435606e+00
9.623747825622558594e+00
9.616321563720703125e+00
9.621484120686849550e+00
9.629581451416015625e+00
9.618828455607095762e+00
9.622762362162271543e+00
9.613705317179361387e+00
9.614043553670247988e+00
9.613412539164224668e+00
9.619679450988769531e+00
9.623846054077148438e+00
9.633533159891763731e+00
9.616058349609375000e+00
9.608660697937011719e+00
9.612368265787759825e+00
9.609177589416503906e+00
9.614682515462240175e+00
9.638415018717447325e+00
9.612555185953775450e+00
9.603959401448568300e+00
9.609707196553548769e+00
9.611595789591470762e+00
9.610686937967935606e+00
9.609436670939127012e+00
9.614404042561849550e+00
9.600188573201497988e+00
9.601514498392740293e+00
9.605298995971679688e+00
9.607362747192382812e+00
9.609685897827148438e+00
9.613087972005208925e+00
9.603325525919595762e+00
9.609781265258789062e+00
9.610225677490234375e+00
9.612216631571451231e+00
9.613983154296875000e+00
9.620597839355468750e+00
9.620383262634277344e+00
9.616619427998861269e+00
9.613824208577474550e+00
9.616517384847005800e+00
9.606796900431314512e+00
9.609838803609212832e+00
9.606808344523111387e+00
9.608366648356119200e+00
9.602312405904134707e+00
9.601198196411132812e+00
9.616328239440917969e+00
9.604190190633138613e+00
9.610077857971191406e+00
9.605045318603515625e+00
9.609933217366537050e+00
9.611438433329263731e+00
9.620336532592773438e+00
9.605242411295572325e+00
9.607532501220703125e+00
9.606611887613931700e+00
9.614194552103677793e+00
9.610494295756021543e+00
9.607883771260580019e+00
9.611887931823730469e+00
9.610711415608724550e+00
9.608968098958333925e+00
9.609269777933755918e+00
9.614796320597330137e+00
9.610171000162759825e+00
9.607111930847167969e+00
9.609661738077798887e+00
9.597591082255044981e+00
9.611654917399087950e+00
9.599994341532388731e+00
9.606002171834310488e+00
9.602567672729492188e+00
9.602500915527343750e+00
9.596157073974609375e+00
9.596627871195474668e+00
9.612486521402994200e+00
9.592649777730306582e+00
9.591090520222982363e+00
9.592586835225423769e+00
9.591718355814615293e+00
9.584606488545736269e+00
9.586770375569662050e+00
9.594010670979818300e+00
9.591082572937011719e+00
9.590636889139810606e+00
9.589021364847818418e+00
9.583900133768716856e+00
9.589632670084634825e+00
9.581124623616537050e+00
9.594515164693197207e+00
9.578670183817544981e+00
9.578083992004394531e+00
9.583674748738607363e+00
9.579523404439290957e+00
9.576500892639160156e+00
9.573980967203775450e+00
9.579283714294433594e+00
9.566534678141275450e+00
9.575885136922201113e+00
9.580186525980630918e+00
9.577329953511556582e+00
9.563914616902669863e+00
9.566055933634439512e+00
9.559310277303060488e+00
9.565343538920084043e+00
9.562832832336425781e+00
9.569540341695150332e+00
9.574919382731119200e+00
9.573541641235351562e+00
9.563887278238931700e+00
9.566029548645019531e+00
9.559869766235351562e+00
9.552804311116537050e+00
9.557953834533691406e+00
9.558453241984048887e+00
9.551560084025064512e+00
9.563670476277669863e+00
9.553820610046386719e+00
9.556144078572591738e+00
9.553380330403646425e+00
9.554969469706216856e+00
9.552269617716470762e+00
9.552266120910644531e+00
9.546698570251464844e+00
9.547954559326171875e+00
9.542575836181640625e+00
9.544850667317708925e+00
9.544735908508300781e+00
9.542714436848958925e+00
9.542337417602539062e+00
9.547671635945638613e+00
9.540016810099283262e+00
9.529337565104166075e+00
9.531791051228841738e+00
9.533033370971679688e+00
9.538078625996908144e+00
9.541585604349771543e+00
9.529560724894205137e+00
9.530505498250326113e+00
9.521840095520019531e+00
9.529048919677734375e+00
9.525471051534017519e+00
9.531785964965820312e+00
9.527792930603027344e+00
9.524208068847656250e+00
9.520789146423339844e+00
9.529606501261392637e+00
9.522371292114257812e+00
9.533839225769042969e+00
9.532019615173339844e+00
9.528033574422201113e+00
9.533215204874673887e+00
9.528739929199218750e+00
9.528562545776367188e+00
9.529075940450033144e+00
9.533735593159994082e+00
9.532568931579589844e+00
9.530671755472818418e+00
9.526278813680013613e+00
9.524556477864583925e+00
9.521376927693685488e+00
9.510777155558267637e+00
9.518516222635904356e+00
9.515744209289550781e+00
9.519817352294921875e+00
9.521884600321451231e+00
9.525584538777669863e+00
9.528224309285482363e+00
9.522279421488443418e+00
9.519592285156250000e+00
9.525022824605306582e+00
9.522849718729654356e+00
9.523309707641601562e+00
9.516926129659017519e+00
9.524854342142740293e+00
9.521172205607095762e+00
9.523433685302734375e+00
9.515714645385742188e+00
9.519809722900390625e+00
9.518356641133626894e+00
9.517827669779459043e+00
9.519276301066080137e+00
9.518397331237792969e+00
9.521670659383138613e+00
9.519009908040365175e+00
9.520070393880208925e+00
9.519087155659994082e+00
9.513703664143880800e+00
9.512445131937662168e+00
9.519334793090820312e+00
9.520757357279459043e+00
9.519852638244628906e+00
9.519345601399740175e+00
9.515844980875650450e+00
9.517318725585937500e+00
9.519226074218750000e+00
9.511442184448242188e+00
9.508302688598632812e+00
9.524805704752603575e+00
9.513476053873697325e+00
9.514794667561849550e+00
9.516337394714355469e+00
9.518645604451497988e+00
9.508557001749673887e+00
9.506020545959472656e+00
9.503225008646646543e+00
9.510504404703775450e+00
9.508456548055013613e+00
9.510261853535970644e+00
9.504352887471517519e+00
9.503771146138509707e+00
9.504477500915527344e+00
9.508195241292318300e+00
9.505748430887857481e+00
9.502682367960611387e+00
9.497486750284830137e+00
9.510050455729166075e+00
9.504457473754882812e+00
9.503911018371582031e+00
9.501676877339681582e+00
9.504075050354003906e+00
9.509731928507486387e+00
9.509831428527832031e+00
9.511112848917642637e+00
9.504750569661458925e+00
9.504912694295247988e+00
9.507668495178222656e+00
9.513546625773111387e+00
9.509728749593099550e+00
9.507271766662597656e+00
9.507122675577798887e+00
9.502959887186685606e+00
9.497051874796548887e+00
9.502218882242837950e+00
9.506779988606771425e+00
9.508371988932291075e+00
9.500828425089517637e+00
9.497069994608560606e+00
9.499597231547037168e+00
9.495084762573242188e+00
9.494668960571289062e+00
9.496318499247232481e+00
9.497747421264648438e+00
9.500157992045084043e+00
9.500596682230630918e+00
9.495433807373046875e+00
9.501743952433267637e+00
9.498828252156576113e+00
9.505853335062662168e+00
9.510765711466470762e+00
9.494793891906738281e+00
9.495257059733072325e+00
9.497908910115560488e+00
9.499000549316406250e+00
9.504739443461099668e+00
9.512793223063150450e+00
