1.004625916481018066e+00
1.039399822552998787e+00
9.672102928161621094e-01
8.399720788002014160e-01
7.800183296203613281e-01
6.591187715530395508e-01
6.180364688237508508e-01
5.932323137919107703e-01
6.501971483230590820e-01
5.913993914922078821e-01
6.262438098589578894e-01
6.746821999549865723e-01
6.556958556175231934e-01
6.729187170664469031e-01
6.719150145848592492e-01
7.130110263824462891e-01
6.997419993082681922e-01
7.272138198216756555e-01
7.102732658386230469e-01
7.296250661214193078e-01
7.351177930831909180e-01
7.398343086242675781e-01
7.588824629783630371e-01
7.556914687156677246e-01
7.515793442726135254e-01
7.582617998123168945e-01
7.715983986854553223e-01
7.705847223599752160e-01
7.653831640879312781e-01
7.791024247805277136e-01
7.507020632425943640e-01
7.684101462364196777e-01
7.981595993041992188e-01
8.160852193832397461e-01
7.786676088968912390e-01
8.066010872522989539e-01
8.072251280148824426e-01
8.044385910034179688e-01
8.137735525767008093e-01
7.970664501190185547e-01
8.149874210357666016e-01
8.124959270159403113e-01
8.076296846071878699e-01
8.497393131256103516e-01
8.005529443422952918e-01
8.151292602221170691e-01
8.455091913541158410e-01
8.414762218793233606e-01
8.282219370206197473e-01
8.239731391270955774e-01
8.371416727701822547e-01
8.476864298184713098e-01
8.580576578776041297e-01
8.545609116554260254e-01
8.520997762680053711e-01
8.602130413055419922e-01
8.616040150324503211e-01
8.554149866104125977e-01
8.524533708890279504e-01
8.546341657638549805e-01
8.608395457267761230e-01
8.758749961853027344e-01
8.702515562375386926e-01
8.749993443489074707e-01
8.746514717737833289e-01
8.731783628463745117e-01
8.836144606272379187e-01
8.981090982755025598e-01
8.971788684527078894e-01
8.863664468129476282e-01
8.833931684494018555e-01
8.968265652656555176e-01
8.998146653175354004e-01
8.751334746678670617e-01
8.913875619570413855e-01
8.968672752380371094e-01
8.993726174036661414e-01
8.936270078023275110e-01
9.102667570114135742e-01
8.977570335070291785e-01
8.971931536992391321e-01
9.134737451871236535e-01
9.109413822491964075e-01
9.012936751047769812e-01
9.081472754478454590e-01
9.136314193407694129e-01
9.163175622622171668e-01
9.136605660120645789e-01
9.141535957654317590e-01
9.232847690582275391e-01
9.316353400548299524e-01
9.195375045140584680e-01
9.236178000768026086e-01
9.228749275207519531e-01
9.230245947837829590e-01
9.313427408536275598e-01
9.346615076065063477e-01
9.310127099355062219e-01
9.289200504620870325e-01
9.453400770823160437e-01
9.445605079332987097e-01
9.344438314437866211e-01
9.379618565241495398e-01
9.446249604225158691e-01
9.488294323285421106e-01
9.478851556777954102e-01
9.459497928619384766e-01
9.485014081001281738e-01
9.494633674621582031e-01
9.495190779368082312e-01
9.517829418182373047e-01
9.547695517539978027e-01
9.517347812652587891e-01
9.550837079683939246e-01
9.509535630544027063e-01
9.548419316609700891e-01
9.586025476455688477e-01
9.600439270337423059e-01
9.463260571161905554e-01
9.572201172510782508e-01
9.701004823048909875e-01
9.415921370188394812e-01
9.396986564000447961e-01
1.014144738515218025e+00
9.848260084788004187e-01
9.520350297292073938e-01
9.617921908696492883e-01
9.742834170659383508e-01
9.867476622263590125e-01
9.927118221918741492e-01
9.839779138565063477e-01
9.628380537033081055e-01
9.632292985916137695e-01
9.764616489410400391e-01
9.725982348124185828e-01
9.772005478541055945e-01
9.737986524899800989e-01
9.732851982116699219e-01
9.856305519739786414e-01
9.867629210154215125e-01
9.905109206835428504e-01
9.834321141242980957e-01
9.847625096638997766e-01
9.746806621551513672e-01
9.789882699648538855e-01
9.887996117273966101e-01
9.857321182886759070e-01
9.898234208424886438e-01
1.005695521831512451e+00
1.005396564801533943e+00
1.001118560632069832e+00
9.923438628514608117e-01
9.920945763587951660e-01
9.923168222109476355e-01
9.938502311706542969e-01
1.000462174415588379e+00
1.007973074913024902e+00
1.003249963124593025e+00
1.006488164265950447e+00
9.936224619547525672e-01
9.864608844121297571e-01
9.962676763534545898e-01
1.010377327601114983e+00
1.012336572011311775e+00
1.011224309603373284e+00
1.012731909751892090e+00
1.010164737701416016e+00
1.006175796190897698e+00
1.000472505887349373e+00
1.004815280437469482e+00
1.003503441810607910e+00
1.016698479652404785e+00
1.015124519666035896e+00
1.012124101320902581e+00
1.013121247291564941e+00
1.016061266263325935e+00
1.017621954282124763e+00
1.020156582196553474e+00
1.022518078486124748e+00
1.021740337212880378e+00
1.021656771500905281e+00
1.027041355768839592e+00
1.038039247194926018e+00
1.031602700551350837e+00
1.032177766164143806e+00
1.024416307608286614e+00
1.028431932131449456e+00
1.027457515398661370e+00
1.022162616252899170e+00
1.024651288986206055e+00
1.032380461692810059e+00
1.032691081364949470e+00
1.030308167139689202e+00
1.024808208147684807e+00
1.025980949401855469e+00
1.026527643203735352e+00
1.031289637088775635e+00
1.032496134440104241e+00
1.033081094423929924e+00
1.029331147670745850e+00
1.026182274023691887e+00
1.038105328877766853e+00
1.038047770659128899e+00
1.044647534688313728e+00
1.035584827264149910e+00
1.042743504047393799e+00
1.035033226013183594e+00
1.030256430308024163e+00
1.027462561925252205e+00
1.034381469090779548e+00
1.034294843673706055e+00
1.033223311106364006e+00
1.043523430824279785e+00
1.054724971453348870e+00
1.040891806284586663e+00
1.027259786923726326e+00
1.045975565910339355e+00
1.043274998664855957e+00
1.035727183024088616e+00
1.032662113507588630e+00
1.040631214777628655e+00
1.045156081517537361e+00
1.051937202612559075e+00
1.053723295529683357e+00
1.043280204137166267e+00
1.045965671539306641e+00
1.050009965896606445e+00
1.042101899782816643e+00
1.048248767852783203e+00
1.046387434005737305e+00
1.049736102422078377e+00
1.046419183413187737e+00
1.042785048484802246e+00
1.048099239667256599e+00
1.047784805297851562e+00
1.051198085149129158e+00
1.053461313247680664e+00
1.057020664215087891e+00
1.056068738301594978e+00
1.053488532702128166e+00
1.052880446116129631e+00
1.058355887730916267e+00
1.057424902915954590e+00
1.055618087450663323e+00
1.062291344006856209e+00
1.064781586329142327e+00
1.064253250757853264e+00
1.060763359069824219e+00
1.068918943405151367e+00
1.068288207054138184e+00
1.078819632530212402e+00
1.075296004613240486e+00
1.054054141044616699e+00
1.069224556287129646e+00
1.078999320665995354e+00
1.077535827954610115e+00
1.076811710993448967e+00
1.059698621431986565e+00
1.066950400670369392e+00
1.061769644419352288e+00
1.058315197626749748e+00
1.063982407251993889e+00
1.069690108299255371e+00
1.068795641263325935e+00
1.061538418134053474e+00
1.056966741879781013e+00
1.061539252599080330e+00
1.058779637018839592e+00
1.062693754831949944e+00
1.074314196904500252e+00
1.070140918095906502e+00
1.069160501162211174e+00
1.077512065569559807e+00
1.075445930163065666e+00
1.086413025856018066e+00
1.080305099487304688e+00
1.074241677920023674e+00
1.083480795224507576e+00
1.080633799235026116e+00
1.084156672159830803e+00
1.073940594991048103e+00
1.070213516553242927e+00
1.084126671155293709e+00
1.083500186602274651e+00
1.081650018692016602e+00
1.077326774597167969e+00
1.083858648935953850e+00
1.085843125979105706e+00
1.084063331286112541e+00
1.085683465003967285e+00
1.079815030097961426e+00
1.086716055870056152e+00
1.090906500816345215e+00
1.090851942698160881e+00
1.091882189114888435e+00
1.090183536211649651e+00
1.087755282719929939e+00
1.088057438532511467e+00
1.081533988316853767e+00
1.084270993868510002e+00
1.087245623270670647e+00
1.083070476849873787e+00
1.074351549148559570e+00
1.072170297304789299e+00
1.085524042447407966e+00
1.084210554758707756e+00
1.080976605415344238e+00
1.082733352979024177e+00
1.091427365938822502e+00
1.090028206507364983e+00
1.095813234647114998e+00
1.090994715690612793e+00
1.093097090721130371e+00
1.092028538386027092e+00
1.082184910774230957e+00
1.093308726946512932e+00
1.096811135609944587e+00
1.087366819381713867e+00
1.083694378534952873e+00
1.093838572502136230e+00
1.098811745643615723e+00
1.099091172218322754e+00
1.093624313672383552e+00
1.093942244847615486e+00
1.091719746589660645e+00
1.093188206354777092e+00
1.092386643091837639e+00
1.092854499816894531e+00
1.091254234313964844e+00
1.097570498784383064e+00
1.094617684682210212e+00
1.090062419573466057e+00
1.093896786371866936e+00
1.091533780097961426e+00
1.098055561383565193e+00
1.094068845113118416e+00
1.097108244895935059e+00
1.095310886700948005e+00
1.104399442672729492e+00
1.096180518468220955e+00
1.098368604977925544e+00
1.094995578130086189e+00
1.091227968533833748e+00
1.081338842709859138e+00
1.089392860730489021e+00
1.085033456484476799e+00
1.089460015296936035e+00
1.098292152086893791e+00
1.087942441304524666e+00
1.088519136110941643e+00
1.091158787409464592e+00
1.096566994984944587e+00
1.101786096890767341e+00
1.101963480313618904e+00
1.097667018572489495e+00
1.089219888051350837e+00
1.082838495572407966e+00
1.092911044756571526e+00
1.083182454109191895e+00
1.085245649019877190e+00
1.089022835095723396e+00
1.103559136390686035e+00
1.094632585843404060e+00
1.109379808108011956e+00
1.107048710187276130e+00
1.105528831481933594e+00
1.106967329978942871e+00
1.096468369166056389e+00
1.102991978327433342e+00
1.107631246248881096e+00
1.105277935663859123e+00
1.107113520304362053e+00
1.097947398821512932e+00
1.103667140007019043e+00
1.097520430882771736e+00
1.103313763936360603e+00
1.099667986234029060e+00
1.108205199241638184e+00
1.108804782231648689e+00
1.105820377667744880e+00
1.096351703008015877e+00
1.097608685493469238e+00
1.110377868016560798e+00
1.104729215304056877e+00
1.099458853403727288e+00
1.105688492457072014e+00
1.108576059341430664e+00
1.104711890220642090e+00
1.109082698822021484e+00
1.110360105832417732e+00
1.108096043268839592e+00
1.107447544733683342e+00
1.110930204391479492e+00
1.107691367467244392e+00
1.110697468121846443e+00
1.120735764503479004e+00
1.122413635253906250e+00
1.108696420987447029e+00
1.112577835718790764e+00
1.118896683057149177e+00
1.112464865048726326e+00
1.112807631492614746e+00
1.107694904009501213e+00
1.114354888598124260e+00
1.114251891771952385e+00
1.109472155570983887e+00
1.116214116414387947e+00
1.116302529970804924e+00
1.108915328979492188e+00
1.114191015561421638e+00
1.117955287297566658e+00
1.117351174354553223e+00
1.113606770833333259e+00
1.110308726628621345e+00
1.107289830843607659e+00
1.106602350870768303e+00
1.103677233060200935e+00
1.108649055163065666e+00
1.104717493057250977e+00
1.117376128832499260e+00
1.112895369529724121e+00
1.113931139310200935e+00
1.113238493601481194e+00
1.116668144861857170e+00
1.118327975273132324e+00
1.109666983286539788e+00
1.117497324943542480e+00
1.115027825037638420e+00
1.113141457239786858e+00
1.117354949315388923e+00
1.118670622507731194e+00
1.116080085436503166e+00
1.116686503092447991e+00
1.108690420786539788e+00
1.113937338193257576e+00
1.118918259938557869e+00
1.116818984349568611e+00
1.120214502016703362e+00
1.113413492838541741e+00
1.111384471257527595e+00
1.117448170979817634e+00
1.126471916834513420e+00
1.118940790494282966e+00
1.114897012710571289e+00
1.107556660970052009e+00
1.106004317601521736e+00
1.112152020136515373e+00
1.114692886670430427e+00
1.114335099856058831e+00
1.109795252482096428e+00
1.113924503326416016e+00
1.115396420160929436e+00
1.110675374666849846e+00
1.103281378746032715e+00
1.113439718882242913e+00
1.108466227849324470e+00
1.114826758702595955e+00
1.120637893676757812e+00
1.116811076800028557e+00
1.121623714764912849e+00
1.115540663401285881e+00
1.112188935279846191e+00
1.124374190966288323e+00
1.125693400700886970e+00
1.110969742139180427e+00
1.114746967951456780e+00
1.115863323211669922e+00
1.113288323084513420e+00
1.114241361618041992e+00
1.118500272432963127e+00
1.110860427220662361e+00
1.117561737696329827e+00
1.110154390335083008e+00
1.111081520716349358e+00
1.111275434494018555e+00
1.108385046323140388e+00
1.107592701911926270e+00
1.116626183191935295e+00
1.116563757260640388e+00
1.109977920850117927e+00
1.119209289550781250e+00
1.116969823837280273e+00
1.116829276084899902e+00
1.108229756355285645e+00
1.103900154431660896e+00
1.110466917355855232e+00
1.112773259480794197e+00
1.108575661977132087e+00
1.113865256309509277e+00
1.108710765838623047e+00
1.110762516657511467e+00
1.113119800885518318e+00
1.117419123649597168e+00
1.116372227668762207e+00
1.111420591672261482e+00
1.117700894673665291e+00
1.123735706011454338e+00
1.114386955897013420e+00
1.113513986269633049e+00
1.108052611351013184e+00
1.114572127660115486e+00
1.117923537890116448e+00
1.113903760910034180e+00
1.115252335866292244e+00
1.117673039436340332e+00
1.117532928784688240e+00
1.114632646242777581e+00
1.114534576733906990e+00
1.102552096048990959e+00
1.114152073860168457e+00
1.108328660329182869e+00
1.116540312767028809e+00
1.119010806083679199e+00
1.105848073959350586e+00
1.114537636439005608e+00
1.114769220352172852e+00
1.109273592631022209e+00
1.113012711207072014e+00
1.113905072212219238e+00
1.120508114496866936e+00
1.120298107465108162e+00
1.111362894376118904e+00
1.103373209635416741e+00
1.106390158335367913e+00
1.109631578127543206e+00
1.107378045717875237e+00
1.105271299680073982e+00
1.119554281234741211e+00
1.119635502497355217e+00
1.115346590677897209e+00
1.107735554377238030e+00
1.106620987256367927e+00
1.109550038973490471e+00
1.119104385375976562e+00
1.123068292935689216e+00
1.113931775093078613e+00
1.120959917704264397e+00
1.111226479212443108e+00
1.112966060638427734e+00
1.108147104581197029e+00
1.115403215090433831e+00
1.110615253448486328e+00
1.118859370549519783e+00
1.122441291809082031e+00
1.118016441663106209e+00
1.113470236460367913e+00
1.112893939018249512e+00
1.114355484644572014e+00
1.125794569651285881e+00
1.124445994695027595e+00
1.120683312416076660e+00
1.122809608777364021e+00
1.123670101165771484e+00
1.122586091359456306e+00
1.120115280151367188e+00
1.115512530008951897e+00
1.114417950312296623e+00
1.113626360893249512e+00
1.111802498499552483e+00
1.120824178059895759e+00
1.113727847735087151e+00
1.119436780611674065e+00
1.116990844408671135e+00
1.120824178059895759e+00
1.119256059328715081e+00
1.117139935493469238e+00
1.117901245752970452e+00
1.112670580546061272e+00
1.118724187215169197e+00
1.121746699015299553e+00
1.118830839792887444e+00
1.108457684516906738e+00
1.118065992991129631e+00
1.112645347913106209e+00
1.110264221827189202e+00
1.114519516626993889e+00
1.120057980219523186e+00
1.110469579696655273e+00
1.126156806945800781e+00
1.113470673561096191e+00
1.117455800374348884e+00
1.115143815676371331e+00
1.111798803011576409e+00
1.118322213490803962e+00
1.122001171112060547e+00
1.123314023017883301e+00
1.126524488131205315e+00
1.126774152119954353e+00
1.121820886929829841e+00
1.121176958084106445e+00
1.124511281649271721e+00
1.123074134190877205e+00
1.124182264010111565e+00
1.117014010747273689e+00
1.127229412396748787e+00
1.127804517745971680e+00
1.120787262916564941e+00
1.125458359718322754e+00
1.129053711891174316e+00
1.132958491643269783e+00
1.135907570521036858e+00
1.128618121147155762e+00
1.135696212450663323e+00
1.124542196591695076e+00
1.121880412101745605e+00
1.135745008786519294e+00
1.136182705561320061e+00
1.137297391891479492e+00
1.134841879208882576e+00
1.132153749465942383e+00
1.130980531374613518e+00
1.135927875836690193e+00
1.145893812179565430e+00
1.141006191571553474e+00
1.134958664576212639e+00
1.132281025250752693e+00
1.119502703348795647e+00
1.125053405761718750e+00
1.136367758115132576e+00
1.136872291564941406e+00
1.129794438680012947e+00
1.122053066889445061e+00
1.121979753176371331e+00
1.128172318140665764e+00
1.127131541570027595e+00
1.124453544616699219e+00
1.140191356341044182e+00
1.134395798047383552e+00
1.131281375885009766e+00
1.138343771298726326e+00
1.142490188280741448e+00
1.134917894999186272e+00
1.137046774228413826e+00
1.134941935539245605e+00
1.141222119331359863e+00
1.139056404431660896e+00
1.138593951861063713e+00
1.136983474095662361e+00
1.139260768890380859e+00
1.140115658442179436e+00
1.137385845184326172e+00
1.134854714075724358e+00
1.146288196245829338e+00
1.148753682772318596e+00
1.143288175264994377e+00
1.138130386670430427e+00
1.130540927251179939e+00
1.140470504760742188e+00
1.156345168749491448e+00
1.166168491045634026e+00
1.166631062825520759e+00
1.156273603439331055e+00
1.159767150878906250e+00
1.158477465311686272e+00
1.141800959904988533e+00
1.153554479281107659e+00
1.148893276850382561e+00
1.150106946627299065e+00
1.152311881383260017e+00
1.159494638442993164e+00
1.157262365023295159e+00
1.162602663040161133e+00
1.153725425402323479e+00
1.159760713577270508e+00
1.163952032725016350e+00
1.160012324651082283e+00
1.159554044405619377e+00
1.132644732793172127e+00
1.137439886728922600e+00
1.152920683224995857e+00
1.170542995134989495e+00
1.166311383247375488e+00
1.159795045852661133e+00
1.159399429957072014e+00
1.159717758496602302e+00
1.173986593882242913e+00
1.168464779853820801e+00
1.169348796208699470e+00
1.166722377141316658e+00
1.160358866055806404e+00
1.155917366345723396e+00
1.170321901639302498e+00
1.195811549822489495e+00
1.177989244461059570e+00
1.171559214591979980e+00
1.175836086273193359e+00
1.178121924400329590e+00
1.183159748713175530e+00
1.185664057731628418e+00
1.182443896929423088e+00
1.173625032107035393e+00
1.184984246889750237e+00
1.173844734827677483e+00
1.180582165718078613e+00
1.192036708196004158e+00
1.192660530408223396e+00
1.190326015154520745e+00
1.182224671045939202e+00
1.182329694430033440e+00
1.192975203196207756e+00
1.200378100077311272e+00
1.203556895256042480e+00
1.193193952242533440e+00
1.203636407852172852e+00
1.190360466639200920e+00
1.194568077723185295e+00
1.194082021713256836e+00
1.191927472750345940e+00
1.199535091718037849e+00
1.203515251477559334e+00
1.206159671147664314e+00
1.191230614980061775e+00
1.205449144045511956e+00
1.212226788202921623e+00
1.187420964241027832e+00
1.195144534111022949e+00
1.218479196230570549e+00
1.205436110496520996e+00
1.158469597498575920e+00
4.183099269866943359e+00
5.035229762395222686e+00
3.869533856709798325e+00
2.562965591748555649e+00
2.038111607233683120e+00
1.837401827176411873e+00
1.685356100400288826e+00
1.572026650110880608e+00
1.490707596143086677e+00
1.408861001332600837e+00
1.353964964548746819e+00
1.305242856343587166e+00
1.252169092496236091e+00
1.201371550559997559e+00
1.149657686551411873e+00
1.119794527689615959e+00
1.094147880872090584e+00
1.063849210739135742e+00
1.033664504686991448e+00
1.008583128452301025e+00
9.811523358027139929e-01
9.530595938364664343e-01
9.389170010884603235e-01
9.240535696347554895e-01
9.157328804334005090e-01
8.927994569142659875e-01
8.695007761319478723e-01
8.568277160326639441e-01
8.424965739250183105e-01
8.348081906636556360e-01
8.234205842018127441e-01
7.992224295934041711e-01
7.904676397641500207e-01
7.728091279665628699e-01
7.649078170458475379e-01
7.538579503695169715e-01
7.427199681599935266e-01
7.421524723370870325e-01
7.243429819742838172e-01
7.131127913792928430e-01
7.178548971811929968e-01
6.962946454683939246e-01
6.947639385859171179e-01
6.894787549972534180e-01
6.722806096076965332e-01
6.656489173571268347e-01
6.538438002268472937e-01
6.561399499575296668e-01
6.459281444549560547e-01
6.484152078628540039e-01
6.410977641741434363e-01
6.218297084172567102e-01
6.254578034083048133e-01
6.193682948748270300e-01
6.113653182983398438e-01
5.982108712196350098e-01
5.890540083249410364e-01
5.981444319089254114e-01
5.934482018152872351e-01
5.821993947029113770e-01
5.804378390312194824e-01
5.775517622629801062e-01
5.770360827445983887e-01
5.756245454152425500e-01
5.776632626851400110e-01
5.634347200393676758e-01
5.562067429224649695e-01
5.587378342946370813e-01
5.501221021016439172e-01
5.434153477350870398e-01
5.402863621711730957e-01
5.341700712839762000e-01
5.380133191744486121e-01
5.320288936297098425e-01
5.245788494745889929e-01
5.311692953109741211e-01
5.246030290921529504e-01
5.275694529215494422e-01
5.216655731201171875e-01
5.229005018870035437e-01
5.122233430544534949e-01
5.132904946804046631e-01
5.060189167658487586e-01
5.068462689717611047e-01
4.995101491610209332e-01
5.004069209098815918e-01
4.877758423487345563e-01
4.911146660645802631e-01
4.972105423609415875e-01
4.951575299104054584e-01
4.886364042758941650e-01
4.830166002114613666e-01
4.772555232048034668e-01
4.812507132689158307e-01
4.715139071146647320e-01
4.765992363293965473e-01
4.749654432137807025e-01
4.749378065268198834e-01
4.672940870126088275e-01
4.656762977441151752e-01
4.690156777699788226e-01
4.708549678325653076e-01
4.640401800473530902e-01
4.687003691991170062e-01
4.672576189041137695e-01
4.583033124605814801e-01
4.649943709373474121e-01
4.637863834698994769e-01
4.619218409061431885e-01
4.616667926311492920e-01
4.527078171571095599e-01
4.499810039997100830e-01
4.553455511728922711e-01
4.492323199907938824e-01
4.446015258630116596e-01
4.435449540615081787e-01
4.472180704275767194e-01
4.504698415597279681e-01
4.509003659089406146e-01
4.474044640858967914e-01
4.466413954893748151e-01
4.447018206119537354e-01
4.454784095287322998e-01
4.451183875401814594e-01
4.425076941649119244e-01
4.432779451211293353e-01
4.429667592048645020e-01
4.437043368816375732e-01
4.484212895234425678e-01
4.466621875762939453e-01
4.448783397674560547e-01
4.469362298647562848e-01
4.515168964862823486e-01
4.482102791468302594e-01
4.456692039966583252e-01
4.424981474876403809e-01
4.414527515570322858e-01
4.489753246307373047e-01
4.508063793182373047e-01
4.499663611253102435e-01
4.531637430191040039e-01
4.512947102387745990e-01
4.525000452995300293e-01
4.535440405209859027e-01
4.545998970667521344e-01
4.573999842007954730e-01
4.596862792968750000e-01
4.601147274176279889e-01
4.608518679936726703e-01
4.608236153920491351e-01
4.639261265595753803e-01
4.605013032754262103e-01
4.662290116151173724e-01
4.659045934677124023e-01
4.701174894968668805e-01
4.714464644591013776e-01
4.773833155632019043e-01
4.725404183069865094e-01
4.692654112974802838e-01
4.827680885791778564e-01
4.855814377466837750e-01
4.866334795951843262e-01
4.836815595626831055e-01
4.815595050652821674e-01
4.833130339781443463e-01
4.845817188421885358e-01
4.902801314989725934e-01
4.923824568589528217e-01
4.932004610697428570e-01
4.947844346364339008e-01
4.963586529095967426e-01
4.978020290533701764e-01
5.012068649133046838e-01
5.031920174757639197e-01
5.017074644565582275e-01
5.001126229763031006e-01
5.118044416109720496e-01
5.093421737353006629e-01
5.126500527064005164e-01
5.151985685030618933e-01
5.156151453653970984e-01
5.211057662963867188e-01
5.210305452346801758e-01
5.261663198471069336e-01
5.301935076713562012e-01
5.302384893099466590e-01
5.326910813649495813e-01
5.335690776507059363e-01
5.342083772023519250e-01
5.342225432395935059e-01
5.361512303352355957e-01
5.394925077756246301e-01
5.413881738980611535e-01
5.430866678555806848e-01
5.460166732470194129e-01
5.461600820223490027e-01
5.505475004514058801e-01
5.519871115684509277e-01
5.576784213383992883e-01
5.538378159205118445e-01
5.570452213287353516e-01
5.626970132191976282e-01
5.677694876988729211e-01
5.652425289154052734e-01
5.678644975026448938e-01
5.676596363385518762e-01
5.710356235504150391e-01
5.686534643173217773e-01
5.695942044258117676e-01
5.732457637786865234e-01
5.742623209953308105e-01
5.752544601758321496e-01
5.817657907803853723e-01
5.841759641965230676e-01
5.857055385907491418e-01
5.858112176259359094e-01
5.870929956436157227e-01
5.896799564361572266e-01
5.870900154113769531e-01
5.890315373738607141e-01
5.909542640050252649e-01
5.982109904289245605e-01
5.987161000569661828e-01
5.961327751477559778e-01
6.030209064483642578e-01
6.019592682520548133e-01
6.055413683255513879e-01
6.075924833615621301e-01
6.059621373812357215e-01
6.131639083226522180e-01
6.112147967020670203e-01
6.155378023783365515e-01
6.149066289265950891e-01
6.202400525410970422e-01
6.251027782758077356e-01
6.208658417065938684e-01
6.260983745257059363e-01
6.339965462684631348e-01
6.276652415593465539e-01
6.256257891654968262e-01
6.303762197494506836e-01
6.396478613217672082e-01
6.390728950500488281e-01
6.385641892751058313e-01
6.344768206278482703e-01
6.407170494397481653e-01
6.453457077344258996e-01
6.438653270403543738e-01
6.433562636375427246e-01
6.447291572888692590e-01
6.550927956899007532e-01
6.493552724520365027e-01
6.517334381739298133e-01
6.541835864384969446e-01
6.618050535519918176e-01
6.612961689631143836e-01
6.615174611409505578e-01
6.603520711263021203e-01
6.706484357515970496e-01
6.732409397761026648e-01
6.664412419001261023e-01
6.706329981486002234e-01
6.685977180798848840e-01
6.695408423741658899e-01
6.738746364911397668e-01
6.708579659461975098e-01
6.728245814641317102e-01
6.774520675341287879e-01
6.730044881502786902e-01
6.775818069775899621e-01
6.865307688713073730e-01
6.885633269945780066e-01
6.873719890912374231e-01
6.819468736648559570e-01
6.833418607711791992e-01
6.889168024063110352e-01
6.925021012624105188e-01
6.871138811111450195e-01
6.840261022249857215e-01
6.893495917320251465e-01
6.936223109563192102e-01
6.967288851737976074e-01
