5.866713941097259077e-01
3.320851176977157593e-01
2.254679366946220342e-01
1.593574360013008118e-01
1.103454075753688840e-01
7.653267234563827792e-02
5.678686276078224321e-02
4.495949856936931610e-02
3.550601974129676680e-02
2.777982186526060243e-02
2.012865077704191138e-02
1.657210597768426011e-02
1.326151341199874843e-02
9.533457178622483513e-03
9.667944908142090538e-03
8.108544070273638119e-03
7.802439108490944082e-03
7.105833338573575193e-03
5.135207483544945543e-03
4.299294087104499340e-03
3.359499271027743816e-03
2.868108195252716628e-03
3.145184868481010285e-03
1.488752670120447805e-02
1.785211078822612762e-02
1.731661632657051017e-02
1.707120984792709351e-02
1.442958731204271351e-02
1.251102723181247642e-02
7.409113040193915194e-03
4.480680497363209551e-03
3.897101059556007299e-03
3.701060661114752293e-03
3.454854467418044632e-03
4.433046712074428450e-03
3.845072025433182630e-03
5.373846704605967153e-03
3.737227665260434064e-03
1.762798393610864921e-03
1.544398395344614896e-03
1.529148482950404200e-03
7.658050832105800726e-04
4.264126007910817970e-04
3.323334021843038499e-04
2.308510302100330591e-04
1.767491063219495063e-04
1.284404446778353358e-04
1.106379138946067515e-04
9.871594666037708792e-05
9.212301883962937241e-05
8.788732520770281553e-05
7.986192067619413680e-05
7.716181062278337777e-05
7.675376473343930867e-05
7.750278600724414533e-05
7.144078408600762215e-05
7.010002263996284455e-05
6.159733784443233433e-05
6.369526345224585113e-05
6.085585191613062945e-05
6.611190692638047582e-05
5.905066063860431314e-05
5.324690064298920198e-05
5.767954644397832453e-05
5.424584851425607028e-05
5.211560310272034393e-05
5.111554310133215040e-05
5.807723755424376577e-05
4.892937904514838281e-05
5.072270796517841789e-05
4.599384956236462905e-05
4.711039109679404375e-05
4.572521829686593535e-05
4.431710367498453435e-05
4.134906339459121227e-05
4.212827843730337918e-05
4.068573762197047608e-05
3.932765612262301418e-05
4.011299497506115450e-05
3.781956293096300486e-05
3.647279045253526690e-05
3.774283795792144063e-05
3.968835953855886784e-05
3.851209148706402494e-05
3.735745412996039066e-05
3.381118731340393560e-05
3.251149446441559392e-05
3.404165290703531626e-05
3.451690354268066314e-05
3.308369432488689335e-05
3.157707196805858714e-05
3.072907857131213221e-05
3.154191672365414250e-05
2.940197646239539608e-05
2.915144141297787496e-05
2.903666263591730899e-05
3.014328576682601056e-05
2.877899914892623133e-05
3.249168221373110874e-05
2.707397834456060082e-05
2.832527970895171030e-05
2.629497539601288668e-05
2.625588385853916542e-05
2.496044617146253654e-05
2.523285456845769659e-05
2.646090779307996922e-05
2.496742399671347812e-05
2.335588887945050238e-05
2.488714271748904207e-05
2.321678548469208316e-05
2.205763794336235015e-05
2.401180936431046711e-05
2.289352305524516918e-05
2.371526679780800031e-05
2.275119422847638042e-05
2.256340103485854410e-05
2.053901607723673806e-05
2.225489770353306153e-05
2.078048055409453809e-05
2.036114346992690116e-05
2.044015473074978285e-05
2.180658539145952023e-05
1.997927465708926388e-05
1.976709354494232617e-05
1.986499119084328481e-05
1.870208725449628992e-05
1.875695088529028134e-05
1.820850829972187193e-05
1.792642542568501017e-05
1.992399484151974320e-05
1.942588769452413409e-05
1.751115651131840355e-05
1.764652261044830152e-05
1.805126557883340730e-05
1.621941100893309340e-05
1.694799293545656905e-05
1.862213539425283535e-05
1.657601287661236575e-05
1.531068492113263482e-05
1.713263372948858887e-05
1.631097738936659948e-05
1.521092690381919965e-05
1.662689946897444383e-05
1.652427799854194813e-05
1.665613972363644347e-05
1.447328359063249047e-05
1.519940287835197455e-05
1.503657276771264117e-05
1.668108025114634007e-05
1.431633700121892616e-05
1.512758763055899180e-05
1.382217405989649672e-05
1.469418930355459452e-05
1.516424663350335322e-05
1.352958906863932498e-05
1.345957452940638109e-05
1.354262094537261806e-05
1.277598612432484583e-05
1.301219817833043567e-05
1.339504042334738120e-05
1.330378618149552460e-05
1.336046079813968390e-05
1.320482406299561228e-05
1.417638677594368312e-05
1.151226197180221822e-05
1.327045665675541420e-05
1.230439165738061934e-05
1.246048159373458509e-05
1.137879135058028657e-05
1.213195628224639222e-05
1.179818555101519383e-05
1.065085680238553357e-05
1.140215408668154851e-05
1.117563879233785041e-05
1.189372260341770083e-05
1.166193096651113524e-05
1.150823654825217124e-05
1.144640718848677420e-05
1.077645601981203004e-05
1.042102694555069388e-05
1.047664800353231908e-05
1.029807244776748155e-05
1.023320792228332687e-05
1.035187215165933662e-05
9.746089472173479639e-06
9.727892393129878424e-06
1.065083697540103424e-05
1.014211338770110126e-05
9.354187295684823089e-06
1.068874053089530207e-05
1.033572807500604472e-05
9.278846573579357259e-06
9.273689920519246127e-06
9.464658432989381254e-06
8.995872212835820053e-06
8.848379547998774119e-06
8.598472777521238409e-06
9.961771957023301754e-06
8.404260870520375415e-06
8.546094886696663939e-06
8.896029521565651860e-06
8.662797199576743878e-06
9.027464420796604488e-06
8.121871815092163160e-06
9.369931376568274572e-06
8.606610754213761199e-06
8.731985099075246010e-06
7.842107879696414552e-06
9.260239357899990525e-06
9.080475865630433641e-06
8.058537378019537523e-06
8.332555808010511100e-06
7.734759719824069180e-06
7.616395669174380262e-06
7.535241365985712036e-06
7.698824038016028449e-06
7.282686101461876946e-06
7.882586669438750737e-06
7.961142091517104514e-06
7.566057411168003116e-06
7.186336961240158247e-06
7.811236218913109719e-06
7.403475228784372691e-06
7.097821389834280465e-06
7.199313222372438420e-06
7.424110071951872330e-06
7.693952329645981758e-06
7.381705836451147090e-06
7.000067762419348921e-06
7.131477650546002794e-06
6.837783348601078445e-06
6.378152556862915274e-06
7.810804618202382699e-06
6.486700112873222848e-06
6.514245660582673397e-06
6.088439977247617038e-06
6.793780721636722203e-06
6.319229078144416806e-06
6.925594198037287813e-06
5.902659131606924009e-06
6.116428085078950802e-06
6.367640526150353083e-06
6.071711095501086844e-06
5.910772597417235544e-06
5.810925131299882196e-06
6.057295695427455770e-06
5.940044366070651110e-06
5.780915716968593018e-06
5.527288703888189217e-06
5.864041077074943703e-06
5.860243618371896446e-06
6.062932334316428412e-06
5.641875395667738874e-06
5.624889718092163432e-06
5.361618559618364258e-06
5.743086148868314922e-06
6.027844801792525856e-06
5.820112937726662155e-06
5.939134098298382014e-06
5.148602440385730006e-06
5.318736975823412988e-06
5.321993558027315715e-06
5.911669359193183651e-06
4.932878300678566860e-06
4.799718590220436793e-06
5.221484207140747119e-06
4.963322908224654384e-06
5.168658617549226619e-06
4.622026426659431139e-06
4.785836290466250259e-06
4.998779195375390943e-06
4.645477247322560288e-06
4.982842665413045494e-06
4.798570444108918309e-06
4.974463536200346425e-06
5.102537897982983850e-06
4.659698561226832680e-06
4.956469865646795370e-06
4.883260999122285284e-06
4.869988561040372418e-06
5.202583042773767205e-06
4.545069759842590259e-06
4.577841650643676985e-06
4.377595814730739221e-06
4.254787472746101970e-06
4.490384253585944122e-06
4.535403741101618264e-06
4.334600725997006859e-06
4.113524482818320394e-06
4.590551566252543295e-06
4.407946062201517804e-06
4.119753566556028260e-06
4.417335640027886595e-06
4.555935720418346876e-06
4.327473061493947340e-06
3.923802569261169823e-06
4.503936679611797445e-06
4.036919176542142110e-06
4.173339334556658287e-06
3.867438817906077189e-06
3.979303960477409080e-06
4.081286147084029095e-06
3.749482493731193329e-06
3.987589138887415174e-06
3.748961989913368428e-06
3.667396617856866299e-06
3.548824543031514707e-06
3.740476290658989286e-06
3.649081781986751678e-06
3.622676035774929745e-06
3.589321045183169275e-06
3.462107201812614221e-06
3.664298947114730084e-06
3.655897080534487116e-06
3.576577705644012810e-06
3.589134530557203022e-06
3.501373589642753444e-06
3.606998370742075992e-06
3.547923665792041162e-06
3.993047630501678044e-06
3.388879349586204626e-06
3.207959389328607273e-06
3.376213612682477105e-06
3.396101078578794841e-06
3.495782061690988400e-06
3.216991694898751945e-06
3.600578247642260891e-06
3.253127874813799111e-06
3.464902761152188759e-06
3.190728966728784229e-06
3.076822076764074069e-06
3.099647437920793806e-06
3.329072569613344967e-06
3.143501567137718582e-06
3.126348292425973171e-06
3.039436751350876706e-06
2.838268756022443995e-06
2.993882185364782260e-06
3.027116918019601144e-06
2.937198769359383901e-06
3.118159429504885169e-06
3.094899875577539121e-06
3.105151722593291028e-06
2.829076197485846764e-06
3.159542507091828241e-06
3.049089605156041301e-06
2.835144960044999692e-06
2.956217849714448591e-06
2.778612565634830559e-06
2.821167458932904823e-06
2.729617949626117310e-06
3.006273755090660585e-06
2.717899701565329621e-06
2.731920380938390820e-06
2.903098879869503519e-06
2.858536390704102814e-06
2.795846125991374889e-06
2.629663754305511247e-06
2.599331787678238385e-06
2.752883278844819700e-06
2.639470721987891011e-06
2.890575547098705841e-06
2.581898024800466289e-06
2.583213290563435124e-06
2.538778153393650512e-06
2.471866696396318561e-06
2.417937139398418367e-06
2.707428302528569390e-06
2.502998563613800713e-06
2.676501912901585541e-06
2.428104426144272851e-06
2.414089135527319910e-06
2.429420669614046262e-06
2.360961366321134931e-06
2.374792848058859902e-06
2.475204837537603453e-06
2.564604619692545469e-06
2.327041329408530146e-06
2.337037903998862105e-06
2.363405064897961068e-06
2.358944152547337496e-06
2.475867222528904507e-06
2.310862146259751001e-06
2.423346199975640217e-06
2.165957403121865439e-06
2.141725451565435008e-06
2.242811387986876240e-06
2.483793787178001282e-06
2.134867702352494065e-06
2.426671790090040388e-06
2.231288112852780699e-06
2.317719406619289657e-06
2.095823936087981650e-06
2.103984274981485045e-06
2.195412071159808050e-06
2.215863855781208428e-06
2.050956982202478515e-06
2.000539473101525885e-06
2.176280145249620715e-06
2.120615238254685950e-06
1.956812650405481860e-06
2.164287582218093861e-06
1.865211424956214530e-06
2.034431201991537988e-06
2.195623051193251910e-06
1.941021400853060271e-06
1.895102366233913842e-06
1.928575579768221275e-06
1.986246638807642655e-06
1.891933095521380892e-06
1.894850356620736420e-06
1.898616881135239880e-06
1.852629543463990643e-06
2.010775824601296251e-06
1.825132528665562859e-06
1.900077063510252586e-06
1.909460524984751659e-06
1.819372835143440086e-06
1.963097895441023781e-06
1.954105448476184477e-06
1.887285304746910654e-06
2.093480088660726493e-06
1.780016964403330433e-06
1.772220423390535786e-06
1.655656433285912499e-06
1.820051545564638133e-06
1.784223729828227121e-06
1.810834214666101531e-06
1.749938542161544235e-06
1.847082262429466979e-06
1.786465520581259667e-06
1.845148267420881978e-06
1.713939434466737936e-06
1.935044349465897709e-06
1.737275340474297991e-06
1.659239342188811819e-06
1.587178314821358029e-06
1.771053757693152832e-06
1.615658334230829496e-06
1.769941400198149410e-06
1.712664686692733127e-06
1.501227393418958030e-06
1.633786337151832371e-06
1.743020868616440482e-06
1.690021656486351191e-06
1.498469919170020233e-06
1.582679249167995337e-06
1.569447135807422455e-06
1.649283979077154157e-06
1.585333870934846261e-06
1.583777645919326460e-06
1.451412560982134934e-06
1.501678639215242583e-06
1.389240503613109383e-06
1.465508921683067541e-06
1.489969406520685880e-06
1.497118512361339442e-06
1.441648430500208548e-06
1.399757127273915145e-06
1.447773718155076579e-06
1.433555132734909506e-06
1.361720001114008567e-06
1.644643646159238415e-06
1.467477363803482191e-06
1.444472320599743440e-06
1.337492835773446174e-06
1.408311993600364161e-06
1.409907156357803615e-06
1.388519513056962836e-06
1.355850997697416460e-06
1.330807367594388822e-06
1.412296990110917165e-06
1.298057190979307136e-06
1.447840929813537514e-06
1.265406433503812793e-06
1.334344381120900010e-06
1.287652821702067740e-06
1.204058003168029160e-06
1.328372059106186413e-06
1.357185988126729996e-06
1.353079994714789791e-06
1.258622967270639407e-06
1.339500033736840166e-06
1.271086409815325254e-06
1.358724500732932896e-06
1.384398478876391976e-06
1.193171613067534054e-06
1.219152977682824712e-06
1.367231573112803702e-06
1.310396999087970513e-06
1.225536675519833765e-06
1.200636143039446239e-06
1.265467841449208166e-06
1.205798764658538815e-06
1.192917318348918258e-06
1.237073740867344811e-06
1.144014709097973621e-06
1.194294793549488489e-06
1.193068408156250286e-06
1.162595685855194545e-06
1.089104733864587700e-06
1.143792280799971280e-06
1.224476193328882800e-06
1.161883642453176393e-06
1.237705589574034093e-06
1.108902466739891679e-06
1.125988262629107339e-06
1.148954265772772445e-06
1.133131354436045597e-06
1.146737008639320308e-06
1.058988857494114200e-06
1.031164072173851267e-06
1.015443672258697916e-06
1.100729275549383559e-06
1.114317694828059715e-06
1.032952815194221415e-06
1.128919109305570601e-06
1.051589129019703335e-06
1.047802419407162318e-06
1.051792816042507099e-06
1.009315172950664461e-06
1.085680924006737811e-06
9.772176554179168730e-07
9.337795745523180813e-07
1.009946134900019430e-06
9.540922462747403611e-07
9.449127560401393566e-07
1.046775946633715606e-06
9.646922819683823883e-07
9.907031767397712366e-07
9.751582695116666886e-07
9.003112381833489476e-07
9.539934694657859774e-07
9.613956137854984263e-07
9.318104901012702612e-07
9.986796499106275891e-07
9.209958136580098230e-07
9.773060583029291593e-07
9.362632965803640916e-07
8.797237910584953867e-07
9.663244043167650975e-07
9.158678210496873150e-07
9.192746858843748183e-07
8.995267137379415058e-07
8.695647863987687742e-07
9.609629671558650867e-07
8.839682493544387610e-07
9.567705490098887822e-07
9.003523757655784721e-07
9.131715728472044734e-07
7.603513552112417528e-07
8.432815775449853602e-07
9.292862330312346299e-07
8.767785857344279066e-07
8.682585075803217055e-07
8.714538751064537368e-07
8.480940437038952527e-07
9.252281927274452755e-07
7.998946898624125910e-07
8.217676793265127556e-07
8.378029804134712533e-07
8.137833674481953706e-07
9.072166278656367953e-07
7.493973726013791747e-07
8.923727477849752388e-07
8.240339582243904746e-07
8.539564078091643751e-07
7.997800196335447465e-07
7.904096889888024148e-07
8.046309972087328364e-07
7.295072236956912516e-07
8.425111673204809935e-07
7.418645964207826182e-07
7.660642609153001104e-07
7.249487509852770441e-07
7.908639247489191317e-07
7.701156505390827502e-07
7.796937779858126305e-07
7.697231012571137398e-07
7.723166788764501265e-07
7.859748848204617600e-07
7.451160172422532712e-07
8.714719911040447398e-07
8.261831851541501661e-07
7.503148651721857763e-07
7.646530377769522602e-07
7.039094498395570554e-07
7.052018929698533823e-07
7.103016912424209295e-07
6.867227227758121656e-07
6.994165460127987899e-07
7.039766273919668006e-07
7.094659110862267394e-07
7.457096387497585542e-07
6.793716295305784813e-07
7.004927226716973078e-07
6.792413159928400789e-07
6.996658896696317242e-07
6.300001473391603636e-07
6.268219976846011863e-07
7.525491810156381265e-07
7.022491558927868451e-07
6.736540854035411030e-07
7.716015602454717313e-07
6.488270287263731430e-07
6.158630355912464226e-07
6.358593964250758714e-07
6.793702027607650962e-07
7.046779785468970446e-07
6.727289985519746128e-07
6.750059981186495649e-07
6.995207172622030855e-07
6.109530147568875479e-07
6.458806694809027461e-07
6.607045861528604291e-07
6.299508243046147770e-07
6.291121906087937108e-07
6.027764186455897500e-07
6.022185345955222147e-07
6.837982027718680487e-07
5.920139699355786645e-07
6.191047191350662827e-07
6.561567772678244880e-07
6.185517179346789119e-07
6.063827640900854233e-07
5.690972244565273286e-07
6.204675628396217203e-07
6.336880460366955958e-07
5.679407450998041895e-07
5.713812981866794659e-07
6.541023140016477343e-07
5.516936454341703211e-07
6.079192786501153446e-07
5.565193191614526070e-07
5.643443472536091576e-07
5.706198834332099280e-07
5.681674821289562229e-07
5.865963288442799239e-07
5.543639986171910793e-07
5.345204215245757527e-07
5.800459689453418621e-07
5.758697056990058627e-07
4.962931427598960423e-07
5.709948283083576825e-07
5.908517437092087189e-07
5.771023040779254886e-07
4.983806206837470897e-07
5.739556229400477393e-07
5.594192856506197343e-07
5.475897410178731450e-07
5.328779622004731209e-07
5.105936821792056858e-07
5.255176716900678214e-07
6.051130611695044050e-07
5.154789022299155477e-07
5.362371354067363004e-07
5.133212397367969970e-07
5.036343026176836945e-07
4.900860261614071047e-07
4.936028176416584544e-07
4.888533453595300671e-07
5.390480026790100965e-07
4.879045008010507445e-07
5.135836488534550669e-07
5.315749461942686837e-07
4.785656443573315998e-07
5.074051529163625462e-07
5.250924061783735365e-07
4.918492834349308184e-07
4.729032355044182729e-07
4.920831656818336130e-07
5.011176853031429769e-07
5.210522772358672016e-07
5.011011808164766566e-07
4.835869191310849115e-07
4.713940199962962546e-07
4.518519119756092762e-07
4.948350380118427407e-07
4.305656659653322898e-07
4.526184568476310021e-07
4.748033944679264307e-07
4.900332584156785742e-07
4.888406948566625519e-07
4.209967983115348034e-07
4.346810385413846340e-07
4.324540157085721148e-07
4.370174281120853478e-07
4.238423940705615678e-07
4.820947651751339859e-07
4.369771772871899778e-07
4.379974853918611188e-07
4.408834257674243418e-07
4.829074214285355569e-07
4.250143120998472811e-07
4.372251993345343984e-07
4.166922849435650384e-07
4.309736368668382268e-07
4.136607742566411510e-07
4.522884580637764990e-07
4.042657280933781506e-07
4.038056118815802726e-07
4.055949915482415130e-07
4.115232684398506747e-07
4.078254477235532461e-07
4.082164224428197485e-07
4.245612529985009936e-07
3.620964292849748745e-07
3.725451534819512956e-07
4.034122440543796984e-07
3.880925021348957671e-07
3.763457527838909300e-07
3.892956129902813488e-07
3.791926673102352758e-07
3.870745501899364172e-07
3.423386175427367773e-07
3.660208108158258361e-07
3.753741594891835015e-07
3.922518374110950284e-07
3.809889136618948912e-07
3.463214142129800166e-07
3.893956744605020715e-07
3.693684448080603245e-07
3.618533668259260594e-07
3.781114514822547790e-07
3.660973561636637790e-07
3.569311900264438221e-07
3.561169279464593274e-07
3.745793236475947408e-07
3.663845092205520010e-07
3.745635211771514362e-07
3.924152764511745666e-07
3.319721344041681626e-07
3.434270553270835292e-07
3.386789700243753138e-07
3.374380128207121637e-07
3.741787480748826268e-07
3.457660028516329264e-07
3.421550786697480256e-07
3.909753559128148587e-07
3.193860152350680543e-07
3.370160641225083858e-07
3.322229105151563999e-07
3.389627210026446846e-07
3.194217839563862177e-07
3.053728931945443037e-07
3.356988628411272445e-07
3.550846912503402670e-07
3.605756035085505361e-07
3.242319195351228700e-07
3.113655679953808431e-07
3.147463729646915453e-07
3.370434910721087257e-07
3.536207970000759603e-07
3.247328208999533778e-07
3.312546709821617591e-07
3.292914584562822499e-07
3.147630877720075554e-07
3.463450866547646107e-07
3.143673183103601120e-07
3.521450906873724413e-07
3.008954422512033277e-07
3.235263477563421581e-07
2.944498177726017973e-07
3.048674727779143617e-07
2.990048201922945631e-07
2.921966938629338772e-07
2.880958362538876721e-07
2.925686203525401440e-07
2.929715748223316147e-07
3.010552291016210590e-07
3.330430416781382731e-07
3.263541515252654896e-07
2.981703431714777464e-07
2.904874065734475153e-07
2.795092214569194554e-07
2.800683120085522903e-07
2.602556321562587982e-07
2.977210030508104167e-07
3.200026327476734666e-07
2.657285932627928348e-07
2.946513603774292172e-07
2.598145769638904312e-07
2.698508595244675446e-07
2.538528818263330322e-07
2.944605355992280450e-07
3.000897919491762983e-07
2.712253206027526070e-07
2.743319853948378401e-07
2.954490483375593612e-07
2.720192981087165906e-07
2.596454180547880242e-07
2.404334892958104214e-07
2.749078078068123326e-07
2.420892954546616132e-07
2.833669100255065344e-07
2.845864997880198855e-07
2.427127697046671634e-07
2.493945018500198573e-07
2.692061059406114721e-07
2.679924477888562251e-07
2.594867694938330017e-07
2.385809622751366881e-07
2.244057981215519143e-07
2.590159510873490839e-07
2.418771259726782075e-07
2.284827274934286781e-07
2.580384318662254161e-07
2.439954712940561664e-07
2.385011001138081853e-07
2.421299143406940857e-07
2.524284099081341886e-07
2.423003337526097206e-07
2.337601458179960953e-07
2.146913445244536084e-07
2.342453271353406308e-07
2.156164356392764709e-07
2.442065550667394048e-07
2.318897671216291095e-07
2.502268600323986691e-07
2.242710792188517993e-07
2.108564117975220195e-07
2.200021967269094709e-07
2.272155867899527948e-07
2.211108110827808506e-07
2.350190698052756594e-07
2.194335820604464918e-07
2.328923258687609632e-07
2.216580043068461289e-07
2.270081509436749911e-07
2.024294744273902377e-07
2.242436934807301388e-07
2.070727035174968425e-07
2.212599099493672838e-07
2.106681023406054116e-07
2.053441889415807858e-07
2.262142089648477955e-07
2.097227394415313135e-07
2.114345861059519044e-07
2.215137968164526577e-07
2.015604749772137438e-07
2.290908170721195294e-07
1.998295374505687452e-07
2.047505290647677559e-07
2.252380440381784971e-07
2.146926846080532361e-07
2.217045235397563427e-07
2.015677139866056730e-07
2.147903927607330737e-07
1.958109947963748815e-07
1.901604278486956900e-07
2.026740020255601848e-07
2.095510794219990309e-07
1.964463649528624956e-07
1.909544053546596736e-07
2.133384086278056255e-07
1.934709089823627490e-07
1.818968485167715804e-07
1.955511493179074129e-07
1.752532838850129338e-07
1.832391561151780585e-07
1.835502786207143746e-07
1.895918444461131003e-07
1.784433322882250544e-07
2.005174252417418809e-07
1.822616326307979656e-07
1.811374787052955124e-07
1.753892235001330899e-07
1.836253986198243987e-07
1.836528198850828736e-07
1.966717292134489928e-07
1.874913792221377715e-07
1.916088649522862291e-07
1.725114913142533624e-07
1.724042107298373700e-07
1.924767246919145744e-07
1.860000566011876852e-07
1.715315832484520744e-07
1.974263454940228257e-07
1.779796590994919772e-07
1.783814013833762041e-07
1.907351560248571385e-07
1.573563721990467563e-07
2.057806554489616352e-07
1.852907828947536367e-07
1.789726695733406814e-07
1.665963196728626023e-07
1.705553231090561947e-07
1.700510168234359298e-07
1.577962621013284767e-07
1.628352535476551672e-07
1.750673533251756559e-07
1.847269388122185668e-07
1.975265675469017879e-07
1.784195347909189824e-07
1.572300291741157601e-07
1.708116442955542933e-07
1.677669999367026268e-07
1.674093425663158890e-07
1.599873655777628301e-07
1.558091355491342150e-07
1.535571826138948328e-07
1.472366875532316150e-07
1.590468627910013311e-07
1.594222965195513203e-07
1.537491016279091021e-07
1.761176264380992401e-07
1.550187050725071405e-07
1.603962459739705135e-07
1.649059683472842206e-07
1.392687259738067898e-07
1.480652066732091096e-07
1.574636769419157539e-07
1.605655299385943984e-07
1.414741163330290927e-07
1.579142924867937730e-07
1.380682931539922773e-07
1.735332105567977070e-07
1.511968434897426050e-07
1.672698715537990316e-07
1.455534636818356270e-07
1.582576331315976912e-07
1.619823336795889243e-07
1.506437186549192226e-07
1.311481788945911883e-07
1.422573269849180982e-07
1.397992093643552031e-07
1.547636479415359751e-07
1.362229255619240470e-07
1.531841149926549512e-07
1.301957020416466654e-07
1.357353724529275390e-07
1.541795008108692802e-07
1.399220167286330199e-07
1.378584883582334336e-07
1.451934615204209073e-07
1.568736536228243494e-07
1.300144973015449121e-07
1.445616568673813163e-07
1.458693837719238165e-07
1.331795324688300646e-07
1.417304254403006886e-07
1.298547765316016118e-07
1.419700318194827507e-07
1.352752292405057233e-07
1.302863175567381510e-07
1.285112674054289528e-07
1.378406224716854922e-07
1.195204902160185262e-07
1.302565237892849836e-07
1.348866149442073841e-07
1.261592828427637975e-07
1.224995457960176176e-07
1.261604694491325169e-07
1.349736500344533852e-07
1.379956145797223091e-07
1.207900794497618229e-07
1.190114751636883712e-07
1.194489705369505933e-07
1.255477414474626183e-07
1.321209630589237349e-07
1.355124666702067718e-07
1.281298253275053920e-07
1.223874946276737425e-07
1.211048100913103606e-07
1.237989387448123982e-07
1.255882644102257367e-07
1.242078354835030094e-07
1.111972899536795065e-07
1.214314465869392787e-07
1.143885398846578081e-07
1.065731602523101200e-07
1.226426590505980183e-07
1.109314695213470285e-07
1.134730105434300640e-07
1.178646833466245880e-07
1.225889690203985189e-07
1.282526987722576397e-07
1.117528164229497581e-07
1.155496441640479990e-07
1.102674637820655361e-07
1.182783471165294031e-07
1.077676422767126549e-07
1.111055084379586280e-07
1.444627535818199355e-07
1.131380393815106800e-07
1.135087821069191731e-07
1.019001501845195837e-07
1.125193421103176634e-07
1.009512395455658433e-07
1.075626016699970959e-07
1.056421361056436607e-07
9.887461303037525266e-08
1.042569600429032964e-07
1.059652056767390631e-07
1.045501818452976295e-07
1.109767708840081468e-07
1.116026190572938556e-07
1.036239289931017993e-07
9.654288177785019268e-08
1.146877949054214643e-07
1.098347574668423503e-07
1.027143603948843493e-07
1.106191774624676274e-07
1.470188280450202107e-07
9.993081917514246015e-08
1.134968599103558518e-07
9.607678350675996096e-08
1.011324535227231536e-07
1.068282799110420509e-07
9.869461834455250408e-08
9.638910256626331300e-08
8.945588376718660848e-08
9.656674748725890822e-08
9.257440254373250619e-08
8.950117660333490296e-08
9.401564753375168683e-08
9.647731715745067579e-08
9.949808301712437771e-08
9.378558729622454848e-08
1.031758003477989405e-07
9.142284511653997205e-08
8.264782707101403238e-08
1.000989122701412271e-07
1.118196720995001722e-07
9.385352157664783855e-08
9.705073722443557926e-08
1.140512168262830581e-07
9.782320091744622649e-08
8.698824771613544726e-08
8.880142416956005301e-08
8.145216412458466948e-08
9.267216185548932646e-08
8.202555932257382135e-08
8.791570138555471203e-08
9.295826828292774206e-08
1.003123429654806334e-07
9.515410397398227095e-08
8.345488566874337266e-08
8.824353230352244017e-08
8.502964021772640990e-08
9.119157340364836273e-08
8.501056427689946379e-08
8.480194608750935268e-08
8.696084137227444709e-08
8.953337768957680435e-08
8.373502495828688287e-08
8.528117376727095159e-08
8.270985816238862224e-08
7.919314484183815313e-08
8.285526718054824794e-08
9.408717929204613558e-08
9.676230874333669437e-08
8.255842942617164226e-08
7.965925590269762059e-08
8.565669844529111023e-08
8.820062475933810029e-08
8.526686912091463455e-08
7.951262546157522063e-08
7.028462789548939327e-08
8.180503243693238421e-08
8.695368691746807599e-08
7.983807250866448687e-08
8.359078975672674080e-08
7.574203237936672204e-08
8.198981369389457011e-08
7.670762656175610953e-08
7.804397306188093353e-08
7.606032639273508341e-08
8.441224004229752874e-08
8.377437339390781100e-08
7.742170211599841688e-08
8.570563494458838779e-08
8.359559870996235722e-08
8.331065046718321735e-08
8.053068540903041404e-08
7.201316485350161582e-08
6.891014479037948529e-08
7.520440803432393295e-08
6.673695551739911025e-08
7.340556251733687532e-08
7.694009944714252660e-08
7.318976287251644218e-08
7.338169289994312104e-08
7.273557613984849542e-08
6.830098762122815440e-08
7.333999612058050578e-08
7.648114248581805706e-08
7.680303752977124267e-08
7.044318088844647454e-08
7.410648521499751686e-08
6.027223058424624204e-08
7.540828228513873910e-08
7.541064732663471394e-08
6.957295255460848884e-08
7.368568581966883093e-08
6.682875195451742382e-08
6.879808829296507875e-08
7.037643428020601013e-08
6.633164773006683390e-08
6.152154519156738388e-08
6.834628720753244654e-08
6.769659748329104067e-08
5.960227369428139222e-08
7.164005069171253656e-08
6.535890015868516837e-08
6.577613440583717800e-08
6.871345590298005316e-08
6.632331484013320733e-08
6.178619216257175140e-08
6.586078100667691880e-08
6.163837511508063207e-08
6.560805019262260810e-08
6.638887732890452488e-08
7.561211035067572084e-08
6.657364934881115385e-08
5.726458063293193845e-08
6.065728470616704991e-08
6.179573404097027643e-08
6.320836440920629155e-08
5.790115871207035790e-08
5.757810690454334955e-08
6.225230997358721652e-08
6.341221627792493184e-08
6.377223122910891371e-08
5.733491654780209766e-08
5.406857894740824122e-08
7.477411863021643777e-08
6.075861129772874582e-08
7.658487817252535288e-08
5.979659185584296475e-08
5.563618259429858616e-08
5.703451257943470277e-08
6.246927917175070814e-08
5.794289634764027274e-08
6.191494641427653352e-08
6.178023603808924236e-08
6.916408175072774876e-08
5.363704147498538077e-08
5.937220670659826283e-08
6.254556268459055255e-08
5.357624281998596151e-08
5.287886999383317478e-08
6.343249410178941881e-08
5.398394122835270404e-08
5.728246854630469898e-08
5.382539249865203469e-08
5.334021153657886581e-08
5.961539528698267532e-08
5.533816249680967303e-08
5.205036472943902217e-08
5.857231393235906316e-08
5.325199730066287620e-08
5.687954214295132525e-08
5.013228516759227469e-08
5.107046199270825904e-08
5.400540317168633787e-08
5.143763033288451235e-08
5.551936226311226809e-08
5.526425290725001370e-08
5.463483567780258322e-08
5.728008360961211755e-08
7.330899443047655950e-08
5.921009602616322941e-08
5.549671584503812747e-08
4.867197169744485886e-08
5.366446060861562993e-08
4.936934665522585155e-08
4.829527355809659639e-08
5.437733712199132887e-08
4.925729264471101752e-08
4.850746826434715331e-08
5.791308872460376998e-08
5.464675396638085923e-08
4.962445636635947912e-08
4.609943431432838869e-08
4.652143559269461548e-08
4.711271621715695536e-08
4.897714838136834905e-08
4.697204722958758926e-08
5.061866339417519934e-08
4.862905811364726105e-08
5.309346953197291309e-08
4.619957110207905961e-08
5.728366652135718786e-08
4.561901967292669724e-08
4.567385722964445582e-08
4.337430823397881018e-08
4.465104161965882800e-08
4.722119726352502899e-08
4.755975560044589524e-08
4.619361000379740554e-08
4.947663896359699985e-08
4.613281525678303164e-08
4.666449129331340241e-08
5.161883471771489250e-08
4.134059672367129679e-08
4.499078904984799275e-08
4.647137110680432538e-08
4.638553789959587183e-08
4.719854835855130924e-08
4.679681175900896051e-08
4.349352167309916695e-08
4.012466341407616445e-08
4.764200767226611788e-08
4.174114067723166822e-08
5.291941551632817209e-08
4.136920708219804378e-08
4.155040684850064546e-08
4.280688230551276964e-08
4.424334605346303116e-08
4.457951945369131598e-08
4.320145805536412941e-08
4.074812665066929185e-08
4.801514652541527539e-08
4.311205223928027540e-08
4.317046311541616755e-08
4.198194538673760557e-08
3.659487433083086349e-08
3.810167896745042261e-08
4.136086353412338080e-08
4.289986001992929100e-08
3.958464507292092359e-08
4.191042108914189422e-08
3.993869661655935223e-08
4.015446677385625530e-08
3.520727744898976975e-08
3.811121764840663540e-08
3.859639878811549087e-08
4.726888462869282838e-08
3.994823565278693158e-08
4.670025646191788705e-08
4.060984508669207306e-08
3.604770277831903778e-08
4.056693470033678750e-08
4.693032806812880153e-08
3.841758484668389693e-08
3.993989210471226860e-08
3.885150654525659907e-08
3.703833399981703868e-08
4.143477720930377208e-08
4.035831668858236299e-08
4.015089114517422918e-08
3.654361364624492390e-08
3.642202095477387047e-08
3.588200456761114897e-08
3.703356554751735530e-08
3.560782033673604151e-08
3.931046528293791463e-08
4.171968761568223139e-08
3.867627533793438223e-08
4.207255024368805475e-08
3.925920672998018100e-08
4.038812839723959769e-08
3.469825475832521723e-08
3.392577845318100762e-08
3.290892180984883453e-08
3.453374617379268007e-08
3.318906305338487073e-08
3.631711926743719497e-08
3.694892960481865752e-08
4.382613489894993373e-08
3.572464706280697746e-08
3.406883024581474919e-08
3.526449958712873657e-08
3.198981737284611749e-08
3.394246697041580641e-08
3.918410520498127748e-08
3.512145010375888755e-08
4.074336494852559289e-08
3.528119325579837360e-08
3.608227672202701797e-08
3.662944703108905742e-08
3.286124119483701956e-08
4.200936984943837293e-08
3.599048454816511631e-08
3.395438810116502149e-08
3.093481524274466342e-08
3.202796641232907727e-08
3.540636868137881075e-08
3.131032464409600057e-08
3.846288745279480149e-08
3.384590758770400763e-08
2.859592811432776282e-08
3.432513047130214810e-08
3.435375273141971775e-08
3.370881849207307956e-08
3.913880597394836514e-08
3.140926985167880048e-08
3.179431455890835158e-08
3.296494988092035783e-08
3.120542046985974594e-08
3.145576137342231695e-08
3.490091327051914050e-08
3.321052215454755887e-08
3.689051677469023939e-08
3.143549527351297266e-08
2.976418009836834377e-08
3.562689858682688017e-08
2.892613846228187090e-08
3.520251183886102543e-08
2.986550740047277941e-08
3.087163431558792846e-08
2.870321882397774838e-08
2.950311213112399789e-08
2.806783125919310028e-08
2.867818320595461112e-08
2.922297142049501483e-08
3.068090101976395222e-08
3.111482342887938747e-08
3.053308059719484068e-08
2.752423764462719324e-08
2.711057991433562942e-08
3.000021564503185800e-08
3.155589816117298787e-08
3.187061636822363653e-08
3.117680993369731236e-08
3.193021598235646062e-08
2.483845058520728278e-08
3.169775784073181190e-08
2.744317448843958251e-08
2.672553431892765862e-08
3.075004286756666128e-08
2.551555962071461115e-08
2.716422553561415043e-08
2.964139564909373935e-08
2.853036615846349510e-08
2.673030312649871187e-08
2.831221248555948345e-08
2.848029740931678977e-08
2.857804979328193572e-08
2.412557904563072886e-08
2.913595071873942222e-08
2.649307688784574632e-08
2.786398400900225170e-08
2.649307724311711288e-08
2.823949341035358884e-08
2.477884617491099694e-08
2.533078529154408964e-08
2.960205840452090408e-08
2.744317786351757472e-08
2.957702331940481665e-08
2.775788860986949591e-08
2.713680835597642726e-08
2.856374461401855892e-08
2.640128968778299300e-08
3.260257361858975988e-08
2.475381304378743219e-08
2.689481206630261890e-08
2.533913026070422215e-08
2.725959316052239823e-08
2.159118821509764596e-08
2.528906346555004281e-08
2.617836578622245857e-08
2.198815511889051843e-08
2.621055141815986512e-08
2.897263779999548139e-08
2.819538735820970032e-08
2.759457178314050973e-08
2.384424462320566884e-08
3.003002042589742169e-08
2.728701140597422769e-08
2.531052061272021158e-08
2.290606833099673101e-08
2.727985908279606586e-08
2.470016902123006730e-08
2.402067593720858051e-08
2.548695157145175339e-08
2.432465873170031045e-08
2.386689530453622799e-08
2.232671008073339247e-08
2.257824247564599450e-08
2.182841534192903121e-08
3.431923474295217867e-08
2.269625873907443880e-08
2.654195299101047435e-08
2.107143632912311593e-08
2.564907841673402800e-08
2.511859342746447510e-08
2.488971091452185580e-08
1.967907117261802209e-08
2.152562412760516897e-08
2.278566615387944561e-08
2.297401699991041956e-08
2.206325824261057146e-08
2.382755699414928974e-08
2.331972517310987182e-08
2.159595755557575235e-08
2.323866645781435959e-08
2.119660660326871816e-08
2.049803953241280463e-08
2.086758854602521751e-08
2.167582788814570582e-08
2.041340128045021761e-08
2.141356745255507254e-08
2.211809420060717391e-08
2.389312214745586971e-08
2.111435275509165943e-08
2.171874360357150958e-08
2.281427704531324575e-08
2.315402500840946364e-08
2.178430911214945941e-08
2.066016460133823652e-08
2.174973889879083799e-08
1.993656368881602182e-08
2.447486426859768339e-08
2.381802008954991966e-08
2.109408701045367839e-08
1.891255561048410660e-08
2.318978769011437246e-08
1.964926887865203753e-08
2.068758231388301283e-08
2.259970059981242296e-08
2.079487169126537215e-08
1.981735495704129012e-08
1.748681208724178892e-08
1.917004794904641974e-08
1.728177183579759979e-08
1.810074081731727214e-08
1.842618164715759055e-08
1.984596504911451054e-08
2.023101091097601123e-08
1.809597236501758876e-08
1.878500235363844562e-08
1.919984997655888103e-08
2.285004061519657758e-08
1.902699713340894116e-08
2.148270983326483474e-08
1.815796135673508616e-08
1.807928260433300371e-08
1.835823191242980234e-08
1.705169845322984590e-08
1.946568817245974969e-08
1.974463756937439162e-08
2.390385631656499887e-08
2.016663849246924523e-08
2.115846191586001690e-08
1.748323619210623292e-08
1.897335302203373298e-08
2.226710851260804570e-08
2.009153714510603161e-08
1.782059833033144969e-08
2.086758925656795393e-08
1.999855392398330878e-08
1.921654035896835921e-08
1.657962940271318009e-08
1.842141408303632356e-08
1.754760958760925860e-08
1.810312451056006400e-08
1.834750413820529436e-08
2.024651166721014438e-08
1.696586764410312819e-08
2.008557720145631720e-08
1.779556448866514851e-08
1.725316263190279576e-08
2.175570141815796821e-08
1.589059950291016321e-08
1.676082757029462234e-08
2.034664703387534246e-08
1.758098786552864245e-08
1.604318766723622502e-08
2.036214326039953382e-08
1.456022431511882976e-08
2.144933182179897746e-08
1.674533125495258768e-08
1.704454595241600079e-08
1.753330414189235853e-08
2.124786950830071030e-08
1.822591135791640094e-08
1.714945163655556826e-08
1.725554650278127089e-08
1.765132227049548551e-08
1.588702360777460721e-08
1.614093942947647454e-08
1.623153895735640551e-08
2.025247081149927908e-08
1.396536895015287849e-08
1.435875969235667005e-08
2.062798323265724188e-08
1.554489266197833719e-08
1.809835730171016687e-08
1.516938343826268333e-08
1.715541184665880924e-08
1.826167377316778650e-08
1.584529991660588100e-08
1.865983536575299563e-08
1.626968550993978947e-08
1.484036555865486596e-08
1.517772796333360930e-08
1.972914409620329934e-08
1.652002525887041751e-08
1.698017451090549780e-08
1.714468185198825201e-08
1.725673843822050846e-08
1.700401464077572200e-08
1.511812390830869001e-08
1.570105698789348158e-08
1.549482542273494801e-08
1.292347935333282228e-08
1.710654879971684684e-08
1.576542985048945411e-08
1.587748696962876370e-08
1.646638132513089592e-08
1.537799985129595503e-08
1.391530171090948931e-08
1.578927157908083113e-08
1.733184147312272150e-08
1.459360223776684540e-08
1.696109990234617792e-08
1.578450365968819758e-08
1.517415224583373988e-08
1.515746337332757453e-08
1.741051987025343740e-08
1.848817658967050259e-08
1.392603055094809861e-08
1.510262759296665536e-08
1.352787117880893708e-08
1.426577682650531708e-08
1.468420141037540816e-08
1.550793840010555736e-08
1.454472693396269212e-08
1.280665475889009064e-08
1.362443065033858081e-08
1.619577671974070654e-08
1.660108743806176856e-08
1.528859359112289117e-08
1.609444799655079805e-08
1.422882238699685397e-08
1.628756693961008883e-08
1.616239790891427285e-08
1.430154021875296233e-08
1.465439947168079016e-08
1.333952104332070121e-08
1.227021320104881885e-08
1.279115773300532121e-08
1.345396150043143280e-08
1.429081173398571958e-08
1.752734846149905934e-08
1.711845873941797568e-08
1.447320219227776761e-08
1.541257086401515285e-08
1.513123759622203579e-08
1.509309015546023213e-08
1.317739570794174109e-08
1.203656303516709092e-08
1.322507978684939156e-08
1.284718598171252779e-08
1.482367695260222717e-08
1.206398092534755051e-08
1.395583257846055825e-08
1.147270305423830971e-08
1.152157835804246133e-08
1.200437598214421153e-08
1.483917486666541630e-08
1.248955792121364506e-08
1.234173865327647978e-08
1.256942860905496673e-08
1.591563485447977721e-08
1.535177389655473301e-08
1.467347354733306020e-08
1.293420908154985293e-08
1.248836625222793406e-08
1.126527848782643559e-08
1.285433901543342439e-08
1.168012708774313069e-08
1.146674248886370217e-08
1.102685995846286427e-08
1.248478964654964329e-08
1.288771755980633316e-08
1.248598158198888086e-08
1.195192416147961078e-08
1.198530279467036119e-08
1.172423456097249040e-08
1.229286343829016980e-08
1.204967627899122850e-08
1.216173286522348495e-08
1.161337017663299809e-08
1.271367162658520944e-08
1.164913250306653870e-08
1.191139462619616973e-08
1.079320961494545306e-08
1.291513562762247602e-08
1.246810037436318974e-08
1.034379044639876999e-08
1.140356133966236063e-08
1.070618678156165449e-08
1.324653782219797838e-08
1.269817460070044002e-08
1.523375869894039170e-08
1.412868653183352275e-08
1.300931113945580298e-08
1.464486372171336304e-08
1.223564245478314594e-08
1.119256110015953709e-08
1.141786647451681413e-08
1.297712479697565835e-08
1.373768281354159692e-08
1.389623189851363283e-08
1.158833597969533036e-08
1.172423482742601697e-08
1.307964474506206964e-08
1.129031250712842005e-08
1.384854613206698625e-08
1.043319741711457027e-08
1.184582787416843530e-08
1.347422835529243846e-08
1.554966142514047211e-08
1.182913855757306010e-08
1.002430947139032436e-08
1.279831058909053288e-08
9.540319823031494955e-09
1.323104177330947029e-08
1.122713166878952507e-08
1.052975759918695043e-08
1.164674889864159013e-08
1.073718172150961469e-08
1.081943561409559673e-08
1.111865142178203281e-08
1.061558823067798651e-08
1.171350603179632766e-08
1.091599566294121360e-08
1.020550808306097646e-08
1.173615538085925891e-08
1.086711973741216719e-08
1.140356244988538525e-08
1.202583406190171833e-08
1.124262878349213613e-08
1.223087497947972224e-08
1.174688417648894822e-08
9.393692490533567252e-09
9.750128393548607495e-09
1.076221503026886272e-08
1.079678617621482383e-08
1.307606893874435694e-08
1.144409322861861256e-08
1.010298795733888189e-08
9.510517173794142185e-09
8.972883724922552822e-09
1.160502591801559869e-08
1.052737292894789723e-08
1.164317247059898430e-08
1.149892874252600516e-08
9.484291485506446737e-09
1.320243105951135509e-08
1.075863904631546509e-08
8.945465745924253249e-09
8.780956539666817993e-09
1.104116567063329091e-08
1.178383981503827760e-08
9.105205922566028676e-09
8.416176378034378351e-09
9.610653606273444893e-09
9.649992405158514637e-09
1.239181139922607211e-08
1.028657017343448421e-08
1.032114118615368203e-08
1.231909609877845957e-08
1.255154744583819560e-08
1.091838002231782023e-08
1.224875565419836188e-08
1.049041822298590920e-08
9.971857650725723612e-09
9.243488818810873702e-09
1.020431588116821397e-08
1.017928177304838788e-08
9.177923532277532104e-09
1.043677393397501940e-08
9.496212927118108382e-09
1.002788589943293184e-08
1.012563775049102299e-08
1.327992027455593416e-08
9.813309320705344114e-09
9.678603118956629838e-09
9.279251855787152388e-09
9.363890107749739400e-09
8.124113470842075582e-09
9.895564101469744194e-09
1.156211011377194998e-08
9.026527614253154421e-09
8.819103713975096732e-09
9.533167677489018057e-09
1.129746554084931664e-08
1.037240222601098983e-08
8.522272443300948908e-09
9.531975564414097211e-09
9.199381478808277279e-09
8.312464006010599653e-09
8.330345258045212424e-09
8.827448327863862687e-09
8.606911272579509056e-09
8.363724068871647763e-09
8.674860429991327444e-09
8.001328000162288183e-09
1.264095983444235571e-08
9.807349155011024777e-09
9.098053466161105214e-09
9.984971294230149397e-09
1.221299612552684200e-08
9.580851312307458680e-09
9.518862276181039637e-09
8.758307146194965091e-09
7.486343411855500232e-09
8.264780548827843962e-09
8.826256170380020194e-09
1.012563801694454957e-08
8.888245250915360884e-09
8.558035169414779375e-09
8.034706633353038589e-09
1.212954723328607509e-08
9.307862081087137747e-09
1.024246318870325434e-08
9.512901799624273735e-09
1.145005370517537846e-08
9.092093833373837366e-09
1.016736121961514594e-08
8.693933972736544340e-09
1.132965508077177186e-08
8.149147356917296747e-09
9.328127514862672218e-09
8.605719070686746570e-09
8.168220988480356937e-09
9.738208017751048828e-09
9.516478360893642854e-09
8.492470460197409259e-09
1.073241371329913785e-08
7.669926116449232392e-09
8.943081475365488255e-09
8.211136348634795799e-09
1.032471832473902429e-08
7.202625607050094914e-09
7.834434878617457798e-09
7.338524232736176600e-09
9.298325132078844366e-09
7.699728232779535326e-09
8.254051753198154653e-09
9.185077232132243477e-09
8.268356843643686509e-09
7.555485259658212602e-09
7.913112876067885488e-09
7.822513792277164364e-09
8.821488517440911561e-09
9.250642429847743435e-09
8.019209207787980962e-09
8.084774361094559274e-09
7.703304749639982798e-09
7.852316441514517134e-09
1.061916625744174846e-08
8.095503156724248583e-09
8.376837890011756826e-09
6.769895577463102944e-09
7.557869219354529378e-09
1.000762130942689543e-08
8.810759233313092409e-09
8.926392602859322902e-09
6.937981011922999931e-09
7.358789799738474358e-09
8.749962443488357498e-09
8.544922636133378215e-09
6.984472600279900524e-09
9.115935117876006188e-09
6.734132940167114942e-09
6.737709323800799955e-09
8.963348818724625413e-09
7.929802769979232173e-09
8.760691549980493371e-09
1.037955454918915166e-08
8.029937914599826978e-09
9.176731996518582739e-09
9.075404694414147095e-09
7.239580357421004588e-09
6.824732157184598526e-09
8.847714072501843723e-09
7.014274761019123451e-09
8.777381221847235131e-09
8.672476692339613939e-09
8.248091365459232045e-09
8.040667109909804491e-09
8.118152949876389688e-09
1.033306213926721218e-08
8.374453042137020351e-09
7.441044225231507880e-09
7.598400530994808171e-09
8.822680275244465851e-09
8.233786141786936903e-09
7.134676272002593247e-09
7.448196726045352989e-09
8.641482174276404418e-09
9.297133329866370084e-09
8.864403566732903859e-09
7.700920523490139451e-09
8.765460668413993186e-09
7.945299573819398327e-09
6.346702630111167640e-09
8.704663478908970071e-09
1.029610734448738251e-08
8.800030260047719821e-09
8.955002295252256772e-09
7.525682965692226389e-09
8.074046053963001461e-09
1.078129026055307738e-08
6.188154433317549774e-09
8.856058553163848046e-09
6.819963660475991839e-09
7.975102045421067818e-09
8.372068904805018643e-09
6.656647033587148929e-09
7.652044864414619620e-09
6.644725991655775488e-09
7.559062176198949932e-09
8.854867594720871817e-09
6.433725552312807849e-09
7.414818314899207508e-09
6.604194968673482435e-09
9.381771892691403660e-09
7.413626201824285834e-09
7.195473061827328986e-09
7.723570139006597277e-09
7.938147428276919775e-09
8.338690538067794809e-09
6.914138905855793051e-09
7.395745038607515529e-09
8.798839212786901953e-09
6.136894370456502491e-09
8.999111544838455881e-09
6.717443934434186303e-09
8.171797416522962769e-09
8.600950618387059876e-09
6.647110284418999651e-09
7.553101344370815819e-09
6.946325781242989995e-09
8.039474908017042005e-09
7.529259171690227297e-09
6.695985987903441128e-09
6.965399101943603620e-09
8.172989529597885270e-09
6.546974340437827612e-09
6.643534122829919563e-09
7.394552614670146464e-09
6.730556867395875666e-09
6.638765448485628771e-09
6.259679796727369070e-09
6.401539165423741575e-09
7.765293563721798571e-09
7.174015470567951194e-09
7.842779625732987039e-09
7.829666559544534390e-09
7.745028063332881629e-09
8.517505456495655050e-09
7.331371865149094778e-09
8.326769496136421367e-09
7.269382873431595726e-09
7.501841547963294281e-09
8.753539759709383030e-09
6.151199682946640099e-09
7.905960686116486944e-09
6.024837650997483582e-09
7.073879837449226546e-09
7.847548255668357011e-09
9.088517360922309887e-09
8.010864949170581564e-09
6.785393180663845504e-09
6.577968880705497957e-09
6.755590709062176013e-09
7.126332057794115495e-09
6.320476764187788087e-09
6.808042929407065789e-09
6.966591303836366933e-09
8.027554310174878414e-09
6.674528352235142516e-09
7.523298650724541403e-09
6.452799095058026400e-09
7.555485126431449316e-09
7.072687546738620767e-09
7.174015426159030374e-09
5.792379376146073231e-09
6.579161127007182917e-09
7.306337712620347867e-09
7.669926227471534854e-09
6.730556689760192388e-09
7.965565407275221002e-09
6.680488828791908418e-09
8.956194541553940904e-09
6.569624311225652822e-09
7.910729227234015277e-09
6.169080823958950408e-09
6.691217846466201825e-09
6.618500059119014292e-09
6.977319966239292957e-09
5.536079417112205027e-09
7.421970904530894255e-09
6.828308363182600260e-09
6.058216239779312342e-09
6.847382083563502089e-09
8.695126663127439977e-09
5.710125217106565453e-09
8.304119836211043548e-09
5.674362357765971699e-09
8.181334365531256150e-09
8.887053359885044963e-09
7.408857838342441606e-09
6.943941555093147475e-09
8.316040656097812065e-09
8.088350655910403475e-09
8.100273074518326459e-09
8.083584757123673419e-09
7.494688869513765894e-09
8.145571772644188968e-09
8.436442167081281034e-09
7.214546715594849171e-09
6.307363609181492972e-09
6.456375412078329770e-09
7.560253512117753540e-09
7.227660026032367568e-09
1.039028290072963112e-08
8.437634013702676963e-09
7.380247613042456247e-09
8.120537353661916313e-09
6.681680941866830091e-09
7.606745278110339066e-09
5.511045686468207970e-09
5.701780647626719490e-09
7.823706527076978339e-09
7.232428034242843585e-09
6.151199594128797633e-09
5.162954530568697795e-09
7.659197409637386376e-09
6.760358961521717778e-09
5.983114315100123928e-09
5.993843399387798978e-09
6.630421589548518403e-09
7.251501354943457210e-09
6.281137743258114246e-09
5.463361807400701599e-09
7.100105592350302810e-09
6.233454064030751975e-09
5.472898623182231693e-09
7.956028680311532546e-09
7.112026878530742000e-09
6.260872309482578947e-09
6.779432704107080430e-09
6.077289915751294178e-09
7.933379153612918013e-09
6.977320055057134596e-09
6.712675215680974692e-09
6.666183871573139020e-09
4.945993414828820154e-09
7.070303364997699067e-09
6.947518516042805624e-09
7.059574436141247299e-09
6.159544208017564415e-09
6.228685700548908575e-09
6.766319549100785314e-09
8.195640388564129353e-09
6.805658747666143261e-09
7.125139656061208081e-09
5.195140939662224066e-09
6.895065562950719430e-09
6.719828116175108004e-09
7.299185300624344398e-09
6.093979187937747735e-09
5.996227403493037400e-09
6.611347602714090830e-09
5.582571138695868905e-09
6.939173213815763244e-09
6.934405583081115434e-09
6.241798855555202863e-09
7.637739640742324478e-09
5.646944334358749653e-09
5.797147784036838278e-09
5.505085276524823712e-09
6.630421167663769376e-09
6.507635497143837876e-09
8.448363342239417761e-09
6.746054026507408377e-09
7.079840180779229162e-09
6.351471570908984177e-09
6.915331374202082936e-09
6.192922930026156461e-09
8.448363630897403502e-09
7.500649079617005224e-09
6.614923764303170918e-09
8.450748345545378346e-09
5.379915424263970511e-09
6.290674470221801874e-09
5.604028840977548332e-09
5.698204397219796936e-09
6.102323912848816979e-09
4.768371675289983738e-09
9.660723421234251542e-09
7.607937346776338265e-09
7.128715884263669812e-09
8.772612392071721057e-09
7.160902404379498545e-09
7.369518972843991047e-09
5.928278090649996557e-09
6.680489095245434162e-09
6.661415552500216439e-09
6.936789009870380720e-09
6.502867044844152009e-09
7.221699327430996742e-09
6.835460952814287008e-09
5.192756669103459899e-09
