3.407999999999999918e-01
5.738999999999999657e-01
6.435999999999999499e-01
6.744999999999999885e-01
6.983000000000000318e-01
7.197000000000000064e-01
7.395000000000000462e-01
7.550000000000000044e-01
7.707000000000000517e-01
7.824999999999999734e-01
7.963999999999999968e-01
8.070000000000000506e-01
8.189999999999999503e-01
8.322000000000000508e-01
8.405000000000000249e-01
8.516000000000000236e-01
8.595000000000000417e-01
8.686000000000000387e-01
8.761999999999999789e-01
8.849000000000000199e-01
8.911000000000000032e-01
9.001000000000000112e-01
9.012000000000000011e-01
9.071000000000000174e-01
9.146999999999999575e-01
9.173999999999999932e-01
9.252000000000000224e-01
9.286999999999999700e-01
9.334999999999999964e-01
9.383000000000000229e-01
9.423000000000000265e-01
9.446999999999999842e-01
9.486999999999999877e-01
9.506000000000000005e-01
9.578999999999999737e-01
9.596999999999999975e-01
9.623000000000000442e-01
9.655000000000000249e-01
9.660999999999999588e-01
9.687999999999999945e-01
9.708999999999999853e-01
9.738999999999999879e-01
9.731999999999999540e-01
9.762999999999999456e-01
9.791999999999999593e-01
9.808999999999999941e-01
9.808999999999999941e-01
9.828000000000000069e-01
9.851999999999999647e-01
9.855000000000000426e-01
9.859999999999999876e-01
9.871999999999999664e-01
9.887000000000000233e-01
9.885000000000000453e-01
9.896000000000000352e-01
9.909999999999999920e-01
9.919999999999999929e-01
9.918000000000000149e-01
9.927000000000000268e-01
9.938000000000000167e-01
9.940999999999999837e-01
9.942999999999999616e-01
9.947000000000000286e-01
9.956000000000000405e-01
9.969000000000000083e-01
9.970999999999999863e-01
9.967000000000000304e-01
9.975000000000000533e-01
9.976000000000000423e-01
9.983999999999999542e-01
9.979000000000000092e-01
9.982999999999999652e-01
9.986000000000000432e-01
9.985000000000000542e-01
9.988000000000000211e-01
9.985000000000000542e-01
9.991999999999999771e-01
9.989000000000000101e-01
9.989999999999999991e-01
9.993999999999999551e-01
9.989999999999999991e-01
9.995000000000000551e-01
9.993999999999999551e-01
9.993999999999999551e-01
9.992999999999999661e-01
9.993999999999999551e-01
9.990999999999999881e-01
9.992999999999999661e-01
9.996000000000000441e-01
9.997000000000000330e-01
9.997000000000000330e-01
9.998000000000000220e-01
9.998000000000000220e-01
9.996000000000000441e-01
9.999000000000000110e-01
1.000000000000000000e+00
9.999000000000000110e-01
9.999000000000000110e-01
9.998000000000000220e-01
1.000000000000000000e+00
1.000000000000000000e+00
