2.000000000000000111e-01
2.000000000000000111e-01
2.000000000000000111e-01
2.000000000000000111e-01
2.000000000000000111e-01
2.293333333333333335e-01
4.156666666666666843e-01
5.726666666666666572e-01
6.690000000000000391e-01
7.513333333333332975e-01
7.753333333333333188e-01
7.916666666666666297e-01
8.123333333333333517e-01
8.176666666666666528e-01
8.326666666666666661e-01
8.383333333333333748e-01
8.503333333333333854e-01
8.526666666666666838e-01
8.549999999999999822e-01
8.549999999999999822e-01
8.616666666666666918e-01
8.663333333333332886e-01
8.686666666666666980e-01
8.689999999999999947e-01
8.696666666666666989e-01
8.679999999999999938e-01
8.719999999999999973e-01
8.683333333333332904e-01
8.733333333333332948e-01
8.706666666666666998e-01
8.709999999999999964e-01
8.753333333333332966e-01
8.689999999999999947e-01
8.743333333333332957e-01
8.750000000000000000e-01
8.716666666666667007e-01
8.729999999999999982e-01
8.786666666666667069e-01
8.760000000000000009e-01
8.766666666666667052e-01
8.753333333333332966e-01
8.766666666666667052e-01
8.716666666666667007e-01
8.713333333333332931e-01
8.770000000000000018e-01
8.709999999999999964e-01
8.773333333333332984e-01
8.760000000000000009e-01
8.726666666666667016e-01
8.790000000000000036e-01
8.746666666666667034e-01
8.739999999999999991e-01
8.733333333333332948e-01
8.760000000000000009e-01
8.773333333333332984e-01
8.753333333333332966e-01
8.739999999999999991e-01
8.723333333333332940e-01
8.743333333333332957e-01
8.736666666666667025e-01
8.760000000000000009e-01
8.719999999999999973e-01
8.766666666666667052e-01
8.723333333333332940e-01
8.763333333333332975e-01
8.746666666666667034e-01
8.723333333333332940e-01
8.733333333333332948e-01
8.753333333333332966e-01
8.746666666666667034e-01
8.723333333333332940e-01
8.760000000000000009e-01
8.743333333333332957e-01
8.736666666666667025e-01
8.753333333333332966e-01
8.780000000000000027e-01
8.753333333333332966e-01
8.780000000000000027e-01
8.780000000000000027e-01
8.750000000000000000e-01
8.780000000000000027e-01
8.780000000000000027e-01
8.756666666666667043e-01
8.796666666666667078e-01
8.803333333333333011e-01
8.706666666666666998e-01
8.763333333333332975e-01
8.773333333333332984e-01
8.763333333333332975e-01
8.773333333333332984e-01
8.706666666666666998e-01
8.739999999999999991e-01
8.793333333333333002e-01
8.743333333333332957e-01
8.770000000000000018e-01
8.739999999999999991e-01
8.780000000000000027e-01
8.770000000000000018e-01
8.770000000000000018e-01
8.739999999999999991e-01
8.736666666666667025e-01
