5.517450000000000410e-01
5.843000000000000416e-01
5.850849999999999662e-01
5.884949999999999903e-01
5.895299999999999985e-01
5.893300000000000205e-01
5.894800000000000040e-01
5.914150000000000240e-01
5.916000000000000147e-01
5.931450000000000333e-01
5.931549999999999878e-01
5.933049999999999713e-01
5.945399999999999574e-01
5.938999999999999835e-01
5.948350000000000026e-01
5.943800000000000194e-01
5.945599999999999774e-01
5.955399999999999583e-01
5.962749999999999995e-01
5.957799999999999763e-01
5.968200000000000172e-01
5.967649999999999899e-01
5.970649999999999569e-01
5.974350000000000493e-01
5.971400000000000041e-01
5.972800000000000331e-01
5.974850000000000438e-01
5.979349999999999943e-01
5.989799999999999569e-01
5.984350000000000502e-01
5.987700000000000244e-01
5.996850000000000236e-01
5.997500000000000053e-01
5.993399999999999839e-01
5.994599999999999929e-01
5.991300000000000514e-01
6.005500000000000282e-01
6.001999999999999558e-01
6.004650000000000265e-01
6.006550000000000500e-01
6.007400000000000517e-01
6.015099999999999891e-01
6.005099999999999882e-01
6.022199999999999775e-01
6.019750000000000378e-01
6.013150000000000439e-01
6.015200000000000546e-01
6.021699999999999831e-01
6.022849999999999593e-01
6.030299999999999550e-01
6.031800000000000495e-01
6.038750000000000506e-01
6.020750000000000268e-01
6.027150000000000007e-01
6.042899999999999938e-01
6.035449999999999982e-01
6.033950000000000147e-01
6.043349999999999556e-01
6.042750000000000066e-01
6.040699999999999958e-01
6.038400000000000434e-01
6.052049999999999930e-01
6.045000000000000373e-01
6.051050000000000040e-01
6.058599999999999541e-01
6.058050000000000379e-01
6.066099999999999826e-01
6.060649999999999649e-01
6.058000000000000052e-01
6.075049999999999617e-01
6.072699999999999765e-01
6.067449999999999788e-01
6.067350000000000243e-01
6.070999999999999730e-01
6.080200000000000049e-01
6.078799999999999759e-01
6.084749999999999881e-01
6.084100000000000064e-01
6.080100000000000504e-01
6.085650000000000226e-01
6.082999999999999519e-01
6.088500000000000023e-01
6.092049999999999965e-01
6.083849999999999536e-01
6.097500000000000142e-01
6.086350000000000371e-01
6.091450000000000475e-01
6.102049999999999974e-01
6.099700000000000122e-01
6.098949999999999649e-01
6.102999999999999536e-01
6.097700000000000342e-01
6.116449999999999942e-01
6.108400000000000496e-01
6.110349999999999948e-01
6.110799999999999566e-01
6.117299999999999960e-01
6.110400000000000276e-01
6.116399999999999615e-01
6.126249999999999751e-01
6.115350000000000508e-01
