7.560148715972900835e-01
4.597987174987793191e-01
3.118102252483367920e-01
2.313271731138229481e-01
1.865747481584549006e-01
1.561214178800582886e-01
1.264659345149993785e-01
9.814462661743164618e-02
7.905959188938141424e-02
5.980422273278236667e-02
4.318030998110770902e-02
3.010264895856380393e-02
2.217408716678619454e-02
1.526008527725935052e-02
1.192865781486034463e-02
1.043474413454532554e-02
6.944109220057725906e-03
7.050650287419557224e-03
4.945945367217064251e-03
4.475037148222327059e-03
4.197028279304504221e-03
2.825659560039639560e-03
2.252499829046428117e-03
2.082339115440845576e-03
1.848789607174694625e-03
1.733345678076148033e-03
1.513221231289207979e-03
1.323036989197134885e-03
1.240976760163903150e-03
1.103577692992985162e-03
1.041246578097343445e-03
9.600770426914095879e-04
9.780569700524211364e-04
9.118767688050865910e-04
7.746748393401503780e-04
8.535010740160942511e-04
7.495422963984310410e-04
6.773212226107716560e-04
6.655509001575410583e-04
5.877429619431495233e-04
5.768171628005802848e-04
5.759384483098983331e-04
5.755796912126243548e-04
5.683898576535284736e-04
5.193450313527136607e-04
4.905181354843080261e-04
4.706307488959282745e-04
5.340731178876012997e-04
4.747419792693108103e-04
4.393814422655850757e-04
3.594263747800141356e-04
4.468616622034460523e-04
3.564888436812907566e-04
3.589967847801744829e-04
3.758435894269496311e-04
3.687328775413334153e-04
3.428765572607517459e-04
3.880976350046694062e-04
3.255757910665124655e-04
3.585177066270261895e-04
2.971516747493297078e-04
3.731373697519302477e-04
2.910911978688091148e-04
2.663615741766989231e-04
2.838274405803531300e-04
2.891528129111975431e-04
2.489340142346918474e-04
2.588839648524299481e-04
2.841582463588565588e-04
2.761415293207391880e-04
2.264248352730646621e-04
2.457677415804937699e-04
2.186959347454830896e-04
2.361824328545480858e-04
2.320046856766566580e-04
2.067660534521564841e-04
2.084583713440224420e-04
2.446181024424731731e-04
2.251076162792742198e-04
2.172439068090170568e-04
1.766608445905149091e-04
1.803199236746877540e-04
1.810374291380867416e-04
1.661604765104129910e-04
1.797813660232350284e-04
1.739890169119462262e-04
1.421444467268884182e-04
1.601595198735594804e-04
1.614984270418062860e-04
1.739931583870202411e-04
1.698828345979563892e-04
1.465418550651520436e-04
1.368705998174846172e-04
1.494816358899697770e-04
1.485420623794198145e-04
1.264405364054255188e-04
1.242340265889652182e-04
1.365113363135605996e-04
1.347038749372586716e-04
1.325185643509030396e-04
1.454423734685406197e-04
