5.263157894736841987e-03
5.263157894736841987e-03
5.315789473684210363e-03
9.736842105263158326e-03
1.131578947368421136e-02
2.052631578947368418e-02
3.026315789473684251e-02
3.421052631578947595e-02
3.621052631578947079e-02
3.821052631578947256e-02
4.147368421052631537e-02
4.584210526315789236e-02
4.805263157894736764e-02
4.984210526315789591e-02
5.152631578947368396e-02
5.299999999999999850e-02
5.442105263157894640e-02
5.784210526315789608e-02
5.731578947368420884e-02
5.873684210526315674e-02
5.973684210526315763e-02
6.189473684210526627e-02
6.073684210526315852e-02
6.068421052631579188e-02
6.189473684210526627e-02
6.157894736842105254e-02
6.552631578947368252e-02
6.357894736842105432e-02
6.600000000000000311e-02
6.763157894736841758e-02
6.994736842105263308e-02
7.010526315789473994e-02
7.168421052631579471e-02
7.384210526315788947e-02
7.426315789473683648e-02
7.336842105263158276e-02
7.531578947368421095e-02
7.652631578947367841e-02
7.773684210526315974e-02
7.942105263157894779e-02
8.100000000000000255e-02
8.042105263157894868e-02
8.221052631578947001e-02
8.463157894736841880e-02
8.494736842105263253e-02
8.573684210526315297e-02
8.831578947368420862e-02
8.836842105263158220e-02
9.242105263157894546e-02
9.457894736842105410e-02
9.563157894736841469e-02
9.578947368421052155e-02
9.642105263157894901e-02
9.984210526315789869e-02
1.021578947368421003e-01
1.001052631578947388e-01
1.039473684210526355e-01
1.079473684210526252e-01
1.068947368421052646e-01
1.120000000000000023e-01
1.150000000000000050e-01
1.157368421052631519e-01
1.198947368421052623e-01
1.209999999999999964e-01
1.154736842105263117e-01
1.228947368421052649e-01
1.257894736842105343e-01
1.282631578947368289e-01
1.299473684210526447e-01
1.307368421052631513e-01
1.338947368421052608e-01
1.328421052631579002e-01
1.358421052631579029e-01
1.400000000000000133e-01
1.400526315789473730e-01
1.440526315789473766e-01
1.498421052631578876e-01
1.499999999999999944e-01
1.507894736842105288e-01
1.553157894736842126e-01
1.580526315789473613e-01
1.590000000000000024e-01
1.578421052631578947e-01
1.616842105263157914e-01
1.685789473684210504e-01
1.688947368421052642e-01
1.682105263157894770e-01
1.760526315789473772e-01
1.711052631578947325e-01
1.796315789473684199e-01
1.841578947368421038e-01
1.823157894736842088e-01
1.827894736842105294e-01
1.891578947368421082e-01
1.921052631578947234e-01
1.895789473684210413e-01
1.943684210526315792e-01
1.948421052631578998e-01
1.974210526315789416e-01
2.007368421052631580e-01
2.033157894736841997e-01
2.064736842105263093e-01
2.078947368421052710e-01
2.052631578947368418e-01
2.142631578947368498e-01
2.082631578947368445e-01
2.164210526315789584e-01
2.200526315789473608e-01
2.177894736842105328e-01
2.218421052631578960e-01
2.245263157894736850e-01
2.270526315789473670e-01
2.293684210526315825e-01
2.276842105263157945e-01
2.234736842105263244e-01
2.352631578947368407e-01
2.398947368421052717e-01
2.286315789473684079e-01
2.347368421052631604e-01
2.395789473684210580e-01
2.507894736842105066e-01
2.473157894736842111e-01
2.508421052631579218e-01
2.497368421052631460e-01
2.452105263157894621e-01
2.503684210526315734e-01
2.555263157894736570e-01
2.597894736842105146e-01
2.627368421052631575e-01
2.581052631578947265e-01
2.583157894736842208e-01
2.618947368421052357e-01
2.501578947368420791e-01
2.473157894736842111e-01
2.647368421052631593e-01
2.584210526315789402e-01
2.713684210526315921e-01
2.744736842105263142e-01
2.749473684210526070e-01
2.800000000000000266e-01
2.819999999999999729e-01
2.818947368421052535e-01
2.788947368421052508e-01
2.755789473684210344e-01
2.844736842105263230e-01
2.815263157894736801e-01
2.907368421052631824e-01
2.886842105263157654e-01
2.920526315789473415e-01
2.932105263157894770e-01
2.961052631578947603e-01
2.885263157894736863e-01
2.954210526315789731e-01
2.934210526315789713e-01
2.999473684210526292e-01
2.891052631578947540e-01
2.977894736842105483e-01
3.066842105263157814e-01
3.082105263157894903e-01
3.073157894736842088e-01
3.102631578947368518e-01
3.146842105263157885e-01
3.088421052631579178e-01
3.168421052631578694e-01
3.026842105263157778e-01
3.083157894736842097e-01
3.146842105263157885e-01
3.134210526315789336e-01
3.123684210526315730e-01
3.181578947368420840e-01
3.254736842105263039e-01
3.290000000000000147e-01
3.252105263157894499e-01
3.331578947368420973e-01
3.294210526315789478e-01
3.267894736842105186e-01
3.060526315789473539e-01
3.270526315789473726e-01
3.206315789473684341e-01
3.350000000000000200e-01
3.288947368421052397e-01
3.294210526315789478e-01
3.393684210526315970e-01
3.392631578947368221e-01
3.389473684210526083e-01
3.333684210526315916e-01
3.398947368421052495e-01
3.213157894736842213e-01
3.341052631578947385e-01
3.425263157894736787e-01
3.453157894736841871e-01
3.483157894736841897e-01
3.462105263157894686e-01
3.472631578947368292e-01
3.485263157894736841e-01
3.534736842105263288e-01
3.541052631578947563e-01
3.549999999999999822e-01
3.572631578947368380e-01
3.566315789473684106e-01
3.573684210526315574e-01
3.587894736842105470e-01
3.623684210526315619e-01
3.615789473684210553e-01
3.568947368421052646e-01
3.604210526315789198e-01
3.674736842105263412e-01
3.661578947368421266e-01
3.705789473684210633e-01
3.597368421052631327e-01
3.563157894736841969e-01
3.688421052631579156e-01
3.697368421052631415e-01
3.684210526315789269e-01
3.679473684210526341e-01
3.694736842105263430e-01
3.674210526315789260e-01
3.725789473684210651e-01
3.591052631578947607e-01
3.696315789473684221e-01
3.755263157894737081e-01
3.786315789473684301e-01
3.827368421052631531e-01
3.843157894736842217e-01
3.809473684210526456e-01
3.823157894736842199e-01
3.811578947368420844e-01
3.868421052631578760e-01
3.883684210526315850e-01
3.725789473684210651e-01
3.846315789473684355e-01
3.924210526315789482e-01
3.853684210526315823e-01
3.735789473684210660e-01
3.504736842105263261e-01
3.915789473684210265e-01
3.896842105263157996e-01
3.906842105263158005e-01
3.937368421052631628e-01
3.931052631578947354e-01
3.907894736842105199e-01
3.837368421052631540e-01
3.964736842105263115e-01
3.863684210526315832e-01
3.939473684210526572e-01
4.001578947368421013e-01
3.926842105263158023e-01
3.857368421052631557e-01
3.832105263157895014e-01
4.019473684210526088e-01
4.047368421052631726e-01
3.955263157894736703e-01
4.053684210526316001e-01
4.078421052631578947e-01
4.115263157894736845e-01
4.072631578947368269e-01
4.080526315789473890e-01
4.106842105263157627e-01
4.085263157894736818e-01
4.072105263157894672e-01
4.102105263157894699e-01
4.101578947368421102e-01
4.154736842105263284e-01
4.064736842105263204e-01
4.001052631578947416e-01
4.154210526315789687e-01
4.062105263157894663e-01
4.096842105263157618e-01
4.118421052631578982e-01
4.152105263157894743e-01
4.223684210526315597e-01
4.114210526315789651e-01
4.214736842105263337e-01
4.157368421052631824e-01
4.064210526315789607e-01
4.025263157894736765e-01
4.079999999999999738e-01
4.086315789473684013e-01
4.243684210526315614e-01
4.201052631578947594e-01
4.282631578947368456e-01
4.140526315789473943e-01
4.119999999999999774e-01
4.249999999999999889e-01
4.262631578947368438e-01
4.210526315789473450e-01
4.319999999999999951e-01
4.291052631578947119e-01
4.332631578947368500e-01
4.318421052631579160e-01
4.373684210526315730e-01
4.332631578947368500e-01
4.333157894736842097e-01
4.290526315789473522e-01
4.372631578947368536e-01
4.276842105263157778e-01
4.345789473684210646e-01
4.376315789473684270e-01
4.269473684210526310e-01
4.125789473684210451e-01
4.203157894736841982e-01
4.405789473684210700e-01
4.416315789473684306e-01
4.333684210526315694e-01
4.440526315789473655e-01
4.329999999999999960e-01
4.434210526315789380e-01
4.405263157894737103e-01
4.367894736842105052e-01
4.397368421052631482e-01
4.417368421052631500e-01
4.438947368421052864e-01
4.314736842105263426e-01
4.393684210526315748e-01
4.347894736842105035e-01
4.423157894736842177e-01
4.465263157894736601e-01
4.467368421052631544e-01
4.483157894736842231e-01
4.405263157894737103e-01
4.396842105263157885e-01
4.460526315789473673e-01
4.492105263157894490e-01
4.535263157894736663e-01
4.477368421052631553e-01
4.459473684210526478e-01
4.536315789473684412e-01
4.571052631578947367e-01
4.574210526315789505e-01
4.565789473684210287e-01
4.475263157894736610e-01
4.542105263157894535e-01
4.522631578947368669e-01
4.576315789473684448e-01
4.441052631578947252e-01
4.568947368421052424e-01
4.601052631578947394e-01
4.309999999999999942e-01
4.598421052631578854e-01
4.568421052631578827e-01
4.460526315789473673e-01
4.614210526315789540e-01
4.555263157894736681e-01
4.639473684210526083e-01
4.546315789473684421e-01
4.534736842105263066e-01
4.537894736842105203e-01
4.552105263157894544e-01
4.360526315789473584e-01
4.525263157894736654e-01
4.616842105263158080e-01
4.617894736842105274e-01
4.642631578947368221e-01
4.645263157894736761e-01
4.532105263157894526e-01
4.522631578947368669e-01
4.553157894736842293e-01
4.453684210526315801e-01
4.627894736842105283e-01
4.685263157894736796e-01
4.670526315789473859e-01
4.712631578947368283e-01
4.700526315789473886e-01
4.610526315789473806e-01
4.635263157894736752e-01
4.605789473684210322e-01
4.510526315789473717e-01
4.579473684210526585e-01
4.592105263157894579e-01
4.681578947368421062e-01
4.680526315789473868e-01
4.711578947368421089e-01
4.705263157894736814e-01
4.707894736842105354e-01
4.623684210526315952e-01
4.662631578947368238e-01
4.644210526315789567e-01
4.564210526315789496e-01
4.727894736842105372e-01
4.563157894736842302e-01
4.708421052631578951e-01
4.558421052631578818e-01
4.728947368421052566e-01
4.670526315789473859e-01
4.671052631578947456e-01
4.738947368421052575e-01
4.662105263157894641e-01
4.722631578947368292e-01
4.532105263157894526e-01
4.670000000000000262e-01
4.745263157894736850e-01
4.796315789473684088e-01
4.816842105263157703e-01
4.740526315789473921e-01
4.679473684210526119e-01
4.803157894736841960e-01
4.763157894736841924e-01
4.827368421052631309e-01
4.811578947368421177e-01
4.753684210526315512e-01
4.734210526315789647e-01
4.814210526315789718e-01
4.787894736842105425e-01
4.734736842105263244e-01
4.782631578947368345e-01
4.673157894736841844e-01
4.876842105263157756e-01
4.737368421052631784e-01
4.849999999999999867e-01
4.762105263157894730e-01
4.852631578947368407e-01
4.831052631578947598e-01
4.847368421052631327e-01
4.869473684210526288e-01
4.779473684210526208e-01
4.833157894736841986e-01
4.807368421052631846e-01
4.788421052631579022e-01
4.729473684210526163e-01
4.815263157894736912e-01
4.837894736842105470e-01
4.707894736842105354e-01
4.841052631578947607e-01
4.784736842105263288e-01
4.878947368421052699e-01
4.846315789473684132e-01
4.802631578947368363e-01
4.839473684210526261e-01
4.806315789473684097e-01
4.841052631578947607e-01
4.912105263157894863e-01
4.889999999999999902e-01
4.917368421052631389e-01
4.810526315789473428e-01
4.923157894736842066e-01
4.923157894736842066e-01
4.953684210526315690e-01
4.883157894736842031e-01
4.794736842105263297e-01
4.652631578947368229e-01
4.892105263157894846e-01
4.905789473684210589e-01
4.901052631578947105e-01
4.972631578947368514e-01
4.963684210526315699e-01
4.856315789473684141e-01
4.775263157894736876e-01
4.784210526315789691e-01
4.906842105263157783e-01
4.915789473684210598e-01
4.897894736842105523e-01
4.836842105263157721e-01
4.782105263157894748e-01
4.957368421052631424e-01
4.778947368421052611e-01
4.846315789473684132e-01
4.777894736842105416e-01
4.952631578947368496e-01
4.945789473684210624e-01
5.032631578947368567e-01
4.866315789473684150e-01
4.968947368421052779e-01
5.024736842105262946e-01
4.986842105263157854e-01
5.005789473684210122e-01
4.945263157894737027e-01
5.010000000000000009e-01
5.050000000000000044e-01
5.032105263157894415e-01
4.827894736842105461e-01
4.971578947368421320e-01
5.001052631578947194e-01
4.930526315789473535e-01
4.917368421052631389e-01
4.944736842105263430e-01
5.002105263157894388e-01
4.783684210526315539e-01
4.906842105263157783e-01
5.047894736842105656e-01
5.042631578947368576e-01
5.053684210526315779e-01
5.036842105263157343e-01
4.960526315789473562e-01
4.999473684210526403e-01
5.061052631578947247e-01
4.920526315789473526e-01
4.965263157894737045e-01
5.038421052631578689e-01
4.951052631578947150e-01
5.068947368421052868e-01
4.929473684210526341e-01
4.713157894736841880e-01
5.008421052631578663e-01
4.983684210526315717e-01
5.059473684210525901e-01
5.082631578947368611e-01
5.070000000000000062e-01
4.866315789473684150e-01
5.046842105263157352e-01
4.863684210526315610e-01
4.843157894736841995e-01
4.980526315789473579e-01
5.064210526315789940e-01
4.822105263157894783e-01
5.009473684210525857e-01
4.980526315789473579e-01
5.071578947368421408e-01
5.091052631578947274e-01
5.124210526315789993e-01
5.057368421052631513e-01
5.043157894736841618e-01
5.052105263157894433e-01
5.064736842105262982e-01
5.085263157894737152e-01
5.082105263157894459e-01
5.012105263157894397e-01
5.126315789473684381e-01
5.082631578947368611e-01
5.157894736842105754e-01
5.094210526315789966e-01
5.131578947368421462e-01
5.110526315789473140e-01
5.068421052631578716e-01
5.148947368421052939e-01
5.126842105263157423e-01
5.168421052631578805e-01
5.118421052631578760e-01
5.100000000000000089e-01
5.136842105263157432e-01
5.110526315789473140e-01
5.123684210526315841e-01
5.014210526315789895e-01
5.008421052631578663e-01
5.142105263157894512e-01
5.114736842105263026e-01
5.128947368421052921e-01
5.105263157894737169e-01
5.022105263157894406e-01
5.026842105263158444e-01
4.951052631578947150e-01
5.093157894736841662e-01
5.143157894736841707e-01
5.157894736842105754e-01
5.163157894736841724e-01
5.134736842105263044e-01
5.107368421052631557e-01
5.172105263157894539e-01
5.097894736842105701e-01
4.932631578947368478e-01
5.167894736842105763e-01
5.152105263157894521e-01
5.173157894736841733e-01
5.117894736842105718e-01
5.112631578947368638e-01
4.959473684210526367e-01
5.110526315789473140e-01
5.169473684210525999e-01
5.154210526315790020e-01
5.114736842105263026e-01
5.006842105263158427e-01
5.168947368421052957e-01
5.147368421052631593e-01
5.180526315789473202e-01
5.131052631578947310e-01
5.211052631578947381e-01
5.048421052631578698e-01
5.227368421052631664e-01
5.150000000000000133e-01
5.193157894736841751e-01
5.003157894736841582e-01
5.186315789473684434e-01
5.097894736842105701e-01
5.143684210526315859e-01
5.069473684210525910e-01
5.217368421052631655e-01
5.236315789473684479e-01
5.242105263157894601e-01
5.201052631578947372e-01
5.296315789473684532e-01
5.116842105263157414e-01
5.155263157894737214e-01
5.194210526315788945e-01
5.225263157894737276e-01
5.216842105263157503e-01
5.165789473684210265e-01
5.245263157894737294e-01
5.217894736842105807e-01
5.178947368421052966e-01
5.191052631578947363e-01
5.111578947368421444e-01
5.154210526315790020e-01
5.214736842105263115e-01
5.183684210526315894e-01
5.258421052631578885e-01
5.048421052631578698e-01
5.152105263157894521e-01
5.042105263157894424e-01
5.188947368421052975e-01
5.280000000000000249e-01
5.245789473684210336e-01
5.247894736842104724e-01
5.212631578947368727e-01
5.148947368421052939e-01
5.185263157894737240e-01
5.195789473684210291e-01
5.246842105263157530e-01
5.175789473684210273e-01
5.258947368421053037e-01
5.248421052631578876e-01
5.267368421052631700e-01
5.248947368421053028e-01
5.146842105263157441e-01
5.175263157894737232e-01
5.278421052631578902e-01
5.170000000000000151e-01
5.258947368421053037e-01
5.190526315789473211e-01
5.273157894736841822e-01
5.280526315789473291e-01
5.173684210526315885e-01
5.284736842105263177e-01
5.233157894736841786e-01
5.285789473684210371e-01
5.213157894736841769e-01
5.228947368421053010e-01
5.233157894736841786e-01
5.145263157894737205e-01
5.101052631578947283e-01
5.161052631578947336e-01
5.193157894736841751e-01
5.292631578947368798e-01
5.188947368421052975e-01
5.266842105263157547e-01
5.280000000000000249e-01
5.199473684210526025e-01
5.246315789473684488e-01
5.254736842105263150e-01
5.295263157894737338e-01
5.318947368421053090e-01
5.245789473684210336e-01
5.298421052631578920e-01
5.300000000000000266e-01
5.273157894736841822e-01
5.221578947368421542e-01
5.157368421052631602e-01
5.308421052631578929e-01
5.332631578947368833e-01
5.094736842105263008e-01
5.271052631578947434e-01
5.105789473684210211e-01
5.152631578947368673e-01
5.245263157894737294e-01
4.823157894736841977e-01
5.306842105263157583e-01
5.273157894736841822e-01
5.327894736842104795e-01
5.297894736842104768e-01
5.280000000000000249e-01
5.200526315789473220e-01
5.245789473684210336e-01
5.266315789473684505e-01
5.160000000000000142e-01
5.318421052631578938e-01
5.154736842105263062e-01
5.278947368421053055e-01
5.358421052631578974e-01
5.257894736842104733e-01
5.014736842105262937e-01
5.244210526315788989e-01
5.333157894736841875e-01
5.222631578947368736e-01
5.337894736842104804e-01
5.243684210526315947e-01
5.102105263157894477e-01
5.296842105263157574e-01
5.234210526315788981e-01
5.332631578947368833e-01
5.305263157894737347e-01
5.286842105263157565e-01
5.323684210526316019e-01
5.325789473684210407e-01
5.362631578947368860e-01
5.326842105263157601e-01
5.347368421052631771e-01
5.287368421052631717e-01
5.324736842105263213e-01
5.336315789473684568e-01
5.038421052631578689e-01
5.321578947368420520e-01
5.254736842105263150e-01
5.371052631578947523e-01
5.219473684210526043e-01
5.317368421052631744e-01
5.315789473684210398e-01
5.314210526315789052e-01
5.330000000000000293e-01
5.359473684210526168e-01
5.347894736842104813e-01
5.385263157894736308e-01
5.359473684210526168e-01
5.416315789473684639e-01
5.340526315789473344e-01
5.360526315789473362e-01
5.341052631578947496e-01
5.316315789473684550e-01
5.369473684210526176e-01
5.362631578947368860e-01
5.313157894736841858e-01
5.353684210526316045e-01
5.342105263157894690e-01
5.356315789473684585e-01
5.327368421052631753e-01
5.357894736842104821e-01
5.368947368421053135e-01
5.342631578947368842e-01
5.076315789473684337e-01
5.331578947368420529e-01
5.327368421052631753e-01
5.277368421052631708e-01
5.396315789473684621e-01
5.354210526315789087e-01
5.396315789473684621e-01
5.410526315789473406e-01
5.326315789473684559e-01
5.286315789473684523e-01
5.369473684210526176e-01
5.250526315789473264e-01
5.183684210526315894e-01
5.337894736842104804e-01
5.403157894736841937e-01
5.405263157894736326e-01
5.309473684210526123e-01
5.353157894736841893e-01
5.397894736842104857e-01
5.338947368421053108e-01
5.337368421052631762e-01
5.330526315789473335e-01
5.361578947368420556e-01
5.176315789473684426e-01
5.374210526315789105e-01
5.396842105263157663e-01
5.397894736842104857e-01
5.413684210526316098e-01
5.315263157894737356e-01
5.321052631578947478e-01
5.405263157894736326e-01
5.419473684210526221e-01
5.410526315789473406e-01
5.364210526315789096e-01
5.301052631578947461e-01
5.242105263157894601e-01
5.419473684210526221e-01
5.430000000000000382e-01
5.433157894736841964e-01
5.283684210526315983e-01
5.173157894736841733e-01
5.432631578947368922e-01
5.334736842105263221e-01
5.326315789473684559e-01
5.364736842105263248e-01
5.342105263157894690e-01
5.154736842105263062e-01
5.267894736842104741e-01
5.230000000000000204e-01
5.357368421052631779e-01
5.457368421052631868e-01
5.328947368421053099e-01
5.263157894736841813e-01
5.396842105263157663e-01
5.350000000000000311e-01
5.223684210526315930e-01
5.216842105263157503e-01
5.360000000000000320e-01
5.335789473684210416e-01
5.415789473684210487e-01
5.216315789473684461e-01
5.253684210526315956e-01
5.180526315789473202e-01
5.414210526315789140e-01
5.413684210526316098e-01
5.444210526315789167e-01
5.309473684210526123e-01
5.227894736842105816e-01
5.418947368421053179e-01
5.304210526315789043e-01
5.411578947368420600e-01
5.447894736842104901e-01
5.480526315789473468e-01
5.362631578947368860e-01
5.373684210526316063e-01
5.206315789473684452e-01
5.270526315789473282e-01
5.418947368421053179e-01
5.393684210526316081e-01
5.307368421052631735e-01
5.419473684210526221e-01
5.416315789473684639e-01
5.414736842105263293e-01
5.448421052631579053e-01
5.398421052631579009e-01
5.401052631578947549e-01
5.320000000000000284e-01
5.204736842105263106e-01
5.415263157894736334e-01
5.417368421052631833e-01
5.461052631578947603e-01
5.442631578947368931e-01
5.432631578947368922e-01
5.412105263157894752e-01
5.455789473684210522e-01
5.347894736842104813e-01
5.475263157894736388e-01
5.401052631578947549e-01
5.294210526315789034e-01
5.425789473684210495e-01
5.195789473684210291e-01
5.353157894736841893e-01
5.485789473684210549e-01
5.462105263157894797e-01
5.397368421052631815e-01
5.427894736842104884e-01
5.461578947368420645e-01
5.431052631578947576e-01
5.423157894736841955e-01
5.351578947368420547e-01
5.390526315789473388e-01
5.427894736842104884e-01
5.412631578947368904e-01
5.431052631578947576e-01
5.371578947368420565e-01
4.713684210526316032e-01
5.272105263157894628e-01
5.426315789473684648e-01
5.439473684210526239e-01
5.392105263157894735e-01
5.444210526315789167e-01
5.446842105263157707e-01
5.391052631578947540e-01
5.447894736842104901e-01
5.523684210526316196e-01
5.415263157894736334e-01
5.396315789473684621e-01
5.455789473684210522e-01
5.470526315789473459e-01
5.507368421052631913e-01
5.458947368421052104e-01
5.377894736842104839e-01
5.478947368421052122e-01
5.508947368421052149e-01
5.501578947368420680e-01
5.436315789473684656e-01
5.492105263157894823e-01
5.444736842105263319e-01
5.448947368421052095e-01
5.431052631578947576e-01
5.425789473684210495e-01
5.464210526315789185e-01
5.466842105263157725e-01
5.415263157894736334e-01
5.497894736842104946e-01
5.366315789473684594e-01
5.461052631578947603e-01
5.522631578947367892e-01
5.458947368421052104e-01
5.405789473684210478e-01
5.368947368421053135e-01
5.256315789473684497e-01
5.384210526315789114e-01
5.436842105263157698e-01
5.474210526315789194e-01
5.480000000000000426e-01
5.477368421052631886e-01
5.497894736842104946e-01
5.398947368421053161e-01
5.474736842105263346e-01
5.426315789473684648e-01
5.452631578947368940e-01
5.482105263157894814e-01
5.397894736842104857e-01
5.482631578947368967e-01
5.375789473684210451e-01
5.253684210526315956e-01
5.331578947368420529e-01
5.526315789473684736e-01
5.456315789473684674e-01
5.371578947368420565e-01
5.479473684210526274e-01
5.441052631578947585e-01
5.421052631578947567e-01
5.440526315789473433e-01
5.513684210526316187e-01
5.445789473684210513e-01
5.390526315789473388e-01
5.320526315789473326e-01
5.455789473684210522e-01
5.497894736842104946e-01
5.366842105263157636e-01
5.187368421052631628e-01
5.387894736842104848e-01
5.482631578947368967e-01
5.503684210526316178e-01
5.480000000000000426e-01
5.502631578947367874e-01
5.542105263157894868e-01
5.451052631578947594e-01
5.479473684210526274e-01
5.508421052631579107e-01
5.401052631578947549e-01
5.296842105263157574e-01
5.400000000000000355e-01
5.538947368421052175e-01
5.527894736842104972e-01
5.418947368421053179e-01
5.444736842105263319e-01
5.416842105263157681e-01
5.478947368421052122e-01
5.529473684210526319e-01
5.463157894736841991e-01
5.535263157894736441e-01
5.522105263157894850e-01
5.530526315789473513e-01
5.547894736842104990e-01
5.512105263157894841e-01
5.424736842105263301e-01
5.500000000000000444e-01
5.397894736842104857e-01
5.512105263157894841e-01
5.304736842105263195e-01
5.368421052631578982e-01
5.388421052631579000e-01
5.477368421052631886e-01
5.525263157894736432e-01
5.570000000000000506e-01
5.424210526315789149e-01
5.492631578947368975e-01
5.504736842105263372e-01
5.454736842105263328e-01
5.471578947368420653e-01
5.523157894736842044e-01
5.470526315789473459e-01
5.404736842105263284e-01
5.375789473684210451e-01
5.389473684210526194e-01
5.533157894736842053e-01
5.495789473684210558e-01
5.424210526315789149e-01
5.391578947368420582e-01
5.487894736842104937e-01
5.438947368421052087e-01
5.470000000000000417e-01
5.378947368421053143e-01
5.535263157894736441e-01
5.508421052631579107e-01
5.512631578947367883e-01
5.511052631578947647e-01
5.575263157894736477e-01
5.360526315789473362e-01
5.552105263157894877e-01
5.494736842105263364e-01
5.368421052631578982e-01
5.451578947368420636e-01
5.455263157894736370e-01
5.551052631578947683e-01
5.463684210526316143e-01
5.511578947368420689e-01
5.506842105263157761e-01
5.504210526315789220e-01
5.507368421052631913e-01
5.400526315789473397e-01
5.419473684210526221e-01
5.473684210526316152e-01
5.536315789473684745e-01
5.256842105263157539e-01
5.218421052631578849e-01
5.532631578947367901e-01
5.389473684210526194e-01
5.456842105263157716e-01
5.426315789473684648e-01
5.472105263157894806e-01
5.478421052631579080e-01
5.535789473684210593e-01
5.482105263157894814e-01
5.346842105263157618e-01
5.254736842105263150e-01
5.415789473684210487e-01
5.466315789473684683e-01
5.485263157894736397e-01
5.376842105263157645e-01
5.411052631578947558e-01
5.549473684210526336e-01
5.524736842105263390e-01
5.554736842105263417e-01
5.530000000000000471e-01
5.440000000000000391e-01
5.463157894736841991e-01
5.366842105263157636e-01
5.548421052631579142e-01
5.504210526315789220e-01
5.532631578947367901e-01
5.404736842105263284e-01
5.557894736842104999e-01
