6.824795007705688477e-01
5.261135101318359375e-01
4.643373489379882812e-01
4.307318925857543945e-01
4.135604500770568848e-01
4.033339023590087891e-01
3.976122140884399414e-01
3.902791142463684082e-01
3.916296362876892090e-01
3.961485028266906738e-01
3.973542749881744385e-01
3.961975574493408203e-01
4.030365347862243652e-01
4.072817564010620117e-01
4.140666127204895020e-01
4.210596084594726562e-01
4.211374521255493164e-01
4.374640583992004395e-01
4.371600151062011719e-01
4.396888613700866699e-01
4.483929872512817383e-01
4.535358250141143799e-01
4.600811004638671875e-01
4.683762490749359131e-01
4.706253409385681152e-01
4.782034158706665039e-01
4.932355582714080811e-01
4.976466298103332520e-01
4.964536428451538086e-01
5.018832683563232422e-01
5.084316134452819824e-01
5.266890525817871094e-01
5.218313336372375488e-01
5.259853005409240723e-01
5.368682742118835449e-01
5.528469085693359375e-01
5.497965812683105469e-01
5.595132708549499512e-01
5.617450475692749023e-01
5.691608190536499023e-01
5.715599656105041504e-01
5.647693872451782227e-01
5.798448324203491211e-01
5.839682817459106445e-01
5.832169651985168457e-01
5.928592681884765625e-01
6.094983816146850586e-01
6.157533526420593262e-01
6.204745173454284668e-01
6.234558224678039551e-01
6.359103918075561523e-01
6.345342397689819336e-01
6.501581668853759766e-01
6.431531906127929688e-01
6.604583859443664551e-01
6.631340980529785156e-01
6.652756929397583008e-01
6.659076213836669922e-01
6.816805601119995117e-01
6.894815564155578613e-01
6.790574789047241211e-01
6.934447288513183594e-01
7.028975486755371094e-01
7.043403387069702148e-01
7.112822532653808594e-01
7.221298217773437500e-01
7.047601938247680664e-01
7.151812314987182617e-01
7.267268896102905273e-01
7.204290628433227539e-01
7.257569432258605957e-01
7.528119087219238281e-01
7.474539279937744141e-01
7.403396964073181152e-01
7.551121711730957031e-01
7.669913768768310547e-01
7.687657475471496582e-01
7.844092845916748047e-01
7.905608415603637695e-01
7.857998609542846680e-01
7.797766923904418945e-01
7.942705154418945312e-01
8.041328787803649902e-01
8.214609622955322266e-01
8.211622238159179688e-01
8.327229022979736328e-01
8.253948688507080078e-01
8.184648752212524414e-01
8.169838190078735352e-01
8.316547274589538574e-01
8.449901342391967773e-01
8.492203950881958008e-01
8.395482301712036133e-01
8.579855561256408691e-01
8.803198337554931641e-01
8.458669185638427734e-01
8.642801046371459961e-01
8.618475198745727539e-01
8.660728931427001953e-01
8.793206214904785156e-01
9.030326604843139648e-01
9.048472642898559570e-01
9.093345403671264648e-01
9.042146205902099609e-01
9.093582630157470703e-01
9.056751728057861328e-01
9.307246208190917969e-01
9.200059175491333008e-01
9.063631296157836914e-01
9.429426193237304688e-01
9.375571012496948242e-01
9.449876546859741211e-01
9.465773105621337891e-01
9.466645717620849609e-01
9.579416513442993164e-01
9.546768069267272949e-01
9.674288034439086914e-01
9.717009067535400391e-01
9.821009635925292969e-01
9.784415364265441895e-01
9.899420738220214844e-01
9.883382916450500488e-01
1.012418866157531738e+00
1.008060932159423828e+00
1.015981078147888184e+00
9.969134330749511719e-01
1.002666950225830078e+00
1.012178063392639160e+00
1.015298843383789062e+00
1.041740775108337402e+00
1.046312451362609863e+00
1.029267787933349609e+00
1.055675864219665527e+00
1.041982531547546387e+00
1.055080413818359375e+00
1.048205137252807617e+00
1.067004203796386719e+00
1.051458835601806641e+00
1.070744752883911133e+00
1.080234169960021973e+00
1.069809079170227051e+00
1.069137930870056152e+00
1.087703704833984375e+00
1.091624617576599121e+00
1.096875429153442383e+00
1.085803031921386719e+00
1.097968101501464844e+00
1.104229211807250977e+00
1.095820903778076172e+00
1.120887041091918945e+00
1.122457027435302734e+00
1.134209871292114258e+00
1.154024839401245117e+00
1.131320238113403320e+00
1.130545377731323242e+00
1.152075290679931641e+00
1.136170148849487305e+00
1.170468568801879883e+00
1.133880138397216797e+00
1.152250528335571289e+00
1.162631034851074219e+00
1.162462949752807617e+00
1.186089038848876953e+00
1.182335376739501953e+00
1.194575428962707520e+00
1.179385185241699219e+00
1.181828737258911133e+00
1.188882350921630859e+00
1.163700103759765625e+00
1.186350703239440918e+00
1.181263208389282227e+00
1.201971888542175293e+00
1.239133954048156738e+00
1.197456836700439453e+00
1.205149173736572266e+00
1.216251969337463379e+00
1.218161463737487793e+00
1.238863945007324219e+00
1.231717348098754883e+00
1.245608091354370117e+00
1.260662317276000977e+00
1.258410692214965820e+00
1.248078823089599609e+00
1.263224601745605469e+00
1.266949653625488281e+00
1.262627363204956055e+00
1.267980813980102539e+00
1.282263755798339844e+00
1.281983613967895508e+00
1.296180248260498047e+00
1.273117542266845703e+00
1.278390169143676758e+00
1.320341825485229492e+00
1.277751922607421875e+00
1.300011515617370605e+00
1.309593915939331055e+00
1.302884101867675781e+00
1.298454046249389648e+00
1.330120086669921875e+00
1.294453740119934082e+00
1.308825016021728516e+00
1.308570384979248047e+00
1.319997072219848633e+00
1.299828767776489258e+00
1.300522446632385254e+00
1.293549299240112305e+00
1.332026481628417969e+00
1.330943346023559570e+00
1.342965602874755859e+00
1.373180270195007324e+00
1.342228174209594727e+00
1.352978706359863281e+00
1.337983846664428711e+00
1.357727646827697754e+00
1.318578839302062988e+00
1.324219226837158203e+00
1.316215634346008301e+00
1.379336357116699219e+00
1.376256704330444336e+00
1.360644817352294922e+00
1.389596462249755859e+00
1.371653556823730469e+00
1.372117996215820312e+00
1.363658666610717773e+00
1.377543687820434570e+00
1.387618064880371094e+00
1.385504961013793945e+00
1.373416900634765625e+00
1.384325265884399414e+00
1.363028526306152344e+00
1.397821426391601562e+00
1.388008594512939453e+00
1.392940998077392578e+00
1.393457651138305664e+00
1.381839513778686523e+00
1.387477397918701172e+00
1.425113320350646973e+00
1.394643306732177734e+00
1.431236505508422852e+00
1.427420139312744141e+00
1.422399520874023438e+00
1.420446395874023438e+00
1.420464754104614258e+00
1.428669571876525879e+00
1.416665792465209961e+00
1.445812463760375977e+00
1.465051174163818359e+00
1.449374556541442871e+00
1.439609289169311523e+00
1.446546554565429688e+00
1.442274570465087891e+00
1.472234010696411133e+00
1.466247081756591797e+00
1.436857581138610840e+00
1.488553047180175781e+00
1.468603610992431641e+00
1.437238097190856934e+00
1.475461721420288086e+00
1.465050816535949707e+00
1.455952048301696777e+00
1.447063446044921875e+00
1.471396446228027344e+00
1.492609620094299316e+00
1.506354093551635742e+00
1.512311220169067383e+00
1.471472263336181641e+00
1.523278713226318359e+00
1.457283616065979004e+00
1.484986543655395508e+00
1.495383977890014648e+00
1.485921144485473633e+00
1.503993630409240723e+00
1.499362349510192871e+00
1.515889883041381836e+00
1.498604059219360352e+00
1.519439458847045898e+00
1.513633131980895996e+00
1.531394124031066895e+00
1.483921647071838379e+00
1.484464168548583984e+00
1.519908308982849121e+00
1.535835146903991699e+00
1.501254081726074219e+00
1.528271913528442383e+00
1.533113241195678711e+00
1.485744953155517578e+00
1.527747988700866699e+00
1.533937931060791016e+00
1.585520267486572266e+00
1.533924579620361328e+00
1.538414001464843750e+00
1.516613125801086426e+00
1.562662363052368164e+00
1.543638348579406738e+00
1.551601886749267578e+00
1.541067957878112793e+00
1.534316062927246094e+00
1.537703514099121094e+00
1.558547973632812500e+00
1.569983124732971191e+00
1.554722547531127930e+00
1.569007992744445801e+00
1.566848039627075195e+00
1.544696092605590820e+00
1.567312002182006836e+00
1.570603966712951660e+00
1.578741192817687988e+00
1.540817856788635254e+00
1.570457935333251953e+00
1.549857854843139648e+00
1.590956926345825195e+00
1.574686408042907715e+00
1.551437616348266602e+00
1.574841499328613281e+00
1.621396303176879883e+00
1.563184499740600586e+00
1.610039114952087402e+00
1.576419949531555176e+00
1.577094554901123047e+00
1.594707131385803223e+00
1.573572278022766113e+00
1.601532459259033203e+00
1.573421955108642578e+00
1.594671487808227539e+00
1.594311475753784180e+00
1.609160423278808594e+00
1.601598024368286133e+00
1.631520748138427734e+00
1.631869912147521973e+00
1.617879867553710938e+00
1.616327762603759766e+00
1.595510959625244141e+00
1.626029968261718750e+00
1.631987214088439941e+00
1.648470759391784668e+00
1.629392147064208984e+00
1.613530874252319336e+00
1.672160744667053223e+00
1.619298458099365234e+00
1.627304792404174805e+00
1.653811573982238770e+00
1.634886026382446289e+00
1.635148525238037109e+00
1.675435304641723633e+00
1.635932803153991699e+00
1.641458272933959961e+00
1.667512416839599609e+00
1.632228612899780273e+00
1.608618974685668945e+00
1.637323379516601562e+00
1.635176062583923340e+00
1.668657779693603516e+00
1.633273720741271973e+00
1.625606775283813477e+00
1.617748498916625977e+00
1.632948040962219238e+00
1.615026473999023438e+00
1.628418684005737305e+00
1.665510654449462891e+00
1.632538914680480957e+00
1.652266025543212891e+00
1.660129547119140625e+00
1.673185706138610840e+00
1.677978515625000000e+00
1.679342865943908691e+00
1.645704507827758789e+00
1.674480199813842773e+00
1.665289640426635742e+00
1.695960998535156250e+00
1.695562839508056641e+00
1.681633710861206055e+00
1.676773667335510254e+00
1.690474271774291992e+00
1.704861640930175781e+00
1.698215961456298828e+00
1.675330400466918945e+00
1.704456567764282227e+00
1.696798682212829590e+00
1.690637588500976562e+00
1.719665527343750000e+00
1.714934110641479492e+00
1.667828798294067383e+00
1.689580678939819336e+00
1.723829030990600586e+00
1.682169675827026367e+00
1.682002067565917969e+00
1.688817501068115234e+00
1.677085518836975098e+00
1.646896719932556152e+00
1.696007966995239258e+00
1.661257028579711914e+00
1.662315249443054199e+00
1.727696180343627930e+00
1.721057891845703125e+00
1.723443746566772461e+00
1.679573893547058105e+00
1.705518126487731934e+00
1.720437765121459961e+00
1.732644081115722656e+00
1.707805395126342773e+00
1.687924861907958984e+00
1.707812547683715820e+00
1.708041667938232422e+00
1.729061126708984375e+00
1.694731116294860840e+00
1.738028764724731445e+00
1.694515228271484375e+00
1.717544674873352051e+00
1.701055884361267090e+00
1.709221243858337402e+00
1.724367260932922363e+00
1.723646402359008789e+00
1.757367134094238281e+00
1.733100652694702148e+00
1.707924604415893555e+00
1.717280626296997070e+00
1.703463554382324219e+00
1.720576524734497070e+00
1.758901834487915039e+00
1.736731052398681641e+00
1.714423894882202148e+00
1.763222932815551758e+00
1.708189487457275391e+00
1.745601892471313477e+00
1.771948218345642090e+00
1.772047877311706543e+00
1.770286321640014648e+00
1.783061742782592773e+00
1.740529894828796387e+00
1.747507810592651367e+00
1.783983469009399414e+00
1.762393951416015625e+00
1.734558343887329102e+00
1.764929056167602539e+00
1.765417575836181641e+00
1.752597451210021973e+00
1.758750200271606445e+00
1.775676012039184570e+00
1.763947486877441406e+00
1.724033832550048828e+00
1.752759218215942383e+00
1.773573875427246094e+00
1.743589758872985840e+00
1.731802940368652344e+00
1.759760618209838867e+00
1.750026345252990723e+00
1.774946808815002441e+00
1.737987995147705078e+00
1.764061212539672852e+00
1.748581767082214355e+00
1.744676351547241211e+00
1.734277129173278809e+00
1.776667594909667969e+00
1.764634132385253906e+00
1.777480602264404297e+00
1.741710901260375977e+00
1.798166275024414062e+00
1.763842344284057617e+00
1.749667167663574219e+00
1.754738330841064453e+00
1.746694803237915039e+00
1.783821225166320801e+00
1.763033628463745117e+00
1.795117497444152832e+00
1.746416330337524414e+00
1.771039724349975586e+00
1.767790794372558594e+00
1.773234367370605469e+00
1.797314643859863281e+00
1.773402214050292969e+00
1.763416528701782227e+00
1.784867048263549805e+00
1.770886659622192383e+00
1.765535116195678711e+00
1.801725506782531738e+00
1.777045607566833496e+00
1.766653895378112793e+00
1.773150682449340820e+00
1.748638868331909180e+00
1.788885831832885742e+00
1.786971330642700195e+00
1.815355062484741211e+00
1.761020898818969727e+00
1.785182237625122070e+00
1.754225611686706543e+00
1.806353807449340820e+00
1.797140359878540039e+00
1.779566049575805664e+00
1.790590047836303711e+00
1.809427976608276367e+00
1.797040700912475586e+00
1.797466754913330078e+00
1.787919044494628906e+00
1.811489343643188477e+00
1.774728298187255859e+00
1.795097589492797852e+00
1.798085927963256836e+00
1.796092748641967773e+00
1.789809226989746094e+00
1.836977720260620117e+00
1.831928014755249023e+00
1.781364917755126953e+00
1.801385402679443359e+00
1.842471122741699219e+00
1.815173864364624023e+00
1.818123817443847656e+00
1.850852012634277344e+00
1.833638668060302734e+00
1.823179364204406738e+00
1.827908396720886230e+00
1.835068464279174805e+00
1.818960666656494141e+00
1.815245151519775391e+00
1.842929124832153320e+00
1.840803623199462891e+00
1.831974864006042480e+00
1.847465276718139648e+00
1.880534768104553223e+00
1.827588558197021484e+00
1.825929641723632812e+00
1.852597713470458984e+00
1.828226327896118164e+00
1.867003679275512695e+00
1.797691106796264648e+00
1.825469493865966797e+00
1.815062761306762695e+00
1.821926116943359375e+00
1.840888738632202148e+00
1.827440023422241211e+00
1.855179905891418457e+00
1.862448930740356445e+00
1.845483541488647461e+00
1.851708173751831055e+00
1.830563068389892578e+00
1.849384188652038574e+00
1.828493595123291016e+00
1.849380254745483398e+00
1.847846746444702148e+00
1.850161552429199219e+00
1.860157608985900879e+00
1.825619459152221680e+00
1.813332796096801758e+00
1.839829683303833008e+00
1.830030083656311035e+00
1.820132493972778320e+00
1.849867343902587891e+00
1.826348423957824707e+00
1.806042194366455078e+00
1.835636377334594727e+00
1.849220395088195801e+00
1.862097024917602539e+00
1.840614795684814453e+00
1.870603084564208984e+00
1.844799995422363281e+00
1.868097305297851562e+00
1.856102943420410156e+00
1.843987822532653809e+00
1.850382328033447266e+00
1.850988626480102539e+00
1.877484560012817383e+00
1.863001465797424316e+00
1.869504451751708984e+00
1.887903451919555664e+00
1.848058223724365234e+00
1.913093328475952148e+00
1.860628128051757812e+00
1.883544921875000000e+00
1.868270397186279297e+00
1.851198196411132812e+00
1.875551819801330566e+00
1.884195327758789062e+00
1.868687152862548828e+00
1.860314726829528809e+00
1.880746603012084961e+00
1.872074127197265625e+00
1.879239797592163086e+00
1.858345985412597656e+00
1.849511742591857910e+00
1.878761529922485352e+00
1.879903435707092285e+00
1.863329410552978516e+00
1.855413436889648438e+00
1.878039836883544922e+00
1.859847187995910645e+00
1.877294659614562988e+00
1.855388641357421875e+00
1.874595642089843750e+00
1.905620217323303223e+00
1.896000146865844727e+00
1.873955726623535156e+00
1.940028429031372070e+00
1.885157585144042969e+00
1.900156021118164062e+00
1.885349273681640625e+00
1.913753271102905273e+00
1.870838761329650879e+00
1.905692338943481445e+00
1.903544425964355469e+00
1.895736813545227051e+00
1.897645354270935059e+00
1.901258230209350586e+00
1.898586630821228027e+00
1.903980493545532227e+00
1.874419689178466797e+00
1.867989540100097656e+00
1.902106642723083496e+00
1.863403797149658203e+00
1.915934205055236816e+00
1.879864931106567383e+00
1.867987632751464844e+00
1.876517534255981445e+00
1.902549982070922852e+00
1.879803895950317383e+00
1.905306220054626465e+00
1.921339750289916992e+00
1.902523994445800781e+00
1.918215394020080566e+00
1.906169891357421875e+00
1.917418241500854492e+00
1.865864515304565430e+00
1.891615390777587891e+00
1.921546220779418945e+00
1.883091211318969727e+00
1.891203045845031738e+00
1.906292915344238281e+00
1.914168357849121094e+00
1.917800903320312500e+00
1.897629976272583008e+00
1.930608749389648438e+00
1.909689188003540039e+00
1.877038121223449707e+00
1.911946773529052734e+00
1.890673160552978516e+00
1.909400463104248047e+00
1.892106652259826660e+00
1.907486915588378906e+00
1.892768025398254395e+00
1.888988018035888672e+00
1.901956915855407715e+00
1.893456220626831055e+00
1.888248920440673828e+00
1.895571708679199219e+00
1.859653353691101074e+00
1.911438226699829102e+00
1.902764558792114258e+00
1.879421353340148926e+00
1.901448845863342285e+00
1.903587818145751953e+00
1.948177933692932129e+00
1.922770142555236816e+00
1.918881535530090332e+00
1.934303045272827148e+00
1.916517972946166992e+00
1.926843881607055664e+00
1.901633501052856445e+00
1.910846471786499023e+00
1.907961606979370117e+00
1.865435361862182617e+00
1.920227169990539551e+00
1.937868118286132812e+00
1.965923309326171875e+00
1.918750643730163574e+00
1.930024147033691406e+00
1.901893734931945801e+00
1.954288005828857422e+00
1.912892341613769531e+00
1.916839718818664551e+00
1.952522158622741699e+00
1.930225968360900879e+00
1.925666689872741699e+00
1.915178298950195312e+00
1.916961073875427246e+00
1.936763525009155273e+00
1.949181079864501953e+00
1.944057941436767578e+00
1.923245906829833984e+00
1.907601475715637207e+00
1.925446152687072754e+00
1.896493673324584961e+00
1.975571870803833008e+00
1.949876070022583008e+00
1.964789390563964844e+00
1.917138814926147461e+00
1.918643593788146973e+00
1.915549993515014648e+00
1.943218708038330078e+00
1.936676979064941406e+00
1.938151597976684570e+00
1.933708906173706055e+00
1.935171008110046387e+00
1.932362318038940430e+00
1.938101291656494141e+00
1.946205496788024902e+00
1.947957992553710938e+00
1.915952801704406738e+00
1.949299216270446777e+00
1.955089807510375977e+00
1.961370706558227539e+00
1.930311560630798340e+00
1.920275211334228516e+00
1.904983282089233398e+00
1.930318832397460938e+00
1.960567474365234375e+00
1.908619046211242676e+00
1.941929697990417480e+00
1.945274829864501953e+00
1.965920567512512207e+00
1.940032839775085449e+00
1.943628907203674316e+00
1.949850082397460938e+00
1.979942560195922852e+00
1.958889722824096680e+00
1.946175813674926758e+00
1.898496627807617188e+00
1.962994575500488281e+00
1.938106298446655273e+00
1.927899122238159180e+00
1.938972234725952148e+00
1.949504017829895020e+00
1.962819695472717285e+00
1.948793053627014160e+00
1.936793446540832520e+00
1.933615684509277344e+00
1.934695482254028320e+00
1.923618793487548828e+00
1.950080037117004395e+00
1.943237543106079102e+00
1.915456295013427734e+00
1.932917714118957520e+00
1.915372848510742188e+00
1.940048933029174805e+00
1.917935371398925781e+00
1.929817914962768555e+00
1.939648151397705078e+00
1.955882787704467773e+00
1.956375122070312500e+00
1.949392080307006836e+00
1.966167569160461426e+00
1.959808707237243652e+00
1.936902999877929688e+00
1.940453290939331055e+00
1.948775768280029297e+00
1.948634862899780273e+00
1.956916809082031250e+00
1.948232889175415039e+00
1.939869880676269531e+00
1.926714181900024414e+00
1.946068167686462402e+00
1.945734024047851562e+00
1.942083120346069336e+00
1.946145057678222656e+00
1.956830382347106934e+00
1.929730892181396484e+00
1.942096948623657227e+00
1.958554506301879883e+00
1.948117852210998535e+00
1.941197156906127930e+00
1.952865958213806152e+00
1.967702865600585938e+00
1.931740283966064453e+00
1.945431351661682129e+00
1.959175109863281250e+00
1.923772096633911133e+00
1.933601260185241699e+00
1.947605967521667480e+00
1.943324446678161621e+00
1.938658952713012695e+00
1.934320449829101562e+00
1.940232276916503906e+00
1.947453022003173828e+00
1.948238134384155273e+00
1.958444118499755859e+00
1.929671049118041992e+00
1.957808852195739746e+00
1.956732749938964844e+00
1.954528093338012695e+00
1.963961839675903320e+00
1.962578177452087402e+00
1.977531552314758301e+00
1.969799637794494629e+00
1.976719856262207031e+00
1.972027063369750977e+00
1.978597521781921387e+00
1.971973061561584473e+00
1.973773241043090820e+00
1.966857910156250000e+00
1.945292949676513672e+00
1.940884590148925781e+00
1.964998602867126465e+00
1.961255908012390137e+00
1.951497554779052734e+00
1.961759090423583984e+00
1.964097619056701660e+00
1.978654623031616211e+00
1.962179660797119141e+00
1.955178618431091309e+00
1.978068113327026367e+00
1.964364409446716309e+00
1.963838458061218262e+00
1.984351396560668945e+00
1.973755121231079102e+00
1.974392175674438477e+00
1.977540731430053711e+00
1.967514038085937500e+00
1.963278055191040039e+00
1.951244354248046875e+00
1.966870188713073730e+00
1.965646743774414062e+00
1.975356578826904297e+00
2.007521867752075195e+00
2.001209497451782227e+00
1.992276191711425781e+00
1.973750352859497070e+00
1.974780082702636719e+00
1.962139844894409180e+00
1.973787307739257812e+00
1.965326786041259766e+00
1.975446820259094238e+00
2.015628337860107422e+00
1.971240997314453125e+00
1.963502764701843262e+00
1.970013380050659180e+00
1.992465019226074219e+00
1.968152165412902832e+00
1.979906439781188965e+00
1.980972290039062500e+00
1.978007316589355469e+00
1.977564573287963867e+00
1.969713211059570312e+00
1.966610908508300781e+00
1.981212854385375977e+00
1.949144244194030762e+00
1.988664150238037109e+00
1.970980405807495117e+00
1.951626062393188477e+00
1.983385801315307617e+00
1.971832275390625000e+00
2.004733085632324219e+00
1.990123510360717773e+00
2.011868000030517578e+00
2.006244421005249023e+00
2.010319709777832031e+00
2.001396894454956055e+00
2.022273778915405273e+00
2.006595611572265625e+00
1.996845722198486328e+00
2.013843059539794922e+00
1.991348624229431152e+00
2.003111839294433594e+00
1.983996391296386719e+00
1.987713575363159180e+00
1.978800773620605469e+00
1.999076366424560547e+00
1.995627880096435547e+00
1.981596589088439941e+00
2.008653402328491211e+00
1.988961458206176758e+00
2.004144191741943359e+00
2.019652843475341797e+00
1.994888305664062500e+00
2.005797386169433594e+00
2.004311800003051758e+00
2.001874446868896484e+00
2.013569355010986328e+00
1.994299411773681641e+00
2.011225223541259766e+00
2.014136314392089844e+00
2.009102821350097656e+00
1.997354745864868164e+00
2.012137889862060547e+00
1.997367620468139648e+00
1.996562242507934570e+00
2.012913703918457031e+00
2.005568027496337891e+00
1.995750188827514648e+00
2.007481575012207031e+00
1.985074996948242188e+00
1.995071768760681152e+00
2.003125905990600586e+00
2.002068519592285156e+00
1.996210575103759766e+00
1.989261865615844727e+00
2.004791259765625000e+00
2.011800765991210938e+00
2.019532203674316406e+00
2.001607894897460938e+00
2.003112792968750000e+00
2.011333703994750977e+00
2.020934820175170898e+00
2.010866641998291016e+00
1.991645812988281250e+00
1.997174382209777832e+00
2.010777235031127930e+00
1.982525110244750977e+00
2.002246141433715820e+00
2.006854534149169922e+00
1.989395141601562500e+00
1.990289688110351562e+00
2.015974998474121094e+00
2.024468421936035156e+00
2.020580530166625977e+00
2.008036613464355469e+00
2.017261981964111328e+00
2.004293441772460938e+00
1.994906544685363770e+00
1.990034580230712891e+00
2.007173061370849609e+00
2.007875919342041016e+00
2.015723466873168945e+00
2.009237051010131836e+00
2.011864423751831055e+00
1.988982200622558594e+00
1.995022296905517578e+00
2.012709140777587891e+00
2.000304460525512695e+00
1.976994276046752930e+00
1.994925022125244141e+00
2.009016513824462891e+00
2.009752511978149414e+00
2.003162145614624023e+00
2.021492481231689453e+00
1.986533403396606445e+00
1.991902232170104980e+00
2.001163959503173828e+00
2.010382652282714844e+00
2.014261245727539062e+00
2.002381324768066406e+00
2.019677162170410156e+00
2.003045797348022461e+00
2.003415346145629883e+00
1.994566440582275391e+00
2.015343666076660156e+00
2.004690885543823242e+00
1.988251447677612305e+00
1.994157314300537109e+00
2.007999420166015625e+00
1.994419813156127930e+00
1.996338248252868652e+00
2.006364345550537109e+00
2.003790616989135742e+00
2.002788066864013672e+00
2.017537117004394531e+00
2.012836933135986328e+00
1.995938062667846680e+00
2.007783412933349609e+00
2.015904903411865234e+00
2.013239622116088867e+00
2.008711814880371094e+00
2.013141632080078125e+00
2.018219232559204102e+00
2.012958288192749023e+00
2.018085241317749023e+00
2.034656047821044922e+00
2.031587362289428711e+00
2.027484655380249023e+00
2.019793510437011719e+00
2.014822959899902344e+00
2.029222488403320312e+00
2.015052556991577148e+00
2.033739328384399414e+00
2.033631801605224609e+00
2.016288042068481445e+00
2.014469146728515625e+00
2.027146816253662109e+00
2.033651590347290039e+00
2.024489879608154297e+00
2.028748035430908203e+00
2.009015560150146484e+00
2.015367031097412109e+00
2.022827625274658203e+00
2.046657562255859375e+00
2.022822618484497070e+00
2.001641750335693359e+00
2.018146514892578125e+00
2.031119346618652344e+00
2.013444423675537109e+00
2.017284870147705078e+00
2.031590223312377930e+00
2.037341117858886719e+00
2.038535118103027344e+00
2.018042087554931641e+00
2.033137798309326172e+00
2.013333320617675781e+00
2.044245958328247070e+00
2.024186134338378906e+00
2.029429435729980469e+00
2.030498981475830078e+00
2.031201601028442383e+00
2.060240745544433594e+00
2.034860849380493164e+00
2.021585941314697266e+00
2.021617412567138672e+00
2.030338048934936523e+00
2.023164272308349609e+00
2.031783580780029297e+00
2.021063804626464844e+00
2.037112236022949219e+00
2.020317554473876953e+00
2.029097080230712891e+00
2.012351751327514648e+00
2.032724618911743164e+00
