9.819564759731292947e-01
8.951260387897491677e-01
8.325317323207854781e-01
7.809911310672760232e-01
7.341804385185242143e-01
6.852034389972686546e-01
6.355406820774078813e-01
5.828686416149139182e-01
5.349491119384766069e-01
4.904509603977203480e-01
4.532703578472137562e-01
4.200541406869888195e-01
3.914574772119522317e-01
3.645362496376037820e-01
3.387248277664184348e-01
3.158330619335174561e-01
2.911740243434906006e-01
2.714618533849716409e-01
2.510971382260322460e-01
2.339383736252784729e-01
2.182698696851730347e-01
2.022577285766601618e-01
1.872304171323776190e-01
1.753606617450714222e-01
1.626689016819000133e-01
1.510052010416984558e-01
1.403827846050262340e-01
1.295612901449203491e-01
1.197385288774967249e-01
1.115998052060604151e-01
1.029030837118625613e-01
9.646787792444229404e-02
8.696945831179618558e-02
8.134517148137092313e-02
7.511469796299934110e-02
6.925123929977416992e-02
6.348697692155838568e-02
5.843918398022651672e-02
5.398757643997668942e-02
5.065114051103591919e-02
4.581569693982601166e-02
4.214676469564437866e-02
3.804528564214706282e-02
3.644924908876419345e-02
3.299104571342468400e-02
3.035559616982936790e-02
2.700429596006870270e-02
2.526990007609129091e-02
2.350187711417674880e-02
2.184887304902076791e-02
2.057892940938472678e-02
1.885590218007564614e-02
1.843717768788337777e-02
1.622089631855487893e-02
1.492786630988121067e-02
1.472212877124547993e-02
1.381644466891884804e-02
1.303006401285529067e-02
1.156070837751030887e-02
1.153450701385736431e-02
1.059996746480464970e-02
1.028256863355636597e-02
1.032090736553072964e-02
8.866985933855176319e-03
8.986696926876902233e-03
8.269561454653739929e-03
7.674738485366106207e-03
7.650341792032122785e-03
7.659652503207325935e-03
6.580570712685585022e-03
6.136955134570598949e-03
5.938287125900387764e-03
6.373023102059960539e-03
5.543267913162707936e-03
5.140666244551539074e-03
5.362074682489037167e-03
4.689283738844096834e-03
4.821185674518346960e-03
4.489709995687008251e-03
4.583930154331028808e-03
3.997596120461821903e-03
4.037351557053625237e-03
3.734931815415620804e-03
3.754729288630187511e-03
3.794429101981222716e-03
3.553448012098670006e-03
3.182047931477427656e-03
3.734306758269667712e-03
3.140749200247228059e-03
3.088664030656218529e-03
3.200670913793146697e-03
3.044410748407244596e-03
2.707350905984640035e-03
2.904565841890871698e-03
2.618714864365756338e-03
2.653840626589953726e-03
2.562756766565144062e-03
2.467722923029214144e-03
2.442248992156237537e-03
2.697616978548466986e-03
2.179192251060157841e-03
2.095573861151933497e-03
2.158199821133166638e-03
1.924221881199628071e-03
2.352302719373255968e-03
2.235340327024459752e-03
1.829914958216250030e-03
1.960949215572327375e-03
1.991916238330304536e-03
1.693119585979729891e-03
2.000354800838976925e-03
1.542764168698340741e-03
1.801573496777564287e-03
1.596056635025888638e-03
1.568542106542736249e-03
1.615013834089040669e-03
1.477840158622711984e-03
1.346007047686725855e-03
1.530872599687427282e-03
1.432238682173192458e-03
1.476934342645108743e-03
1.388054213020950599e-03
1.511040353216230956e-03
1.385406905319541606e-03
1.328120159450918523e-03
1.320211944403126836e-03
1.304039556998759508e-03
1.200540945865213784e-03
1.159577525686472611e-03
1.188402913976460782e-03
1.084379683015868154e-03
1.158777513774111954e-03
1.048236229689791842e-03
1.087940484285354571e-03
1.151024014689028263e-03
1.120048435404896823e-03
9.945319383405149850e-04
1.181598834227770480e-03
1.156882627401500897e-03
9.845481545198708773e-04
1.023410039488226262e-03
9.324117039795964739e-04
9.604241349734365940e-04
9.018033626489341693e-04
9.543622029013932185e-04
1.013250148389488459e-03
8.096457517240196250e-04
9.129039477556944110e-04
8.062311215326189561e-04
9.289454843383282640e-04
9.094119421206414266e-04
8.960708451922983148e-04
8.670822542626410289e-04
9.040944394655525251e-04
8.201014250516891046e-04
6.990925234276801131e-04
8.169235021341592290e-04
7.873961352743208192e-04
7.485720561817288399e-04
8.582602429669349952e-04
6.689282483421266513e-04
7.611732056830078147e-04
7.569172536022961357e-04
7.095361710526048920e-04
7.116361288353800557e-04
6.293837504927068949e-04
6.950742332264781215e-04
7.360779622104018710e-04
6.251624552533030076e-04
7.740462140645831390e-04
6.346435344312340238e-04
5.942747695371509032e-04
6.244118849281221628e-04
5.740469205193221569e-04
5.918198352446779392e-04
5.860424658749252775e-04
6.091581832151860216e-04
5.440883891424163959e-04
7.384718162938952012e-04
5.290200584568083503e-04
6.329214142169803164e-04
5.344907112885266542e-04
5.906641628826037483e-04
5.863811267772689895e-04
5.339703900972380800e-04
5.684862058842554905e-04
5.544340267078951435e-04
5.562933452893048742e-04
4.632144438801333200e-04
5.153298930963501551e-04
5.194202414713800387e-04
5.130668199853971384e-04
5.749702948378398581e-04
4.844672948820516467e-04
4.714721202617510936e-04
5.814039119286462881e-04
5.900202202610671087e-04
4.174099274678155888e-04
4.442123841727152684e-04
4.988100292393938141e-04
4.301793727790936611e-04
3.941585659049451134e-04
3.989221644587814591e-04
4.927431233227253177e-04
3.941178059903904579e-04
4.647135501727461815e-04
4.235022293869406202e-04
4.478301649214700081e-04
4.858385393163189184e-04
4.404812556458636901e-04
3.714878199389204600e-04
4.224062431603670120e-04
3.921034425729885481e-04
3.940266411518678286e-04
4.232199367834255316e-04
3.617973154177889119e-04
3.555468254489824284e-04
3.430832090089097836e-04
4.011853859992697943e-04
3.173942386638373137e-04
3.252480455557815731e-04
3.676067572087049484e-04
3.684378840262070515e-04
3.458881023107096336e-04
3.464892302872613289e-04
3.047043108381331075e-04
3.512042458169162273e-04
3.491472773021086942e-04
3.142759756883606531e-04
2.899367900681681931e-04
3.341987729072570909e-04
3.384071082109585188e-04
3.649184538517147194e-04
3.397005726583302238e-04
3.322716220282018185e-04
3.346014593262225281e-04
3.013624838786199580e-04
3.013698194990865995e-04
2.808383316732942950e-04
3.094589919783174992e-04
2.832581842085346471e-04
2.969022461911663413e-04
2.746257378021255136e-04
3.007163526490330479e-04
2.684211431187577546e-04
2.713517504162155200e-04
2.666388914803974547e-04
2.720869728364050171e-04
2.554298902396112464e-04
2.705338323721661947e-04
2.979261684231459878e-04
2.970900823129341006e-04
2.600163570605218410e-04
2.570496581029146910e-04
2.652152499649673592e-04
2.814238556311466017e-04
2.262194626382552033e-04
2.362832019571214914e-04
2.464132994646206498e-04
2.618922211695462248e-04
2.932584073278121759e-04
2.432700872304849272e-04
2.212656370829790939e-04
2.281054374179802943e-04
2.743652803474105895e-04
2.316204860107973164e-04
2.199330556322820485e-04
2.359239369980059564e-04
2.454104876960627843e-04
2.169700819649733603e-04
2.197599707869812738e-04
2.422458856017328799e-04
2.009403571719303619e-04
2.588996823760680746e-04
2.248692646389827024e-04
2.026963309617713202e-04
2.114622722729109119e-04
2.097495977068319863e-04
2.057666933978907764e-04
2.178038179408758933e-04
1.888062455691397244e-04
1.742837543133646304e-04
2.144064768799580688e-04
2.379551413469016660e-04
2.134534748620353585e-04
3.015098263858817518e-04
1.793957024347037185e-04
1.957155880518257726e-04
2.045701869064941894e-04
2.155498106731101762e-04
1.855106616858392900e-04
2.297784143593162352e-04
1.777735626092180501e-04
1.807472130167298073e-04
2.321891486644744981e-04
1.803587249014526497e-04
1.826818086556159068e-04
2.228685960290022303e-04
1.913675558171235133e-04
1.939416906679980457e-04
2.081750819343142103e-04
1.830794208217412233e-04
1.836989249568432570e-04
1.727915703668259193e-04
2.126902159943710958e-04
1.856519316788762754e-04
1.660631765844300335e-04
2.301181346410885562e-04
1.812747854273766333e-04
1.768294590874575133e-04
1.567856248584575897e-04
1.635317385080270469e-04
1.825828236178494936e-04
1.495293370680883635e-04
1.457256417779717540e-04
1.578052579134237021e-04
1.522961327282246311e-04
1.418548839865252430e-04
1.416627826984040548e-04
1.718016254017129649e-04
1.355157255602534860e-04
1.467031026550102871e-04
1.347111734503414428e-04
1.574498688569292372e-04
1.370827740174718201e-04
1.621284551220014637e-04
1.425724381988402402e-04
1.605829944310244119e-04
1.600665404112078304e-04
1.470417650125455165e-04
1.684062204731162583e-04
1.266479826881550198e-04
1.350305690721143146e-04
1.426301663741469437e-04
1.261902289115823805e-04
1.422382993041537702e-04
1.250486995559185635e-04
1.968802920600865090e-04
1.469440525397658402e-04
1.424502719601150656e-04
1.441683911252766902e-04
1.235132032888941358e-04
1.578705639985855777e-04
1.531557791167870164e-04
1.290709085878916193e-04
1.304468583839479780e-04
1.364032621495425810e-04
1.218639132275711691e-04
1.476173260016366894e-04
1.271786706638522338e-04
1.417036364728119224e-04
1.430681149940937757e-04
1.245889689016621560e-04
1.290036176214925891e-04
1.306797377765178572e-04
1.781276609108317698e-04
1.256131370610091944e-04
1.214213712955824977e-04
1.174330798676237437e-04
1.241922669578343576e-04
1.308267150307074243e-04
1.319637405686080347e-04
1.309992730966769159e-04
1.277001887501683140e-04
1.486918066802900339e-04
1.134440943133085939e-04
1.231001442647539079e-04
9.904936086968518794e-05
1.472988653404172401e-04
1.083263792679645067e-04
1.002268283627927330e-04
1.174337339762132615e-04
1.175568635517265702e-04
1.179930171929299886e-04
1.090554054826498086e-04
1.211746617627795731e-04
1.065606127667706433e-04
1.049970574968028759e-04
1.167133632407058030e-04
1.201954262796789381e-04
1.006323291221633554e-04
1.041642550262622481e-04
1.040131865011062473e-04
1.083840157662052607e-04
9.815032462938688966e-05
9.292495669797063416e-05
9.702329480205662277e-05
1.078862609574571306e-04
1.106561889173463041e-04
1.104387178202159757e-04
9.354499925393611735e-05
1.418603205820545554e-04
1.223648956511169618e-04
1.166258771263528615e-04
1.088170000002719435e-04
1.082761897123418694e-04
1.296023510803934187e-04
9.328795931651256979e-05
9.468196367379277945e-05
1.061386559740640277e-04
1.088791905203834176e-04
1.054331340128555867e-04
1.119250846386421472e-04
9.465498151257633892e-05
1.098716842534486259e-04
9.202033616020343656e-05
8.250989558291620964e-05
1.014576606394257342e-04
1.334319305897224586e-04
9.244960201613139903e-05
9.680557268438860503e-05
9.050712906173430112e-05
8.914236459531821853e-05
9.418025001650676131e-05
8.147009793901816010e-05
7.821903091098647565e-05
8.388632559217513150e-05
8.498989191139117425e-05
8.444180493825115806e-05
8.261021430371329459e-05
8.534975931979715553e-05
8.464876664220355722e-05
8.063772256718947941e-05
8.037168954615481469e-05
8.176261035259812799e-05
6.976616386964452064e-05
8.944462097133509544e-05
8.896523759176489237e-05
8.140553400153294477e-05
1.243700928171165179e-04
7.362379255937412381e-05
8.582632981415371800e-05
7.588248117826879567e-05
7.215476653072982755e-05
7.875691517256200314e-05
8.050153373915236985e-05
8.148441411321982470e-05
7.263285660883412307e-05
9.139621688518673453e-05
8.613891550339758667e-05
7.614294117956888202e-05
7.310504734050481969e-05
7.297221090993844515e-05
7.802487016306258738e-05
7.849444300518370894e-05
6.662124615104403076e-05
6.872242738609202206e-05
6.914851946930866960e-05
6.934506636753212390e-05
6.525732642330695215e-05
8.141903672367333824e-05
7.733241363894194365e-05
8.776134236541111564e-05
6.554422216140665656e-05
1.019478666421491626e-04
5.814432624902110276e-05
6.943369844520929930e-05
6.566480369656347009e-05
8.756069910305086252e-05
8.829573162074665928e-05
7.513013188145122880e-05
7.338658724620472640e-05
7.450159573636483130e-05
6.571628073288593170e-05
7.215577279566787454e-05
7.162752663134597784e-05
7.245427987072617087e-05
5.860782875970471921e-05
7.820237988198641688e-05
6.407011605915612930e-05
7.251854185597039759e-05
5.877806506759952754e-05
6.155905357445590469e-05
5.625018638966139406e-05
7.829367241356522116e-05
6.878377425891812349e-05
6.546547265315894580e-05
6.696786222164519402e-05
6.176959250296931985e-05
6.145468760223593021e-05
6.101653234509285268e-05
4.911884134344291213e-05
6.316988547041546011e-05
5.505447843461297724e-05
6.419664932764135843e-05
6.357858801493420926e-05
6.454641697928309441e-05
6.301336434262338755e-05
6.225875113159417835e-05
6.664499414910096675e-05
6.114209463703446090e-05
5.468497438414488259e-05
6.314130041573662311e-05
5.684279894921928509e-05
5.590097243839409473e-05
4.949641770508605716e-05
5.257336197246331450e-05
6.908447103342041644e-05
5.834437870362307605e-05
6.873931488371454179e-05
6.212137013790197399e-05
5.133561571710742875e-05
6.083004773245192793e-05
5.723573522118385746e-05
5.840648118464742127e-05
4.967136701452545957e-05
5.136655709065962312e-05
5.278494427329860628e-05
6.794045148126315868e-05
5.264870887913275646e-05
5.400554946390912072e-05
5.637672329612541673e-05
6.053668585082050413e-05
5.801547195005696267e-05
5.198169274081010507e-05
5.052354827057569948e-05
5.402071510616224124e-05
4.922066655126400563e-05
6.341256739688106152e-05
4.750332009280100194e-05
1.000291995296720415e-04
8.309555487358011034e-05
5.170479234948288514e-05
6.008882992318831655e-05
5.649851627822499858e-05
4.725811049866024405e-05
4.816221662622411075e-05
5.152765879756771028e-05
4.974260009475983950e-05
6.265031042858026651e-05
5.503966276592109623e-05
4.955718104611150649e-05
5.244364765530917658e-05
5.483333407028112425e-05
4.231899802107363804e-05
5.438759690150618824e-05
4.738416537293232706e-05
4.758501891046762602e-05
4.986354033462703092e-05
4.582043657137546417e-05
4.653297364711761610e-05
4.472782238735817102e-05
5.267534397717099908e-05
6.209839775692672080e-05
4.385544816614128920e-05
4.530257465376053141e-05
8.356853795703500780e-05
4.964828804077114910e-05
4.638661594071891294e-05
4.818779161723796549e-05
5.310919877956621484e-05
4.941068473272025450e-05
4.381207581900525567e-05
4.737341296277008815e-05
4.292367193556856228e-05
4.174164459982421385e-05
5.025402460887562348e-05
4.639172620954923196e-05
4.440545162651687725e-05
4.199229879304766384e-05
4.128011132706887885e-05
4.596387443598359688e-05
4.857115600316319344e-05
4.883483161393087628e-05
4.418917051225434718e-05
4.627302696462720904e-05
4.602680601237807287e-05
3.674541512737050924e-05
4.163777448411565545e-05
4.414628601807635006e-05
4.250398942531319471e-05
4.947191810060758415e-05
4.726717161247506467e-05
3.814762530964799361e-05
3.862865487462841245e-05
4.077548001077957316e-05
4.410769361129496247e-05
3.927634570572990653e-05
3.981994996138382703e-05
4.979116092727053775e-05
3.983315582445356995e-05
4.760014890052844110e-05
3.650174712674924968e-05
3.986313167843036083e-05
3.680815752886701646e-05
4.377299846964888004e-05
3.682070309878327224e-05
3.907890004484215751e-05
4.657221688830759376e-05
3.545326035236939788e-05
4.250976016919594394e-05
3.737847509910352528e-05
4.171472828602418032e-05
3.600716572691453485e-05
4.167899951426079632e-05
4.262366164766717838e-05
4.240219222992891310e-05
4.326747912273276462e-05
3.556421706889523464e-05
3.767237376450793818e-05
3.928151563741266998e-05
3.052604952245019241e-05
3.569756536307977784e-05
3.552689122443553060e-05
4.204439919703872603e-05
3.772409290832001445e-05
3.500986331346211684e-05
3.564880789781454680e-05
4.025205307698342814e-05
2.996163875650381602e-05
3.682564129121601311e-05
3.427371775615029308e-05
3.295182414149166745e-05
3.283188470959430560e-05
3.727879466168815541e-05
3.298108222224982320e-05
3.539606004778761552e-05
3.479587503534276309e-05
4.142366906307870251e-05
3.645611068350263075e-05
4.038571569253690541e-05
4.717897663795156269e-05
4.120968515053391457e-05
2.889278675866080448e-05
3.178076822223374891e-05
3.764204939216142520e-05
3.382767863513436168e-05
3.462407221377361566e-05
3.885666355927241831e-05
3.577750539989210936e-05
3.825013209279859439e-05
2.891984859161311828e-05
3.063691492570797253e-05
2.856480223272228546e-05
3.270921315561281788e-05
2.765007993730250610e-05
3.881214106513652815e-05
3.169173596688779342e-05
3.287296749476809055e-05
2.815979205479379811e-05
2.989382337545975907e-05
3.247957538405898687e-05
3.013456844200845672e-05
2.913728549174265868e-05
3.003089350386290015e-05
2.948744913737755201e-05
3.265302875661290911e-05
3.285541388322599368e-05
3.141095548926386711e-05
2.741310745477676256e-05
3.130228978989180313e-05
3.469429339020280167e-05
2.792429968394571848e-05
3.013383648067247258e-05
3.195322187821147963e-05
3.871458065987099098e-05
2.897343747463310002e-05
2.918340851465472952e-05
2.922284675150876933e-05
2.750385792751331018e-05
2.900905237765982612e-05
3.269384887971682474e-05
2.852180805348325656e-05
2.684956943994620883e-05
2.614824861666420339e-05
2.879415023926412687e-05
2.993186153616989099e-05
2.682658869161968983e-05
2.881054406316252358e-05
2.743305722106015174e-05
2.999995795107679577e-05
2.692821672098943828e-05
2.920212227763840929e-05
3.042195367015665465e-05
3.608951719797914577e-05
3.046698493562871522e-05
3.299938689451664822e-05
2.992467216245131567e-05
2.522345712350215627e-05
4.384675212349975211e-05
2.603086868475657024e-05
2.460786745359655334e-05
3.062333271373063190e-05
2.872715376724954830e-05
2.948072105937171863e-05
2.962934322567889331e-05
2.284279253217391670e-05
3.032379354408476637e-05
2.496821489330614121e-05
2.378156859776936404e-05
2.519453282729955458e-05
2.296088277944363789e-05
2.512947521609021283e-05
2.742004253377672420e-05
2.942476494354195825e-05
2.856405790225835585e-05
3.095181800745194507e-05
2.891763342631747878e-05
2.812164275383111022e-05
2.523034654586808620e-05
2.258891563542419909e-05
2.405823797744233026e-05
2.803706356644397466e-05
3.136060749966418506e-05
2.714677957555977695e-05
2.328608898096718030e-05
2.789666668832069127e-05
2.457238533679628609e-05
2.364474748901557245e-05
2.739357478276360780e-05
2.556685376475797966e-05
2.757750989985652336e-05
3.142031000606948781e-05
2.389684323134133592e-05
2.497102050256216763e-05
2.768444555840687894e-05
2.280017261000466397e-05
2.673097642400534688e-05
2.045437522610882162e-05
2.357997782382881337e-05
3.506452540023019402e-05
2.391406014794483713e-05
2.507412591512547806e-05
2.439088566461577876e-05
3.038674221897963299e-05
2.512414521333994412e-05
2.527288761484669589e-05
2.664690036908723482e-05
2.229463516414398463e-05
2.753143253357848085e-05
2.390638910583220490e-05
2.365180462220450795e-05
2.395166102360235595e-05
2.594603574834764004e-05
2.227165859949309514e-05
2.297268056281609325e-05
3.554407394403824718e-05
2.699584092624718323e-05
2.355049327888991616e-05
2.373376373725477538e-05
2.642135550559032844e-05
2.669326877366984128e-05
2.026003003265941651e-05
2.680837696971138871e-05
2.480696712154895135e-05
2.262597936351084946e-05
3.077751898672431707e-05
2.103252718370640583e-05
2.648614627105416798e-05
1.949195557244820588e-05
2.488226527930237353e-05
2.449190760671626709e-05
2.395115534454817020e-05
2.891830117732751979e-05
2.283087524119764634e-05
2.607773803902091391e-05
2.011346896324539557e-05
2.165958703699288958e-05
2.165998621421749636e-05
3.182319105690112473e-05
2.251554669783217697e-05
2.971361664094729349e-05
2.382277707511093332e-05
2.099321909554419108e-05
2.515267588023562120e-05
2.093240864269318923e-05
2.206961144111119075e-05
2.494437321729492261e-05
2.281568085891194506e-05
2.675599644135218046e-05
2.317555863555753536e-05
1.998227744479663535e-05
2.317499220225727050e-05
2.879151179513428360e-05
2.631141069286968559e-05
1.979016178665915504e-05
2.892078582590329529e-05
2.125341252394718982e-05
2.241695710836211219e-05
2.101532636515912532e-05
2.105254498019348830e-05
2.244454735773615607e-05
1.988824451473192447e-05
2.239811456092866002e-05
2.809508714562980458e-05
2.161900192731991410e-05
1.911962735903216661e-05
1.785762469808105379e-05
1.850396256486419588e-05
2.195410233980510452e-05
2.067357436317251860e-05
2.281757469972944751e-05
1.990401406146702221e-05
2.189933202316751636e-05
1.591228920005960390e-05
2.010682601394364610e-05
1.919592459671548635e-05
1.944663790709455498e-05
2.218231475126231089e-05
1.949601901287678765e-05
1.732916052787913941e-05
2.086904951283941181e-05
2.005744790949392996e-05
2.320692410648916712e-05
1.998785946852876669e-05
2.063568726953235590e-05
2.169451108784414760e-05
2.986657473229570247e-05
2.353191230213269524e-05
3.092778079007985206e-05
2.018442701228195734e-05
2.436820777802495354e-05
2.019816047322820009e-05
2.030027835644432479e-05
1.910507344291545315e-05
1.800432728487066857e-05
2.424498970867716843e-05
1.970418306882493062e-05
1.779886933945817941e-05
3.335136716486886144e-05
1.731086058498476632e-05
1.753814131006947786e-05
1.870240348580409908e-05
2.078763918689219281e-05
1.829796556194196320e-05
2.225893967988668010e-05
2.040327126451302320e-05
1.731504125928040526e-05
1.900508377730148049e-05
1.801667349354829639e-05
1.867394694272661649e-05
2.029862562267226031e-05
1.988176700251642615e-05
1.629567386771668544e-05
1.894040278784814426e-05
1.832930101954843984e-05
1.711560271360212869e-05
1.734539482640684650e-05
1.909259081003256278e-05
1.702857880445662750e-05
1.825779427235829779e-05
1.891091733341454528e-05
1.990319033211562715e-05
2.313642899025580778e-05
2.093108578264946050e-05
1.518779718026053127e-05
2.289900412506540374e-05
1.513221013738075271e-05
1.616665658730198494e-05
2.272274932693108120e-05
1.870478108685347319e-05
2.114210847139475071e-05
1.752959115037811056e-05
1.754304366841097362e-05
1.870945916380151039e-05
1.731742031552130356e-05
2.067256764348712750e-05
1.601058565938728997e-05
1.643174091441323913e-05
1.663896600803127648e-05
2.059626076515996761e-05
1.804421190172433921e-05
2.101964782923459939e-05
1.885786614366225102e-05
1.971713390958029777e-05
2.130774137185653536e-05
2.093543271257658421e-05
1.895866698760073700e-05
2.101543441312969662e-05
1.568064235470956327e-05
1.978809077627374655e-05
1.632780004001688212e-05
1.670236015343107215e-05
1.567297349538421394e-05
1.739398676363634809e-05
1.669842085902928239e-05
1.742613267197157256e-05
2.155606498490669900e-05
1.576052918608184108e-05
1.488442030677106164e-05
1.978706941372365555e-05
1.795279731595655768e-05
1.704995465843239664e-05
1.605870847924961641e-05
2.489170792614459128e-05
1.610316185178817182e-05
1.817351349018281190e-05
1.534826806164346568e-05
1.521938565929303877e-05
1.735811838443623856e-05
1.704934402368962765e-05
1.870237929324503057e-05
2.082125065498985282e-05
2.961484469778952324e-05
1.660597254158346778e-05
1.748577633406966789e-05
1.913998685267870450e-05
1.486993842263473130e-05
1.827386531658703326e-05
1.542584923299728097e-05
1.802275055524660342e-05
1.728867946440004879e-05
1.455276869819499586e-05
1.325389339399407652e-05
1.536561449029250138e-05
1.918361795105738565e-05
1.873036571851116470e-05
1.990710088648483953e-05
1.574874795551295392e-05
1.587466495038825019e-05
1.573741292304475792e-05
1.514026544100488570e-05
1.824170540203340284e-05
1.843587242547073537e-05
1.554868631501449137e-05
1.582998602316365510e-05
1.454886023566359654e-05
1.695339360594516485e-05
1.704586529740481773e-05
1.715140351734589921e-05
2.561551855251309462e-05
1.522697430118569241e-05
1.500564103480428525e-05
1.882094820757629214e-05
1.496762815804686330e-05
1.677497548371320726e-05
1.583421935720252872e-05
1.945579297171207280e-05
1.703656171230249970e-05
1.719108231554855457e-05
1.638143394302460501e-05
1.585121808602707596e-05
1.505169711890630424e-05
1.446306432626443018e-05
1.505214586359215934e-05
1.495223687015823156e-05
1.374935209241812117e-05
1.550709339426248334e-05
1.450746549380710348e-05
1.545966806588694521e-05
1.702372574072796716e-05
1.693426702331635170e-05
1.488492616772418876e-05
1.657996654103044420e-05
1.767830981407314471e-05
1.542728332424303381e-05
1.321415147685911439e-05
1.421059823769610375e-05
1.403207597832078978e-05
1.694798884273041107e-05
1.976442836166825213e-05
1.413547324773389778e-05
1.558664835101808557e-05
1.843363816078635864e-05
1.821492614908493259e-05
1.475614544688141905e-05
1.564247831993270733e-05
1.396225279677310095e-05
1.626681314519373632e-05
1.538207106932532042e-05
1.445443876946228556e-05
1.666910347921657512e-05
1.422882178303552791e-05
1.310080006078351289e-05
1.400856308464426547e-05
1.555909320813952810e-05
1.794326899471343359e-05
1.794323616195470162e-05
1.491760813223663684e-05
1.428952737114741467e-05
1.579548843437805704e-05
1.422392497261171263e-05
2.368015366300824166e-05
1.580547614139504798e-05
1.371060652672895298e-05
1.198413028760114651e-05
1.318450931648840264e-05
1.717712893878342584e-05
1.628408099350053682e-05
1.543535308883292533e-05
2.004925636356347241e-05
1.557799268994131261e-05
1.570910981172346374e-05
1.377120906909112819e-05
1.847492594606592184e-05
1.253954942512791638e-05
1.290340005652979050e-05
1.267677153009571999e-05
1.776386206984170577e-05
1.317414989898679778e-05
2.133086481990176117e-05
1.580456373631023006e-05
1.672694806984509206e-05
1.492995033913757652e-05
1.166628280770964887e-05
1.647855815463117392e-05
1.387757183692883666e-05
1.429396743333200027e-05
1.798497742129257017e-05
1.550823853904148699e-05
1.228052215083153021e-05
