9.988654017448425071e-01
9.248197078704833984e-01
8.665123224258423074e-01
8.229891300201416238e-01
7.879239559173584206e-01
7.593353986740112305e-01
7.374293088912964311e-01
7.158805370330810769e-01
6.958871603012084517e-01
6.751527905464171919e-01
6.546284198760986550e-01
6.336089134216308372e-01
6.105045557022095171e-01
5.870316267013550027e-01
5.624675869941710982e-01
5.335958719253539595e-01
5.035885035991668479e-01
4.763380050659179465e-01
4.447125136852264626e-01
4.153549432754516380e-01
3.876793086528778076e-01
3.629376769065856823e-01
3.387125968933105691e-01
3.144567549228668435e-01
2.946890294551849365e-01
2.757450819015502819e-01
2.570451259613036887e-01
2.417662918567657360e-01
2.272297769784927257e-01
2.120963037014007568e-01
2.024215936660766491e-01
1.859988629817962702e-01
1.742300093173980713e-01
1.626839756965637318e-01
1.541246592998504750e-01
1.440918892621994019e-01
1.362020045518875233e-01
1.264909178018570057e-01
1.197912931442260687e-01
1.123618021607399042e-01
1.047976210713386508e-01
9.822768718004226685e-02
9.374215900897979459e-02
8.796141892671585638e-02
8.095137625932694037e-02
7.735507488250732699e-02
6.972057223320007879e-02
6.685450226068496982e-02
6.461764574050903043e-02
5.814117044210433821e-02
5.457785576581954817e-02
5.045188963413238525e-02
4.797612056136131564e-02
4.541945829987525940e-02
4.280977323651313782e-02
3.880788162350654741e-02
3.709096983075142046e-02
3.400818705558776578e-02
3.192563615739345273e-02
3.041609376668930054e-02
2.890637628734111716e-02
2.764974348247051239e-02
2.485564872622490068e-02
2.410348691046237946e-02
2.210282795131206582e-02
2.148647829890251021e-02
1.953039318323135376e-02
1.852703019976615836e-02
1.772648245096206804e-02
1.703046783804893632e-02
1.589422300457954407e-02
1.507386099547147751e-02
1.432653013616800274e-02
1.392889600247144630e-02
1.273874845355749130e-02
1.257346682250499656e-02
1.203390117734670639e-02
1.147842649370431865e-02
1.018586624413728679e-02
1.103048976510763099e-02
1.016802731901407172e-02
9.592501260340214470e-03
9.279555454850197532e-03
8.940751478075981834e-03
8.198786433786154140e-03
8.308629132807254444e-03
8.190886955708265652e-03
7.623679656535387213e-03
7.455093879252671848e-03
7.541059982031583786e-03
6.678466685116291046e-03
6.382510904222727169e-03
6.871904432773590261e-03
6.279517430812120438e-03
6.135385483503341675e-03
6.330714561045169830e-03
5.544678494334221060e-03
5.577860586345195944e-03
5.328071117401122873e-03
4.911413136869669134e-03
5.171165429055690418e-03
4.911488108336925680e-03
5.061136838048696344e-03
4.934371262788772410e-03
4.653955623507499521e-03
4.340218566358089620e-03
4.298563115298748016e-03
3.953314293175936092e-03
4.175447393208742142e-03
3.789016325026750391e-03
3.992016427218914032e-03
3.640993218868971044e-03
3.372013149783015078e-03
3.531987173482775775e-03
3.713131090626120481e-03
3.643361059948801908e-03
3.409354435279965574e-03
3.555005695670842951e-03
3.327195858582854358e-03
3.078679786995053291e-03
3.284034971147775823e-03
2.826918149366974831e-03
2.922792453318834305e-03
2.723582601174712008e-03
2.702766750007867987e-03
2.814481081441044634e-03
2.713962690904736519e-03
2.863039216026663954e-03
2.652925858274102384e-03
2.751374756917357358e-03
2.443548664450645360e-03
2.655881131067871961e-03
2.368163829669356173e-03
2.280008560046553438e-03
2.510863216593861667e-03
2.427131915464997118e-03
2.432138053700327960e-03
2.409328799694776622e-03
2.228294685482978994e-03
2.230697823688387697e-03
2.160243177786469633e-03
2.049688529223203486e-03
2.181016048416495236e-03
1.910278666764497844e-03
2.027725335210561752e-03
2.170343045145273295e-03
1.805588137358427048e-03
1.984027982689440424e-03
1.882048440165817738e-03
1.833751657977700320e-03
1.782007236033678011e-03
1.916755479760467919e-03
1.788539742119610353e-03
1.727080252021551176e-03
1.752937119454145345e-03
1.729516149498522238e-03
1.873791147954762025e-03
1.694858656264841557e-03
1.535191200673580170e-03
1.550857606343925043e-03
1.577756018377840519e-03
1.475944137200713114e-03
1.477110642008483497e-03
1.468058722093701406e-03
1.649062847718596458e-03
1.541498838923871430e-03
1.427841652184724851e-03
1.445033494383096608e-03
1.405352493748068810e-03
1.358073414303362456e-03
1.377420406788587483e-03
1.436669309623539491e-03
1.370192877948284062e-03
1.275908481329679533e-03
1.470786496065557090e-03
1.456539402715861711e-03
1.278383145108818965e-03
1.344569097273051695e-03
1.216291659511625853e-03
1.386899314820766492e-03
1.252180244773626371e-03
1.318990648724138780e-03
1.260130736045539336e-03
1.282314676791429433e-03
1.114645367488265124e-03
1.131861424073576884e-03
1.093380199745297475e-03
1.198206213302910328e-03
1.116691424977034417e-03
1.110730203799903480e-03
1.120434189215302511e-03
1.187012647278606892e-03
1.255392003804445180e-03
9.963861084543168545e-04
1.089802361093461514e-03
1.113499910570681138e-03
1.136314217001199809e-03
1.048987265676259995e-03
9.868089691735804081e-04
1.042081869672983841e-03
1.094031729735434055e-03
9.788084658794104186e-04
1.206678722519427625e-03
9.273627074435353279e-04
9.661800810135901191e-04
8.964307606220244928e-04
9.870457695797085328e-04
8.773775189183652401e-04
8.988790796138346195e-04
1.130222354549914555e-03
9.008794091641903140e-04
9.148832759819924831e-04
8.606798946857452393e-04
8.540747221559286118e-04
8.244343800470233397e-04
8.815338253043592410e-04
8.281985064968466759e-04
8.287422941066324277e-04
8.761509554460645156e-04
8.175359689630568027e-04
7.597077987156808159e-04
7.988908444531261487e-04
7.798357633873820522e-04
7.664941716939210675e-04
8.391437237150967338e-04
7.787756156176328225e-04
8.237870759330689473e-04
8.031432982534170584e-04
8.105598855763674216e-04
7.528542075306177573e-04
7.909262785688042641e-04
7.605254184454679055e-04
7.193737896159291051e-04
7.362875621765851974e-04
7.073475746437907653e-04
9.444124531000852802e-04
7.435935898683964989e-04
7.664534845389425538e-04
6.930783507414162376e-04
6.952003575861453576e-04
6.696155760437250137e-04
6.863284623250364824e-04
6.778664188459515788e-04
7.232308969832956357e-04
6.721652229316532395e-04
6.555909290909767368e-04
6.269104895181953473e-04
6.444089231081306934e-04
6.067579728551208756e-04
6.345187197439372323e-04
6.604851922020315690e-04
6.882417132146656296e-04
7.064766483381390788e-04
6.480910582467913411e-04
5.906423786655068831e-04
6.411358132027089813e-04
5.945775308646261258e-04
6.385790184140205383e-04
5.822905222885310650e-04
5.673375562764704227e-04
6.186251179315149567e-04
5.857541691511869431e-04
5.786349880509078719e-04
5.841323232743889310e-04
5.930313025601207776e-04
5.727662937715649605e-04
5.506738554686308341e-04
5.766801419667899825e-04
5.852923262864351056e-04
5.532354465685784600e-04
5.941013805568218231e-04
5.101756774820387580e-04
5.565619037952273650e-04
5.958817200735211372e-04
5.723452428355813243e-04
5.068086727987974448e-04
5.390252394136041186e-04
5.086500139441340728e-04
5.033645895309746699e-04
5.113242368679493666e-04
5.626490979921072938e-04
5.139669287018477700e-04
5.673636333085596561e-04
5.102231225464493036e-04
5.136047373525797887e-04
5.849671782925724766e-04
5.377664114348590157e-04
5.587790976278484301e-04
4.583426925819367170e-04
4.907697031740099625e-04
5.370383500121533654e-04
4.962226317729801156e-04
4.781019699294119965e-04
4.922531603369862058e-04
4.927163245156407356e-04
4.366505134385079254e-04
4.716705239843577363e-04
4.350330331362783692e-04
4.324565525166690350e-04
4.518222762271761677e-04
4.184820980299264301e-04
4.564952745568007014e-04
4.470566927921026945e-04
4.118345852475613247e-04
4.483299970161169876e-04
4.725195409264415719e-04
4.462115757633000612e-04
4.219284397549927451e-04
4.009618307463824641e-04
4.544973897282034267e-04
3.898787661455571760e-04
4.250744183082133748e-04
3.982501511927694082e-04
4.187356855254620205e-04
4.065937653649598468e-04
4.344662535004317977e-04
4.199752002023160458e-04
3.993553458712994835e-04
4.247784381732344627e-04
4.342094645835459124e-04
3.938616486266255162e-04
3.940710623282939087e-04
3.671875398140400865e-04
4.144199134316295602e-04
3.930322593078017126e-04
4.271640267688780806e-04
3.954530810005962957e-04
4.030810669064521790e-04
3.816109499894082655e-04
3.883652505464851965e-04
3.846368694212287448e-04
4.778731439728289626e-04
3.451639320701360811e-04
4.104853782337158702e-04
3.887860279064625285e-04
3.796104516368359544e-04
3.741703752893954299e-04
3.654463507700711489e-04
3.793412819504737637e-04
4.128205589950084795e-04
3.870641347020864595e-04
4.063630884047597755e-04
3.543107537552714565e-04
3.452489327173680067e-04
3.577015362679958127e-04
3.556794137693941485e-04
4.105435102246701609e-04
3.284248872660100243e-04
3.204909327905624996e-04
3.555512230377644300e-04
4.056103411130606911e-04
3.502369218040257692e-04
3.366637742146849415e-04
3.548845299519598376e-04
3.294257097877561829e-04
3.506535373162478425e-04
3.616947680711746107e-04
3.169289673678577055e-04
3.453583456575870622e-04
3.365107229910791029e-04
3.378098423127085187e-04
3.162514185532927513e-04
3.371731028892099749e-04
2.921693085227161646e-04
3.417338186409324299e-04
3.516227763611823212e-04
3.113560320343822458e-04
3.081705246586352478e-04
3.357841516844928156e-04
3.077929897699504982e-04
3.181156236678361784e-04
3.185240377206355225e-04
3.167360497172922113e-04
2.926071756519377232e-04
2.929298905655741800e-04
2.947300497908145298e-04
2.996412164065987089e-04
3.236123709939420332e-04
3.060276445467025258e-04
2.882103144656866789e-04
2.894541714340448271e-04
3.131644974928349040e-04
3.213653515558689941e-04
2.888058661483228207e-04
2.986906329169869423e-04
3.211140399798750986e-04
2.804962801747024276e-04
3.021417185664177049e-04
2.864143112674355724e-04
2.726021339185535908e-04
2.858019724953919649e-04
2.793447987642138980e-04
2.940357895568013408e-04
2.919212041888385794e-04
2.794087777147069573e-04
3.182691580150276423e-04
2.423267433186993003e-04
2.749012201093137264e-04
2.686372201424091946e-04
2.806256408803164851e-04
2.949574554804712534e-04
3.032061329577118267e-04
2.788217941997572888e-04
2.531653211917727969e-04
2.705317048821598183e-04
3.035359783098101833e-04
2.606311696581542709e-04
2.481263916706666459e-04
2.358348836423829306e-04
2.670799556653946747e-04
2.516683482099324356e-04
2.627370500704273798e-04
2.431550237815827131e-04
2.491771330824121724e-04
2.686478954274207462e-04
2.612395503092557083e-04
2.798839297611266266e-04
2.381135738687589656e-04
2.563524991273880222e-04
2.632366609759628990e-04
2.655806543771177747e-04
2.425159706035628861e-04
2.825706207659095417e-04
2.524217998143285513e-04
2.590611693449318409e-04
2.187748876167461384e-04
2.769230370176955949e-04
2.593667246401310184e-04
2.467275917297229171e-04
2.303883840795606266e-04
2.261366957100108320e-04
2.407100313575938398e-04
2.884872839786112200e-04
2.339079626835882772e-04
2.455026464303955219e-04
2.580892905825749040e-04
2.154444431653246338e-04
2.582247339887544730e-04
2.150791027816012556e-04
2.229605655884370262e-04
2.308048773556947762e-04
2.300357009517028928e-04
2.380638121394440478e-04
2.204097254434600472e-04
2.260769048007205074e-04
2.679183555301278721e-04
2.210831124102696885e-04
2.202843374107033069e-04
2.644586376845836531e-04
2.253826824016869068e-04
2.175299974624067491e-04
1.954431936610490084e-04
2.180039300583302975e-04
2.183773671276867444e-04
2.469498896971344839e-04
2.391281479503959309e-04
1.965682342415675412e-04
2.233514736872166449e-04
2.189871564041823257e-04
2.096554584568366463e-04
2.057736797723919099e-04
2.454714238410815705e-04
2.110461296979337876e-04
2.180018840590491945e-04
2.155004389351233894e-04
1.786967215593904148e-04
2.011962380493059646e-04
2.133477159077301676e-04
2.199055132223293294e-04
2.008683775784447898e-04
2.094058931106701547e-04
1.986300252610817606e-04
1.852112851338460987e-04
2.549164841184392355e-04
1.877305388916283900e-04
1.974428596440702677e-04
2.131018554791808128e-04
1.924065436469390988e-04
2.040406223386526216e-04
2.106032625306397676e-04
2.115682465955614935e-04
1.936759566888213212e-04
1.837646093918010701e-04
1.868060033302754272e-04
2.164976991480216330e-04
1.919169590109959245e-04
2.245881536509841735e-04
2.025334222707897533e-04
1.742569031193852316e-04
1.877652335679158514e-04
1.736894220812246095e-04
1.863360579591244513e-04
1.771274895872920806e-04
2.135028480552136898e-04
2.229970443295314800e-04
2.215405984316021204e-04
1.876987429568544084e-04
1.856001763371750712e-04
2.008784998906776363e-04
1.976226078113540899e-04
1.867759478045627529e-04
1.701780478470027501e-04
1.921497634612023722e-04
1.834825554396957051e-04
1.872377964900806600e-04
1.829146931413561106e-04
1.936589309480041320e-04
1.748013251926749890e-04
1.699841552181169282e-04
1.749540388118475676e-04
1.674600847763940746e-04
1.654337684158235788e-04
1.838090218370780457e-04
1.766052446328103542e-04
1.736450038151815642e-04
1.848068728577345555e-04
1.721998793072998470e-04
1.698150357697159106e-04
1.789186586393043345e-04
1.692635851213708520e-04
1.680089975707233006e-04
1.773994241375476068e-04
1.821851241402328069e-04
1.637814450077712427e-04
1.807109976653009545e-04
1.780586579116061438e-04
1.872505614301189726e-04
1.854629139415919835e-04
1.684760965872555863e-04
1.788100926205515862e-04
1.676320942351594676e-04
1.845439954195171703e-04
1.632995728868991028e-04
1.929726597154512893e-04
1.574005960719659870e-04
1.867445505922660340e-04
1.748264039633795619e-04
1.562964782351627837e-04
1.857258321251720190e-04
1.553525769850239266e-04
1.895635650726035237e-04
1.604799152119085301e-04
1.859378826338797808e-04
1.532098103780299425e-04
1.744715904351323897e-04
1.564098056405782700e-04
1.563059020554646958e-04
1.822281541535630876e-04
1.694982754997909177e-04
1.720365951769054044e-04
1.707995543256402016e-04
1.529375644167885238e-04
1.526563282823190093e-04
1.624265976715833057e-04
1.548326719785109054e-04
1.484290027292445356e-04
1.486077788285911192e-04
1.682128786342218518e-04
1.910751452669501305e-04
1.611844054423272610e-04
1.554799207951873649e-04
1.737026381306350285e-04
1.551420020405202996e-04
1.577871444169431925e-04
1.587874314282089363e-04
1.468368165660649430e-04
1.706637034658342654e-04
1.429860858479514718e-04
1.664443901972845251e-04
1.520384859759360443e-04
1.421979046426713412e-04
1.396006060531362837e-04
1.406014955136924874e-04
1.556735543999820839e-04
1.552695321151986718e-04
1.628021651413291639e-04
1.514599687652662505e-04
1.263611367903649699e-04
1.523848506622016321e-04
1.653515471844002713e-04
1.581183809321373755e-04
1.383018010528758222e-04
1.521404454251751412e-04
1.751981675624847466e-04
1.636889908695593585e-04
1.565085636684670990e-04
1.387343014357611483e-04
1.597193331690505147e-04
1.447092741727828925e-04
1.442734210286289454e-04
1.372928469209000414e-04
1.375419931719079722e-04
1.345807453617453629e-04
1.475145079893991460e-04
1.373030099784955382e-04
1.392536709317937548e-04
1.347165059996768941e-04
1.379248569719493389e-04
1.404103968525305390e-04
1.331355131696909774e-04
1.333358202828094472e-04
1.427740848157554919e-04
1.474912744015455138e-04
1.338181114988401478e-04
1.518883247626945268e-04
1.393965329043567289e-04
1.423390451236627888e-04
1.371536636725068092e-04
1.570987747982144302e-04
1.265546350623481084e-04
1.303896860918030143e-04
1.448083639843389392e-04
1.416725834133103598e-04
1.389275072142481750e-04
1.391556870657950640e-04
1.305312936892732869e-04
1.451740390621125698e-04
1.318420429015532028e-04
1.177647631266154403e-04
1.431793425581417978e-04
1.354685402475297343e-04
1.424174886778928448e-04
1.493583578849211227e-04
1.306679128902032917e-04
1.340871414868160974e-04
1.425430644303560365e-04
1.414566766470670808e-04
1.549731998238712441e-04
1.526705455034971237e-04
1.299949944950640202e-04
1.234048409969545847e-04
1.421443957951851189e-04
1.256239498616196161e-04
1.261859360965900123e-04
1.360251684673130566e-04
1.932339640916325206e-04
1.487791727413423414e-04
1.477125682868063504e-04
1.321922958595678264e-04
1.296054440899752189e-04
1.282084296690299999e-04
1.484609907492995208e-04
1.270398905035108436e-04
1.434777601389214342e-04
1.291586959268897772e-04
1.263943413505330682e-04
1.421941764419898445e-04
1.244016020791605115e-04
1.408126583555713188e-04
1.666144205955788602e-04
1.268780484679154997e-04
1.214657808304764385e-04
1.262805439182557220e-04
1.159437844762578634e-04
1.331773819401860237e-04
1.536133117042481953e-04
1.274246751563623548e-04
1.333502572379075045e-04
1.376326632453128641e-04
1.403377595124766285e-04
1.325186851317994188e-04
1.400677865603938699e-04
1.441229222109541405e-04
1.144910289440303987e-04
1.348546516965143328e-04
1.171302428701892495e-04
1.272424124181270599e-04
1.250892688403837329e-04
1.297461116337217445e-04
1.384085335303097963e-04
1.361029891995713006e-04
1.300066141993738711e-04
1.103239294025115696e-04
1.151112155639566481e-04
1.192473937408067286e-04
1.309253100771457065e-04
1.242931510205380727e-04
1.090787161956541213e-04
1.382624584948644150e-04
1.122904272051528150e-04
1.452741678804159273e-04
1.196006443933583823e-04
1.265311482711695243e-04
1.067777280695736354e-04
1.113198828534223085e-04
1.097985121305100593e-04
1.151466974988579723e-04
1.100630892324261422e-04
1.142800218076445135e-04
1.298207993386313373e-04
1.260535325855016817e-04
1.138143474236130769e-04
1.250488727237097865e-04
1.242165701114572476e-04
1.325360994087532217e-04
1.113006597734056359e-04
1.124025875469669700e-04
1.234567258507013267e-04
1.190544775454327518e-04
1.136481383582577055e-04
1.192056311992928332e-04
1.092867649276740822e-04
1.096703825169242891e-04
1.313047803705558289e-04
1.306562058744020706e-04
1.113084465032443431e-04
1.243577789864502847e-04
1.153199496911838596e-04
1.241423422470688928e-04
1.320957642747089375e-04
1.231257832841947729e-04
1.205265187309123549e-04
1.226619511726312285e-04
1.186526977107860121e-04
1.126143935834988979e-04
1.073983643436804468e-04
1.237952616065740531e-04
1.097948756068944985e-04
1.042839619913138422e-04
1.164394067018292790e-04
1.084453688235953450e-04
1.131501630879938602e-04
1.134351245127618367e-04
1.157846229034476009e-04
1.127190800616517690e-04
1.082249131286516840e-04
1.256947041838429977e-04
1.145727015682496076e-04
1.046553399646654752e-04
1.101220696000382304e-04
1.090725098038092228e-04
1.092330276151187718e-04
1.085190393496304696e-04
1.082114526070654446e-04
1.116329120122827562e-04
1.092057063942775130e-04
1.079762019799090868e-04
1.272524925298057388e-04
1.100946436054073247e-04
1.049855374731123475e-04
1.016830967273563174e-04
1.048983744112774784e-04
1.108336902689188746e-04
1.108369731809943887e-04
1.053848594892770106e-04
1.047751153237186318e-04
1.083026407286524746e-04
1.034512388287112117e-04
1.117579653509892577e-04
1.031869702273979729e-04
1.156642654677852961e-04
1.038160859025083428e-04
1.209326437674462795e-04
9.677521738922223178e-05
1.100261972169391838e-04
1.007067883620038601e-04
1.069269841536879594e-04
1.031201478326693123e-04
1.008184568490832990e-04
9.590979607310146093e-05
1.043198979459702941e-04
1.164548317319713479e-04
1.064475582097657025e-04
1.033355671097524410e-04
1.118451225920580300e-04
9.585444640833885020e-05
1.074252504622563720e-04
1.129454103647731245e-04
1.094418606953695471e-04
1.107320742448791889e-04
1.069472273229621351e-04
9.201443026540800929e-05
1.025640187435783473e-04
9.972793050110340389e-05
1.082847011275589466e-04
1.059568909113295322e-04
1.103116810554638505e-04
1.143454239354468909e-04
1.295481575652956908e-04
1.074696920113638043e-04
1.161431689979508492e-04
1.057806628523394438e-04
1.019303206703625592e-04
1.034165616147220135e-04
9.618735057301819867e-05
9.717045468278228966e-05
1.100580630009062588e-04
1.200388578581623733e-04
1.014498426229692941e-04
1.150468378909863532e-04
8.700265170773491534e-05
1.016991329379379776e-04
1.202628744067624184e-04
9.898904681904241443e-05
1.082495742593891864e-04
1.206449596793390810e-04
1.033388485666364377e-04
1.051502171321772093e-04
8.831135783111676303e-05
9.674255561549216238e-05
9.189182892441750115e-05
9.991739207180217451e-05
9.493536490481346304e-05
1.141422078944742652e-04
1.259296695934608579e-04
1.013523840811103555e-04
1.136243576183915192e-04
1.081654627341777086e-04
9.254804317606612498e-05
1.100226814742200022e-04
1.061583025148138404e-04
9.626614919397980517e-05
9.246429690392687375e-05
1.135079524829052334e-04
9.586093947291373664e-05
9.602033533155918392e-05
9.498601866653189063e-05
9.236581681761890108e-05
1.044656790327280733e-04
9.772378398338332501e-05
1.162530927103944150e-04
9.372463537147269195e-05
1.029829931212589199e-04
1.064357202267274261e-04
1.044280332280322882e-04
8.977294637588784641e-05
9.491555829299613833e-05
1.004652949632145464e-04
1.065996795659884838e-04
1.082278249668888748e-04
9.371909400215371901e-05
1.033830878441222039e-04
9.250218572560697523e-05
1.102375550544820672e-04
9.218412888003512675e-05
9.096427093027159030e-05
9.886518237181007320e-05
9.194886806653811986e-05
1.173522206954658059e-04
1.143834306276403368e-04
9.103494667215273326e-05
9.576082084095105529e-05
8.442158869002014941e-05
9.824697044678032940e-05
1.031167950714007047e-04
9.197095350828021494e-05
9.592495916876941919e-05
9.115525172092020783e-05
1.065520584234036532e-04
9.106459619943053072e-05
1.094878040021285360e-04
9.529665112495422363e-05
1.011220025247894173e-04
9.389039914822205359e-05
1.020962081383913755e-04
1.139677318860776777e-04
1.073362916940823170e-04
8.722100465092807737e-05
9.164780640276148644e-05
9.133651910815387693e-05
9.704979311209172010e-05
8.922090928535908732e-05
1.011247994028963121e-04
8.643576729809865627e-05
9.552019182592629844e-05
9.677096095401793447e-05
1.000676071271300262e-04
9.465877374168485945e-05
8.867745636962354725e-05
9.242724336218088594e-05
1.049854021403007264e-04
9.524503111606464061e-05
1.005818150588311282e-04
9.574290306773036989e-05
9.816481178859248757e-05
9.110941609833390063e-05
9.489498334005474502e-05
8.828229038044810024e-05
8.912378252716735276e-05
1.150049225543625599e-04
1.040167277096770650e-04
9.799663239391520348e-05
9.670430736150593108e-05
1.077575027011334923e-04
9.694939362816512043e-05
8.777536131674424356e-05
9.693127067293972048e-05
8.833015017444268140e-05
9.839291888056323474e-05
8.484680729452520880e-05
9.612606809241696650e-05
1.022899858071468743e-04
1.133535144617781070e-04
8.735505398362874443e-05
8.689175883773714575e-05
8.737534226384013620e-05
8.950647461460902745e-05
1.029641382046975223e-04
1.037755791912786663e-04
9.576631855452432957e-05
1.013444983982481117e-04
9.125079377554356781e-05
9.053751418832688982e-05
8.968975744210183892e-05
9.462208108743653243e-05
9.739947563502937555e-05
9.083019394893199747e-05
9.029754728544503721e-05
9.103963384404778481e-05
8.808900747681036592e-05
8.647609647596254403e-05
9.153687715297564593e-05
9.294208866776898774e-05
8.929810865083709088e-05
8.446933061350137266e-05
9.586957457941025496e-05
9.098428272409364310e-05
9.694970503915101290e-05
9.665068500908091664e-05
1.146114460425451344e-04
1.007172919344156926e-04
1.039331516949459883e-04
9.686563134891912341e-05
8.658008446218445355e-05
1.030283252475783175e-04
8.319336920976638523e-05
1.015577057842165286e-04
8.946589514380320907e-05
1.062748327967710847e-04
9.867423359537497434e-05
9.880598227027804202e-05
8.493208733852952177e-05
9.009643254103139314e-05
9.129485260928049684e-05
8.758933690842241591e-05
1.044212083797901842e-04
9.256976773031055927e-05
9.009473869809880582e-05
9.615817834855988893e-05
8.853516774252057618e-05
9.083415789064019647e-05
8.575644023949280652e-05
7.928229460958391157e-05
9.340238902950659123e-05
9.752518235472962260e-05
9.150324622169137272e-05
8.848729921737686342e-05
8.477951341774314371e-05
8.787635888438672369e-05
1.032054031384177479e-04
9.094298293348402056e-05
8.727076783543452621e-05
8.757175091886893457e-05
8.538411493645981225e-05
9.091504471143707362e-05
8.769267442403361472e-05
1.006752165267244008e-04
8.688019734108820829e-05
9.074840636458247900e-05
7.683274016017094526e-05
8.941498817875981602e-05
9.551823459332808310e-05
9.328281157650053501e-05
8.641554159112274376e-05
8.603192691225558519e-05
9.035128750838339600e-05
8.430518792010844296e-05
8.659033774165436897e-05
9.135729051195085320e-05
8.532686333637685126e-05
9.487827337579801408e-05
9.635024762246757204e-05
8.848440629662945324e-05
8.928573515731841326e-05
8.592195081291720271e-05
8.432354952674359354e-05
8.761063072597608241e-05
8.228058140957728028e-05
8.967554022092372450e-05
9.932892862707376480e-05
8.677123551024124568e-05
8.550191414542495933e-05
8.757778559811412746e-05
8.372663869522511688e-05
8.588776254327967221e-05
8.356426696991548213e-05
9.509586670901626620e-05
9.057868010131642222e-05
8.392458839807659117e-05
1.017936447169631720e-04
1.102859750972129405e-04
9.412275248905643550e-05
1.005335783702321405e-04
8.625352347735315561e-05
9.131386759690940651e-05
8.545805467292666164e-05
9.125082142418250713e-05
8.773110457696020061e-05
8.078540558926760879e-05
8.966148743638768792e-05
8.432805916527285630e-05
