3.970910459756851196e-01
3.973440974950790405e-01
3.984968364238739014e-01
4.025347083806991577e-01
4.105611890554428101e-01
4.140555262565612793e-01
3.985706716775894165e-01
3.649047315120697021e-01
3.278724849224090576e-01
2.952410578727722168e-01
2.678660303354263306e-01
2.455077096819877625e-01
2.266194596886634827e-01
2.113941237330436707e-01
2.019042521715164185e-01
1.937553584575653076e-01
1.867309436202049255e-01
1.798846125602722168e-01
1.740241423249244690e-01
1.676815152168273926e-01
1.613887101411819458e-01
1.562376394867897034e-01
1.507350653409957886e-01
1.456113085150718689e-01
1.398698687553405762e-01
1.352334469556808472e-01
1.306911334395408630e-01
1.257661692798137665e-01
1.243524476885795593e-01
1.258580833673477173e-01
1.185162030160427094e-01
1.103879325091838837e-01
1.067529357969760895e-01
1.024017930030822754e-01
9.759097918868064880e-02
9.750715270638465881e-02
9.379022568464279175e-02
8.633091300725936890e-02
8.235250785946846008e-02
8.076129108667373657e-02
7.767886668443679810e-02
7.271684706211090088e-02
7.184610515832901001e-02
6.972577795386314392e-02
6.358293630182743073e-02
6.039384566247463226e-02
5.785495042800903320e-02
5.467779561877250671e-02
5.313781462609767914e-02
5.009403079748153687e-02
4.817371256649494171e-02
5.104703083634376526e-02
4.536583460867404938e-02
4.190146550536155701e-02
4.021368548274040222e-02
3.981474414467811584e-02
4.753195308148860931e-02
5.366536788642406464e-02
3.579915314912796021e-02
4.001815058290958405e-02
3.192109800875186920e-02
3.265952598303556442e-02
3.298243507742881775e-02
2.722136676311492920e-02
3.633915260434150696e-02
2.703965362161397934e-02
2.393299899995326996e-02
2.322120871394872665e-02
2.312554325908422470e-02
2.283124998211860657e-02
2.698448300361633301e-02
2.368683274835348129e-02
1.942536048591136932e-02
2.128586266189813614e-02
2.059024479240179062e-02
1.710123568773269653e-02
1.609009318053722382e-02
1.514331763610243797e-02
1.935663726180791855e-02
1.854102220386266708e-02
1.492974208667874336e-02
1.403964869678020477e-02
1.346706179901957512e-02
1.161241764202713966e-02
1.463086437433958054e-02
1.375818112865090370e-02
1.366869732737541199e-02
1.102893054485321045e-02
1.187750091776251793e-02
1.016017980873584747e-02
9.659954812377691269e-03
1.029308466240763664e-02
9.548364207148551941e-03
9.658691007643938065e-03
9.803900960832834244e-03
9.741093497723340988e-03
9.182664565742015839e-03
8.905177470296621323e-03
7.720425259321928024e-03
7.595266448333859444e-03
7.041011936962604523e-03
8.264376316219568253e-03
7.028656546026468277e-03
8.675222750753164291e-03
7.385503035038709641e-03
5.879180040210485458e-03
5.614460445940494537e-03
5.623698933050036430e-03
5.291241686791181564e-03
5.155417835339903831e-03
4.867590498179197311e-03
5.071857012808322906e-03
4.795345477759838104e-03
5.117210093885660172e-03
4.754998954012989998e-03
4.923218861222267151e-03
1.127635175362229347e-02
2.933736145496368408e-02
3.033260814845561981e-02
1.731252204626798630e-02
2.019716287031769753e-02
8.962004212662577629e-03
7.651282474398612976e-03
8.194273104891180992e-03
6.666839355602860451e-03
6.772348424419760704e-03
4.135386087000370026e-03
5.325628444552421570e-03
3.784352447837591171e-03
3.498398000374436378e-03
3.279635449871420860e-03
3.081974107772111893e-03
3.135304432362318039e-03
2.852710662409663200e-03
2.760249422863125801e-03
2.767172176390886307e-03
2.709886524826288223e-03
3.593229921534657478e-03
2.771425992250442505e-03
8.070063777267932892e-03
5.177146987989544868e-03
3.754792851395905018e-03
2.951908158138394356e-03
2.763487747870385647e-03
2.706064493395388126e-03
2.367420122027397156e-03
2.563511952757835388e-03
2.207731944508850574e-03
2.172674750909209251e-03
2.106886007823050022e-03
2.041150000877678394e-03
2.010438241995871067e-03
2.037738915532827377e-03
1.942399947438389063e-03
1.946093223523348570e-03
1.851890352554619312e-03
1.942448958288878202e-03
1.894838991574943066e-03
1.774960197508335114e-03
1.876920345239341259e-03
1.824210048653185368e-03
1.780731952749192715e-03
1.689888769760727882e-03
1.661349437199532986e-03
1.617064990568906069e-03
1.605489524081349373e-03
1.556936651468276978e-03
1.679445791523903608e-03
1.544390222989022732e-03
1.519218902103602886e-03
1.481138519011437893e-03
1.504575135186314583e-03
1.474635209888219833e-03
1.420474261976778507e-03
1.383719383738934994e-03
1.358610985334962606e-03
1.392990234307944775e-03
1.342078030575066805e-03
1.340677845291793346e-03
1.382183399982750416e-03
1.268207386601716280e-03
1.340757182333618402e-03
1.258640957530587912e-03
1.198891201056540012e-03
1.212756906170397997e-03
1.201134524308145046e-03
1.172020682133734226e-03
1.191668095998466015e-03
1.255665440112352371e-03
1.111740362830460072e-03
1.084182935301214457e-03
1.257053343579173088e-03
1.191717339679598808e-03
1.169318624306470156e-03
1.176210003904998302e-03
2.816240128595381975e-03
6.307236384600400925e-03
1.165947108529508114e-02
6.735901581123471260e-03
4.402789752930402756e-03
2.142202400136739016e-03
5.189662100747227669e-03
2.457408816553652287e-03
1.513313967734575272e-03
1.452277705539017916e-03
1.240950368810445070e-03
1.157929887995123863e-03
9.974080312531441450e-04
9.187767282128334045e-04
9.159343608189374208e-04
8.909799507819116116e-04
8.767581311985850334e-04
8.642027969472110271e-04
8.798173803370445967e-04
8.550141938030719757e-04
8.117634279187768698e-04
7.940531650092452765e-04
8.850814192555844784e-04
8.063226414378732443e-04
7.940218201838433743e-04
7.646775338798761368e-04
7.364859338849782944e-04
7.545786502305418253e-04
7.544031832367181778e-04
7.331865781452506781e-04
9.139718895312398672e-04
8.286694064736366272e-04
7.753932732157409191e-04
7.244033040478825569e-04
6.612375436816364527e-04
6.810198829043656588e-04
6.696318741887807846e-04
6.530262180604040623e-04
6.433710805140435696e-04
6.420792778953909874e-04
6.749181484337896109e-04
7.456212770193815231e-04
6.411490030586719513e-04
7.013238791842013597e-04
6.434909591916948557e-04
6.132648850325495005e-04
7.185095164459198713e-04
6.077256402932107449e-04
6.527306977659463882e-04
5.906749574933201075e-04
6.055702397134155035e-04
5.806882400065660477e-04
5.663259653374552727e-04
6.038298015482723713e-04
6.391887436620891094e-04
5.701734335161745548e-04
5.561748112086206675e-04
5.106489697936922312e-04
5.399062065407633781e-04
5.109369085403159261e-04
4.971852176822721958e-04
5.589487700490280986e-04
6.453196983784437180e-04
5.508344183908775449e-04
5.287431413307785988e-04
4.998281510779634118e-04
4.773724649567157030e-04
5.715012666769325733e-04
4.784319316968321800e-04
4.687599721364676952e-04
4.705699248006567359e-04
7.035055896267294884e-04
5.398110661190003157e-04
5.439513333840295672e-04
4.847321833949536085e-04
4.761741729453206062e-04
4.448665422387421131e-04
4.276981489965692163e-04
4.207001620670780540e-04
4.184226418146863580e-04
4.095392796443775296e-04
4.175350040895864367e-04
4.144041449762880802e-04
4.173301858827471733e-04
4.376040888018906116e-04
4.511692386586219072e-04
6.845805328339338303e-04
2.183868270367383957e-02
6.324533373117446899e-03
3.090643417090177536e-02
1.544337254017591476e-02
6.818775087594985962e-03
3.412563935853540897e-03
2.921764773782342672e-02
1.868978701531887054e-02
7.012248504906892776e-03
7.875965908169746399e-03
4.544351715594530106e-03
1.658984925597906113e-03
2.901565516367554665e-03
1.943096402101218700e-03
9.127774974331259727e-04
7.524940592702478170e-04
7.809383096173405647e-04
5.668126686941832304e-04
5.245688953436911106e-04
5.079711263533681631e-04
4.669500922318547964e-04
4.404762294143438339e-04
4.558661166811361909e-04
4.342723404988646507e-04
3.964581410400569439e-04
3.916090936399996281e-04
3.863476013066247106e-04
2.000411041080951691e-03
1.132599485572427511e-03
6.130832189228385687e-04
5.866017891094088554e-04
4.716019320767372847e-04
4.459501651581376791e-04
3.721774555742740631e-04
3.523713676258921623e-04
3.792623465415090322e-04
4.135741910431534052e-04
3.356580127729102969e-04
3.262893296778202057e-04
3.116962179774418473e-04
3.502334002405405045e-04
3.070435050176456571e-04
3.044877521460875869e-04
2.992295048898085952e-04
3.924358607036992908e-04
3.110692778136581182e-04
3.061350580537691712e-04
2.929738693637773395e-04
2.775070024654269218e-04
2.700486438698135316e-04
2.910057228291407228e-04
2.880917745642364025e-04
2.912431373260915279e-04
6.428566703107208014e-04
4.153217538259923458e-03
4.837902670260518789e-04
2.806090240483172238e-03
3.187937865732237697e-03
3.260131023125723004e-03
2.135917398845776916e-03
1.132259203586727381e-03
7.302952290046960115e-04
5.130558274686336517e-04
4.416091251187026501e-04
1.169152994407340884e-03
6.266899581532925367e-03
1.006757025606930256e-03
1.154203782789409161e-03
1.105664647184312344e-03
1.961045258212834597e-03
1.485789776779711246e-03
8.613245445303618908e-04
2.701197285205125809e-03
3.378270776011049747e-03
8.739589538890868425e-04
7.264456944540143013e-04
5.885839636903256178e-04
2.678594231838360429e-03
1.605337543878704309e-03
6.902079912833869457e-04
5.843685648869723082e-04
1.515791198471561074e-03
4.640324914362281561e-04
3.783148713409900665e-04
3.192501899320632219e-04
2.885094872908666730e-04
3.003821475431323051e-04
2.635314085637219250e-04
2.519699773984029889e-04
2.390407753409817815e-04
2.303893779753707349e-04
2.242690679850056767e-04
2.245682771899737418e-04
2.181806703447364271e-04
2.180642986786551774e-04
2.103778824675828218e-04
2.055218865280039608e-04
2.073159994324669242e-04
2.100506244460120797e-04
2.017773513216525316e-04
1.952922029886394739e-04
1.867443716037087142e-04
1.883228760561905801e-04
1.869458719738759100e-04
1.879221308627165854e-04
1.898000991786830127e-04
1.834604772739112377e-04
1.820967154344543815e-04
1.770548333297483623e-04
1.767968497006222606e-04
1.738937862683087587e-04
1.743386455927975476e-04
1.728369679767638445e-04
1.817142619984224439e-04
1.713473393465392292e-04
1.904288365039974451e-04
1.818916935008019209e-04
1.760744053171947598e-04
1.670927740633487701e-04
1.661011338001117110e-04
1.632382336538285017e-04
1.733522003632970154e-04
2.813556857290677726e-04
1.862233984866179526e-04
1.817477750591933727e-04
1.959599903784692287e-04
1.999493106268346310e-04
1.700215725577436388e-04
1.691764118731953204e-04
1.650925114518031478e-04
1.591190739418379962e-04
1.547189749544486403e-04
1.501247970736585557e-04
1.486651308368891478e-04
1.561934259370900691e-04
1.853663707152009010e-04
1.726360496832057834e-04
1.598241433384828269e-04
1.537126518087461591e-04
1.459264167351648211e-04
1.423323410563170910e-04
1.366795040667057037e-04
1.378931556246243417e-04
1.424627698725089431e-04
1.344970587524585426e-04
1.374117564409971237e-04
1.347096622339449823e-04
1.337294852419290692e-04
1.349970771116204560e-04
1.304445650021079928e-04
1.329840815742500126e-04
1.287829509237781167e-04
1.280096184927970171e-04
1.246233987330924720e-04
1.247711152245756239e-04
1.260338613064959645e-04
1.255002425750717521e-04
1.308721111854538321e-04
1.257399162568617612e-04
1.284081226913258433e-04
1.289787760470062494e-04
1.240646815858781338e-04
1.220755220856517553e-04
1.198183963424526155e-04
1.234530063811689615e-04
1.195127115352079272e-04
1.238035656569991261e-04
1.229757326655089855e-04
1.179312312160618603e-04
1.217958997585810721e-04
1.184669163194485009e-04
1.148724913946352899e-04
1.131268800236284733e-04
1.148517294495832175e-04
1.124863701988942921e-04
1.212161041621584445e-04
1.149002673628274351e-04
1.202421590278390795e-04
1.534375405753962696e-04
1.127120995079167187e-04
1.137407525675371289e-04
1.371000071230810136e-04
1.149331656051799655e-04
1.388420059811323881e-04
1.120979395636823028e-04
1.067344601324293762e-04
1.153016091848257929e-04
1.072009108611382544e-04
5.444131972035393119e-02
7.786604342982172966e-02
1.197174121625721455e-02
1.470512617379426956e-02
4.046891583129763603e-03
2.570935059338808060e-03
1.691051002126187086e-03
2.985086408443748951e-03
4.989708482753485441e-03
5.050027044489979744e-03
1.795466174371540546e-03
1.460707047954201698e-03
9.445564937777817249e-04
8.474833593936637044e-04
2.916206431109458208e-03
4.075073229614645243e-04
3.508985391817986965e-04
3.302554978290572762e-04
2.620011655380949378e-04
2.365772161283530295e-04
2.234614075860008597e-04
2.122684163623489439e-04
1.993296755244955420e-04
1.946729389601387084e-04
1.868888793978840113e-04
1.824204009608365595e-04
1.957004787982441485e-04
1.732460441417060792e-04
1.758953367243520916e-04
1.670736164669506252e-04
1.637030654819682240e-04
1.779629455995745957e-04
1.573853878653608263e-04
1.653855433687567711e-04
1.602599513716995716e-04
1.551671957713551819e-04
1.545414634165354073e-04
1.491120310674887151e-04
1.490341710450593382e-04
1.483694650232791901e-04
1.433549914509057999e-04
1.378925262542907149e-04
1.348635123576968908e-04
1.372060141875408590e-04
1.433125980838667601e-04
1.312493877776432782e-04
1.286294354940764606e-04
1.288135063077788800e-04
1.346069839200936258e-04
1.301013398915529251e-04
1.202336752612609416e-04
1.174032731796614826e-04
1.173983728222083300e-04
1.247843210876453668e-04
1.175137185782659799e-04
1.154421952378470451e-04
1.183533677249215543e-04
1.145630521932616830e-04
1.108597789425402880e-04
1.115297454816754907e-04
1.106596573663409799e-04
1.111412784666754305e-04
1.081482987501658499e-04
1.102042515412904322e-04
1.084633622667752206e-04
1.078654458979144692e-04
1.033063344948459417e-04
1.029435588861815631e-04
1.043955708155408502e-04
1.045565804815851152e-04
1.028477636282332242e-04
1.164193745353259146e-04
1.588191116752568632e-04
1.089918550860602409e-04
1.082703565771225840e-04
1.094856343115679920e-04
1.001708587864413857e-04
9.914033944369293749e-05
9.677826892584562302e-05
9.506705100648105145e-05
9.607697575120255351e-05
9.264628897653892636e-05
9.495658014202490449e-05
1.084096547856461257e-04
1.085801122826524079e-04
1.088305871235206723e-04
9.553858399158343673e-05
9.302711259806528687e-05
9.323122503701597452e-05
9.049953951034694910e-05
9.558871170156635344e-05
9.074165427591651678e-05
9.461764420848339796e-05
9.269622751162387431e-05
8.842375245876610279e-05
8.366993642994202673e-05
9.116623186855576932e-05
9.062775643542408943e-05
8.862305912771262228e-05
8.468055966659449041e-05
8.314272417919710279e-05
8.576875552535057068e-05
8.339113264810293913e-05
8.094084478216245770e-05
8.168993372237309813e-05
8.492120468872599304e-05
8.399013677262701094e-05
8.855040141497738659e-05
8.306752715725451708e-05
7.942195588839240372e-05
8.095947850961238146e-05
7.986736818565987051e-05
7.978035137057304382e-05
8.129735942929983139e-05
7.690509664826095104e-05
7.854407522245310247e-05
7.810768875060603023e-05
7.610870670760050416e-05
8.151664951583370566e-05
7.995820487849414349e-05
7.630734035046771169e-05
7.644216020707972348e-05
7.126405034796334803e-05
8.641581734991632402e-05
7.711154830758459866e-05
7.675635060877539217e-05
7.263056613737717271e-05
7.195343641797080636e-05
7.140733578125946224e-05
7.250864655361510813e-05
7.277978147612884641e-05
1.267768675461411476e-04
7.905932579888030887e-05
7.159274537116289139e-05
7.672994252061471343e-05
7.132819519028998911e-05
6.963964915485121310e-05
6.980814214330166578e-05
7.485876631108112633e-05
6.882377056172117591e-05
6.603093424928374588e-05
6.545040378114208579e-05
6.544487769133411348e-05
6.616782593482639641e-05
6.658689380856230855e-05
6.990200927248224616e-05
6.438364289351738989e-05
6.484148616436868906e-05
6.408868284779600799e-05
6.568353455804754049e-05
6.539466630783863366e-05
6.445898907259106636e-05
6.345402471197303385e-05
6.311332253972068429e-05
6.277347165450919420e-05
6.491772910521831363e-05
7.585009188915137202e-05
7.012402784312143922e-05
6.083601692807860672e-05
6.262276838242541999e-05
6.067188951419666409e-05
5.864937338628806174e-05
6.046175258234143257e-05
5.940622213529422879e-05
5.920275361859239638e-05
5.870606764801777899e-05
5.740197593695484102e-05
5.712341953767463565e-05
5.880182652617804706e-05
6.114257121225818992e-05
5.989553028484806418e-05
6.229589416761882603e-05
6.179153024277184159e-05
5.775343743152916431e-05
5.733216858061496168e-05
5.588231942965649068e-05
5.630684609059244394e-05
5.707863965653814375e-05
5.579689241130836308e-05
5.881931610929314047e-05
5.564172533922828734e-05
5.563085869653150439e-05
5.610303196590393782e-05
6.030613258189987391e-05
5.907033482799306512e-05
6.463621321017853916e-05
5.876852810615673661e-05
5.692665217793546617e-05
6.120740545156877488e-05
5.532428804144728929e-05
5.684368443326093256e-05
5.333153239917010069e-05
5.272035195957869291e-05
5.352084554033353925e-05
5.132795558893121779e-05
5.643834447255358100e-05
5.134025923325680196e-05
5.422473623184487224e-05
5.524804873857647181e-05
5.099058398627676070e-05
5.062770651420578361e-05
5.064013748778961599e-05
5.058132046542596072e-05
5.661050272465217859e-05
6.387857501977123320e-05
5.759146733907982707e-05
5.344903183868154883e-05
5.484455141413491219e-05
5.898675954085774720e-05
5.099827103549614549e-05
4.891065691481344402e-05
4.885083399130962789e-05
4.703966260422021151e-05
4.808096491615287960e-05
4.689143679570406675e-05
4.680851452576462179e-05
4.680952224589418620e-05
4.789483500644564629e-05
4.595924838213250041e-05
4.618225466401781887e-05
4.630866533261723816e-05
4.695152529166080058e-05
8.502749311446677893e-03
7.239018013933673501e-03
4.534342838451266289e-02
1.894690445624291897e-02
9.728522272780537605e-03
2.948850626125931740e-03
9.673383028712123632e-04
1.488134096143767238e-02
2.085532154887914658e-02
2.092646609526127577e-03
6.149082561023533344e-03
6.723123136907815933e-03
1.457973616197705269e-02
2.616861136630177498e-03
5.238760641077533364e-04
5.511779309017583728e-04
4.430642002262175083e-04
2.436983268125914037e-04
2.232240047305822372e-03
5.545649677515029907e-02
1.669311523437500000e-02
5.864446517080068588e-03
5.204622400924563408e-03
1.506944419816136360e-03
7.686184253543615341e-04
5.934805958531796932e-04
3.966313670389354229e-04
3.735010686796158552e-04
3.028000937774777412e-04
2.921653358498588204e-04
2.599005238153040409e-04
2.368252753512933850e-04
2.478088281350210309e-04
2.577217092039063573e-04
2.266740048071369529e-04
1.941792506841011345e-04
1.871153945103287697e-04
1.788497174857184291e-04
1.846321174525655806e-04
1.860535849118605256e-04
1.643953073653392494e-04
1.579719901201315224e-04
1.506447733845561743e-04
1.520109799457713962e-04
1.422183195245452225e-04
1.399218963342718780e-04
1.368886223644949496e-04
1.320982773904688656e-04
1.302559030591510236e-04
1.271295732294674963e-04
1.248027110705152154e-04
1.226740132551640272e-04
1.200357146444730461e-04
1.181694387923926115e-04
1.173104392364621162e-04
1.140304484579246491e-04
1.127054965763818473e-04
1.101534435292705894e-04
1.118933687394019216e-04
1.155736936198081821e-04
1.103938557207584381e-04
1.047349578584544361e-04
1.023426302708685398e-04
1.027927573886699975e-04
1.014243498502764851e-04
1.015061425277963281e-04
9.827453686739318073e-05
9.656129623181186616e-05
9.562942432239651680e-05
9.451194637222215533e-05
9.322745972895063460e-05
9.378957838634960353e-05
9.073313049157150090e-05
8.598627027822658420e-05
8.762477591517381370e-05
8.737867028685286641e-05
8.881764733814634383e-05
8.937582970247603953e-05
8.633628749521449208e-05
8.375532343052327633e-05
8.305649680551141500e-05
8.284024806926026940e-05
8.132212678901851177e-05
7.927127808216027915e-05
7.732466838206164539e-05
7.742017260170541704e-05
7.808055670466274023e-05
7.650005863979458809e-05
7.686809112783521414e-05
7.644582001375965774e-05
7.659543916815891862e-05
7.420499241561628878e-05
7.263481529662385583e-05
7.263290899572893977e-05
7.229198308777995408e-05
7.205813744803890586e-05
7.217615711851976812e-05
7.144814662751741707e-05
8.029858872760087252e-05
8.639817315270192921e-05
7.124355761334300041e-05
6.924409171915613115e-05
7.174994971137493849e-05
7.089111750246956944e-05
6.918504004715941846e-05
6.583867434528656304e-05
6.628917981288395822e-05
6.515250424854457378e-05
6.327889786916784942e-05
6.363943612086586654e-05
6.358549580909311771e-05
6.361092164297588170e-05
7.366009594989009202e-05
6.675539043499156833e-05
6.203964221640489995e-05
6.258004395931493491e-05
6.878382919239811599e-05
5.902755765418987721e-05
5.891100227017886937e-05
5.860714009031653404e-05
5.825391599501017481e-05
5.801316183351445943e-05
5.802922532893717289e-05
5.881936158402822912e-05
6.085103814257308841e-05
5.940311166341416538e-05
5.837717981194145977e-05
5.635136585624422878e-05
5.480550316860899329e-05
5.422843787528108805e-05
5.464700552693102509e-05
5.566328218264970928e-05
6.443263555411249399e-05
5.659530870616436005e-05
5.490920375450514257e-05
5.545729618461336941e-05
5.289668661134783179e-05
5.367833182390313596e-05
5.589853935816790909e-05
5.572727968683466315e-05
5.364665958040859550e-05
5.495522782439365983e-05
5.249210516922175884e-05
5.389131183619610965e-05
5.202193096920382231e-05
5.465171489049680531e-05
4.964732215739786625e-05
4.846419687964953482e-05
4.863230969931464642e-05
4.844664726988412440e-05
4.827778320759534836e-05
4.973369505023583770e-05
5.026843791711144149e-05
4.928515772917307913e-05
4.810998689208645374e-05
4.839238317799754441e-05
4.961154263583011925e-05
4.695415736932773143e-05
4.733601235784590244e-05
4.705597166321240366e-05
4.935431934427469969e-05
4.664075640903320163e-05
6.801170457038097084e-05
6.829998892499133945e-05
4.964794061379507184e-05
4.898564657196402550e-05
4.609545067069120705e-05
4.410522888065315783e-05
4.425832412380259484e-05
4.452572284208144993e-05
4.483935481403023005e-05
4.401759542815852910e-05
4.391625043353997171e-05
4.402908598422072828e-05
4.320804146118462086e-05
4.388943307276349515e-05
4.299522151995915920e-05
4.269252167432568967e-05
4.378234370960853994e-05
4.299680767871905118e-05
4.201001866022124887e-05
4.208044447295833379e-05
4.119599179830402136e-05
4.189781611785292625e-05
4.207290839985944331e-05
4.181349868304096162e-05
4.128999717067927122e-05
4.064116001245565712e-05
4.145064667682163417e-05
4.190394429315347224e-05
4.177126902504824102e-05
4.031798926007468253e-05
3.969803583458997309e-05
3.927503166778478771e-05
3.958901288569904864e-05
3.997171552327927202e-05
3.947921504732221365e-05
3.984662544098682702e-05
3.863638266921043396e-05
3.883926910930313170e-05
3.806425775110255927e-05
3.816822209046222270e-05
3.818470213445834816e-05
3.732391633093357086e-05
3.758236198336817324e-05
3.778610334848053753e-05
3.763645145227201283e-05
3.840114004560746253e-05
3.847336847684346139e-05
3.634275708463974297e-05
3.680465670186094940e-05
3.706354254973120987e-05
3.737968654604628682e-05
3.926821773347910494e-05
3.840607496385928243e-05
3.657170054793823510e-05
3.614401794038712978e-05
3.623601878643967211e-05
3.584626938391011208e-05
3.669382385851349682e-05
3.616234425862785429e-05
3.694084625749383122e-05
3.630002902355045080e-05
4.840561814489774406e-05
4.022398206871002913e-05
2.078159977827453986e-04
6.333967758109793067e-05
5.218349178903736174e-05
4.766132042277604342e-05
4.421248013386502862e-05
3.930892671633046120e-05
1.699545518931699917e-03
4.050742230901960284e-03
2.673782466445118189e-03
5.113605118822306395e-03
2.063155625364743173e-04
1.238330514752306044e-04
1.362253824481740594e-04
9.209696145262569189e-05
7.684748561587184668e-05
6.453969035646878183e-05
9.555565702612511814e-05
6.770382606191560626e-05
5.815055737912189215e-05
8.491950211464427412e-05
5.391771628637798131e-05
5.296473682392388582e-05
6.350671901600435376e-05
4.697453550761565566e-05
4.727219129563309252e-05
4.474484740057960153e-05
4.450010965229012072e-05
4.246359276294242591e-05
4.067259942530654371e-05
4.023240944661665708e-05
3.985978037235327065e-05
3.968713645008392632e-05
3.869578176818322390e-05
3.800302329182159156e-05
3.848390042548999190e-05
3.736146754818037152e-05
3.731852848432026803e-05
3.668514364107977599e-05
3.576816015993244946e-05
3.575065602490212768e-05
3.671565718832425773e-05
3.595018097257707268e-05
3.592204484448302537e-05
3.446361006353981793e-05
3.551062400219962001e-05
3.463329267106018960e-05
3.356552588229533285e-05
3.350108454469591379e-05
3.447967901593074203e-05
3.432724588492419571e-05
3.362777169968467206e-05
3.342949094076175243e-05
3.310739339212886989e-05
3.302490586065687239e-05
3.198665217496454716e-05
3.209442002116702497e-05
3.213010859326459467e-05
3.149942494928836823e-05
3.200476112397154793e-05
3.181357624271186069e-05
3.984776049037463963e-05
4.640149109036428854e-05
3.366321834619157016e-05
4.056455873069353402e-05
4.173291017650626600e-05
3.183080843882635236e-05
3.056043715332634747e-05
3.068393561989068985e-05
2.931223207269795239e-05
2.910912917286623269e-05
2.940307695098454133e-05
3.019802352355327457e-05
2.921179657278116792e-05
3.108092278125695884e-05
2.996769035235047340e-05
2.912855597969610244e-05
2.895011675718706101e-05
2.837361716956365854e-05
2.821867019520141184e-05
2.815149855450727046e-05
2.843074616976082325e-05
2.860234417312312871e-05
2.868437059078132734e-05
2.835367558873258531e-05
