9.210526315789472826e-03
1.614473684210526380e-02
1.673684210526315760e-02
1.782894736842105185e-02
1.847368421052631576e-02
2.089473684210526455e-02
2.339473684210526330e-02
2.752631578947368346e-02
3.190789473684210731e-02
3.489473684210526311e-02
3.774999999999999883e-02
4.025000000000000105e-02
4.331578947368421029e-02
4.519736842105263191e-02
4.727631578947368712e-02
4.961842105263157554e-02
5.126315789473684381e-02
5.481578947368421356e-02
5.698684210526315519e-02
5.927631578947368390e-02
5.971052631578947084e-02
6.196052631578947284e-02
6.469736842105262842e-02
6.584210526315789624e-02
6.839473684210525817e-02
7.084210526315790069e-02
7.230263157894736836e-02
7.461842105263158387e-02
7.674999999999999878e-02
7.952631578947368107e-02
8.100000000000000255e-02
8.163157894736841613e-02
8.582894736842104633e-02
8.821052631578947534e-02
8.880263157894736914e-02
9.305263157894737291e-02
9.367105263157894657e-02
9.625000000000000222e-02
9.851315789473684414e-02
1.009736842105263127e-01
1.027763157894736878e-01
1.065263157894736773e-01
1.089078947368421063e-01
1.114868421052631620e-01
1.156973684210526321e-01
1.205526315789473696e-01
1.224473684210526381e-01
1.264736842105263215e-01
1.307631578947368312e-01
1.338157894736842213e-01
1.363289473684210495e-01
1.398289473684210527e-01
1.406578947368420929e-01
1.472499999999999920e-01
1.505526315789473546e-01
1.575921052631578945e-01
1.606052631578947232e-01
1.637105263157894730e-01
1.665131578947368352e-01
1.749605263157894830e-01
1.804999999999999938e-01
1.771842105263157774e-01
1.829473684210526363e-01
1.878421052631578936e-01
1.957763157894736872e-01
2.013421052631579056e-01
2.064342105263157756e-01
2.099605263157894863e-01
2.159736842105263177e-01
2.212763157894736821e-01
2.193552631578947476e-01
2.283157894736842219e-01
2.364342105263158023e-01
2.344342105263158005e-01
2.439473684210526350e-01
2.472894736842105312e-01
2.533421052631578685e-01
2.564605263157894721e-01
2.611578947368420889e-01
2.667236842105263350e-01
2.719605263157894859e-01
2.760131578947368491e-01
2.793289473684210655e-01
2.867236842105262973e-01
2.898157894736841933e-01
2.843552631578947221e-01
2.999473684210526292e-01
3.041315789473684195e-01
3.161973684210526159e-01
3.171973684210526168e-01
3.194605263157894726e-01
3.151842105263157889e-01
3.228684210526315823e-01
3.251842105263157978e-01
3.315000000000000169e-01
3.304210526315789487e-01
3.341184210526315645e-01
3.466973684210526430e-01
3.524210526315789682e-01
3.520921052631578729e-01
3.560526315789473428e-01
3.552500000000000102e-01
3.644605263157894570e-01
3.660526315789473517e-01
3.736578947368420778e-01
3.749868421052631740e-01
3.790526315789473633e-01
3.754210526315789331e-01
3.796578947368420831e-01
3.856578947368420884e-01
3.940131578947368429e-01
3.961842105263158054e-01
3.988421052631578867e-01
3.925789473684210273e-01
4.101710526315789362e-01
4.149210526315789682e-01
4.034605263157894917e-01
4.077236842105262937e-01
4.111315789473684035e-01
4.239868421052631620e-01
4.252105263157894832e-01
4.317763157894736747e-01
4.289999999999999925e-01
4.324473684210526359e-01
4.400000000000000022e-01
4.490394736842105439e-01
4.465657894736841937e-01
4.516184210526315579e-01
4.525131578947368394e-01
4.562499999999999889e-01
4.563552631578947638e-01
4.543947368421052402e-01
4.535657894736842000e-01
4.581184210526315637e-01
4.642894736842105297e-01
4.698552631578947203e-01
4.718289473684210700e-01
4.828421052631579058e-01
4.715526315789473899e-01
4.797631578947368358e-01
4.820394736842105177e-01
4.884473684210526301e-01
4.941578947368421293e-01
4.920789473684210602e-01
4.966578947368421315e-01
4.947236842105263155e-01
5.083157894736841653e-01
5.003684210526315734e-01
5.024736842105262946e-01
5.032105263157894415e-01
4.973026315789473850e-01
4.985789473684210660e-01
5.082236842105263275e-01
5.126184210526315566e-01
5.198552631578947647e-01
5.189342105263158311e-01
5.212236842105263390e-01
5.197763157894736974e-01
5.288289473684210096e-01
5.189473684210526017e-01
5.269736842105262609e-01
5.399868421052631540e-01
5.403026315789474232e-01
5.489210526315789762e-01
5.476710526315790029e-01
5.480921052631578805e-01
5.539868421052631664e-01
5.565394736842105283e-01
5.522894736842105523e-01
5.586315789473683679e-01
5.568815789473684497e-01
5.546315789473684754e-01
5.582894736842105576e-01
5.623552631578947469e-01
5.686447368421052584e-01
5.725657894736841946e-01
5.609868421052631726e-01
5.621710526315789602e-01
5.658421052631579240e-01
5.792631578947368132e-01
5.803421052631578814e-01
5.831842105263157494e-01
5.725131578947368904e-01
5.718552631578946999e-01
5.767499999999999849e-01
5.788815789473684692e-01
5.843552631578947665e-01
5.823815789473684168e-01
5.994605263157894992e-01
6.014210526315789673e-01
6.009868421052632081e-01
5.994210526315789656e-01
6.039473684210526772e-01
6.090263157894736379e-01
6.162894736842104981e-01
6.115394736842105772e-01
6.148026315789473228e-01
6.083421052631579062e-01
6.041973684210526496e-01
6.056184210526315281e-01
6.003815789473684328e-01
6.162631578947368460e-01
6.208421052631578618e-01
6.271578947368421364e-01
6.269342105263158160e-01
6.290131578947368851e-01
6.324999999999999512e-01
6.399078947368420645e-01
6.345394736842104866e-01
6.389868421052631309e-01
6.391447368421052655e-01
6.357500000000000373e-01
6.409736842105263621e-01
6.452368421052631087e-01
6.440657894736842026e-01
6.393157894736841707e-01
6.422499999999999876e-01
6.447500000000000453e-01
6.390000000000000124e-01
6.366052631578947851e-01
6.364736842105263026e-01
6.378421052631578769e-01
6.404736842105263062e-01
6.482105263157894592e-01
6.510394736842105567e-01
6.536315789473684523e-01
6.528157894736842382e-01
6.434605263157894273e-01
6.675657894736841680e-01
6.723289473684210815e-01
6.703684210526316134e-01
6.695526315789473992e-01
6.619868421052631513e-01
6.571710526315789336e-01
6.569736842105262653e-01
6.722631578947368958e-01
6.771578947368420698e-01
6.765921052631579391e-01
6.746578947368421231e-01
6.745657894736841742e-01
6.674868421052632117e-01
6.855263157894736503e-01
6.880789473684210122e-01
6.865131578947368807e-01
6.852500000000000258e-01
6.889605263157895232e-01
6.895657894736841875e-01
6.907763157894737382e-01
6.976973684210526772e-01
6.907105263157894415e-01
6.972105263157895028e-01
6.886184210526316019e-01
6.953947368421052877e-01
7.083026315789473504e-01
6.999210526315789993e-01
6.914342105263158178e-01
7.012368421052631584e-01
6.899736842105262946e-01
6.972236842105262733e-01
7.039078947368421213e-01
7.054868421052631344e-01
7.081447368421052158e-01
7.150789473684210362e-01
7.124736842105263701e-01
7.159605263157894361e-01
7.118157894736841795e-01
7.148026315789474117e-01
7.184078947368420787e-01
7.088157894736841769e-01
7.098684210526315930e-01
7.066710526315789220e-01
7.218157894736841884e-01
7.185526315789473317e-01
7.239999999999999769e-01
7.291052631578947008e-01
7.275263157894736876e-01
7.289868421052632108e-01
7.285921052631578743e-01
7.199999999999999734e-01
7.099868421052631939e-01
7.208552631578947212e-01
7.282499999999999529e-01
7.183947368421053081e-01
7.200526315789473886e-01
7.300263157894736343e-01
7.266973684210525919e-01
7.329342105263157992e-01
7.339736842105263337e-01
7.270657894736841653e-01
7.343552631578947887e-01
7.323026315789473717e-01
7.391578947368421248e-01
7.399999999999999911e-01
7.449999999999999956e-01
7.471184210526315983e-01
7.446315789473684221e-01
7.470394736842105310e-01
7.454605263157895179e-01
7.547368421052631504e-01
7.484078947368421053e-01
7.560526315789474205e-01
7.580921052631578450e-01
7.514868421052631753e-01
7.382763157894737249e-01
7.522631578947368558e-01
7.458815789473683955e-01
7.569605263157894726e-01
7.627105263157895054e-01
7.622499999999999831e-01
7.538421052631578689e-01
7.599605263157894752e-01
7.639342105263158267e-01
7.685394736842104946e-01
7.656842105263157450e-01
7.672499999999999876e-01
7.659868421052631327e-01
7.693289473684210567e-01
7.681184210526316170e-01
7.688026315789473486e-01
7.698289473684210016e-01
7.683684210526315894e-01
7.708815789473684177e-01
7.774868421052631984e-01
7.754605263157894335e-01
7.851973684210525883e-01
7.810657894736842133e-01
7.724078947368421266e-01
7.729210526315789531e-01
7.656184210526315592e-01
7.647236842105262777e-01
7.699078947368420689e-01
7.729473684210526052e-01
7.801710526315789318e-01
7.799605263157894930e-01
7.792499999999999982e-01
7.680263157894736681e-01
7.693026315789474046e-01
7.823289473684210682e-01
7.742894736842105274e-01
7.752499999999999947e-01
7.822763157894736530e-01
7.799605263157894930e-01
7.926315789473684648e-01
7.901184210526315255e-01
7.882236842105263541e-01
7.899078947368420867e-01
7.882763157894736583e-01
7.809473684210526123e-01
7.914210526315789140e-01
7.937763157894737187e-01
8.006710526315788945e-01
7.986184210526315885e-01
7.907763157894737160e-01
7.865921052631579258e-01
7.870657894736842186e-01
7.989342105263157467e-01
7.988421052631579089e-01
8.032368421052631380e-01
8.009210526315789780e-01
8.069078947368421018e-01
8.096973684210526656e-01
7.964868421052631042e-01
7.948552631578947869e-01
8.006710526315788945e-01
8.054078947368421559e-01
8.015657894736841760e-01
8.086315789473683679e-01
7.949605263157895063e-01
7.947894736842104901e-01
8.089736842105262893e-01
8.016710526315788954e-01
8.054078947368421559e-01
8.134473684210525857e-01
8.020921052631578840e-01
8.008552631578947922e-01
8.118157894736841573e-01
8.059868421052631682e-01
8.067763157894737303e-01
8.118815789473684541e-01
8.160394736842104813e-01
8.078157894736842648e-01
8.122500000000000275e-01
8.181315789473684319e-01
8.128026315789473877e-01
8.028026315789473788e-01
7.964736842105263337e-01
8.028684210526315645e-01
8.118421052631579204e-01
8.209736842105262999e-01
8.173552631578947514e-01
8.245657894736841964e-01
8.221973684210526212e-01
8.229210526315789975e-01
8.310526315789473761e-01
8.313552631578947638e-01
8.288026315789474019e-01
8.291447368421052122e-01
8.340657894736842604e-01
8.395921052631578618e-01
8.332631578947368167e-01
8.220131578947368345e-01
8.310921052631579098e-01
8.342631578947368176e-01
8.254473684210525963e-01
8.364342105263158356e-01
8.392894736842104741e-01
8.285657894736842000e-01
8.254342105263158258e-01
8.266973684210526807e-01
8.320921052631579107e-01
8.340921052631579125e-01
8.395131578947367945e-01
8.426710526315789318e-01
8.423684210526315441e-01
8.398947368421052495e-01
8.324210526315789505e-01
8.328289473684210575e-01
8.367763157894736459e-01
8.348421052631579409e-01
8.347631578947368736e-01
8.316184210526316178e-01
8.324868421052631362e-01
8.407763157894736494e-01
8.396447368421052770e-01
8.396973684210525812e-01
8.408289473684210646e-01
8.392894736842104741e-01
8.426052631578947461e-01
8.401315789473684514e-01
8.411973684210526381e-01
8.361578947368421000e-01
8.452368421052631753e-01
8.466052631578947496e-01
8.418157894736841840e-01
8.436184210526316285e-01
8.511578947368421133e-01
8.497763157894736574e-01
8.316973684210526852e-01
8.367631578947368753e-01
8.412500000000000533e-01
8.480789473684210433e-01
8.503421052631578991e-01
8.530921052631579293e-01
8.478947368421052566e-01
8.450526315789473886e-01
8.340921052631579125e-01
8.378026315789474099e-01
8.480263157894737391e-01
8.581447368421052380e-01
8.577368421052631309e-01
8.499605263157894441e-01
8.429736842105263195e-01
8.481315789473684585e-01
8.480131578947368576e-01
8.548552631578947292e-01
8.386710526315789282e-01
8.457894736842105354e-01
8.526842105263158222e-01
8.576578947368420636e-01
8.547368421052631282e-01
8.565921052631578769e-01
8.530394736842105141e-01
8.562631578947368372e-01
8.567763157894736636e-01
8.515921052631578725e-01
8.647631578947367892e-01
8.532499999999999529e-01
8.593552631578947887e-01
8.584078947368420920e-01
8.649210526315789238e-01
8.651315789473684736e-01
8.610394736842105212e-01
8.547368421052631282e-01
8.541315789473684639e-01
8.485657894736842177e-01
8.606710526315789478e-01
8.589999999999999858e-01
8.614210526315789762e-01
8.625394736842105781e-01
8.669342105263158071e-01
8.687500000000000222e-01
8.727894736842105594e-01
8.661710526315788972e-01
8.664078947368420991e-01
8.704078947368421026e-01
8.607236842105263630e-01
8.629473684210526852e-01
8.488026315789474197e-01
8.596315789473684132e-01
8.705789473684210078e-01
8.687631578947367927e-01
8.694210526315789833e-01
8.773289473684210416e-01
8.776184210526315477e-01
8.715921052631578902e-01
8.641315789473684728e-01
8.667236842105263683e-01
8.746973684210526123e-01
8.619473684210526843e-01
8.746447368421053081e-01
8.727236842105262626e-01
8.734605263157895205e-01
8.735526315789473584e-01
8.754868421052631744e-01
8.699210526315789282e-01
8.647236842105263666e-01
8.740657894736841849e-01
8.746710526315789602e-01
8.805131578947368309e-01
8.797236842105262689e-01
8.636052631578947647e-01
8.645526315789473504e-01
8.700526315789474108e-01
8.755921052631578938e-01
8.878815789473684106e-01
8.896184210526315583e-01
8.834605263157894184e-01
8.823026315789473939e-01
8.800657894736841902e-01
8.801052631578947238e-01
8.894736842105263053e-01
8.830263157894736592e-01
8.814868421052631797e-01
8.783947368421052282e-01
8.749736842105263479e-01
8.775263157894737098e-01
8.830657894736841929e-01
8.843289473684210478e-01
8.818157894736842195e-01
8.898289473684209971e-01
8.816184210526315512e-01
8.840394736842105416e-01
8.892631578947368665e-01
8.922894736842105212e-01
8.925394736842104937e-01
8.886184210526315574e-01
8.938947368421052975e-01
8.912368421052631051e-01
8.873684210526315841e-01
8.867236842105262751e-01
8.886578947368420911e-01
8.902631578947368673e-01
8.938815789473684159e-01
8.919210526315789478e-01
8.929210526315789487e-01
8.815263157894737134e-01
8.869342105263158249e-01
8.926315789473684426e-01
8.976842105263157512e-01
8.957894736842105798e-01
8.968289473684210034e-01
8.936578947368420955e-01
8.897368421052631593e-01
8.926842105263157467e-01
8.892631578947368665e-01
8.869868421052631291e-01
8.948815789473684168e-01
8.969736842105263674e-01
8.963421052631579400e-01
9.010263157894736752e-01
9.002894736842105283e-01
9.018947368421053046e-01
8.995526315789473815e-01
8.992894736842105274e-01
8.956315789473684452e-01
8.958421052631578840e-01
8.836578947368420867e-01
8.844210526315789966e-01
8.832631578947368611e-01
8.826973684210526194e-01
8.931710526315789211e-01
8.849736842105263568e-01
8.991184210526316223e-01
8.965131578947368451e-01
8.950394736842105514e-01
9.037500000000000533e-01
8.961315789473683902e-01
9.015131578947368496e-01
8.941710526315789220e-01
8.936315789473684434e-01
8.929342105263158302e-01
9.001052631578947416e-01
8.882631578947368656e-01
8.973026315789474072e-01
9.003947368421052477e-01
8.924078947368421222e-01
9.055657894736841573e-01
8.996315789473684488e-01
8.980000000000000204e-01
8.971973684210525768e-01
8.995526315789473815e-01
9.015263157894737311e-01
9.010263157894736752e-01
9.037105263157895196e-01
9.044210526315789034e-01
8.987631578947368194e-01
9.028157894736842382e-01
8.976447368421052175e-01
9.048684210526315441e-01
9.065526315789473877e-01
9.073026315789474161e-01
9.075657894736841591e-01
8.977763157894737001e-01
9.085394736842105079e-01
9.084210526315789069e-01
9.110263157894736841e-01
9.048684210526315441e-01
9.021578947368421586e-01
9.009736842105263710e-01
9.115394736842105106e-01
9.139342105263157379e-01
9.098684210526315486e-01
9.133289473684210735e-01
9.116184210526315779e-01
9.092236842105263506e-01
9.098552631578947780e-01
9.107763157894737116e-01
9.084605263157894406e-01
9.134342105263157929e-01
9.023552631578947159e-01
9.082500000000000018e-01
9.169473684210526221e-01
9.135526315789473939e-01
9.096447368421052282e-01
9.079473684210526141e-01
9.102368421052631220e-01
9.088421052631578956e-01
9.081842105263158160e-01
9.151447368421052886e-01
9.192500000000000115e-01
9.181315789473684097e-01
9.172894736842105434e-01
9.106052631578946954e-01
9.194473684210526798e-01
9.189473684210526239e-01
9.187236842105263035e-01
9.161315789473684079e-01
9.133289473684210735e-01
9.144078947368421417e-01
9.149078947368420867e-01
9.197894736842104901e-01
9.108157894736842453e-01
8.954605263157894290e-01
9.054473684210526674e-01
9.117499999999999494e-01
9.111842105263158187e-01
9.082105263157894681e-01
9.194736842105263319e-01
9.124868421052632073e-01
9.185131578947368647e-01
9.187236842105263035e-01
9.161052631578947558e-01
9.152763157894736601e-01
9.158947368421053170e-01
9.154999999999999805e-01
9.170131578947368078e-01
9.159342105263157396e-01
9.152894736842105416e-01
9.184868421052632126e-01
9.223421052631578521e-01
9.158947368421053170e-01
9.119078947368420840e-01
9.137894736842104848e-01
9.216710526315790020e-01
9.219736842105262786e-01
9.157631578947368345e-01
9.104999999999999760e-01
9.112500000000000044e-01
9.121447368421052859e-01
9.242894736842105496e-01
9.257631578947368434e-01
9.278815789473684461e-01
9.224736842105263346e-01
9.225657894736841724e-01
9.239473684210526283e-01
9.269605263157895125e-01
9.267631578947368443e-01
9.236184210526315885e-01
9.212894736842105470e-01
9.245789473684210558e-01
9.198421052631579053e-01
9.193552631578947310e-01
9.225657894736841724e-01
9.282105263157894859e-01
9.231578947368420662e-01
9.254736842105263372e-01
9.260394736842105790e-01
9.292236842105263683e-01
9.305263157894736459e-01
9.257763157894737249e-01
9.322763157894736752e-01
9.285921052631579409e-01
9.222763157894736663e-01
9.161973684210525937e-01
9.146315789473684621e-01
9.081710526315789345e-01
9.138421052631579000e-01
9.242236842105263639e-01
9.285657894736841778e-01
9.203421052631578503e-01
9.275394736842105248e-01
9.209605263157895072e-01
9.235263157894736397e-01
9.249473684210526292e-01
9.255131578947368709e-01
9.287105263157894308e-01
9.173421052631578476e-01
9.124342105263157920e-01
9.144078947368421417e-01
9.245263157894736405e-01
9.290394736842105816e-01
9.317894736842105008e-01
9.332631578947367945e-01
9.331578947368420751e-01
9.312236842105263701e-01
9.315921052631579435e-01
9.347499999999999698e-01
9.352631578947367963e-01
9.341973684210526097e-01
9.323552631578947425e-01
9.314605263157894610e-01
9.313026315789473264e-01
9.337499999999999689e-01
9.260657894736842310e-01
9.306052631578947132e-01
9.325263157894736477e-01
9.246578947368421231e-01
9.268552631578946821e-01
9.316578947368421293e-01
9.308552631578946857e-01
9.281710526315789522e-01
9.344605263157894637e-01
9.362368421052631451e-01
9.253289473684210842e-01
9.345921052631579462e-01
9.271447368421052992e-01
9.330131578947368221e-01
9.294736842105263408e-01
9.387894736842105070e-01
9.388157894736841591e-01
9.354605263157894646e-01
9.365394736842105328e-01
9.355657894736841840e-01
9.358552631578946901e-01
9.382500000000000284e-01
9.409078947368421098e-01
9.375263157894736521e-01
9.317631578947368487e-01
9.250921052631578823e-01
9.296184210526315939e-01
9.250131578947368149e-01
9.344473684210525821e-01
9.384342105263158151e-01
9.328947368421052211e-01
9.358815789473684532e-01
9.357236842105263186e-01
9.308157894736842630e-01
9.309868421052631682e-01
9.290000000000000480e-01
9.344999999999999973e-01
9.395263157894736539e-01
9.416842105263157903e-01
9.440657894736842470e-01
9.374605263157894663e-01
9.392631578947367998e-01
9.383026315789473326e-01
9.434868421052631238e-01
9.403815789473684017e-01
9.391447368421053099e-01
9.336578947368421311e-01
9.341184210526315423e-01
9.363289473684210940e-01
9.400263157894737098e-01
9.394342105263158160e-01
9.433815789473684044e-01
9.393421052631578672e-01
9.391184210526315468e-01
9.268421052631579116e-01
9.304736842105263417e-01
9.358947368421052238e-01
9.351052631578947727e-01
9.380394736842104786e-01
9.424078947368420556e-01
9.390263157894737089e-01
9.299342105263157521e-01
9.336578947368421311e-01
9.357368421052632002e-01
9.358552631578946901e-01
9.358289473684210380e-01
9.384736842105263488e-01
9.395000000000000018e-01
9.402763157894736823e-01
9.373552631578947469e-01
9.441578947368420849e-01
9.403815789473684017e-01
9.445921052631578441e-01
9.455000000000000071e-01
9.430131578947368309e-01
9.448421052631579276e-01
9.457894736842105132e-01
9.448421052631579276e-01
9.478026315789473966e-01
9.458157894736841653e-01
9.464078947368420591e-01
9.435921052631578432e-01
9.424210526315789371e-01
9.408157894736841609e-01
9.436842105263157920e-01
9.492368421052631566e-01
9.476842105263157956e-01
9.489868421052631842e-01
9.480657894736842506e-01
9.458026315789473948e-01
9.453684210526315246e-01
9.492631578947368087e-01
9.489078947368421169e-01
9.458684210526315805e-01
9.500921052631579045e-01
9.367105263157894379e-01
9.360526315789473584e-01
9.421052631578947789e-01
9.383157894736842142e-01
9.451578947368420858e-01
9.443684210526315237e-01
9.472105263157895028e-01
9.422894736842105656e-01
9.433684210526316338e-01
9.441315789473684328e-01
9.526315789473683848e-01
9.485394736842105434e-01
9.500657894736842524e-01
9.481447368421053179e-01
9.405921052631578405e-01
9.391447368421053099e-01
9.443421052631578716e-01
9.504210526315789442e-01
9.453289473684211019e-01
9.410526315789473628e-01
9.470263157894737160e-01
9.514605263157894788e-01
9.528684210526315868e-01
9.531842105263157450e-01
9.564736842105263648e-01
9.520394736842104910e-01
9.522105263157895072e-01
9.464473684210525928e-01
9.489999999999999547e-01
9.484342105263158240e-01
9.434605263157894717e-01
9.505657894736841973e-01
9.504078947368420627e-01
9.534868421052631327e-01
9.482105263157895036e-01
9.308289473684210336e-01
9.308421052631579151e-01
9.360131578947368247e-01
9.397499999999999742e-01
9.493947368421052913e-01
9.453157894736842204e-01
9.431184210526315503e-01
9.493684210526315281e-01
9.525263157894736654e-01
9.523815789473684124e-01
9.527631578947368673e-01
9.491973684210526230e-01
9.508157894736841698e-01
9.485000000000000098e-01
9.532105263157895081e-01
9.557499999999999885e-01
9.497236842105263310e-01
9.492105263157895045e-01
9.489473684210526505e-01
9.522368421052631593e-01
9.529605263157894246e-01
9.504736842105263595e-01
9.478026315789473966e-01
9.481973684210526221e-01
9.536710526315789194e-01
9.557763157894736405e-01
9.557763157894736405e-01
9.513421052631578778e-01
9.435921052631578432e-01
9.527631578947368673e-01
9.528421052631579347e-01
9.530921052631579071e-01
9.519078947368421195e-01
9.559342105263157752e-01
9.547763157894736397e-01
9.502631578947368096e-01
9.465131578947368896e-01
9.539868421052631886e-01
9.484473684210525946e-01
9.515921052631578503e-01
9.563289473684210007e-01
9.551842105263157467e-01
9.545789473684210824e-01
9.578157894736841760e-01
9.564078947368420680e-01
9.565263157894736690e-01
9.525526315789473175e-01
9.505394736842105452e-01
9.536184210526316152e-01
9.520263157894737205e-01
9.486052631578947292e-01
9.445263157894736583e-01
9.482105263157895036e-01
9.501710526315789718e-01
9.531973684210526265e-01
9.525394736842105470e-01
9.492500000000000382e-01
9.449736842105262991e-01
9.523289473684209971e-01
9.545526315789473193e-01
9.571973684210526301e-01
9.586578947368421533e-01
9.584210526315789513e-01
9.604078947368420716e-01
9.624605263157894885e-01
9.590131578947368451e-01
9.583421052631578840e-01
9.544868421052631335e-01
9.553026315789473477e-01
9.462894736842105692e-01
9.508289473684210513e-01
9.555526315789473202e-01
9.545526315789473193e-01
9.535394736842105479e-01
9.611052631578946848e-01
9.628947368421052477e-01
9.595000000000000195e-01
9.625657894736842080e-01
9.612631578947368194e-01
9.600789473684210318e-01
9.593421052631578849e-01
9.583157894736842319e-01
9.613421052631578867e-01
9.595526315789473237e-01
9.556578947368421506e-01
9.619473684210526621e-01
9.523026315789473450e-01
9.533684210526315317e-01
9.592105263157895134e-01
9.588947368421052442e-01
9.557894736842105221e-01
9.546973684210526834e-01
9.553157894736842293e-01
9.589605263157894299e-01
9.627368421052631131e-01
9.639210526315789007e-01
9.603157894736842337e-01
9.616184210526316223e-01
9.581710526315789789e-01
9.598684210526315930e-01
9.593026315789473513e-01
9.599999999999999645e-01
9.579210526315788954e-01
9.587763157894736432e-01
9.591315789473684461e-01
9.576710526315789229e-01
9.567763157894736414e-01
9.596710526315789247e-01
9.536578947368421488e-01
9.618947368421052468e-01
9.636184210526316241e-01
9.604736842105263683e-01
9.552500000000000435e-01
9.602105263157895143e-01
9.536842105263158009e-01
9.611315789473684479e-01
9.608552631578947123e-01
9.582631578947368167e-01
9.548289473684210549e-01
9.556184210526316170e-01
9.516315789473683839e-01
9.502368421052631575e-01
9.545526315789473193e-01
9.564078947368420680e-01
9.604736842105263683e-01
9.610657894736842621e-01
9.648552631578947159e-01
9.656842105263158116e-01
9.646710526315789291e-01
9.627499999999999947e-01
9.633552631578947700e-01
9.616578947368421559e-01
9.638421052631579444e-01
9.629736842105263150e-01
9.629473684210526629e-01
9.628421052631579435e-01
9.589999999999999636e-01
9.576052631578947372e-01
9.606052631578947398e-01
9.615921052631578592e-01
9.616447368421052744e-01
9.676315789473683981e-01
9.660789473684210371e-01
9.652105263157895187e-01
9.648815789473683679e-01
9.609605263157894317e-01
9.645526315789473282e-01
9.668815789473683697e-01
