7.381578947368421309e-03
1.267105263157894748e-02
1.497368421052631612e-02
1.622368421052631723e-02
1.771052631578947517e-02
1.936842105263157990e-02
2.103947368421052802e-02
2.267105263157894596e-02
2.528947368421052486e-02
2.802631578947368390e-02
3.163157894736842030e-02
3.347368421052631521e-02
3.548684210526315691e-02
3.732894736842105182e-02
3.923684210526316024e-02
4.059210526315789463e-02
4.247368421052631626e-02
4.384210526315789752e-02
4.540789473684210542e-02
4.707894736842105354e-02
4.885526315789473495e-02
5.098684210526315680e-02
5.186842105263157754e-02
5.409210526315789275e-02
5.500000000000000028e-02
5.535526315789473378e-02
5.759210526315789586e-02
5.918421052631579055e-02
5.882894736842105010e-02
6.086842105263157859e-02
6.231578947368421328e-02
6.490789473684210886e-02
6.530263157894736215e-02
6.707894736842105743e-02
6.705263157894736370e-02
6.794736842105263130e-02
7.101315789473684748e-02
7.013157894736841980e-02
7.282894736842104866e-02
7.365789473684210276e-02
7.399999999999999634e-02
7.544736842105263797e-02
7.611842105263158520e-02
7.769736842105262609e-02
7.926315789473684092e-02
7.950000000000000122e-02
8.144736842105262942e-02
8.309210526315789769e-02
8.560526315789473983e-02
8.503947368421052588e-02
8.744736842105263475e-02
8.980263157894737003e-02
9.182894736842105166e-02
9.077631578947369106e-02
9.252631578947367874e-02
9.451315789473684059e-02
9.709210526315789624e-02
9.956578947368420474e-02
1.007631578947368461e-01
1.033815789473684216e-01
1.056447368421052635e-01
1.062499999999999972e-01
1.080921052631578921e-01
1.087236842105263196e-01
1.125000000000000028e-01
1.133684210526315767e-01
1.156842105263157922e-01
1.150921052631578984e-01
1.181710526315789406e-01
1.221447368421052643e-01
1.241973684210526258e-01
1.265394736842105350e-01
1.336447368421052606e-01
1.330000000000000071e-01
1.389342105263157989e-01
1.393684210526315859e-01
1.438289473684210562e-01
1.464605263157894854e-01
1.420921052631579085e-01
1.422894736842105212e-01
1.465789473684210587e-01
1.557105263157894659e-01
1.632894736842105399e-01
1.597631578947368292e-01
1.642500000000000071e-01
1.715263157894736934e-01
1.764868421052631642e-01
1.766842105263157769e-01
1.844473684210526376e-01
1.849210526315789582e-01
1.871710526315789602e-01
1.920131578947368300e-01
1.870921052631578929e-01
1.902368421052631486e-01
1.919342105263157905e-01
1.940921052631578991e-01
1.941184210526315790e-01
1.993815789473684097e-01
2.091052631578947385e-01
2.121052631578947412e-01
2.143289473684210633e-01
2.170131578947368522e-01
2.107631578947368467e-01
2.189605263157894666e-01
2.190000000000000002e-01
2.233421052631578974e-01
2.192894736842105341e-01
2.321842105263157985e-01
2.359736842105263077e-01
2.378289473684210564e-01
2.496842105263157863e-01
2.527105263157894965e-01
2.525263157894737098e-01
2.443552631578947421e-01
2.568026315789473935e-01
2.571578947368420853e-01
2.553421052631578703e-01
2.589210526315789407e-01
2.649736842105263057e-01
2.645131578947368389e-01
2.603815789473684084e-01
2.650657894736841991e-01
2.703684210526315912e-01
2.809868421052631460e-01
2.707631578947368167e-01
2.777763157894737045e-01
2.898552631578947270e-01
2.813684210526316010e-01
2.804868421052631455e-01
2.835394736842105079e-01
2.902631578947368340e-01
2.974736842105263346e-01
2.975921052631578800e-01
2.905263157894736881e-01
3.032236842105263119e-01
2.969999999999999862e-01
2.963684210526315588e-01
3.076973684210526083e-01
3.116052631578947185e-01
3.096447368421052504e-01
3.170263157894737116e-01
3.174078947368421111e-01
3.184210526315789380e-01
3.100789473684210651e-01
3.195000000000000062e-01
3.304473684210526563e-01
3.323289473684210571e-01
3.278815789473684128e-01
3.160526315789473628e-01
3.261184210526315574e-01
3.321710526315789225e-01
3.321578947368420964e-01
3.288421052631578800e-01
3.314342105263157756e-01
3.437631578947368260e-01
3.330789473684210300e-01
3.453815789473684283e-01
3.400789473684210362e-01
3.539868421052631553e-01
3.490921052631578703e-01
3.510657894736842199e-01
3.405263157894736770e-01
3.494736842105263253e-01
3.528289473684210753e-01
3.590131578947368673e-01
3.581052631578947598e-01
3.664473684210526327e-01
3.698421052631579165e-01
3.679868421052631677e-01
3.633157894736842031e-01
3.687368421052631406e-01
3.775921052631578956e-01
3.695131578947368212e-01
3.641052631578947096e-01
3.614868421052631620e-01
3.645657894736842319e-01
3.717763157894736770e-01
3.879210526315789442e-01
3.912894736842105203e-01
3.901842105263158000e-01
3.921710526315789203e-01
3.894342105263157716e-01
3.867631578947368642e-01
3.953421052631578836e-01
3.912631578947368682e-01
3.839736842105263004e-01
4.063157894736841858e-01
4.108289473684210713e-01
4.135263157894736863e-01
3.986973684210526336e-01
4.076052631578947483e-01
4.101842105263157623e-01
4.001447368421052753e-01
3.998947368421052473e-01
3.933815789473684155e-01
4.061842105263158142e-01
4.078157894736841871e-01
4.175657894736842235e-01
4.128684210526315512e-01
3.962368421052631651e-01
4.010263157894736752e-01
4.031578947368421040e-01
4.181578947368421173e-01
4.293289473684210322e-01
4.329473684210526363e-01
4.241315789473684150e-01
4.271447368421052437e-01
4.251973684210526572e-01
4.176184210526315832e-01
4.114605263157894988e-01
4.271052631578947101e-01
4.242763157894736681e-01
4.342631578947368509e-01
4.363552631578947461e-01
4.381447368421052535e-01
4.417894736842105097e-01
4.352763157894736779e-01
4.499868421052631851e-01
4.647763157894737041e-01
4.531842105263158005e-01
4.565394736842105505e-01
4.514605263157894788e-01
4.480657894736841951e-01
4.541315789473684417e-01
4.472894736842105146e-01
4.564868421052631353e-01
4.634210526315789558e-01
4.536973684210526270e-01
4.573026315789473495e-01
4.553684210526315890e-01
4.528947368421052388e-01
4.511710526315789727e-01
4.571052631578947367e-01
4.663026315789473575e-01
4.715263157894736823e-01
4.515131578947368385e-01
4.481184210526315548e-01
4.550789473684210273e-01
4.735657894736842177e-01
4.698815789473684279e-01
4.813552631578947305e-01
4.800394736842105159e-01
4.783421052631579018e-01
4.735789473684210438e-01
4.782368421052631824e-01
4.711447368421052828e-01
4.682631578947368256e-01
4.875657894736842302e-01
4.907368421052631380e-01
4.846315789473684132e-01
4.954342105263158103e-01
4.871973684210526567e-01
4.812894736842105448e-01
4.705657894736842151e-01
4.882236842105263097e-01
4.947500000000000231e-01
5.012894736842105070e-01
4.923947368421052739e-01
4.805131578947368642e-01
4.911447368421052451e-01
4.899736842105263390e-01
4.815263157894736912e-01
5.042499999999999760e-01
5.040921052631578414e-01
4.953947368421052766e-01
5.001842105263157867e-01
5.068684210526315237e-01
5.008026315789473326e-01
4.944868421052631691e-01
4.973421052631579187e-01
5.181842105263158027e-01
5.142105263157894512e-01
5.145263157894737205e-01
5.218157894736842328e-01
5.145789473684210247e-01
5.123289473684210504e-01
4.988289473684210384e-01
5.051184210526316054e-01
5.201315789473683893e-01
5.318552631578947754e-01
5.206184210526315637e-01
5.180394736842105496e-01
5.073815789473684612e-01
5.178815789473684150e-01
5.193947368421052424e-01
5.051842105263157912e-01
5.151447368421052664e-01
5.207631578947368167e-01
5.337894736842104804e-01
5.312236842105263479e-01
5.386052631578946981e-01
5.341184210526316312e-01
5.397236842105262999e-01
5.238815789473684204e-01
5.256710526315789833e-01
5.347499999999999476e-01
5.492105263157894823e-01
5.371710526315789380e-01
5.480000000000000426e-01
5.413684210526316098e-01
5.229078947368420716e-01
5.205131578947368443e-01
5.393815789473683786e-01
5.344078947368421373e-01
5.325657894736841591e-01
5.364078947368421391e-01
5.332368421052631202e-01
5.274342105263157832e-01
5.256184210526315681e-01
5.479736842105262795e-01
5.393421052631578450e-01
5.419078947368420884e-01
5.598947368421052229e-01
5.562236842105263701e-01
5.535263157894736441e-01
5.649605263157895241e-01
5.590000000000000524e-01
5.633157894736842142e-01
5.533157894736842053e-01
5.539868421052631664e-01
5.614473684210525839e-01
5.432236842105263586e-01
5.547631578947368469e-01
5.648815789473684568e-01
5.564999999999999947e-01
5.760657894736842533e-01
5.729605263157894202e-01
5.703026315789473388e-01
5.669078947368421106e-01
5.542500000000000204e-01
5.551052631578947683e-01
5.457105263157894237e-01
5.651052631578947771e-01
5.736184210526316107e-01
5.749342105263157698e-01
5.766447368421052655e-01
5.751578947368420902e-01
5.758157894736841698e-01
5.733815789473684088e-01
5.796973684210526834e-01
5.983947368421053126e-01
5.671447368421053126e-01
5.660263157894737107e-01
5.795526315789473193e-01
5.895526315789473282e-01
5.821842105263157485e-01
5.980921052631579249e-01
5.913157894736842390e-01
5.893815789473684230e-01
5.789736842105263070e-01
5.751447368421052087e-01
5.935789473684210948e-01
5.906710526315789300e-01
5.851578947368420991e-01
5.912894736842104759e-01
5.748421052631579320e-01
5.750789473684210229e-01
5.755000000000000115e-01
5.835526315789473228e-01
5.823157894736842310e-01
5.924342105263158409e-01
5.916447368421052788e-01
5.861447368421052184e-01
5.940789473684210398e-01
5.895000000000000240e-01
5.858157894736841786e-01
5.822236842105262822e-01
5.948947368421052539e-01
5.990526315789473921e-01
5.984210526315789647e-01
5.978421052631578414e-01
5.995000000000000329e-01
6.071315789473684665e-01
5.952894736842104795e-01
6.125789473684210007e-01
5.925000000000000266e-01
5.953421052631578947e-01
6.024210526315789682e-01
5.901447368421052220e-01
5.945526315789473326e-01
6.159342105263158063e-01
6.204342105263157547e-01
6.090263157894736379e-01
6.144473684210526310e-01
5.978026315789474188e-01
5.951315789473684559e-01
5.910657894736841556e-01
6.036052631578947558e-01
6.036052631578947558e-01
5.969210526315789078e-01
5.960921052631579231e-01
6.130131578947368709e-01
6.118289473684210833e-01
6.209210526315789291e-01
6.362236842105263301e-01
6.253026315789473877e-01
6.050263157894736343e-01
5.979078947368421382e-01
6.209999999999999964e-01
6.126578947368420680e-01
6.188947368421052753e-01
6.177763157894736734e-01
6.287631578947368016e-01
6.344605263157894193e-01
6.382236842105263319e-01
6.226052631578947727e-01
6.179210526315789265e-01
6.041710526315789975e-01
6.006052631578947532e-01
6.206842105263158382e-01
6.220131578947368789e-01
6.361973684210526780e-01
6.429473684210526008e-01
6.310789473684210726e-01
6.205921052631578894e-01
6.257236842105262653e-01
6.436710526315789771e-01
6.335921052631579009e-01
6.306973684210526176e-01
6.147236842105263666e-01
6.316184210526315512e-01
6.136184210526315352e-01
6.267894736842105630e-01
6.273421052631579231e-01
6.441315789473683884e-01
6.426842105263157467e-01
6.574210526315789060e-01
6.396315789473684399e-01
6.300657894736841902e-01
6.240789473684210664e-01
6.136710526315789505e-01
6.052763157894737178e-01
6.139605263157894566e-01
6.270000000000000018e-01
6.422894736842105212e-01
6.378552631578947585e-01
6.544868421052632002e-01
6.460789473684210860e-01
6.454078947368421248e-01
6.328947368421052877e-01
6.415789473684210265e-01
6.441052631578947363e-01
6.073815789473684390e-01
6.425394736842104937e-01
6.529078947368420760e-01
6.504078947368421293e-01
6.323421052631579276e-01
6.452499999999999902e-01
6.479605263157894868e-01
6.373157894736841689e-01
6.504342105263157814e-01
6.594999999999999751e-01
6.499210526315789549e-01
6.520000000000000240e-01
6.538157894736842390e-01
6.607763157894737116e-01
6.583421052631578396e-01
6.581184210526316303e-01
6.480000000000000204e-01
6.493157894736841795e-01
6.638684210526315521e-01
6.617894736842104830e-01
6.586052631578946936e-01
6.579605263157894957e-01
6.633026315789474214e-01
6.604868421052632055e-01
6.473026315789474072e-01
6.504868421052631966e-01
6.566315789473684550e-01
6.687236842105263035e-01
6.598157894736842444e-01
6.589605263157894965e-01
6.698421052631579053e-01
6.692105263157894779e-01
6.614078947368421391e-01
6.530657894736842106e-01
6.648157894736842488e-01
6.557894736842104777e-01
6.615131578947368585e-01
6.487894736842104715e-01
6.562763157894736521e-01
6.691578947368420627e-01
6.624605263157894441e-01
6.653289473684210753e-01
6.582631578947368833e-01
6.626052631578946972e-01
6.671052631578947567e-01
6.772631578947367892e-01
6.678157894736842515e-01
6.485394736842104990e-01
6.387105263157895063e-01
6.482631578947368745e-01
6.723552631578947336e-01
6.668552631578947842e-01
6.730131578947368132e-01
6.718552631578947887e-01
6.595789473684210424e-01
6.655657894736841662e-01
6.803684210526316223e-01
6.861973684210526114e-01
6.646184210526315805e-01
6.579605263157894957e-01
6.721184210526315317e-01
6.651578947368420591e-01
6.648421052631579009e-01
6.716973684210526541e-01
6.617499999999999494e-01
6.785657894736841778e-01
6.926447368421052575e-01
6.766710526315788954e-01
6.776052631578947105e-01
6.860263157894737063e-01
6.710394736842105745e-01
6.904736842105263506e-01
6.890657894736842426e-01
6.911447368421053117e-01
6.742763157894736681e-01
6.611052631578947514e-01
6.846578947368421320e-01
7.013026315789473442e-01
6.957499999999999796e-01
6.884473684210525857e-01
6.997894736842105168e-01
6.969736842105263008e-01
7.025394736842105470e-01
6.782763157894736716e-01
6.712894736842105470e-01
6.774473684210526869e-01
6.997894736842105168e-01
6.892236842105262662e-01
6.920657894736842453e-01
6.743289473684210833e-01
6.809868421052631682e-01
6.883552631578947478e-01
6.812894736842105559e-01
6.932236842105262697e-01
7.003157894736842248e-01
7.048026315789474028e-01
6.966052631578947274e-01
6.776447368421052442e-01
6.767236842105263106e-01
7.005921052631578494e-01
6.732368421052631335e-01
6.597894736842104813e-01
6.873421052631578654e-01
6.990131578947368363e-01
7.082368421052631646e-01
7.048684210526315885e-01
7.111184210526315663e-01
7.045526315789473193e-01
6.923947368421052850e-01
6.826710526315789007e-01
6.754342105263158036e-01
7.027763157894736379e-01
7.028157894736841715e-01
6.925526315789474197e-01
6.905789473684210700e-01
6.959078947368421142e-01
7.069999999999999618e-01
6.854210526315789309e-01
6.926052631578947238e-01
7.033947368421052948e-01
7.033289473684209980e-01
7.147631578947368780e-01
7.059473684210526567e-01
6.966052631578947274e-01
6.860000000000000542e-01
7.041710526315789753e-01
7.065526315789473211e-01
6.945921052631578441e-01
7.033421052631578796e-01
7.155000000000000249e-01
7.095657894736842053e-01
7.146315789473683955e-01
7.142368421052631700e-01
7.023421052631578787e-01
7.204473684210526141e-01
7.248684210526316063e-01
7.165657894736842115e-01
7.081184210526315637e-01
6.909605263157895250e-01
7.187631578947368816e-01
7.268552631578947265e-01
7.216315789473684017e-01
7.093421052631578849e-01
7.040131578947368407e-01
7.095394736842105532e-01
7.245657894736842186e-01
7.244736842105262697e-01
7.194473684210526132e-01
7.060394736842104946e-01
7.076447368421052708e-01
7.231578947368421106e-01
7.195789473684210957e-01
7.304210526315789709e-01
7.139342105263157823e-01
7.056315789473683875e-01
7.354868421052631611e-01
7.088026315789474063e-01
7.217500000000000027e-01
7.172763157894737063e-01
7.139999999999999680e-01
7.009210526315790002e-01
7.213947368421053108e-01
7.166052631578947452e-01
7.296184210526315272e-01
7.206842105263158160e-01
7.224868421052631495e-01
7.082236842105262831e-01
7.403947368421052166e-01
7.319210526315789167e-01
7.272368421052631815e-01
7.286578947368420600e-01
7.156315789473683964e-01
7.218684210526316036e-01
7.272236842105262999e-01
7.086184210526316196e-01
7.107105263157894592e-01
7.217500000000000027e-01
7.119078947368421284e-01
7.209736842105263221e-01
7.036842105263158009e-01
7.151578947368421035e-01
7.218947368421052557e-01
7.335263157894736930e-01
7.481315789473683697e-01
7.456315789473684230e-01
7.347368421052631327e-01
7.331710526315790011e-01
7.273157894736842488e-01
7.316052631578947585e-01
7.053157894736842293e-01
7.157631578947368789e-01
7.160657894736841556e-01
7.132894736842104733e-01
7.158815789473683688e-01
7.158157894736841831e-01
7.215526315789473344e-01
7.339868421052631042e-01
7.331578947368421195e-01
7.330526315789474001e-01
7.316578947368420627e-01
7.372499999999999609e-01
7.284342105263157396e-01
7.254605263157895001e-01
7.324736842105262768e-01
7.526842105263158444e-01
7.376578947368420680e-01
7.502236842105263204e-01
7.342763157894737214e-01
7.371315789473684710e-01
7.472499999999999698e-01
7.389999999999999902e-01
7.325131578947368105e-01
7.277500000000000080e-01
7.402763157894737267e-01
7.258815789473683777e-01
7.299342105263157965e-01
7.228289473684210709e-01
7.356842105263158293e-01
7.385526315789473495e-01
7.291578947368421160e-01
7.416315789473684195e-01
7.290394736842105150e-01
7.487631578947367972e-01
7.510526315789474161e-01
7.494605263157895214e-01
7.411315789473684745e-01
7.258552631578947256e-01
7.247894736842105390e-01
7.327631578947368940e-01
7.374736842105262813e-01
7.298026315789473140e-01
7.343421052631579071e-01
7.413289473684210318e-01
7.587763157894736876e-01
7.349342105263158009e-01
7.399999999999999911e-01
7.474868421052631717e-01
7.472368421052631993e-01
7.592763157894736326e-01
7.501578947368421346e-01
7.443815789473684497e-01
7.371710526315788936e-01
7.503157894736841582e-01
7.498289473684210948e-01
7.304078947368420893e-01
7.384342105263157485e-01
7.352236842105263070e-01
7.568157894736842195e-01
7.450789473684210629e-01
7.402368421052631930e-01
7.403815789473684461e-01
7.485263157894737063e-01
7.575789473684210185e-01
7.621447368421052637e-01
7.599473684210525937e-01
7.401710526315788963e-01
7.495000000000000551e-01
7.551447368421052575e-01
7.502763157894737356e-01
7.552894736842105106e-01
7.435526315789473539e-01
7.520000000000000018e-01
7.515263157894737089e-01
7.404078947368420982e-01
7.443684210526315681e-01
7.530526315789474179e-01
7.579736842105263550e-01
7.566710526315789664e-01
7.681710526315789211e-01
7.591447368421052611e-01
7.520657894736841875e-01
7.476973684210526105e-01
7.498289473684210948e-01
7.671578947368421497e-01
7.676052631578947905e-01
7.570131578947368878e-01
7.778421052631578902e-01
7.532105263157894415e-01
7.556842105263157361e-01
7.662368421052631051e-01
7.692368421052631078e-01
7.552105263157894433e-01
7.661052631578947336e-01
7.535394736842104813e-01
7.662763157894736388e-01
7.646973684210526256e-01
7.546710526315789647e-01
7.536447368421053117e-01
7.618026315789473424e-01
7.278815789473683795e-01
7.350263157894736388e-01
7.454473684210526363e-01
7.547763157894736841e-01
7.642368421052631033e-01
7.714342105263157778e-01
7.704868421052631922e-01
7.644473684210526532e-01
7.392894736842104964e-01
7.724210526315788972e-01
7.571578947368421408e-01
7.516315789473684283e-01
7.723421052631579409e-01
7.567236842105262706e-01
7.632631578947368656e-01
7.675921052631579089e-01
7.519736842105263497e-01
7.663815789473684692e-01
7.647236842105262777e-01
7.593421052631579293e-01
7.640789473684210797e-01
7.722763157894736441e-01
7.706973684210526310e-01
7.620394736842105443e-01
7.686842105263157476e-01
7.776578947368421035e-01
7.775131578947368505e-01
7.771710526315789291e-01
7.512236842105263213e-01
7.620394736842105443e-01
7.704736842105263106e-01
7.806578947368421062e-01
7.675789473684210273e-01
7.679210526315789487e-01
7.787763157894737054e-01
7.562105263157894441e-01
7.526973684210526150e-01
7.807105263157895214e-01
7.641315789473683839e-01
7.463421052631579178e-01
7.485657894736842399e-01
7.730921052631578583e-01
7.793026315789474134e-01
7.656710526315789744e-01
7.503157894736841582e-01
7.508552631578947478e-01
7.511447368421052539e-01
7.563026315789473930e-01
7.728684210526315379e-01
7.741578947368421559e-01
7.810000000000000275e-01
7.577763157894736867e-01
7.609342105263158240e-01
7.369736842105263364e-01
7.399210526315789238e-01
7.503421052631579213e-01
7.581447368421052602e-01
7.603815789473684639e-01
7.580263157894736592e-01
7.769736842105262609e-01
7.795131578947368522e-01
7.612368421052632117e-01
7.703552631578947096e-01
7.513815789473684559e-01
7.648421052631578787e-01
7.723815789473684745e-01
7.734210526315788981e-01
7.626184210526315566e-01
7.648026315789473450e-01
7.661578947368421488e-01
7.693947368421052424e-01
7.817105263157895223e-01
7.761184210526316241e-01
7.840131578947368007e-01
7.787631578947368238e-01
7.830789473684210966e-01
7.529473684210525875e-01
7.615657894736842515e-01
7.425657894736842346e-01
7.740789473684210886e-01
7.628552631578947585e-01
7.713026315789474063e-01
7.788026315789473575e-01
7.771973684210525812e-01
7.849868421052631495e-01
7.785921052631579187e-01
7.969736842105262786e-01
7.920921052631578752e-01
7.916315789473684639e-01
7.952105263157894788e-01
7.892631578947368887e-01
7.866578947368421115e-01
7.844999999999999751e-01
7.897894736842104857e-01
7.967894736842104919e-01
7.857763157894737116e-01
7.697105263157895116e-01
7.860000000000000320e-01
7.867105263157895267e-01
7.810789473684210948e-01
7.754605263157894335e-01
7.843157894736841884e-01
7.917105263157894202e-01
7.891315789473684061e-01
7.871315789473684044e-01
7.774210526315789016e-01
7.784605263157894361e-01
7.848026315789473628e-01
7.902894736842105416e-01
8.021447368421052992e-01
8.018289473684210300e-01
8.000394736842105781e-01
7.855789473684210433e-01
7.915657894736841671e-01
7.918552631578947842e-01
8.012236842105263657e-01
7.798421052631578920e-01
7.719736842105263674e-01
7.787368421052631717e-01
7.855921052631579249e-01
7.901973684210525928e-01
7.943157894736841973e-01
7.939078947368420902e-01
7.960921052631578787e-01
7.949078947368420911e-01
7.882500000000000062e-01
7.904078947368421426e-01
8.009210526315789780e-01
7.928815789473684372e-01
8.039868421052631664e-01
7.919736842105262742e-01
7.735131578947368469e-01
7.828684210526315468e-01
7.875657894736841635e-01
7.947105263157894228e-01
7.898684210526315530e-01
7.819342105263158427e-01
7.669605263157894814e-01
7.837894736842104804e-01
7.926447368421052353e-01
7.956842105263157716e-01
7.983289473684210824e-01
7.937894736842104892e-01
7.852763157894736556e-01
7.702894736842105239e-01
7.832763157894736539e-01
7.770394736842105576e-01
7.841315789473684017e-01
7.774342105263157832e-01
8.058289473684210336e-01
7.996842105263157752e-01
8.055263157894736459e-01
8.095526315789474125e-01
8.256184210526316125e-01
8.046447368421052460e-01
8.035789473684210593e-01
8.113947368421052797e-01
7.943157894736841973e-01
7.971973684210525990e-01
7.997763157894737240e-01
7.739342105263158356e-01
7.954078947368421471e-01
7.944736842105263319e-01
7.804736842105263195e-01
7.860263157894736841e-01
7.798815789473684257e-01
7.887894736842104848e-01
7.952894736842105461e-01
8.027631578947368451e-01
7.886578947368421133e-01
7.956578947368421195e-01
7.837499999999999467e-01
8.048947368421052184e-01
8.135789473684210682e-01
7.982105263157894814e-01
7.900657894736842213e-01
7.860131578947368025e-01
7.806052631578946910e-01
7.956842105263157716e-01
8.039210526315789807e-01
7.995131578947368700e-01
8.067894736842105008e-01
7.913289473684210762e-01
7.911447368421052895e-01
8.102894736842105594e-01
8.201842105263157379e-01
7.926447368421052353e-01
8.016578947368421248e-01
8.048289473684210327e-01
8.030394736842105807e-01
8.025657894736841769e-01
8.050131578947368194e-01
7.975131578947368682e-01
7.942894736842105452e-01
7.866184210526315779e-01
8.152105263157894965e-01
8.108815789473684532e-01
8.090394736842104750e-01
8.169473684210526443e-01
8.149605263157895241e-01
8.214868421052631264e-01
8.100000000000000533e-01
8.106447368421052513e-01
8.087368421052631984e-01
8.042500000000000204e-01
7.976710526315790029e-01
8.178815789473684594e-01
8.178421052631579258e-01
8.168815789473684585e-01
8.053421052631578592e-01
7.911842105263158231e-01
8.006578947368421240e-01
7.952763157894736645e-01
8.083552631578947434e-01
8.092368421052631433e-01
8.124605263157894663e-01
8.002763157894736690e-01
8.080657894736842373e-01
8.160657894736842444e-01
8.246447368421052637e-01
8.123684210526316285e-01
8.038289473684210318e-01
8.183421052631578707e-01
8.178157894736841627e-01
8.205263157894736592e-01
8.029473684210526319e-01
8.051842105263158356e-01
7.971710526315789469e-01
8.110789473684210105e-01
8.080000000000000515e-01
8.107894736842105043e-01
8.272894736842105745e-01
8.217763157894736326e-01
8.095789473684210646e-01
8.043552631578947398e-01
8.003552631578947363e-01
8.102631578947367963e-01
7.982236842105263630e-01
8.112631578947367972e-01
8.204342105263158214e-01
8.171052631578947789e-01
8.057236842105263142e-01
8.091184210526315423e-01
8.270789473684210247e-01
8.155789473684210700e-01
8.104210526315789309e-01
8.149473684210526425e-01
8.026447368421052442e-01
8.109210526315789869e-01
8.143815789473684008e-01
8.141973684210526141e-01
8.189473684210526461e-01
8.268552631578947043e-01
8.257105263157894504e-01
8.262500000000000400e-01
8.227499999999999813e-01
8.044868421052631113e-01
8.026578947368421257e-01
8.028684210526315645e-01
8.029736842105262840e-01
8.104736842105263461e-01
8.178026315789473921e-01
8.325921052631578556e-01
8.169342105263157627e-01
8.314473684210526017e-01
8.254342105263158258e-01
8.152368421052631486e-01
8.177894736842105106e-01
8.287763157894736388e-01
8.148684210526315752e-01
