1.467105263157894753e-02
2.486842105263157784e-02
2.699999999999999969e-02
3.696052631578947145e-02
5.010526315789473606e-02
5.785526315789473600e-02
6.578947368421052266e-02
7.217105263157894135e-02
7.834210526315789347e-02
8.532894736842104588e-02
9.190789473684210509e-02
9.853947368421052400e-02
1.052499999999999963e-01
1.121842105263157890e-01
1.219342105263157838e-01
1.321184210526315794e-01
1.449868421052631640e-01
1.600526315789473630e-01
1.751184210526315899e-01
1.926578947368421113e-01
2.106842105263157794e-01
2.286315789473684079e-01
2.498421052631578931e-01
2.707368421052631646e-01
2.921184210526315828e-01
3.146052631578947212e-01
3.391578947368421026e-01
3.575394736842105181e-01
3.835263157894736596e-01
4.053026315789473588e-01
4.254868421052631633e-01
4.446184210526315517e-01
4.657368421052631713e-01
4.805657894736842239e-01
4.958684210526315694e-01
5.108026315789473415e-01
5.337105263157895241e-01
5.468421052631579071e-01
5.626184210526316010e-01
5.733421052631578752e-01
5.855526315789473246e-01
5.997500000000000053e-01
6.068157894736841973e-01
6.173421052631579142e-01
6.286842105263157343e-01
6.360263157894736619e-01
6.502894736842105283e-01
6.619078947368420840e-01
6.658552631578947834e-01
6.773947368421052717e-01
6.853947368421052788e-01
6.926842105263157912e-01
7.010394736842104901e-01
7.003947368421052921e-01
7.123157894736842355e-01
7.176973684210525839e-01
7.227894736842105372e-01
7.311578947368421177e-01
7.357763157894736672e-01
7.421973684210526612e-01
7.449605263157894619e-01
7.431447368421052468e-01
7.505657894736842417e-01
7.504736842105262928e-01
7.632105263157894504e-01
7.708815789473684177e-01
7.734736842105263133e-01
7.793684210526315992e-01
7.827499999999999458e-01
7.885394736842105123e-01
7.929736842105262751e-01
7.907105263157894193e-01
7.922763157894736619e-01
7.957499999999999574e-01
8.060263157894737018e-01
8.116578947368421337e-01
8.187499999999999778e-01
8.141315789473684283e-01
8.170657894736842453e-01
8.230131578947368354e-01
8.299736842105263079e-01
8.266578947368421471e-01
8.336315789473683902e-01
8.300131578947368416e-01
8.376184210526316232e-01
8.405394736842105585e-01
8.467500000000000027e-01
8.477894736842105372e-01
8.517105263157894735e-01
8.554078947368420893e-01
8.551710526315789984e-01
8.582763157894737205e-01
8.609473684210526834e-01
8.598684210526316152e-01
8.627894736842105505e-01
8.692894736842105008e-01
8.719342105263158116e-01
8.722368421052631993e-01
8.751842105263157867e-01
8.772763157894737374e-01
8.827631578947368052e-01
8.788289473684210984e-01
8.794078947368421106e-01
8.829736842105263550e-01
8.835263157894737152e-01
8.890394736842105461e-01
8.931184210526316170e-01
8.943289473684210567e-01
8.971842105263158063e-01
8.956184210526315637e-01
8.965394736842104972e-01
8.970263157894736716e-01
8.997894736842104724e-01
8.986578947368421000e-01
8.987368421052631673e-01
9.028947368421053055e-01
9.076973684210526416e-01
9.084342105263157885e-01
9.085526315789473895e-01
9.109342105263157352e-01
9.140921052631578725e-01
9.160000000000000364e-01
9.151842105263158222e-01
9.176447368421052353e-01
9.173684210526316107e-01
9.195131578947368656e-01
9.147368421052631815e-01
9.193421052631578494e-01
9.211184210526315308e-01
9.245394736842105221e-01
9.273684210526316196e-01
9.273947368421052717e-01
9.274473684210526869e-01
9.267368421052631922e-01
9.284342105263158063e-01
9.290263157894737001e-01
9.311710526315789549e-01
9.300000000000000488e-01
9.336710526315789016e-01
9.327368421052631975e-01
9.340263157894737045e-01
9.369342105263157583e-01
9.366578947368421337e-01
9.364210526315789318e-01
9.397105263157894406e-01
9.407894736842105088e-01
9.407105263157894415e-01
9.439342105263157645e-01
9.435789473684210726e-01
9.396315789473683733e-01
9.407631578947368567e-01
9.435394736842105390e-01
9.470526315789473681e-01
9.439736842105262982e-01
9.394605263157894681e-01
9.446315789473683777e-01
9.468421052631579293e-01
9.498157894736841689e-01
9.521447368421052104e-01
9.508815789473684665e-01
9.523552631578947603e-01
9.540657894736842559e-01
9.542236842105262795e-01
9.548289473684210549e-01
9.553684210526315335e-01
9.549868421052631895e-01
9.545526315789473193e-01
9.554078947368420671e-01
9.568289473684210567e-01
9.535000000000000142e-01
9.570131578947368434e-01
9.584868421052631371e-01
9.577368421052631087e-01
9.588552631578947105e-01
9.612763157894737009e-01
9.595789473684210868e-01
9.607499999999999929e-01
9.599736842105263124e-01
9.629342105263157814e-01
9.610657894736842621e-01
9.637236842105263435e-01
9.641710526315789842e-01
9.633157894736842364e-01
9.651315789473684514e-01
9.648947368421052495e-01
9.652105263157895187e-01
9.662763157894737054e-01
9.658947368421052504e-01
9.682236842105262919e-01
9.679605263157894379e-01
9.676578947368420502e-01
9.676315789473683981e-01
9.682236842105262919e-01
9.695921052631578663e-01
9.688815789473683715e-01
9.691315789473684550e-01
9.699078947368421355e-01
9.701710526315789895e-01
9.718815789473683742e-01
9.709210526315789069e-01
9.714078947368420813e-01
9.724342105263157343e-01
9.732499999999999485e-01
9.738815789473683759e-01
9.742499999999999494e-01
9.749605263157894441e-01
9.752499999999999503e-01
9.740789473684210442e-01
9.759078947368421408e-01
9.755394736842105674e-01
9.757631578947368878e-01
9.750526315789473930e-01
9.753552631578947807e-01
9.769078947368421417e-01
9.754342105263157370e-01
9.767894736842105408e-01
9.785394736842105701e-01
9.778289473684210753e-01
9.792894736842104875e-01
9.788552631578947283e-01
9.789999999999999813e-01
9.797894736842105434e-01
9.792894736842104875e-01
9.797368421052631282e-01
9.798552631578947292e-01
9.797763157894736619e-01
9.798289473684210771e-01
9.811578947368421177e-01
9.817894736842105452e-01
9.820131578947368656e-01
9.815263157894736912e-01
9.816842105263158258e-01
9.819342105263157983e-01
9.812368421052631851e-01
9.800526315789473975e-01
9.813552631578947860e-01
9.823815789473684390e-01
9.824078947368420911e-01
9.828421052631578503e-01
9.834868421052631593e-01
9.838289473684210806e-01
9.841184210526315868e-01
9.840789473684210531e-01
9.827631578947368940e-01
9.840131578947368673e-01
9.841184210526315868e-01
9.843815789473684408e-01
9.852631578947368407e-01
9.848947368421052673e-01
9.850526315789474019e-01
9.854078947368420938e-01
9.855263157894736947e-01
9.859210526315789203e-01
9.851842105263157734e-01
9.846315789473684132e-01
9.866315789473684150e-01
9.866447368421052966e-01
9.864736842105262804e-01
9.875394736842105781e-01
9.873684210526315619e-01
9.877894736842105505e-01
9.873421052631579098e-01
9.862631578947368416e-01
9.875526315789473486e-01
9.874868421052631628e-01
9.873815789473684434e-01
9.883684210526315628e-01
9.877236842105263648e-01
9.890263157894736423e-01
9.886315789473684168e-01
9.899342105263158054e-01
9.889868421052631087e-01
9.882631578947368434e-01
9.889342105263158045e-01
9.897368421052631371e-01
9.888552631578947372e-01
9.893552631578946821e-01
9.906052631578947665e-01
9.902236842105263115e-01
9.901973684210526594e-01
9.902236842105263115e-01
9.905000000000000471e-01
9.910263157894736441e-01
9.900394736842105248e-01
9.901973684210526594e-01
9.911052631578947114e-01
9.911842105263157787e-01
9.910394736842105257e-01
9.911578947368421266e-01
9.915263157894737001e-01
9.915131578947368185e-01
9.915789473684210042e-01
9.918815789473683919e-01
9.916710526315789531e-01
9.918026315789473246e-01
9.924868421052631673e-01
9.924210526315789815e-01
9.926184210526315388e-01
9.925921052631578867e-01
9.921973684210526612e-01
9.921578947368421275e-01
9.926052631578947683e-01
9.926973684210526061e-01
9.928684210526316223e-01
9.924210526315789815e-01
9.927894736842105550e-01
9.925000000000000488e-01
9.929605263157894601e-01
9.928684210526316223e-01
9.929999999999999938e-01
9.929342105263158080e-01
9.929473684210525786e-01
9.933947368421052193e-01
9.934078947368421009e-01
9.932499999999999662e-01
9.937105263157894885e-01
9.937894736842105559e-01
9.940263157894736468e-01
9.939078947368421568e-01
9.941578947368421293e-01
9.943552631578946865e-01
9.936710526315789549e-01
9.947236842105263710e-01
9.947500000000000231e-01
9.944868421052631691e-01
9.945921052631578885e-01
9.944868421052631691e-01
9.945789473684210069e-01
9.949473684210525803e-01
9.949605263157894619e-01
9.950789473684210629e-01
9.951842105263157823e-01
9.949999999999999956e-01
9.952499999999999680e-01
9.953684210526315690e-01
9.951184210526315965e-01
9.955000000000000515e-01
9.953289473684210353e-01
9.951710526315789007e-01
9.953947368421052211e-01
9.958157894736842097e-01
9.956578947368420751e-01
9.958289473684210913e-01
9.957500000000000240e-01
9.958815789473683955e-01
9.958684210526316249e-01
9.960657894736841822e-01
9.960131578947368780e-01
9.962236842105263168e-01
9.960921052631579453e-01
9.963026315789473841e-01
9.962499999999999689e-01
9.962236842105263168e-01
9.963289473684210362e-01
9.962105263157894353e-01
9.963684210526315699e-01
9.956710526315789567e-01
9.964342105263157556e-01
9.967368421052631433e-01
9.964605263157895187e-01
9.966184210526315423e-01
9.964736842105262893e-01
9.964868421052631708e-01
9.967763157894736770e-01
9.969999999999999973e-01
9.967894736842105585e-01
9.968947368421052779e-01
9.967236842105262618e-01
9.969342105263158116e-01
9.966315789473684239e-01
9.970131578947368789e-01
9.971052631578947167e-01
9.970394736842105310e-01
9.972763157894737329e-01
9.973421052631579187e-01
9.971184210526315983e-01
9.973815789473684523e-01
9.973947368421052229e-01
9.968552631578947443e-01
9.973421052631579187e-01
9.969078947368421595e-01
9.975263157894737054e-01
9.977368421052631442e-01
9.978026315789473299e-01
9.976315789473684248e-01
9.977631578947367963e-01
9.976842105263158400e-01
9.979078947368421604e-01
9.976842105263158400e-01
9.980263157894736503e-01
9.977631578947367963e-01
9.975526315789473575e-01
9.978421052631578636e-01
9.978289473684210931e-01
9.980526315789474134e-01
9.981578947368421328e-01
9.981184210526315992e-01
9.980394736842105319e-01
9.980657894736841840e-01
9.978684210526316267e-01
9.981447368421052513e-01
9.980263157894736503e-01
9.984736842105262911e-01
9.979736842105263461e-01
9.982105263157894370e-01
9.981973684210526665e-01
9.983157894736841564e-01
9.984342105263157574e-01
9.983684210526315717e-01
9.977500000000000258e-01
9.981315789473683697e-01
9.984736842105262911e-01
9.982894736842105043e-01
9.985131578947368247e-01
9.984868421052631726e-01
9.982499999999999707e-01
9.985526315789473584e-01
9.983552631578946901e-01
9.987236842105262635e-01
9.983947368421052238e-01
9.988421052631578645e-01
9.982368421052632002e-01
9.986184210526315441e-01
9.986710526315789593e-01
9.987500000000000266e-01
9.988552631578947461e-01
9.985394736842104768e-01
9.987105263157894930e-01
9.988947368421052797e-01
9.987500000000000266e-01
9.986447368421053072e-01
9.988289473684210940e-01
9.989605263157894655e-01
9.988421052631578645e-01
9.986842105263158409e-01
9.987368421052631451e-01
9.986578947368420778e-01
9.990657894736841849e-01
9.991973684210526674e-01
