6.833270788192749023e-01
6.740466356277465820e-01
6.690558791160583496e-01
6.646316051483154297e-01
6.603709459304809570e-01
6.564780473709106445e-01
6.526341438293457031e-01
6.488162875175476074e-01
6.450515985488891602e-01
6.411965489387512207e-01
6.373656988143920898e-01
6.334298849105834961e-01
6.296164989471435547e-01
6.255983114242553711e-01
6.215407252311706543e-01
6.176069974899291992e-01
6.137311458587646484e-01
6.098533868789672852e-01
6.061518192291259766e-01
6.026198863983154297e-01
5.992259383201599121e-01
5.957114696502685547e-01
5.925093889236450195e-01
5.893312692642211914e-01
5.861184000968933105e-01
5.830923318862915039e-01
5.800887942314147949e-01
5.771483778953552246e-01
5.744971036911010742e-01
5.717563629150390625e-01
5.689240694046020508e-01
5.665770769119262695e-01
5.641090273857116699e-01
5.617184638977050781e-01
5.593481063842773438e-01
5.570771694183349609e-01
5.546218156814575195e-01
5.526933670043945312e-01
5.506706237792968750e-01
5.482504367828369141e-01
5.464407205581665039e-01
5.445234775543212891e-01
5.424949526786804199e-01
5.407801866531372070e-01
5.387290716171264648e-01
5.370675325393676758e-01
5.353202223777770996e-01
5.335092544555664062e-01
5.319557785987854004e-01
5.303368568420410156e-01
5.287822484970092773e-01
5.272275805473327637e-01
5.256921052932739258e-01
5.242900848388671875e-01
5.228630304336547852e-01
5.214231014251708984e-01
5.199602246284484863e-01
5.189086198806762695e-01
5.173023343086242676e-01
5.162329673767089844e-01
5.149335265159606934e-01
5.134559273719787598e-01
5.123190879821777344e-01
5.112193226814270020e-01
5.100804567337036133e-01
5.087819099426269531e-01
5.078188180923461914e-01
5.065840482711791992e-01
5.056202411651611328e-01
5.045015215873718262e-01
5.034408569335937500e-01
5.024017095565795898e-01
5.015400648117065430e-01
5.005296468734741211e-01
4.994757175445556641e-01
4.985861778259277344e-01
4.977394342422485352e-01
4.966297745704650879e-01
4.957749247550964355e-01
4.949717521667480469e-01
4.941443800926208496e-01
4.933459758758544922e-01
4.925000071525573730e-01
4.916369915008544922e-01
4.909218847751617432e-01
4.901133775711059570e-01
4.893236458301544189e-01
4.886159300804138184e-01
4.877989888191223145e-01
4.872688651084899902e-01
4.862898588180541992e-01
4.856235682964324951e-01
4.850348234176635742e-01
4.841483235359191895e-01
4.837520718574523926e-01
4.827821254730224609e-01
4.820094108581542969e-01
4.815325736999511719e-01
4.807381629943847656e-01
4.803264737129211426e-01
4.796890020370483398e-01
4.789219796657562256e-01
4.783307611942291260e-01
4.776946902275085449e-01
4.771044254302978516e-01
4.767222106456756592e-01
4.760688841342926025e-01
4.755993187427520752e-01
4.750641584396362305e-01
4.744688272476196289e-01
4.741611480712890625e-01
4.734068512916564941e-01
4.729402661323547363e-01
4.723580777645111084e-01
4.718806743621826172e-01
4.712982773780822754e-01
4.707913398742675781e-01
4.704872369766235352e-01
4.698510766029357910e-01
4.693652987480163574e-01
4.689615666866302490e-01
4.686798453330993652e-01
4.681580662727355957e-01
4.673940539360046387e-01
4.671695232391357422e-01
4.667441844940185547e-01
4.662187695503234863e-01
4.658649861812591553e-01
4.653732776641845703e-01
4.649516940116882324e-01
4.646102786064147949e-01
4.642151594161987305e-01
4.637783467769622803e-01
4.635009169578552246e-01
4.629278481006622314e-01
4.626190066337585449e-01
4.623373150825500488e-01
4.618285894393920898e-01
4.616457819938659668e-01
4.609585404396057129e-01
4.606079757213592529e-01
4.603112339973449707e-01
4.600814282894134521e-01
4.596731662750244141e-01
4.591925740242004395e-01
4.589012563228607178e-01
4.585688710212707520e-01
4.581753015518188477e-01
4.578458070755004883e-01
4.575605988502502441e-01
4.573062062263488770e-01
4.568439722061157227e-01
4.566327631473541260e-01
4.563323557376861572e-01
4.560368061065673828e-01
4.556106925010681152e-01
4.554106891155242920e-01
4.549365639686584473e-01
4.547318220138549805e-01
4.544339776039123535e-01
4.541934430599212646e-01
4.537882208824157715e-01
4.536621570587158203e-01
4.534214138984680176e-01
4.529381692409515381e-01
4.528039097785949707e-01
4.525402486324310303e-01
4.523395895957946777e-01
4.518808424472808838e-01
4.515083730220794678e-01
4.513605237007141113e-01
4.512217640876770020e-01
4.506919384002685547e-01
4.504354596138000488e-01
4.502517879009246826e-01
4.499940872192382812e-01
4.497973322868347168e-01
4.496566951274871826e-01
4.492849707603454590e-01
4.490638375282287598e-01
4.489279985427856445e-01
4.485590457916259766e-01
4.482755661010742188e-01
4.480110108852386475e-01
4.477259814739227295e-01
4.476025700569152832e-01
4.475108385086059570e-01
4.471554756164550781e-01
4.468375742435455322e-01
4.467505812644958496e-01
4.465461969375610352e-01
4.461220800876617432e-01
4.459110796451568604e-01
4.457593560218811035e-01
4.458550810813903809e-01
4.454105794429779053e-01
4.452195465564727783e-01
4.449340999126434326e-01
4.445466697216033936e-01
4.444720149040222168e-01
4.444506764411926270e-01
4.442070126533508301e-01
4.439723193645477295e-01
4.437630772590637207e-01
4.435372948646545410e-01
4.432662129402160645e-01
4.432671964168548584e-01
4.428490102291107178e-01
4.425900280475616455e-01
4.424648284912109375e-01
4.422795176506042480e-01
4.422582685947418213e-01
4.419867992401123047e-01
4.417619109153747559e-01
4.416362643241882324e-01
4.414389729499816895e-01
4.413262605667114258e-01
4.409710466861724854e-01
4.407048225402832031e-01
4.407322704792022705e-01
4.404668807983398438e-01
4.403998851776123047e-01
4.404293298721313477e-01
4.401595592498779297e-01
4.398381114006042480e-01
4.398440122604370117e-01
4.396474063396453857e-01
4.392006099224090576e-01
4.393628239631652832e-01
4.391268491744995117e-01
4.390533566474914551e-01
4.386170506477355957e-01
4.386082887649536133e-01
4.383935332298278809e-01
4.383350014686584473e-01
4.381583631038665771e-01
4.380399882793426514e-01
4.377690255641937256e-01
4.376031160354614258e-01
4.374424219131469727e-01
4.372295737266540527e-01
4.370071887969970703e-01
4.369274377822875977e-01
4.368568360805511475e-01
4.368578791618347168e-01
4.366370141506195068e-01
4.363537728786468506e-01
4.365938305854797363e-01
4.361506104469299316e-01
4.360417723655700684e-01
4.357200562953948975e-01
4.356579184532165527e-01
4.354832172393798828e-01
4.353294968605041504e-01
4.352450370788574219e-01
4.351909160614013672e-01
4.350316822528839111e-01
4.349637627601623535e-01
4.347951412200927734e-01
4.346051812171936035e-01
4.343108236789703369e-01
4.342268705368041992e-01
4.342645406723022461e-01
4.339970052242279053e-01
4.339661896228790283e-01
4.336624443531036377e-01
4.336435198783874512e-01
4.335771799087524414e-01
4.335088133811950684e-01
4.332959055900573730e-01
4.329618811607360840e-01
4.329541921615600586e-01
4.329071938991546631e-01
4.327843785285949707e-01
4.329757094383239746e-01
4.325422942638397217e-01
4.324886798858642578e-01
4.323106408119201660e-01
4.321093857288360596e-01
4.318840503692626953e-01
4.318325817584991455e-01
4.316427409648895264e-01
4.316129684448242188e-01
4.314562678337097168e-01
4.313010573387145996e-01
4.314181208610534668e-01
4.313056468963623047e-01
4.311279654502868652e-01
4.311538934707641602e-01
4.309186339378356934e-01
4.307712316513061523e-01
4.306584596633911133e-01
4.306798577308654785e-01
4.304569363594055176e-01
4.301809966564178467e-01
4.301002621650695801e-01
4.302984476089477539e-01
4.298359155654907227e-01
4.298074245452880859e-01
4.296239614486694336e-01
4.296586513519287109e-01
4.297126233577728271e-01
4.294331669807434082e-01
4.294533729553222656e-01
4.291542768478393555e-01
4.290987849235534668e-01
4.289272427558898926e-01
4.288979470729827881e-01
4.288675189018249512e-01
4.286921620368957520e-01
4.285472035408020020e-01
4.287714958190917969e-01
4.283288121223449707e-01
4.281910061836242676e-01
4.283103346824645996e-01
4.280077815055847168e-01
4.279713034629821777e-01
4.278422594070434570e-01
4.278505444526672363e-01
4.275014996528625488e-01
4.276356101036071777e-01
4.274241626262664795e-01
4.273388385772705078e-01
4.271031916141510010e-01
4.270889759063720703e-01
4.271752238273620605e-01
4.269003868103027344e-01
4.268262088298797607e-01
4.268959462642669678e-01
4.265878796577453613e-01
4.267072379589080811e-01
4.265323877334594727e-01
4.263843894004821777e-01
4.264695048332214355e-01
4.261445999145507812e-01
4.260387718677520752e-01
4.261897206306457520e-01
4.262014627456665039e-01
4.257719516754150391e-01
4.256106317043304443e-01
4.257083535194396973e-01
4.255388379096984863e-01
4.255450367927551270e-01
4.252722263336181641e-01
4.253459572792053223e-01
4.253197908401489258e-01
4.251125454902648926e-01
4.249998927116394043e-01
4.249794483184814453e-01
4.249515235424041748e-01
4.248384833335876465e-01
4.247191250324249268e-01
4.246915280818939209e-01
4.244996905326843262e-01
4.244663715362548828e-01
4.243348836898803711e-01
4.242483973503112793e-01
4.247033596038818359e-01
4.242112338542938232e-01
4.240856468677520752e-01
4.239271581172943115e-01
4.238876700401306152e-01
4.237540066242218018e-01
4.238073527812957764e-01
4.238231182098388672e-01
4.236208796501159668e-01
4.236697256565093994e-01
4.233975708484649658e-01
4.233777523040771484e-01
4.234049916267395020e-01
4.231249690055847168e-01
4.230989813804626465e-01
4.230378270149230957e-01
4.228667616844177246e-01
4.228757023811340332e-01
4.229136109352111816e-01
4.227133393287658691e-01
4.228416085243225098e-01
4.226249456405639648e-01
4.224291145801544189e-01
4.224107265472412109e-01
4.222583174705505371e-01
4.222788810729980469e-01
4.221020340919494629e-01
4.220763444900512695e-01
4.221868813037872314e-01
4.221532344818115234e-01
4.221341907978057861e-01
4.218115210533142090e-01
4.218738675117492676e-01
4.218981564044952393e-01
4.217633008956909180e-01
4.217100143432617188e-01
4.215953350067138672e-01
4.215705990791320801e-01
4.213021099567413330e-01
4.213567674160003662e-01
4.212977886199951172e-01
4.210762679576873779e-01
4.211477637290954590e-01
4.209794998168945312e-01
4.210698604583740234e-01
4.212145209312438965e-01
4.209669232368469238e-01
4.209382534027099609e-01
4.207850396633148193e-01
4.208263754844665527e-01
4.206255674362182617e-01
4.205542206764221191e-01
4.206172227859497070e-01
4.206094741821289062e-01
4.203473925590515137e-01
4.202725887298583984e-01
4.201842844486236572e-01
4.200645089149475098e-01
4.200543165206909180e-01
4.199902415275573730e-01
4.199194312095642090e-01
4.198405742645263672e-01
4.199053645133972168e-01
4.198977649211883545e-01
4.197667837142944336e-01
4.197429120540618896e-01
4.196727275848388672e-01
4.196318984031677246e-01
4.194588065147399902e-01
4.194047451019287109e-01
4.195095598697662354e-01
4.197714924812316895e-01
4.192567467689514160e-01
4.192681312561035156e-01
4.192448258399963379e-01
4.191524088382720947e-01
4.190923571586608887e-01
4.190814495086669922e-01
4.190747141838073730e-01
4.190113544464111328e-01
4.188060164451599121e-01
4.189660549163818359e-01
4.188465476036071777e-01
4.192109405994415283e-01
4.186088144779205322e-01
4.184626340866088867e-01
4.183703958988189697e-01
4.185782670974731445e-01
4.184972047805786133e-01
4.187586903572082520e-01
4.181551039218902588e-01
4.183322787284851074e-01
4.180369377136230469e-01
4.180360436439514160e-01
4.180446267127990723e-01
4.179857373237609863e-01
4.180195927619934082e-01
4.182737767696380615e-01
4.179083108901977539e-01
4.179521799087524414e-01
4.178668260574340820e-01
4.177138805389404297e-01
4.177609682083129883e-01
4.177434444427490234e-01
4.176731109619140625e-01
4.174794554710388184e-01
4.176312088966369629e-01
4.174432158470153809e-01
4.173035621643066406e-01
4.173606634140014648e-01
4.172218143939971924e-01
4.171436429023742676e-01
4.170058369636535645e-01
4.172232151031494141e-01
4.168921113014221191e-01
4.170783758163452148e-01
4.169837832450866699e-01
4.170729517936706543e-01
4.168173074722290039e-01
4.166975617408752441e-01
4.168003499507904053e-01
4.168148636817932129e-01
4.166451692581176758e-01
4.166751801967620850e-01
4.166893661022186279e-01
4.164547324180603027e-01
4.164845347404479980e-01
4.163887500762939453e-01
4.163072407245635986e-01
4.163267016410827637e-01
4.161388278007507324e-01
4.161177873611450195e-01
4.163393378257751465e-01
4.160116612911224365e-01
4.160863161087036133e-01
4.162523746490478516e-01
4.166876077651977539e-01
4.161093831062316895e-01
4.160802364349365234e-01
4.159667491912841797e-01
4.157211184501647949e-01
4.157212376594543457e-01
4.157874882221221924e-01
4.157121181488037109e-01
4.156369268894195557e-01
4.156585335731506348e-01
4.154556393623352051e-01
4.154374301433563232e-01
4.156693816184997559e-01
4.153541922569274902e-01
4.155430197715759277e-01
4.154521822929382324e-01
4.154798388481140137e-01
4.152848720550537109e-01
4.151674509048461914e-01
4.154937267303466797e-01
4.151228666305541992e-01
4.151917695999145508e-01
4.153910875320434570e-01
4.151389598846435547e-01
4.150868356227874756e-01
4.149860441684722900e-01
4.149280786514282227e-01
4.149402379989624023e-01
4.149076938629150391e-01
4.149010479450225830e-01
4.149194955825805664e-01
4.146848917007446289e-01
4.148911535739898682e-01
4.146263003349304199e-01
4.146065711975097656e-01
4.145990014076232910e-01
4.144498705863952637e-01
4.147450327873229980e-01
4.145206212997436523e-01
4.144943952560424805e-01
4.143171906471252441e-01
4.143215417861938477e-01
4.143333435058593750e-01
4.143334031105041504e-01
4.142666459083557129e-01
4.141672253608703613e-01
4.141595959663391113e-01
4.142288863658905029e-01
4.139325022697448730e-01
4.142949581146240234e-01
4.141376614570617676e-01
4.139785170555114746e-01
4.138795733451843262e-01
4.137630462646484375e-01
4.140248894691467285e-01
4.139348268508911133e-01
4.139481186866760254e-01
4.136900901794433594e-01
4.137579798698425293e-01
4.136486649513244629e-01
4.135776460170745850e-01
4.138375818729400635e-01
4.136497080326080322e-01
4.134474396705627441e-01
4.139339923858642578e-01
4.133680462837219238e-01
4.134967327117919922e-01
4.133442044258117676e-01
4.132199883460998535e-01
4.133321344852447510e-01
4.133312702178955078e-01
4.131966531276702881e-01
4.131507277488708496e-01
4.133098125457763672e-01
4.131224155426025391e-01
4.129866361618041992e-01
4.129463434219360352e-01
4.130708575248718262e-01
4.130117893218994141e-01
4.131429195404052734e-01
4.132371544837951660e-01
4.128539562225341797e-01
4.130952060222625732e-01
4.129813313484191895e-01
4.127670228481292725e-01
4.127936661243438721e-01
4.125975966453552246e-01
4.126845598220825195e-01
4.126584529876708984e-01
4.127942323684692383e-01
4.124296307563781738e-01
4.127410948276519775e-01
4.127685427665710449e-01
4.124481678009033203e-01
4.122828543186187744e-01
4.123473465442657471e-01
4.124568998813629150e-01
4.124211072921752930e-01
4.122738242149353027e-01
4.124340415000915527e-01
4.122279286384582520e-01
4.133438467979431152e-01
4.122842848300933838e-01
4.120512604713439941e-01
4.121677875518798828e-01
4.121179580688476562e-01
4.120702147483825684e-01
4.119228422641754150e-01
4.122225642204284668e-01
4.119315743446350098e-01
4.119150340557098389e-01
4.119656682014465332e-01
4.121032357215881348e-01
4.117874205112457275e-01
4.117816686630249023e-01
4.118124246597290039e-01
4.117137193679809570e-01
4.117179512977600098e-01
4.119037985801696777e-01
4.114983081817626953e-01
4.116948843002319336e-01
4.117678999900817871e-01
4.118235707283020020e-01
4.117009639739990234e-01
4.122477173805236816e-01
4.115242362022399902e-01
4.113607704639434814e-01
4.115350246429443359e-01
4.113335609436035156e-01
4.113222360610961914e-01
4.113873541355133057e-01
4.114126563072204590e-01
4.112175703048706055e-01
4.112615287303924561e-01
4.116689860820770264e-01
4.112031459808349609e-01
4.111983180046081543e-01
4.111988544464111328e-01
4.112422168254852295e-01
4.112309217453002930e-01
4.112605452537536621e-01
4.110652208328247070e-01
4.109567701816558838e-01
4.112255573272705078e-01
4.111515283584594727e-01
4.109742939472198486e-01
4.108282923698425293e-01
4.109378755092620850e-01
4.107421636581420898e-01
4.108376502990722656e-01
4.111242592334747314e-01
4.106831848621368408e-01
4.106621444225311279e-01
4.106735587120056152e-01
4.107166230678558350e-01
4.107807874679565430e-01
4.104596674442291260e-01
4.107594490051269531e-01
4.106041789054870605e-01
4.104091525077819824e-01
4.104194641113281250e-01
4.102282226085662842e-01
4.104104936122894287e-01
4.104343354701995850e-01
4.105631113052368164e-01
4.105877280235290527e-01
4.104007184505462646e-01
4.103081524372100830e-01
4.102779626846313477e-01
4.105726480484008789e-01
4.103820621967315674e-01
4.105798602104187012e-01
4.100680351257324219e-01
4.100428223609924316e-01
4.102591872215270996e-01
4.099789261817932129e-01
4.101895093917846680e-01
4.106031656265258789e-01
4.101333618164062500e-01
4.102357923984527588e-01
4.100655317306518555e-01
4.105494618415832520e-01
4.101920127868652344e-01
4.101909995079040527e-01
4.099044799804687500e-01
4.098238945007324219e-01
4.100435972213745117e-01
4.098631739616394043e-01
4.098192453384399414e-01
4.097599387168884277e-01
4.096861481666564941e-01
4.097139239311218262e-01
4.095628857612609863e-01
4.097496569156646729e-01
4.098082184791564941e-01
4.096519351005554199e-01
4.096614122390747070e-01
4.095877110958099365e-01
4.094564914703369141e-01
4.094715118408203125e-01
4.095219969749450684e-01
4.098285436630249023e-01
4.093232750892639160e-01
4.096449017524719238e-01
4.093202352523803711e-01
4.091596007347106934e-01
4.094144105911254883e-01
4.092021584510803223e-01
4.093530774116516113e-01
4.092118740081787109e-01
4.091013073921203613e-01
4.092341065406799316e-01
4.092557132244110107e-01
4.090274572372436523e-01
4.091888666152954102e-01
4.091176986694335938e-01
4.089495241641998291e-01
4.090881347656250000e-01
4.090165793895721436e-01
4.090501070022583008e-01
4.092767238616943359e-01
4.091320633888244629e-01
4.088356494903564453e-01
4.092482924461364746e-01
4.090088009834289551e-01
4.088432788848876953e-01
4.088404774665832520e-01
4.089336991310119629e-01
4.086811542510986328e-01
4.091346859931945801e-01
4.085822403430938721e-01
4.091920852661132812e-01
4.087114930152893066e-01
4.085767865180969238e-01
4.087887704372406006e-01
4.087287783622741699e-01
4.086183309555053711e-01
4.085124135017395020e-01
4.084299504756927490e-01
4.086279273033142090e-01
4.087955951690673828e-01
4.085981547832489014e-01
4.087615013122558594e-01
4.089510440826416016e-01
4.085774421691894531e-01
4.086015820503234863e-01
4.084199070930480957e-01
4.084255099296569824e-01
4.084200859069824219e-01
4.086054265499114990e-01
4.081597328186035156e-01
4.086453914642333984e-01
4.083540439605712891e-01
4.081779122352600098e-01
4.083721637725830078e-01
4.082401394844055176e-01
4.082451462745666504e-01
4.082339406013488770e-01
4.085332155227661133e-01
4.082662463188171387e-01
4.082523882389068604e-01
4.081089198589324951e-01
4.083184003829956055e-01
4.080481529235839844e-01
4.081291854381561279e-01
4.080904722213745117e-01
4.079308509826660156e-01
4.078109562397003174e-01
4.081986248493194580e-01
4.079768657684326172e-01
4.079580903053283691e-01
4.079521894454956055e-01
4.079999029636383057e-01
4.079306125640869141e-01
4.081003069877624512e-01
4.076491594314575195e-01
4.078996181488037109e-01
4.076772034168243408e-01
4.080199599266052246e-01
4.077244102954864502e-01
4.080104231834411621e-01
4.077310562133789062e-01
4.077667593955993652e-01
4.075863361358642578e-01
4.078040719032287598e-01
4.077012538909912109e-01
4.076124429702758789e-01
4.077091813087463379e-01
4.077800512313842773e-01
4.082250297069549561e-01
4.076535701751708984e-01
4.075912237167358398e-01
4.076462984085083008e-01
4.073852300643920898e-01
4.076689481735229492e-01
4.075749516487121582e-01
4.074957370758056641e-01
4.075336456298828125e-01
4.074497222900390625e-01
4.074078798294067383e-01
4.076406657695770264e-01
4.076000750064849854e-01
4.073684811592102051e-01
4.072780907154083252e-01
4.072052836418151855e-01
4.077948927879333496e-01
4.071879982948303223e-01
4.071600437164306641e-01
4.071506261825561523e-01
4.073975682258605957e-01
4.069641828536987305e-01
4.071446061134338379e-01
4.071773290634155273e-01
4.078084528446197510e-01
4.068997502326965332e-01
4.072819352149963379e-01
4.070810675621032715e-01
4.072078466415405273e-01
4.071047902107238770e-01
4.070270061492919922e-01
4.071095585823059082e-01
4.068733751773834229e-01
4.071255922317504883e-01
4.068458676338195801e-01
4.069789052009582520e-01
4.068552851676940918e-01
4.067959487438201904e-01
4.069032967090606689e-01
4.072085618972778320e-01
4.067668020725250244e-01
4.070546030998229980e-01
4.070127010345458984e-01
4.068418741226196289e-01
4.070075750350952148e-01
4.068643450736999512e-01
4.067552685737609863e-01
4.067653417587280273e-01
4.068239331245422363e-01
4.068385362625122070e-01
4.067190587520599365e-01
4.065998494625091553e-01
4.069341421127319336e-01
4.067648053169250488e-01
4.068775773048400879e-01
4.070740938186645508e-01
4.065327346324920654e-01
4.066355824470520020e-01
4.066317081451416016e-01
4.064802527427673340e-01
4.068283140659332275e-01
4.065384864807128906e-01
4.064318537712097168e-01
4.063492119312286377e-01
4.063207209110260010e-01
4.066941440105438232e-01
4.062802195549011230e-01
4.066559672355651855e-01
4.067004919052124023e-01
4.063109159469604492e-01
4.066028892993927002e-01
4.064847826957702637e-01
4.063660800457000732e-01
4.066887497901916504e-01
4.062310755252838135e-01
4.067527055740356445e-01
4.061824679374694824e-01
4.064092040061950684e-01
4.061280786991119385e-01
4.064135551452636719e-01
4.062777757644653320e-01
4.060974717140197754e-01
4.066442251205444336e-01
4.063105583190917969e-01
4.061000943183898926e-01
4.062737226486206055e-01
4.059677124023437500e-01
4.062003493309020996e-01
4.062391817569732666e-01
4.063782989978790283e-01
4.063020646572113037e-01
4.060333967208862305e-01
4.060252904891967773e-01
4.061969518661499023e-01
4.060611724853515625e-01
4.060578346252441406e-01
4.059211611747741699e-01
4.059735536575317383e-01
4.062412679195404053e-01
4.058941602706909180e-01
4.061591625213623047e-01
4.062091708183288574e-01
4.059300422668457031e-01
4.058371186256408691e-01
4.059907793998718262e-01
4.057484865188598633e-01
4.058942198753356934e-01
4.057312905788421631e-01
4.058472216129302979e-01
4.058403670787811279e-01
4.059456288814544678e-01
4.057425856590270996e-01
4.062039554119110107e-01
4.056301414966583252e-01
4.056689143180847168e-01
4.056418240070343018e-01
4.055898785591125488e-01
4.059011340141296387e-01
4.055118858814239502e-01
4.058263301849365234e-01
4.057292938232421875e-01
4.054369032382965088e-01
4.055780172348022461e-01
4.057076573371887207e-01
4.055554270744323730e-01
4.057529866695404053e-01
4.055967926979064941e-01
4.056794047355651855e-01
4.055569767951965332e-01
4.054726958274841309e-01
4.054366350173950195e-01
4.057756662368774414e-01
4.055278301239013672e-01
4.055207967758178711e-01
4.054234027862548828e-01
4.052567481994628906e-01
4.054759144783020020e-01
4.054048657417297363e-01
4.055055975914001465e-01
4.055992364883422852e-01
4.054806828498840332e-01
4.054446220397949219e-01
4.053304195404052734e-01
4.053794443607330322e-01
4.052344858646392822e-01
4.050983190536499023e-01
4.053139388561248779e-01
4.051409065723419189e-01
4.053079485893249512e-01
4.052695631980895996e-01
4.051910638809204102e-01
4.049923717975616455e-01
4.051005542278289795e-01
4.057329893112182617e-01
4.055110812187194824e-01
4.056330919265747070e-01
4.050462841987609863e-01
4.051863849163055420e-01
4.052598476409912109e-01
4.050814509391784668e-01
4.053767919540405273e-01
4.050403833389282227e-01
4.050014317035675049e-01
4.051430225372314453e-01
4.051071405410766602e-01
4.049397110939025879e-01
4.050793349742889404e-01
4.049952030181884766e-01
4.054286181926727295e-01
4.050483405590057373e-01
4.053256511688232422e-01
4.050715565681457520e-01
4.051031470298767090e-01
4.049730300903320312e-01
4.049763381481170654e-01
4.048423171043395996e-01
4.052448868751525879e-01
4.046788811683654785e-01
4.048594236373901367e-01
4.049991965293884277e-01
4.047243297100067139e-01
4.048843681812286377e-01
4.047176241874694824e-01
4.049502015113830566e-01
4.054723381996154785e-01
4.051759243011474609e-01
4.049082696437835693e-01
4.049096703529357910e-01
4.046764969825744629e-01
4.048672020435333252e-01
4.045923352241516113e-01
4.046750962734222412e-01
4.047657847404479980e-01
4.046068191528320312e-01
4.048230648040771484e-01
4.048190712928771973e-01
4.045032560825347900e-01
4.049369692802429199e-01
4.046244323253631592e-01
4.045410752296447754e-01
4.052593111991882324e-01
4.046863317489624023e-01
4.045772552490234375e-01
4.045444726943969727e-01
4.046165943145751953e-01
4.048237800598144531e-01
4.046192169189453125e-01
4.046292006969451904e-01
4.044448733329772949e-01
4.046694636344909668e-01
4.042633175849914551e-01
4.046683013439178467e-01
4.044561982154846191e-01
4.045721888542175293e-01
4.045117497444152832e-01
4.043657779693603516e-01
4.043915867805480957e-01
4.044454097747802734e-01
4.044367671012878418e-01
