6.873784967158970138e-01
6.771816360323053008e-01
6.716778231294531221e-01
6.669756087817644286e-01
6.626473014291963670e-01
6.586385996718155944e-01
6.548174086369966673e-01
6.510451443885502121e-01
6.473051458597183228e-01
6.435757702902743516e-01
6.397915035486221313e-01
6.360230014512413543e-01
6.321781003161480728e-01
6.282556511853870651e-01
6.243379288598110977e-01
6.203922347018593353e-01
6.164761773849788407e-01
6.126413188482585648e-01
6.089447823009992433e-01
6.052999912123930848e-01
6.017023215168401107e-01
5.982316975530824754e-01
5.948040101088976073e-01
5.914940630134782884e-01
5.882747447804400620e-01
5.850872632704282594e-01
5.820877293222829207e-01
5.790570103808453384e-01
5.761278883406990570e-01
5.732857302615517181e-01
5.704777232910457352e-01
5.678270341534363830e-01
5.651525635468331865e-01
5.625922632844824189e-01
5.600727184822684723e-01
5.576987823373392716e-01
5.553026207183536789e-01
5.529973718680833983e-01
5.507415078188243607e-01
5.485286469522275832e-01
5.463415486247915620e-01
5.442351643976411912e-01
5.422476773199281785e-01
5.401587274513746095e-01
5.382603814727381364e-01
5.363228179906543991e-01
5.345103991659063691e-01
5.326660785235857176e-01
5.308226597936529512e-01
5.291384184046795669e-01
5.274569266720822158e-01
5.257338018793809020e-01
5.240826449896159867e-01
5.225602890315809157e-01
5.209584745921587157e-01
5.194241537859565216e-01
5.179180330351779160e-01
5.164488232449481186e-01
5.149935585887808198e-01
5.136207624485618073e-01
5.122246946159162428e-01
5.108943479625802642e-01
5.095932271919751955e-01
5.082539704285169435e-01
5.069983727053591904e-01
5.057449474146491486e-01
5.044955666127958205e-01
5.033228997337190203e-01
5.021040227852369142e-01
5.010248065779083770e-01
4.998446224551451600e-01
4.987577207778629562e-01
4.976855771321999633e-01
4.965447022726661164e-01
4.954967294868670158e-01
4.944513079367185981e-01
4.934709283866380303e-01
4.924488142132759094e-01
4.914720234902281715e-01
4.904957758752923058e-01
4.895584916597918723e-01
4.886376834229418931e-01
4.877565761930064414e-01
4.868499350390936287e-01
4.859613435048806274e-01
4.851407855749130249e-01
4.842099468959005226e-01
4.833716424672226952e-01
4.825694502184265655e-01
4.817119715245146705e-01
4.808803345811994423e-01
4.801258609483116668e-01
4.793434570494450875e-01
4.786140432483271812e-01
4.778286006889845283e-01
4.771186058458529167e-01
4.763843923022872406e-01
4.756520065037827538e-01
4.750131850964144919e-01
4.742076855741049202e-01
4.735932071742258720e-01
4.728934976615403740e-01
4.722058376983592209e-01
4.715967735177592490e-01
4.708933022461439521e-01
4.702786316997126792e-01
4.696679527038021829e-01
4.689952393895701621e-01
4.684054686834937531e-01
4.678798294381091294e-01
4.671904327053773009e-01
4.666489052929376213e-01
4.660832901534281425e-01
4.654713959286087555e-01
4.648937790801650483e-01
4.643805877942788207e-01
4.638256379648258987e-01
4.632204786727303070e-01
4.627037746341605140e-01
4.621778283464281212e-01
4.617358497098872361e-01
4.611557773069331345e-01
4.606279864122992951e-01
4.601009950826042694e-01
4.596473829526650512e-01
4.591353284685235070e-01
4.586707784941321808e-01
4.581319093704223633e-01
4.577550919432389342e-01
4.572424367070198059e-01
4.566870912125235993e-01
4.562340884616500336e-01
4.558506611930696617e-01
4.553639900527502449e-01
4.549823473942907204e-01
4.545557538145466592e-01
4.540548065775318887e-01
4.537202876649404915e-01
4.532384346974523415e-01
4.528864724071402503e-01
4.524183932103608696e-01
4.520217368477268960e-01
4.516014099905365509e-01
4.512644249357675164e-01
4.506830965217791252e-01
4.504133945232943748e-01
4.499982234678770454e-01
4.495319916229498780e-01
4.492195530941611725e-01
4.488094609818960579e-01
4.484647241862196876e-01
4.481567418888995347e-01
4.477836650453115852e-01
4.474119818524310288e-01
4.470811513693709327e-01
4.466775534184355689e-01
4.463237280908383675e-01
4.459491717187981652e-01
4.455629653836551407e-01
4.453506316793592323e-01
4.449247815891316238e-01
4.445749733008836357e-01
4.442710394137783791e-01
4.439913728519490066e-01
4.436859021845616646e-01
4.433299138357764679e-01
4.430484399199485779e-01
4.426476496614907830e-01
4.422987809306697105e-01
4.420166984200477600e-01
4.416698895786937973e-01
4.413442850897186798e-01
4.410324775074657699e-01
4.407852719488896676e-01
4.405012609143006408e-01
4.401345390238259880e-01
4.399244804915629081e-01
4.396487247002752174e-01
4.393316805362701416e-01
4.391057326605445343e-01
4.387341145622102867e-01
4.385371761102425658e-01
4.381940427579377739e-01
4.379484053505094399e-01
4.375815838575363159e-01
4.373230118500558983e-01
4.371142948144360330e-01
4.368279791976276138e-01
4.364983008096092743e-01
4.362411722540855408e-01
4.359557609024800606e-01
4.357010310417727683e-01
4.355040482784572342e-01
4.353129130445028694e-01
4.349670386628100571e-01
4.347393018634695960e-01
4.345278473276841247e-01
4.342969797159496048e-01
4.339286535978317261e-01
4.336828020842452003e-01
4.335625414785586051e-01
4.332696050405502319e-01
4.330006649619654868e-01
4.327709565037174966e-01
4.325007310039118980e-01
4.322448584594224541e-01
4.320312710969071435e-01
4.318159669637680054e-01
4.315805321461276267e-01
4.314313758360712181e-01
4.311426634851254769e-01
4.309449086063786294e-01
4.307016781286189255e-01
4.305005877425795990e-01
4.303360334352442917e-01
4.300310254881256622e-01
4.298718971641440345e-01
4.296895528310223367e-01
4.293164689289896141e-01
4.290977641940116882e-01
4.289626420328491729e-01
4.286858953143420914e-01
4.285905965064701340e-01
4.283603896435938529e-01
4.280945592020687362e-01
4.279323612388811759e-01
4.277305269711895730e-01
4.274791271278732818e-01
4.273560603982524131e-01
4.271387849983416252e-01
4.268565891604674256e-01
4.266988325275872795e-01
4.265171779613745606e-01
4.262986598830473817e-01
4.261323770410136436e-01
4.259081102515521744e-01
4.256715452984759507e-01
4.255829614244009407e-01
4.253676627811632804e-01
4.251770804587163277e-01
4.249852934950276162e-01
4.248761836635439049e-01
4.246659365139509590e-01
4.244197834479181419e-01
4.242590897177395126e-01
4.240570546765076720e-01
4.239327358572106408e-01
4.236436741132485473e-01
4.235573418830570480e-01
4.233094681250421654e-01
4.231860821968631003e-01
4.229624934102359513e-01
4.228493355606731674e-01
4.226571737151396668e-01
4.224746317455643219e-01
4.222760525973219825e-01
4.220773769836676514e-01
4.220491953586277267e-01
4.217491738106075028e-01
4.216174946019524139e-01
4.214714953773899819e-01
4.213086135293307999e-01
4.211281800740643289e-01
4.209348857402801514e-01
4.209444573835322556e-01
4.206508233358985382e-01
4.204517273526442445e-01
4.203579268957439163e-01
4.201956469761697899e-01
4.200073751179795312e-01
4.198728474347214745e-01
4.196577774066674316e-01
4.195353145662106820e-01
4.193302612555654396e-01
4.192287474870681763e-01
4.190325486032586144e-01
4.189625551041804008e-01
4.187261740628041573e-01
4.186451486066767869e-01
4.184792010407698548e-01
4.183830367891411828e-01
4.181475839332530198e-01
4.179548068266165650e-01
4.178282673421658822e-01
4.176341357984040825e-01
4.176157536475281762e-01
4.174938441107147735e-01
4.173844001795116165e-01
4.171569261111711113e-01
4.170269013235443634e-01
4.168793684557864365e-01
4.167635770220505798e-01
4.166214607263866165e-01
4.165211555204893501e-01
4.162519821210911575e-01
4.162094318553021255e-01
4.159574947859111527e-01
4.160533649356741859e-01
4.157256421289945991e-01
4.155484904584131889e-01
4.154565126488083404e-01
4.153185890693413818e-01
4.152400560284915665e-01
4.150654344182265199e-01
4.149239455398760490e-01
4.147778361251479584e-01
4.145995292224382012e-01
4.144408538153296906e-01
4.144352799967715439e-01
4.142389207294112641e-01
4.141272659364499398e-01
4.139600062840863015e-01
4.138454924288548775e-01
4.137183184686459847e-01
4.136668773073899352e-01
4.134935473925189231e-01
4.132977155478377296e-01
4.132892352185751350e-01
4.130202559264082862e-01
4.130099451071337913e-01
4.128611648553295876e-01
4.127147605544642661e-01
4.125659485396586112e-01
4.124850787614521286e-01
4.123612277601894638e-01
4.122340714460925315e-01
4.121007629131016037e-01
4.118781642694222533e-01
4.119145376117606117e-01
4.117979344568754585e-01
4.116765597933216836e-01
4.115650810693439743e-01
4.113493393126286812e-01
4.113334201668438217e-01
4.112797026571474723e-01
4.110323280880325836e-01
4.109201297948235077e-01
4.108411626596200072e-01
4.106706902384757996e-01
4.106305343540091468e-01
4.105315490772849518e-01
4.104000784848865768e-01
4.102841141192536401e-01
4.101587592771178681e-01
4.100265895065508537e-01
4.098932194082360314e-01
4.098884671142226654e-01
4.097808215178941338e-01
4.096095385520081567e-01
4.094723286597352074e-01
4.093815833330154419e-01
4.093170664028117356e-01
4.091831516278417458e-01
4.091210294710962425e-01
4.089409752111685670e-01
4.088487417290085357e-01
4.087233049304861976e-01
4.086335783726290916e-01
4.084878312913994836e-01
4.083756659375993858e-01
4.083082770046435050e-01
4.080986059025714097e-01
4.080974181231699638e-01
4.080101126118710342e-01
4.079147243970318581e-01
4.078025915905049148e-01
4.076981301370419808e-01
4.075624758475704934e-01
4.075897034061582436e-01
4.074549082862703453e-01
4.073130590351004554e-01
4.071782654837557969e-01
4.070899886520285560e-01
4.069613006554151924e-01
4.068843341971698502e-01
4.068326569701495865e-01
4.068494219529001366e-01
4.066102814517523201e-01
4.065087037651162194e-01
4.063756481597298187e-01
4.063591133607061257e-01
4.062823425782354225e-01
4.062043530376334144e-01
4.060507044196128845e-01
4.059929624199867249e-01
4.059128522088653046e-01
4.058741942832344574e-01
4.057211754353423072e-01
4.056136572831555154e-01
4.054302016371174600e-01
4.053950807765910325e-01
4.054507060270560181e-01
4.052187874913215637e-01
4.051095666854004906e-01
4.050990962668469253e-01
4.048572139520394408e-01
4.049346909711235565e-01
4.047000890499667380e-01
4.046144399203752129e-01
4.045572202456624855e-01
4.045939641563515710e-01
4.044616689023218803e-01
4.042378456184738678e-01
4.042429378942439255e-01
4.042148543031592323e-01
4.040607013984730544e-01
4.039231962279269395e-01
4.039336313542566947e-01
4.038115175146805846e-01
4.037814826557510894e-01
4.036937410894193001e-01
4.035160290567498254e-01
4.033836941970022072e-01
4.033579645972502625e-01
4.033676593711501557e-01
4.032267434032340003e-01
4.031272577612023400e-01
4.030894688085505662e-01
4.029283617672167472e-01
4.027806426349438973e-01
4.027438657848458337e-01
4.028114990184181732e-01
4.027045275035657235e-01
4.025243607006575020e-01
4.024646309645552589e-01
4.023546600028088394e-01
4.023404207668806465e-01
4.021927937865257263e-01
4.021394582171189391e-01
4.021465060742278053e-01
4.019815670816521691e-01
4.020651006384899917e-01
4.018275957358510841e-01
4.017944386915156540e-01
4.017024926449123123e-01
4.016317580091325889e-01
4.015572529874349983e-01
4.014981004752610771e-01
4.014581661475332131e-01
4.012179060986167389e-01
4.012024292820378091e-01
4.011661978928666161e-01
4.011220884950537635e-01
4.009755136151063049e-01
4.009084932898220321e-01
4.007929171386517830e-01
4.008037659682725518e-01
4.007055508463006066e-01
4.005793964392260764e-01
4.005026836928568534e-01
4.004928199084181739e-01
4.004466466997799179e-01
4.003572522809630829e-01
4.001875919731039954e-01
4.001796359294338967e-01
4.001638254052714561e-01
4.001066869026736472e-01
3.999376293075712074e-01
4.000384717395431000e-01
3.998354955723411042e-01
3.998584563010617043e-01
3.997860397947461952e-01
3.995902189298680129e-01
3.995602628902384934e-01
3.995350877705373116e-01
3.993679206622274269e-01
3.993051463836117532e-01
3.993849401411257438e-01
3.991233263360826622e-01
3.991095623687693772e-01
3.991397517292122887e-01
3.990346365853360000e-01
3.989954437864454140e-01
3.988317388452981560e-01
3.987557907637797050e-01
3.987131424640354416e-01
3.987058965783369935e-01
3.985932477210697433e-01
3.985269273582257576e-01
3.984110810254749557e-01
3.984096705129271943e-01
3.983247127187879433e-01
3.982107294233221961e-01
3.981292588930380738e-01
3.980651074334194961e-01
3.980559553754957069e-01
3.979773807682489006e-01
3.978922661197812904e-01
3.978694516577218621e-01
3.978433365884579964e-01
3.977491632103919983e-01
3.976314122739590950e-01
3.976134273566697686e-01
3.976119913552936813e-01
3.974606128115403259e-01
3.974511964540732301e-01
3.972620293498039246e-01
3.972741753647202056e-01
3.971683077122035721e-01
3.971674948146468598e-01
3.971044742747357192e-01
3.970161554844756080e-01
3.970954641699790955e-01
3.969116708949992356e-01
3.968928326901636772e-01
3.968579537774387100e-01
3.967866987774246734e-01
3.967252044301283753e-01
3.965289628035144065e-01
3.966087847948074341e-01
3.965700402071601349e-01
3.964567851079137673e-01
3.964108632583367431e-01
3.963628415214388023e-01
3.963454997068957542e-01
3.962206185648315948e-01
3.962185920069092315e-01
3.961339879192803948e-01
3.960754138074423225e-01
3.960111717644490548e-01
3.958690303720925896e-01
3.958530316227360513e-01
3.958850757856118285e-01
3.957187129478705323e-01
3.957356888996927391e-01
3.955288909767803451e-01
3.955189185707192467e-01
3.955381328338070657e-01
3.954727332058705636e-01
3.953283252684693383e-01
3.952818559972863244e-01
3.952811344673758942e-01
3.951840259526905319e-01
3.950205778605059836e-01
3.951106777316645835e-01
3.950094902201702896e-01
3.950491229954518624e-01
3.950146009263239555e-01
3.949254366912339775e-01
3.948435450070782449e-01
3.947014561609217820e-01
3.947522977465077187e-01
3.947972392565325950e-01
3.945888657318918358e-01
3.945854251321993522e-01
3.944467498283636964e-01
3.944036744927105209e-01
3.943831140273495461e-01
3.943563080147692856e-01
3.942946015219939149e-01
3.943198774206010948e-01
3.942322072229887397e-01
3.942212419290291869e-01
3.940243281816181442e-01
3.939922487265185569e-01
3.939784569175620033e-01
3.938807496114781204e-01
3.937800507012166329e-01
3.938065516321282433e-01
3.938184702082684341e-01
3.937807436052121468e-01
3.936035327221217850e-01
3.934427558591491181e-01
3.935337937191912827e-01
3.934819165029023735e-01
3.934789899932710777e-01
3.933590544681799805e-01
3.932424975853217042e-01
3.932647959966408813e-01
3.932484353059216287e-01
3.932583363432633483e-01
3.932172954082489014e-01
3.931795378264628105e-01
3.930373168305346665e-01
3.930286965087840256e-01
3.929329455683105987e-01
3.928421402448101785e-01
3.928384659321684791e-01
3.928858704472842911e-01
3.926782145311957795e-01
3.925778136441582244e-01
3.926800089447121667e-01
3.926925008234224967e-01
3.925579264760017395e-01
3.926131148871622734e-01
3.924572765827178955e-01
3.924442219891046135e-01
3.923796619239606209e-01
3.922827906514468888e-01
3.922186540929894494e-01
3.921284071708980301e-01
3.922324992324176529e-01
3.920511309253542076e-01
3.920702032352748612e-01
3.920261718724903366e-01
3.920629436248226907e-01
3.918658138105743927e-01
3.919171388996274819e-01
3.918775445536563096e-01
3.917798039160276802e-01
3.916739225387573242e-01
3.916731210131394469e-01
3.916194968317684433e-01
3.916138794861341865e-01
3.914987754664923103e-01
3.915041296889907319e-01
3.915106183604190049e-01
3.913895017222354111e-01
3.913526903641851296e-01
3.912982642650604248e-01
3.913082931386797081e-01
3.912691011240607697e-01
3.911798866955857323e-01
3.911536026157830803e-01
3.910391260134546410e-01
3.910381280277904770e-01
3.911034096228448997e-01
3.909934786589522315e-01
3.909089933884771217e-01
3.908694304133716324e-01
3.908153984107469170e-01
3.907350329192061378e-01
3.907603221504311608e-01
3.907811861289174904e-01
3.906920258151857506e-01
3.906524773491056313e-01
3.905927225163108307e-01
3.905371882413563034e-01
3.904576301574707031e-01
3.904901048854777512e-01
3.903575304307435601e-01
3.903219915534320572e-01
3.902344840921853630e-01
3.903280037798379509e-01
3.901875815109202561e-01
3.901553914735191864e-01
3.901850734102098595e-01
3.901407812771044425e-01
3.900774501656231186e-01
3.900365245185400398e-01
3.899552547617962661e-01
3.899396936360158272e-01
3.899301314040234390e-01
3.899219714497265121e-01
3.897878704102415992e-01
3.898256099537799058e-01
3.897292704174393219e-01
3.896972642917382323e-01
3.897028059551590484e-01
3.896718174219131470e-01
3.894634286039753701e-01
3.895623346692637656e-01
3.894693969111693299e-01
3.895146638939255279e-01
3.894426752077905785e-01
3.894460636534188835e-01
3.892916578211282341e-01
3.892466245513213075e-01
3.892044989686263001e-01
3.891516194531792205e-01
3.891393322693674217e-01
3.890283915557359307e-01
3.890555438242460640e-01
3.890453365288282783e-01
3.889882493960230003e-01
3.888978158172808341e-01
3.889598215096874978e-01
3.889286271051356492e-01
3.888583371513767983e-01
3.887265297143082665e-01
3.887789802331673705e-01
3.886706727115731286e-01
3.887566610386496979e-01
3.885699165494818641e-01
3.886413319330466187e-01
3.885064215252274078e-01
3.884982043191006484e-01
3.884997022779364539e-01
3.884793923873650634e-01
3.883207620758759582e-01
3.883799832118184914e-01
3.882782765124973556e-01
3.883009251011045326e-01
3.882361987703724648e-01
3.882411514457903556e-01
3.882457449247962433e-01
3.881204994885544823e-01
3.880736839614416511e-01
3.881094887068397004e-01
3.880476794744792679e-01
3.880128401674722283e-01
3.879651788033937065e-01
3.879701652024921676e-01
3.878956472403125022e-01
3.878722037923963417e-01
3.878960025153662117e-01
3.876940882519671616e-01
3.877763677584497581e-01
3.877549681224320977e-01
3.877244399566399657e-01
3.875193533144499214e-01
3.876481240517214988e-01
3.875934340451893112e-01
3.875757036240477515e-01
3.875603801325747666e-01
3.875216175066797386e-01
3.873840848866261788e-01
3.873823159619381729e-01
3.873039276192062896e-01
3.872839055563274124e-01
3.872409647232608054e-01
3.872276266154490165e-01
3.871123198615877281e-01
3.871458925698932907e-01
3.871933339457762635e-01
3.871502786090499360e-01
3.870326468819065835e-01
3.870710750159464530e-01
3.870406190031452920e-01
3.870565056016570527e-01
3.867878117843678298e-01
3.868549477897192390e-01
3.868127073112286873e-01
3.868354555023343910e-01
3.866979428812077346e-01
3.867811431225977592e-01
3.867353632261878449e-01
3.866008724036969491e-01
3.867681669561486291e-01
3.867429420351982117e-01
3.865638492923033631e-01
3.865309914475993369e-01
3.864839076995849609e-01
3.864839210322028595e-01
3.864655624094762154e-01
3.864300956851557944e-01
3.864446364735302231e-01
3.863727332730042541e-01
3.863279866544823693e-01
3.863014716066812126e-01
3.861384787841847244e-01
3.862706709064935295e-01
3.862776183768322769e-01
3.861386838712190239e-01
3.861069530248641968e-01
3.861474379112845856e-01
3.859067759231517014e-01
3.860571388351289879e-01
3.858853170746250894e-01
3.859735856715001412e-01
3.859970961746416740e-01
3.858520070973195382e-01
3.858972485912473549e-01
3.857893363425606292e-01
3.858731024359401962e-01
3.857794756952084847e-01
3.857592305070475791e-01
3.857353168882821648e-01
3.856522331112309243e-01
3.855470830672665383e-01
3.855698108673095703e-01
3.856131693250254844e-01
3.854805956545628853e-01
3.854423828030887345e-01
3.854176998138427734e-01
3.854843672168882240e-01
3.853656418229404190e-01
3.854003352554221107e-01
3.853350744435661834e-01
3.853799163510924775e-01
3.852812447830250564e-01
3.851596081727429177e-01
3.851559256252489738e-01
3.851417095253342193e-01
3.851695429337652077e-01
3.851365596055984497e-01
3.850886210014945465e-01
3.850471847935726943e-01
3.849948695615718064e-01
3.850447308076055397e-01
3.849944186053778084e-01
3.850722830546529640e-01
3.848429804569796775e-01
3.846842885801666778e-01
3.848388932253185013e-01
3.850143512612895225e-01
3.847300480855138649e-01
3.847977997441041076e-01
3.847203846824796547e-01
3.846509013521043907e-01
3.847240299770706695e-01
3.846049642092303489e-01
3.846390776728328964e-01
3.845634280066740907e-01
3.845617539788547257e-01
3.845242916753417450e-01
3.845422126744922897e-01
3.844741739724811813e-01
3.845103041906106078e-01
3.844754613543811539e-01
3.843560246260542823e-01
3.842163631006291213e-01
3.843507417722752395e-01
3.843497990777617890e-01
3.843028549300996910e-01
3.842935722909475715e-01
3.842226015894036339e-01
3.841786337526221229e-01
3.841888206569771813e-01
3.841047396785334800e-01
3.841319354741196679e-01
3.840541157283280937e-01
3.840411132887789902e-01
3.840459126390908806e-01
3.839376827603892539e-01
3.838035797602252219e-01
3.838077136560490432e-01
3.837866457669358300e-01
3.839988708496093750e-01
3.838817539967988579e-01
3.838092598475907891e-01
3.837865273419179268e-01
3.838285035208651719e-01
3.838955646282748435e-01
3.837733747143494689e-01
3.836247826877393075e-01
3.836335328064466865e-01
3.836815490534430939e-01
3.835089163560616576e-01
3.835400370390791847e-01
3.834788916926634705e-01
3.834942547898543275e-01
3.835526359708685828e-01
3.835009477640453079e-01
3.834393287175579812e-01
3.833829772315527351e-01
3.833738083117886331e-01
3.833904211458407096e-01
3.833656483574917617e-01
3.832257582168829835e-01
3.833147863808430977e-01
3.832249006158427451e-01
3.832587925227065040e-01
3.831197356707171653e-01
3.831889480352401733e-01
3.831745260640194717e-01
3.831603981946644089e-01
3.831364473229960654e-01
3.830242984389004013e-01
3.829504745571236657e-01
3.829664309558115654e-01
3.829799631708546426e-01
3.828797787427902222e-01
3.830751502200177017e-01
3.827769964149123627e-01
3.828714258576694229e-01
3.828544518665263352e-01
3.827594083390737922e-01
3.827199602597637917e-01
3.827399748720620720e-01
3.826524376084929902e-01
3.826673281820197059e-01
3.826864514695970665e-01
3.825896056859116601e-01
3.825399056077003479e-01
3.824969965376351921e-01
3.825602449084583023e-01
3.825473483455808510e-01
3.825507183608256034e-01
3.824758906113474022e-01
3.824383663503747033e-01
3.824615721639834098e-01
3.823379333081998177e-01
3.822982158315809120e-01
3.823699782553471871e-01
3.823474496603012085e-01
3.823162850580717476e-01
3.822889178991317749e-01
3.822636161195604454e-01
3.822704169311021416e-01
3.823347424990252708e-01
3.822232931852340698e-01
3.821171553511368835e-01
3.821123791368384315e-01
3.820429024727721168e-01
3.821370703609366370e-01
3.820076047589904267e-01
3.819340977229570000e-01
3.820541018718167092e-01
3.819783192716146858e-01
3.820049845074352524e-01
3.820415903863154106e-01
3.819332761984122193e-01
3.819593018607089219e-01
3.819366979755853264e-01
3.819019539575827515e-01
3.817906905161707054e-01
3.818327306132567323e-01
3.817786437116171272e-01
3.817434844217802437e-01
3.816867082526809174e-01
3.817727950058485420e-01
3.816031245024580909e-01
3.816734513169841025e-01
3.815600852433003731e-01
3.816979551001599136e-01
3.815520754770228562e-01
3.815577571329317741e-01
3.814444926224256904e-01
3.814679705782940689e-01
3.814777653468282570e-01
3.814638856994478355e-01
3.813870298235039757e-01
3.814229820119707237e-01
3.814410830014630105e-01
3.813614300207087693e-01
3.814172783964558389e-01
3.813464629806970208e-01
3.813383061634866844e-01
3.812595864659861777e-01
3.812697298432651261e-01
3.812623494549801650e-01
3.811920551877272523e-01
3.811721644903484085e-01
3.811578625126889053e-01
3.811991348078376252e-01
3.810736458552511086e-01
3.810961971941747017e-01
3.811684450820872483e-01
3.811232043724310792e-01
3.809722062004239906e-01
3.809563686188898735e-01
3.810091685307653298e-01
3.809244581743290725e-01
3.810027084852519730e-01
3.809636545024420173e-01
3.809018405644516991e-01
3.809257247730305496e-01
3.808005965853992203e-01
3.807613822190384911e-01
3.808397768359434998e-01
3.808148566045259087e-01
3.807931797284829223e-01
3.807191103696823120e-01
3.806795654328246070e-01
3.806722454334560135e-01
3.806566423491427598e-01
3.805507919506022629e-01
3.805383792833277878e-01
3.805593318845096329e-01
3.805842054517645789e-01
3.805244184638324478e-01
3.805965757683703599e-01
3.804896007242955513e-01
3.805269665623965958e-01
3.803827327332998665e-01
3.803811892867088318e-01
3.803494156975495422e-01
3.804203193438680519e-01
3.803571035203180961e-01
3.802781540312265007e-01
3.802643932009998062e-01
3.803241370539915955e-01
3.802427865172687271e-01
3.803356085952959709e-01
3.801513988720743309e-01
3.800957947969436646e-01
3.801887600045454896e-01
3.801421930915431235e-01
3.801236893785627236e-01
3.801072204583569314e-01
3.801285448042969750e-01
3.800183597363923638e-01
3.800719556839842750e-01
3.799711618768541466e-01
3.800451830029487610e-01
3.801266260837253830e-01
3.798851064945522049e-01
3.799406439065933228e-01
3.800177664348953765e-01
3.798814278684164436e-01
3.798981908904878746e-01
3.798199413638365662e-01
3.798974426953415917e-01
3.797747343778610229e-01
3.797411757864450066e-01
3.797375312761256394e-01
3.797795811766072061e-01
3.796941794847187301e-01
3.797279302226869713e-01
3.797111170072304809e-01
3.796977765466037491e-01
3.797213329296362794e-01
3.795809537956589264e-01
3.796412662455910247e-01
3.796027298820646156e-01
3.795456427492593376e-01
3.795472916803862007e-01
3.795777292628037536e-01
3.795566833332965073e-01
3.795441302813981621e-01
