1.051842105263157967e-02
1.851842105263157984e-02
2.366447368421052688e-02
2.797631578947368594e-02
3.202105263157895010e-02
3.600131578947368682e-02
3.931447368421052413e-02
4.334736842105263444e-02
4.716447368421052694e-02
5.114078947368420891e-02
5.546315789473683922e-02
5.971315789473684299e-02
6.483026315789473804e-02
6.951842105263157656e-02
7.498421052631579209e-02
8.087500000000000244e-02
8.633157894736842586e-02
9.246447368421052693e-02
9.858815789473683588e-02
1.048355263157894762e-01
1.109447368421052627e-01
1.169894736842105321e-01
1.234986842105263161e-01
1.292013157894736919e-01
1.347697368421052755e-01
1.406355263157894608e-01
1.458671052631578813e-01
1.519065789473684203e-01
1.567644736842105369e-01
1.619789473684210557e-01
1.669578947368421107e-01
1.716894736842105307e-01
1.768697368421052740e-01
1.817934210526315764e-01
1.863710526315789373e-01
1.910355263157894612e-01
1.957105263157894737e-01
1.998644736842105363e-01
2.044763157894736727e-01
2.085605263157894740e-01
2.126013157894736938e-01
2.169355263157894675e-01
2.209539473684210553e-01
2.247578947368421010e-01
2.285907894736842194e-01
2.323907894736842172e-01
2.359960526315789398e-01
2.395434210526315721e-01
2.432605263157894826e-01
2.464802631578947301e-01
2.499197368421052501e-01
2.529789473684210255e-01
2.562723684210526098e-01
2.596078947368420931e-01
2.623618421052631433e-01
2.658249999999999780e-01
2.687105263157894552e-01
2.713631578947368617e-01
2.745250000000000190e-01
2.770592105263157690e-01
2.802407894736841931e-01
2.826118421052631335e-01
2.852657894736841948e-01
2.878499999999999948e-01
2.905065789473684212e-01
2.932776315789473731e-01
2.956013157894736842e-01
2.976473684210526049e-01
3.004618421052631660e-01
3.023223684210526452e-01
3.049473684210526336e-01
3.070486842105263348e-01
3.091157894736842326e-01
3.111565789473684229e-01
3.136105263157894507e-01
3.155815789473684352e-01
3.171499999999999875e-01
3.196749999999999869e-01
3.216934210526316007e-01
3.232855263157894954e-01
3.253881578947368514e-01
3.271355263157894600e-01
3.289526315789473854e-01
3.302842105263157912e-01
3.324552631578947537e-01
3.339013157894736850e-01
3.355473684210526497e-01
3.377934210526316039e-01
3.390697368421052849e-01
3.407447368421052669e-01
3.425986842105263053e-01
3.440592105263157729e-01
3.457539473684210773e-01
3.468684210526316036e-01
3.483710526315789702e-01
3.497131578947368369e-01
3.513592105263158016e-01
3.528947368421052611e-01
3.539131578947368184e-01
3.554684210526316002e-01
3.568868421052631690e-01
3.583381578947368307e-01
3.595828947368421291e-01
3.608315789473684476e-01
3.623526315789473706e-01
3.631263157894736859e-01
3.642894736842105519e-01
3.659315789473684410e-01
3.667500000000000204e-01
3.678407894736842043e-01
3.693302631578947448e-01
3.702763157894736756e-01
3.715894736842105250e-01
3.726763157894736889e-01
3.737144736842105130e-01
3.748263157894736741e-01
3.759736842105262933e-01
3.768763157894736704e-01
3.781421052631578905e-01
3.793750000000000178e-01
3.799618421052631811e-01
3.808789473684210392e-01
3.822131578947368657e-01
3.828144736842105100e-01
3.836289473684210694e-01
3.854263157894736724e-01
3.860052631578947402e-01
3.869526315789473814e-01
3.878526315789473933e-01
3.886986842105263351e-01
3.894526315789473836e-01
3.908552631578947612e-01
3.915276315789473771e-01
3.922657894736842343e-01
3.933684210526315894e-01
3.943381578947368626e-01
3.946355263157894644e-01
3.955960526315789316e-01
3.964710526315789463e-01
3.970881578947368373e-01
3.982223684210526304e-01
3.990986842105262999e-01
3.998960526315789576e-01
4.005776315789473796e-01
4.019131578947368610e-01
4.023092105263157969e-01
4.030763157894736715e-01
4.042118421052631749e-01
4.048131578947368192e-01
4.056381578947368394e-01
4.059789473684210503e-01
4.068065789473684357e-01
4.074342105263157876e-01
4.082513157894736566e-01
4.090276315789473927e-01
4.096986842105262983e-01
4.104736842105263239e-01
4.110421052631578753e-01
4.117631578947368309e-01
4.122684210526315618e-01
4.128894736842105284e-01
4.138763157894737033e-01
4.145789473684210469e-01
4.147947368421052716e-01
4.155868421052631434e-01
4.160578947368421265e-01
4.169236842105263352e-01
4.177565789473683955e-01
4.183421052631579040e-01
4.191407894736842166e-01
4.195302631578947117e-01
4.201947368421052875e-01
4.208276315789473698e-01
4.210236842105263277e-01
4.216526315789473900e-01
4.221723684210526573e-01
4.229249999999999954e-01
4.232842105263157628e-01
4.242710526315789377e-01
4.245236842105263309e-01
4.253421052631579102e-01
4.257907894736842058e-01
4.265407894736842342e-01
4.270092105263157967e-01
4.273842105263158109e-01
4.280855263157894997e-01
4.286421052631578799e-01
4.291447368421052455e-01
4.296381578947368607e-01
4.300342105263157966e-01
4.309092105263158112e-01
4.311960526315789521e-01
4.316473684210526129e-01
4.318197368421052840e-01
4.329223684210526391e-01
4.329013157894736619e-01
4.335434210526316057e-01
4.343434210526315731e-01
4.347473684210526046e-01
4.355605263157894536e-01
4.357315789473684142e-01
4.360105263157894595e-01
4.364776315789473671e-01
4.367500000000000271e-01
4.376986842105263231e-01
4.383013157894736778e-01
4.387815789473684114e-01
4.392210526315789565e-01
4.394407894736842013e-01
4.398552631578947492e-01
4.401013157894737016e-01
4.405236842105262896e-01
4.409657894736841999e-01
4.417552631578947619e-01
4.421381578947368163e-01
4.424578947368421056e-01
4.432289473684210557e-01
4.428763157894736735e-01
4.440315789473684438e-01
4.446907894736842337e-01
4.448289473684210460e-01
4.451447368421052597e-01
4.452986842105263188e-01
4.457157894736842318e-01
4.462013157894736959e-01
4.465144736842105444e-01
4.468473684210526042e-01
4.477697368421052482e-01
4.481815789473684308e-01
4.482881578947368606e-01
4.486131578947368248e-01
4.490092105263158162e-01
4.493394736842105108e-01
4.496855263157894522e-01
4.502644736842105200e-01
4.505013157894736664e-01
4.505894736842105397e-01
4.510776315789473689e-01
4.515302631578947401e-01
4.522026315789473561e-01
4.523263157894736874e-01
4.527394736842105250e-01
4.531684210526315537e-01
4.535605263157894695e-01
4.540789473684210265e-01
4.539013157894736805e-01
4.545618421052631808e-01
4.551605263157894599e-01
4.554289473684210443e-01
4.554881578947368448e-01
4.557723684210526205e-01
4.566052631578947363e-01
4.566302631578947335e-01
4.570618421052631830e-01
4.571434210526315600e-01
4.578539473684210548e-01
4.581526315789473669e-01
4.584618421052631398e-01
4.587355263157894547e-01
4.591881578947368259e-01
4.592013157894737074e-01
4.593236842105263285e-01
4.600421052631579188e-01
4.602473684210526272e-01
4.606355263157894675e-01
4.607381578947368217e-01
4.612421052631578977e-01
4.615105263157894822e-01
4.614868421052631398e-01
4.621934210526315590e-01
4.622236842105263421e-01
4.630907894736842056e-01
4.629907894736842167e-01
4.636526315789473718e-01
4.640815789473684005e-01
4.646250000000000102e-01
4.640131578947368496e-01
4.646447368421052770e-01
4.650052631578947548e-01
4.653631578947368674e-01
4.656026315789473791e-01
4.660223684210526574e-01
4.662473684210526326e-01
4.666618421052631804e-01
4.669749999999999734e-01
4.669631578947368578e-01
4.671223684210526472e-01
4.671644736842105461e-01
4.675236842105263135e-01
4.679118421052631538e-01
4.686039473684210366e-01
4.685250000000000248e-01
4.687828947368420929e-01
4.692144736842105424e-01
4.695131578947368545e-01
4.698526315789473551e-01
4.703934210526315995e-01
4.702539473684210769e-01
4.709342105263157885e-01
4.709052631578947157e-01
4.710815789473684068e-01
4.713565789473684320e-01
4.715421052631578736e-01
4.720657894736842164e-01
4.726263157894736722e-01
4.722986842105263428e-01
4.731434210526315742e-01
4.732513157894736588e-01
4.732565789473684448e-01
4.737039473684210300e-01
4.739315789473684259e-01
4.739894736842105161e-01
4.742526315789473701e-01
4.743276315789473618e-01
4.751500000000000168e-01
4.750644736842105087e-01
4.754710526315789609e-01
4.754013157894736996e-01
4.759355263157894478e-01
4.760460526315789531e-01
4.763342105263158044e-01
4.765092105263157851e-01
4.769894736842105187e-01
4.770763157894736817e-01
4.772552631578947380e-01
4.771644736842104995e-01
4.779078947368420871e-01
4.784434210526316011e-01
4.781723684210526515e-01
4.784447368421052560e-01
4.786657894736842112e-01
4.789092105263157984e-01
4.790421052631578802e-01
4.789894736842105205e-01
4.792802631578947370e-01
4.797118421052631310e-01
4.802092105263157662e-01
4.803921052631578981e-01
4.804539473684210638e-01
4.808868421052631681e-01
4.806092105263157777e-01
4.812342105263157643e-01
4.816236842105263150e-01
4.815868421052631465e-01
4.817907894736842001e-01
4.821776315789473855e-01
4.822447368421052816e-01
4.820999999999999730e-01
4.824039473684210710e-01
4.828078947368421026e-01
4.830302631578947126e-01
4.832657894736842041e-01
4.835263157894736930e-01
4.837539473684210334e-01
4.838960526315789212e-01
4.843118421052631795e-01
4.844842105263157950e-01
4.847184210526315762e-01
4.853763157894737112e-01
4.848381578947368320e-01
4.850223684210526187e-01
4.858421052631579085e-01
4.858157894736842008e-01
4.859973684210526224e-01
4.866249999999999742e-01
4.865302631578947157e-01
4.863789473684210773e-01
4.868592105263158110e-01
4.871026315789473426e-01
4.868750000000000022e-01
4.874631578947368205e-01
4.877276315789473848e-01
4.876289473684210507e-01
4.881736842105263152e-01
4.882105263157894837e-01
4.881973684210526576e-01
4.880828947368421322e-01
4.887960526315789367e-01
4.891855263157894873e-01
4.894894736842105298e-01
4.893894736842105408e-01
4.895407894736842347e-01
4.893618421052631784e-01
4.902302631578947523e-01
4.900276315789473536e-01
4.901539473684210502e-01
4.900618421052631568e-01
4.904223684210526346e-01
4.906355263157894941e-01
4.913736842105262959e-01
4.913223684210526465e-01
4.910973684210526158e-01
4.915381578947368157e-01
4.919513157894737088e-01
4.914078947368420991e-01
4.916868421052631444e-01
4.922368421052631393e-01
4.927565789473684066e-01
4.926868421052631453e-01
4.927381578947368501e-01
4.928828947368421032e-01
4.930894736842105219e-01
4.934894736842105334e-01
4.931131578947368643e-01
4.930947368421052524e-01
4.938894736842105448e-01
4.939723684210526322e-01
4.942539473684210427e-01
4.942315789473684107e-01
4.940868421052631576e-01
4.945907894736842336e-01
4.949802631578947287e-01
4.952407894736842175e-01
4.953618421052631837e-01
4.956434210526315942e-01
4.953907894736842010e-01
4.958065789473684037e-01
4.958736842105262999e-01
4.959447368421052715e-01
4.961513157894736903e-01
4.966171052631578875e-01
4.963315789473684014e-01
4.965092105263158029e-01
4.969394736842105420e-01
4.969000000000000083e-01
4.972657894736842166e-01
4.974144736842105452e-01
4.979342105263158125e-01
4.978789473684210320e-01
4.975407894736841863e-01
4.979986842105263434e-01
4.979171052631579109e-01
4.980276315789473607e-01
4.984986842105262883e-01
4.989921052631579035e-01
4.985868421052631616e-01
4.992776315789473895e-01
4.990131578947368252e-01
4.990907894736842376e-01
4.995671052631578957e-01
4.995171052631579012e-01
4.994500000000000051e-01
4.997223684210526096e-01
4.998407894736842105e-01
5.003723684210525935e-01
5.004934210526316152e-01
5.005052631578947864e-01
5.002368421052632019e-01
5.004789473684210233e-01
5.009710526315789281e-01
5.007907894736841614e-01
5.009815789473683889e-01
5.015276315789474193e-01
5.018223684210526558e-01
5.017855263157894319e-01
5.014934210526316161e-01
5.018394736842105575e-01
5.022250000000000325e-01
5.019052631578947432e-01
5.024815789473684458e-01
5.021473684210526756e-01
5.022263157894736318e-01
5.026263157894736988e-01
5.029157894736842049e-01
5.029000000000000137e-01
5.029947368421052722e-01
5.032407894736842247e-01
5.030552631578947276e-01
5.036302631578947198e-01
5.032328947368420735e-01
5.039157894736842058e-01
5.040131578947368851e-01
5.042302631578947647e-01
5.044842105263157572e-01
5.046736842105262744e-01
5.045513157894736533e-01
5.044355263157894731e-01
5.048434210526315802e-01
5.052447368421052465e-01
5.047184210526315384e-01
5.049328947368421083e-01
5.054381578947368947e-01
5.057131578947368089e-01
5.060921052631578432e-01
5.055671052631578455e-01
5.060828947368420927e-01
5.059526315789473205e-01
5.060368421052631183e-01
5.066131578947368208e-01
5.059776315789473733e-01
5.064236842105263037e-01
5.068552631578947532e-01
5.065934210526316095e-01
5.066460526315789137e-01
5.069736842105263541e-01
5.073276315789473356e-01
5.077960526315788981e-01
5.074697368421052790e-01
5.074447368421052262e-01
5.075828947368421495e-01
5.077065789473683699e-01
5.078947368421052877e-01
5.077276315789474026e-01
5.080394736842105408e-01
5.081184210526316081e-01
5.081618421052631618e-01
5.082618421052631508e-01
5.084671052631578592e-01
5.090828947368420954e-01
5.087421052631578844e-01
5.089289473684210918e-01
5.091763157894736436e-01
5.091039473684210170e-01
5.094986842105263536e-01
5.094710526315789911e-01
5.093907894736842135e-01
5.096789473684210092e-01
5.095960526315789219e-01
5.095157894736842552e-01
5.097118421052632131e-01
5.102368421052632108e-01
5.103934210526315240e-01
5.102342105263157901e-01
5.106052631578947842e-01
5.104710526315789920e-01
5.108407894736841648e-01
5.109144736842105017e-01
5.110381578947368331e-01
5.112473684210526725e-01
5.114592105263158217e-01
5.116855263157894518e-01
5.115868421052631732e-01
5.117118421052631039e-01
5.120763157894736572e-01
5.119394736842105553e-01
5.121868421052631071e-01
5.117605263157894990e-01
5.116078947368420948e-01
5.118368421052631456e-01
5.120118421052631819e-01
5.123565789473684129e-01
5.124828947368420540e-01
5.118236842105262641e-01
5.126907894736841831e-01
5.128973684210526018e-01
5.128855263157894306e-01
5.130368421052631245e-01
5.130671052631579077e-01
5.132934210526315377e-01
5.133723684210526050e-01
5.135078947368421076e-01
5.135644736842105429e-01
5.134421052631579219e-01
5.140828947368420998e-01
5.139197368421052348e-01
5.140394736842105461e-01
5.141921052631578393e-01
5.142447368421052545e-01
5.145302631578947405e-01
5.140539473684210270e-01
5.145671052631578535e-01
5.148131578947368059e-01
5.149605263157894797e-01
5.148934210526315836e-01
5.150223684210526454e-01
5.151723684210526288e-01
5.152460526315789657e-01
5.150013157894737237e-01
5.154684210526315757e-01
5.154210526315790020e-01
5.152460526315789657e-01
5.154473684210526541e-01
5.158631578947368013e-01
5.159684210526316317e-01
5.158842105263158340e-01
5.162065789473684330e-01
5.164118421052631414e-01
5.164131578947368517e-01
5.163736842105263181e-01
5.162973684210526715e-01
5.169500000000000206e-01
5.160868421052631216e-01
5.170000000000000151e-01
5.167921052631578860e-01
5.168105263157894980e-01
5.167368421052631611e-01
5.172315789473683756e-01
5.171118421052631753e-01
5.178144736842105189e-01
5.177868421052631565e-01
5.177000000000000490e-01
5.173565789473684173e-01
5.179315789473684095e-01
5.174526315789473863e-01
5.177736842105262749e-01
5.175486842105263552e-01
5.182381578947368173e-01
5.181394736842105386e-01
5.182552631578947189e-01
5.188592105263157839e-01
5.185184210526315729e-01
5.185973684210526402e-01
5.187315789473684324e-01
5.186842105263157476e-01
5.189328947368421208e-01
5.190618421052631826e-01
5.190407894736842609e-01
5.191355263157895195e-01
5.189907894736841554e-01
5.194684210526315793e-01
5.192723684210526214e-01
5.192592105263157398e-01
5.198605263157894951e-01
5.197657894736842366e-01
5.200157894736842090e-01
5.199684210526315242e-01
5.196789473684210181e-01
5.200381578947368411e-01
5.203750000000000320e-01
5.203328947368420776e-01
5.203934210526315329e-01
5.209605263157894850e-01
5.204921052631579226e-01
5.203631578947368608e-01
5.206236842105262941e-01
5.208315789473684232e-01
5.208236842105262721e-01
5.210802631578946853e-01
5.206789473684210190e-01
5.210210526315789403e-01
5.211999999999999966e-01
5.213776315789473426e-01
5.213789473684210529e-01
5.211355263157895212e-01
5.214197368421052969e-01
5.215223684210525956e-01
5.215750000000000108e-01
5.215223684210525956e-01
5.220460526315789940e-01
5.217368421052631655e-01
5.217934210526316008e-01
5.222605263157894528e-01
5.219144736842105115e-01
5.227565789473683777e-01
5.221565789473684438e-01
5.226921052631579023e-01
5.225473684210526493e-01
5.223052631578947169e-01
5.224947368421052341e-01
5.228342105263157347e-01
5.230302631578946926e-01
5.227815789473684305e-01
5.230815789473683974e-01
5.228657894736842282e-01
5.232447368421052625e-01
5.233999999999999764e-01
5.231026315789473191e-01
5.235421052631579197e-01
5.232144736842104793e-01
5.236250000000000071e-01
5.236065789473683951e-01
5.239197368421052436e-01
5.239368421052631453e-01
5.238815789473684204e-01
5.237421052631578977e-01
5.239407894736841653e-01
5.237973684210526226e-01
5.243276315789473507e-01
5.240697368421052271e-01
5.243381578947368116e-01
5.242526315789474145e-01
5.244842105263157750e-01
5.242671052631578954e-01
5.249315789473684157e-01
5.246644736842105416e-01
5.250618421052631879e-01
5.250513157894737271e-01
5.248789473684210005e-01
5.251210526315789329e-01
5.250263157894736743e-01
5.251973684210525795e-01
5.256302631578947393e-01
5.254342105263157814e-01
5.255328947368420600e-01
5.257644736842105315e-01
5.256802631578947338e-01
5.260249999999999648e-01
5.255894736842104953e-01
5.253210526315789108e-01
5.259500000000000286e-01
5.262144736842104820e-01
5.262618421052631668e-01
5.259921052631578720e-01
5.264144736842105710e-01
5.259934210526315823e-01
5.265644736842105544e-01
5.263815789473683671e-01
5.262486842105262852e-01
5.267013157894736564e-01
5.266407894736842010e-01
5.271723684210526395e-01
5.266539473684210826e-01
5.268552631578947709e-01
5.267986842105263356e-01
5.266026315789473777e-01
5.268881578947368638e-01
5.272171052631579036e-01
5.271736842105263499e-01
5.275486842105263641e-01
5.272499999999999964e-01
5.276013157894736683e-01
5.274828947368420673e-01
5.273868421052632094e-01
5.273157894736841822e-01
5.274802631578947576e-01
5.279289473684209977e-01
5.276815789473684459e-01
5.282697368421052087e-01
5.279118421052632071e-01
5.278605263157895022e-01
5.284723684210526073e-01
5.283144736842104727e-01
5.283723684210526184e-01
5.282394736842105365e-01
5.284447368421052449e-01
5.282144736842104837e-01
5.284078947368421320e-01
5.287223684210525798e-01
5.283907894736842303e-01
5.285026315789473905e-01
5.287986842105263374e-01
5.288039473684210678e-01
5.291552631578947397e-01
5.292342105263158070e-01
5.289473684210526105e-01
5.290092105263157762e-01
5.291842105263158125e-01
5.291342105263158180e-01
5.294526315789473969e-01
5.292078947368421549e-01
5.297355263157894623e-01
5.293736842105263296e-01
5.295355263157894843e-01
5.297013157894736590e-01
5.296947368421052182e-01
5.298039473684210687e-01
5.298631578947368137e-01
5.296776315789473166e-01
5.300381578947368499e-01
5.299802631578947043e-01
5.302605263157894600e-01
5.300013157894737370e-01
5.301355263157894182e-01
5.303723684210526201e-01
5.299421052631578810e-01
5.307868421052631680e-01
5.300934210526315749e-01
5.304513157894736874e-01
5.311105263157894774e-01
5.312368421052631184e-01
5.306013157894736709e-01
5.309894736842105667e-01
5.311618421052631822e-01
5.311486842105263007e-01
5.307105263157895214e-01
5.308894736842105777e-01
5.311092105263157670e-01
5.309368421052631515e-01
5.312157894736841968e-01
5.313947368421052531e-01
5.314526315789473987e-01
5.315999999999999615e-01
5.316907894736842000e-01
5.315513157894736773e-01
5.313644736842105809e-01
5.316723684210525880e-01
5.318605263157895058e-01
5.316986842105263511e-01
5.318486842105263346e-01
5.321434210526315711e-01
5.320407894736841614e-01
5.316171052631578631e-01
5.324592105263158404e-01
5.328210526315789730e-01
5.320881578947368462e-01
5.319671052631579355e-01
5.325999999999999623e-01
5.320657894736842142e-01
5.327749999999999986e-01
5.328842105263157380e-01
5.323539473684210099e-01
5.328210526315789730e-01
5.324947368421052429e-01
5.329460526315789037e-01
5.328289473684210131e-01
5.326394736842104960e-01
5.329723684210526669e-01
5.329263157894736924e-01
5.328052631578947818e-01
5.332934210526315555e-01
5.333315789473683788e-01
5.334802631578947629e-01
5.335302631578947574e-01
5.331289473684210911e-01
5.337710526315789794e-01
5.334710526315789014e-01
5.331552631578947432e-01
5.336315789473684568e-01
5.339802631578947079e-01
5.337394736842104859e-01
5.336526315789473784e-01
5.339263157894736933e-01
5.337789473684210195e-01
5.340223684210526622e-01
5.338855263157894493e-01
5.343526315789474124e-01
5.343947368421052557e-01
5.344565789473684214e-01
5.342000000000000082e-01
5.342039473684210282e-01
5.341605263157894745e-01
5.343144736842104781e-01
5.343052631578947276e-01
5.342486842105262923e-01
5.340776315789473871e-01
5.346605263157894194e-01
5.347776315789474211e-01
5.347473684210526379e-01
5.348368421052631660e-01
5.346302631578947473e-01
5.348815789473684301e-01
5.348368421052631660e-01
5.350000000000000311e-01
5.345986842105263648e-01
5.352842105263158068e-01
5.354763157894736336e-01
5.353986842105262767e-01
5.349736842105262680e-01
5.350710526315789473e-01
5.352210526315789307e-01
5.350539473684210456e-01
5.359447368421053071e-01
5.352263157894736612e-01
5.359249999999999847e-01
5.353697368421053149e-01
5.353394736842105317e-01
5.357539473684210796e-01
5.355039473684211071e-01
5.357947368421052126e-01
5.360644736842105074e-01
5.359434210526315967e-01
5.360302631578947041e-01
5.362013157894737203e-01
5.353644736842104734e-01
5.362131578947368915e-01
5.358842105263157407e-01
5.362013157894737203e-01
5.365750000000000242e-01
5.364105263157894488e-01
5.362092105263157604e-01
5.364197368421053103e-01
5.364328947368420808e-01
5.367539473684210805e-01
5.365526315789473921e-01
5.368789473684210112e-01
5.368592105263157999e-01
5.369000000000000439e-01
5.366263157894737290e-01
5.366315789473684594e-01
5.371802631578946885e-01
5.371894736842105500e-01
5.368368421052631678e-01
5.371921052631578597e-01
5.370434210526315866e-01
5.371973684210525901e-01
5.374342105263157920e-01
5.369236842105262753e-01
5.372868421052631183e-01
5.378184210526315567e-01
5.375921052631579267e-01
5.370355263157894354e-01
5.371776315789473788e-01
5.376118421052631380e-01
5.376460526315789412e-01
5.378802631578947224e-01
5.378302631578947279e-01
5.380947368421052923e-01
5.381605263157894781e-01
5.379289473684210066e-01
5.378118421052631160e-01
5.379052631578947752e-01
5.378539473684210703e-01
5.383513157894737056e-01
5.380171052631579354e-01
5.377552631578947917e-01
5.381881578947368405e-01
5.383210526315789224e-01
5.379434210526315985e-01
5.382210526315789334e-01
5.383236842105263431e-01
5.384999999999999787e-01
5.383447368421052648e-01
5.387434210526316214e-01
5.385223684210526107e-01
5.389368421052631586e-01
5.386105263157894285e-01
5.390118421052632058e-01
5.387105263157895285e-01
5.387434210526316214e-01
5.392671052631579087e-01
5.388565789473683809e-01
5.389355263157894482e-01
5.388144736842105376e-01
5.390763157894736812e-01
5.393171052631579032e-01
5.389289473684210074e-01
5.390881578947368524e-01
5.392157894736842039e-01
5.391894736842105518e-01
5.393539473684210162e-01
5.394052631578947210e-01
5.395157894736841708e-01
5.392947368421052712e-01
5.397144736842105495e-01
5.391013157894737340e-01
5.397578947368421032e-01
5.398763157894737041e-01
5.394460526315789650e-01
5.396171052631578702e-01
5.398078947368420977e-01
5.396999999999999575e-01
5.400394736842105692e-01
5.394302631578947738e-01
5.399434210526316003e-01
5.398315789473684401e-01
5.396499999999999631e-01
5.399842105263158443e-01
5.399644736842105219e-01
5.401921052631578624e-01
5.401828947368421119e-01
5.399171052631579482e-01
5.403250000000000552e-01
5.400276315789473980e-01
5.404144736842104724e-01
5.406605263157894248e-01
5.405552631578947054e-01
5.405026315789474012e-01
5.406986842105263591e-01
5.407578947368421041e-01
5.407499999999999529e-01
5.406513157894736743e-01
5.409118421052631076e-01
5.405921052631579293e-01
5.409710526315789636e-01
5.406197368421052918e-01
5.411421052631578688e-01
5.410697368421052422e-01
5.412552631578947393e-01
5.408078947368420986e-01
5.408210526315789801e-01
5.411315789473684079e-01
5.414342105263157956e-01
5.411710526315789416e-01
5.415302631578947645e-01
5.414828947368420797e-01
5.419684210526315438e-01
5.416013157894736807e-01
5.413776315789473603e-01
5.416144736842105623e-01
5.416236842105263127e-01
5.418657894736842451e-01
5.418250000000000011e-01
5.414105263157894532e-01
5.414868421052632108e-01
5.418631578947368244e-01
5.416776315789473273e-01
5.412907894736842529e-01
5.422118421052631865e-01
5.421013157894737367e-01
5.419223684210526804e-01
5.421684210526316328e-01
5.420618421052632030e-01
5.421092105263157768e-01
5.419855263157894454e-01
5.421618421052631920e-01
5.424960526315789622e-01
5.421000000000000263e-01
5.420394736842105710e-01
5.424960526315789622e-01
5.424013157894737036e-01
5.423776315789473612e-01
5.423276315789473667e-01
5.422960526315789842e-01
5.427986842105263499e-01
5.427513157894736651e-01
5.424302631578947764e-01
5.426013157894736816e-01
5.425697368421052991e-01
5.427473684210526450e-01
5.426355263157894848e-01
5.428118421052631204e-01
