6.747725511852064040e-01
6.396025105526572663e-01
6.147321148922568756e-01
5.955157797587545820e-01
5.788710462419610625e-01
5.633268622975600159e-01
5.482184353627657103e-01
5.332269982287758392e-01
5.183234199097281891e-01
5.035070376960855132e-01
4.888962930754611191e-01
4.745479030044455482e-01
4.606600960618571494e-01
4.471835148961920692e-01
4.342575175197501136e-01
4.219299123475426239e-01
4.101564146970447799e-01
3.989598970664174904e-01
3.883890007671557121e-01
3.782952498448522438e-01
3.687569561757539360e-01
3.597270438545628335e-01
3.512683714690961190e-01
3.431890669621919243e-01
3.355948862276579292e-01
3.284282582370858239e-01
3.216872740732996117e-01
3.153773875612961852e-01
3.093727717274113442e-01
3.037103257681194046e-01
2.983529167739968346e-01
2.933491970363416024e-01
2.885908664841401183e-01
2.841147592193202231e-01
2.798948342862881966e-01
2.758936144803699753e-01
2.720945736295298789e-01
2.685120372395766175e-01
2.650823404914454673e-01
2.618478850314491790e-01
2.588172202047548942e-01
2.559189129816858421e-01
2.531269137796602897e-01
2.505373397940083291e-01
2.480146018298048649e-01
2.455969119542523449e-01
2.433777122121108250e-01
2.411725430896407563e-01
2.390628908025591026e-01
2.370857400329489384e-01
2.351663253809276322e-01
2.333458015008976483e-01
2.316003731991115311e-01
2.299224400990887707e-01
2.282457410504943329e-01
2.266602967130510460e-01
2.251362522181711567e-01
2.237280775841913594e-01
2.222946694022730763e-01
2.209247162467554981e-01
2.196011535431209305e-01
2.183511096395944207e-01
2.171459499942628990e-01
2.159706467860623424e-01
2.147848798256171421e-01
2.137250672829778542e-01
2.125997849200901291e-01
2.115492691334925068e-01
2.105364811263586433e-01
2.095357979598798381e-01
2.085672016990812172e-01
2.076712164439653008e-01
2.067634973086808770e-01
2.058725913888529713e-01
2.049848511815071106e-01
2.041607118750873306e-01
2.034474830878408302e-01
2.025452240517264801e-01
2.017842848834238423e-01
2.010583732473222862e-01
2.003487964209757222e-01
1.995470755194362900e-01
1.989014376150934349e-01
1.982614429373490139e-01
1.975766326251783001e-01
1.969261847828563949e-01
1.962504892757064301e-01
1.956203176002753452e-01
1.950299563376527157e-01
1.943980804399440265e-01
1.938380912730568451e-01
1.933280484456764980e-01
1.927468259083597313e-01
1.921301158635239925e-01
1.916028120015796921e-01
1.911064613806573997e-01
1.905740875946848045e-01
1.900405624979420727e-01
1.895573782293420162e-01
1.891300639039591724e-01
1.886861763502422074e-01
1.881529163373144020e-01
1.877074908269079079e-01
1.872475998182045742e-01
1.867679510461656700e-01
1.863660059477153519e-01
1.859754727859246060e-01
1.855786258452817028e-01
1.851359707744497929e-01
1.847087093874027752e-01
1.842925062305048878e-01
1.839498030511956539e-01
1.835302185071142067e-01
1.831728886616857399e-01
1.828087819250006352e-01
1.824352902017141731e-01
1.820771231463080841e-01
1.817759032312192546e-01
1.814069806745177704e-01
1.810158279381300361e-01
1.807386816332214874e-01
1.804187317427835835e-01
1.800964608004218537e-01
1.797968058993941742e-01
1.794507593700760406e-01
1.790986606164982342e-01
1.788276402573836521e-01
1.785461251672945393e-01
1.782977208495140076e-01
1.779096624568889118e-01
1.776084194057866161e-01
1.773276889794751232e-01
1.770771059550736992e-01
1.768062059816561116e-01
1.765448858863429005e-01
1.763283441725530254e-01
1.760139896681434113e-01
1.757266984174126190e-01
1.755059910447973881e-01
1.753022306059536239e-01
1.750058880762050129e-01
1.747084910932340251e-01
1.744916305730217498e-01
1.742489557517202248e-01
1.740230486581200164e-01
1.738669409563666779e-01
1.735834730298895512e-01
1.733165975464017738e-01
1.730802749332628621e-01
1.728654233248610173e-01
1.727130248358375031e-01
1.724216761557679500e-01
1.722720810457279705e-01
1.720353580619159439e-01
1.718061189902456154e-01
1.715878765834005226e-01
1.714081168174743652e-01
1.711990299977754204e-01
1.710592880845069885e-01
1.708375313564350628e-01
1.706170902440422577e-01
1.704360517232041683e-01
1.701876917167713665e-01
1.700288900419285321e-01
1.698266154057101185e-01
1.697537883331901032e-01
1.695448987578090927e-01
1.693900149119527687e-01
1.692084615167818440e-01
1.690487077361658985e-01
1.688494156850011696e-01
1.686758583313540394e-01
1.684449781712732686e-01
1.683340821611253868e-01
1.681850505502600346e-01
1.679931733953325401e-01
1.678581814232625591e-01
1.676189554365057621e-01
1.674457917872228252e-01
1.673713424488117718e-01
1.671909870285736843e-01
1.670471861174231964e-01
1.668793112039566040e-01
1.668051073425694530e-01
1.665866210272437531e-01
1.664705205904810081e-01
1.663538413612466182e-01
1.661890396162083172e-01
1.660413949897414643e-01
1.659002664842103569e-01
1.657253766530438488e-01
1.656232142918988293e-01
1.654817144337453472e-01
1.653016378220758809e-01
1.652303106690707901e-01
1.650638219557310493e-01
1.649138425525865925e-01
1.647972480246895355e-01
1.646224581881573223e-01
1.645329731859658806e-01
1.644027503697495785e-01
1.642298949392218266e-01
1.641301355863872269e-01
1.640315557781018840e-01
1.639872322741307842e-01
1.638154309046895851e-01
1.636807593075852718e-01
1.635501157296331276e-01
1.634280940419749195e-01
1.632918044924736023e-01
1.632510694233994808e-01
1.631566701751006321e-01
1.629718240154416908e-01
1.628497689962387085e-01
1.627114121066896568e-01
1.626196029154877987e-01
1.624532730171555084e-01
1.623937271927532455e-01
1.623080651226796733e-01
1.622366505233865108e-01
1.621233695431759381e-01
1.619818771356030529e-01
1.618882739230206036e-01
1.618627462732164513e-01
1.617543124838879132e-01
1.615852886124660992e-01
1.615653826217902378e-01
1.614646723395899708e-01
1.612408486636061344e-01
1.612033926342663070e-01
1.611354174582581844e-01
1.610020536341165154e-01
1.608537168879257961e-01
1.608342061701573955e-01
1.607402276835943611e-01
1.606494266735880028e-01
1.604895991714377079e-01
1.603734261895480850e-01
1.603786553207196819e-01
1.602860795039879604e-01
1.601891035312100475e-01
1.600839495658874512e-01
1.599925517251616913e-01
1.599557227209994770e-01
1.598791954548735295e-01
1.597951274169118752e-01
1.596244204985468040e-01
1.595220906954062656e-01
1.594364031365043122e-01
1.593823899563990010e-01
1.593234460604818215e-01
1.591753959655761719e-01
1.591169540035097252e-01
1.590129866411811310e-01
1.589418049705655922e-01
1.589081824610107940e-01
1.588478355031264500e-01
1.586747232236360161e-01
1.586530310542959843e-01
1.586352845555857594e-01
1.585179081088618214e-01
1.584092409987198635e-01
1.583663962389293411e-01
1.582825819128438061e-01
1.582216675344266521e-01
1.581502764632827240e-01
1.580199854154335781e-01
1.579461372212359882e-01
1.578973472902649444e-01
1.578455681079312389e-01
1.577699788306888840e-01
1.576660781314498383e-01
1.576140989598474873e-01
1.574916243553161621e-01
1.574344352671974701e-01
1.574288704677631878e-01
1.572948894218394733e-01
1.572512352937146252e-01
1.572050213029509980e-01
1.571141865692640693e-01
1.571131725060312401e-01
1.570835689965047466e-01
1.568784439250042462e-01
1.568344717747286732e-01
1.567325713603120174e-01
1.567151150421092487e-01
1.565897754932704666e-01
1.565593751637559261e-01
1.564555360298407749e-01
1.564020318420309696e-01
1.564561254099795795e-01
1.564002589959847256e-01
1.562959336136516830e-01
1.561747114909322609e-01
1.561793092834322105e-01
1.561166361758583587e-01
1.560187551536058037e-01
1.559613660762184661e-01
1.558580571099331402e-01
1.558292763013588711e-01
1.557207644770020050e-01
1.557229102442139190e-01
1.556438952684402466e-01
1.555395259668952423e-01
1.555410113773847969e-01
1.555455225078683223e-01
1.555046552890225475e-01
1.553640604803436798e-01
1.553208051543486790e-01
1.551968749416501869e-01
1.551118100944318401e-01
1.551580170267506664e-01
1.550612351612040973e-01
1.549909306984198765e-01
1.550392783001849628e-01
1.549789854570438885e-01
1.548312184842009220e-01
1.547879431592790733e-01
1.547060561807531986e-01
1.546828389952057403e-01
1.546904660369220474e-01
1.545719508277742515e-01
1.545072256734496552e-01
1.544302043161894233e-01
1.544214102782701104e-01
1.543513081575694779e-01
1.543295093272861740e-01
1.542711963779047901e-01
1.542567896999810784e-01
1.541978948210415146e-01
1.541227819888215389e-01
1.540269808549629971e-01
1.539638701238130181e-01
1.540109354414437859e-01
1.539306177904731232e-01
1.538856194207542938e-01
1.538067044396149441e-01
1.537650325580647015e-01
1.537152595425906876e-01
1.537005622920236958e-01
1.536472624069765980e-01
1.535528251215031170e-01
1.535039230396872956e-01
1.534332778108747353e-01
1.534196679529390706e-01
1.533788772005783840e-01
1.533070092922762806e-01
1.533333192530431377e-01
1.532549026765321343e-01
1.532710523981797024e-01
1.532117818531237019e-01
1.532035230805999237e-01
1.531390716370783223e-01
1.530198529362678528e-01
1.529892330106935872e-01
1.529522259768686665e-01
1.529086738040572602e-01
1.528976932168006897e-01
1.528313457965850830e-01
1.526821902708003498e-01
1.527179448228133396e-01
1.526715253528795613e-01
1.527420270599816887e-01
1.525666576467062385e-01
1.525989865001879109e-01
1.525626668804570263e-01
1.524996816327697235e-01
1.523646061357698811e-01
1.523960554286053204e-01
1.523742295409503678e-01
1.523173467109077972e-01
1.523060908443049366e-01
1.521900449144212852e-01
1.521664003008290356e-01
1.523004287951870983e-01
1.520308087530889141e-01
1.520128665786040500e-01
1.520000978520041901e-01
1.519877169477312218e-01
1.520099886938145184e-01
1.518985244788621514e-01
1.518469037194001003e-01
1.517918309883067585e-01
1.518068658678155269e-01
1.517252518158209995e-01
1.517270427001150002e-01
1.517536695066251384e-01
1.516687368091783894e-01
1.515999138355255127e-01
1.515692025423049927e-01
1.515001638939506012e-01
1.515060027963236744e-01
1.514619251615122730e-01
1.514705396012256122e-01
1.514644516926062778e-01
1.513903172392594143e-01
1.513582895460881816e-01
1.512737525136847172e-01
1.513075107022335553e-01
1.512730023578593708e-01
1.511513939813563800e-01
1.511776055160321819e-01
1.510948362319093075e-01
1.510382424059667217e-01
1.509718185192660267e-01
1.510259003231400055e-01
1.510175905729594925e-01
1.509275781480889644e-01
1.508900056544103252e-01
1.508114486932754517e-01
1.508843189007357533e-01
1.508437171578407288e-01
1.508170429028962700e-01
1.508523194413436130e-01
1.506933577750858566e-01
1.507158569599452713e-01
1.506595062582116451e-01
1.505573003699904877e-01
1.505366359886370076e-01
1.505407122404951725e-01
1.504984431360897323e-01
1.504751867369601703e-01
1.504437527374217487e-01
1.504273245993413555e-01
1.504206488791265117e-01
1.503942742159491974e-01
1.503287287134873196e-01
1.503118206011621605e-01
1.502654470111194351e-01
1.502434105465286773e-01
1.502408687221376549e-01
1.501341360180001583e-01
1.502119240007902534e-01
1.501021667530662018e-01
1.500345852814222725e-01
1.500165133099806980e-01
1.500502138545638520e-01
1.500078635780434932e-01
1.499292599527459469e-01
1.498832561467823288e-01
1.499091229940715531e-01
1.498517613661916603e-01
1.498876053251718132e-01
1.499097504113849899e-01
1.498802343481465404e-01
1.498575406639199581e-01
1.497934664550580608e-01
1.497334085012737015e-01
1.496946176415995533e-01
1.496776350234684250e-01
1.496841354589713291e-01
1.495401200495268257e-01
1.496125812593259441e-01
1.495995713691962437e-01
1.495185635591808060e-01
1.495078876614570618e-01
1.494541246640054832e-01
1.494721170318754067e-01
1.493956854468897755e-01
1.493791463343720760e-01
1.492903416878298695e-01
1.493385536106009159e-01
1.493083069983281719e-01
1.492837930196209972e-01
1.493531226327544648e-01
1.491668957628701775e-01
1.492307597869320934e-01
1.491653291802657322e-01
1.491397023200988770e-01
1.491326901473497002e-01
1.490702134998221073e-01
1.490069690503572075e-01
1.490236136474107354e-01
1.490164885395451611e-01
1.490252182671898407e-01
1.490096328289885197e-01
1.488572684557814274e-01
1.489202576248269405e-01
1.489059689797853081e-01
1.488528820244889583e-01
1.488930030088675693e-01
1.488789335677498382e-01
1.488580354734470867e-01
1.486941419149699906e-01
1.488005436564746597e-01
1.487332798148456314e-01
1.486693914783628334e-01
1.487098155837310032e-01
1.486822213781507362e-01
1.486519535905436451e-01
1.485858469417220551e-01
1.486616985578285977e-01
1.485426284764942428e-01
1.485422018327210991e-01
1.485301683607854473e-01
1.484675062330145512e-01
1.484394269554238643e-01
1.484366706327388263e-01
1.483992444057213589e-01
1.484341025352478027e-01
1.484452787982790123e-01
1.483503850667100277e-01
1.482550564565156548e-01
1.483091657098970784e-01
1.482758400471586857e-01
1.483026072382926941e-01
1.483044016518090813e-01
1.482221025385354607e-01
1.482402411730665837e-01
1.481884733626717132e-01
1.481120029562398022e-01
1.481439483008886726e-01
1.481738310111196388e-01
1.481017846810190330e-01
1.481757062046151485e-01
1.480574705883076214e-01
1.480498106071823639e-01
1.480700655987388092e-01
1.480191008825051113e-01
1.479989478462620800e-01
1.479569830392536423e-01
1.479534083291103863e-01
1.479054956059706882e-01
1.478723424829934685e-01
1.478868326858470417e-01
1.479267783855137131e-01
1.478687889481845597e-01
1.477720431591335037e-01
1.477862847478766117e-01
1.476764718168660229e-01
1.476801269148525497e-01
1.477786102577259564e-01
1.476958582275792187e-01
1.476801394631988007e-01
1.476482450962066650e-01
1.476676017045974731e-01
1.477456626139189155e-01
1.475363679622349045e-01
1.476040478599698891e-01
1.475479947893243160e-01
1.475436958043198910e-01
1.475333673389334355e-01
1.474924397311712654e-01
1.475217181601022332e-01
1.475220397114753723e-01
1.474870247276205693e-01
1.473473506538491573e-01
1.474605383057343289e-01
1.474294380137795013e-01
1.473615420492071781e-01
1.474029813942156208e-01
1.473613565689639027e-01
1.473805210308024860e-01
1.473644516969981888e-01
1.473540977427834076e-01
1.472855418136245209e-01
1.472757839058574936e-01
1.472897184522528324e-01
1.471894328531465901e-01
1.471944894445569862e-01
1.471901281099570469e-01
1.472347382652132164e-01
1.471783542319347882e-01
1.472352758834236663e-01
1.471289804107264454e-01
1.471124256127759045e-01
1.470673754811286926e-01
1.470537820928975170e-01
1.470443586769857036e-01
1.470556443459109242e-01
1.470221665344740303e-01
1.469848210874356853e-01
1.470280838640112553e-01
1.469718892323343407e-01
1.469772846290939849e-01
1.469376785190481816e-01
1.470118761062622070e-01
1.469270485012154903e-01
1.468653855355162297e-01
1.469320439194378158e-01
1.468387442199807491e-01
1.468648663476893879e-01
1.468217757187391670e-01
1.467829005498635098e-01
1.467834389523456073e-01
1.468047056543199669e-01
1.467470746291311134e-01
1.466984670413167824e-01
1.467361646263223018e-01
1.467841887160351300e-01
1.466635355823918407e-01
1.467144014803986873e-01
1.466698677916275784e-01
1.466194614768028259e-01
1.467090437286778515e-01
1.466580950900127911e-01
1.466213696097072861e-01
1.465535422689036305e-01
1.465948427978314983e-01
1.466135982620088707e-01
1.465994382375165050e-01
1.465977010758299504e-01
1.464711533565270229e-01
1.465136773492160538e-01
1.465390328513948570e-01
1.464961673084058391e-01
1.465183810183876556e-01
1.464684189934479519e-01
1.463943951224025986e-01
1.464142654287187706e-01
1.464457198193198639e-01
1.463573727952806602e-01
1.464033707192069489e-01
1.464096554800083660e-01
1.463937935860533390e-01
1.463777936602893570e-01
1.463612169027328491e-01
1.463282959241616055e-01
1.462761453892055252e-01
1.462992594430321258e-01
1.462446647255044307e-01
1.462262551251210796e-01
1.462902469854605869e-01
1.462097948319033558e-01
1.462280887522195427e-01
1.462195217609405518e-01
1.463052693166230767e-01
1.461972927576617176e-01
1.462430126572910050e-01
1.460495234320038360e-01
1.461408451983803314e-01
1.461264385204566196e-01
1.461005979462673687e-01
1.461034511265001667e-01
1.460845544934272766e-01
1.460369154810905457e-01
1.460188086095609294e-01
1.459835414823732747e-01
1.460128328517863727e-01
1.459562296145840710e-01
1.460115968396789032e-01
1.459792683783330547e-01
1.459433659911155701e-01
1.459341206048664352e-01
1.460571853738082126e-01
1.459346903782141880e-01
1.459407606407215618e-01
1.458702640313851162e-01
1.459744384414271290e-01
1.458974221819325512e-01
1.459143263728994999e-01
1.458733199458373264e-01
1.458607543455927025e-01
1.459582283308631379e-01
1.458119997068455242e-01
1.458228442229722588e-01
1.459183175312845360e-01
1.457644681397237407e-01
1.457409019532956707e-01
1.457568959970223232e-01
1.457318020494360600e-01
1.457121525155870567e-01
1.457111062972169246e-01
1.457224103965257256e-01
1.457426657802180225e-01
1.456289534506044758e-01
1.456282029026433056e-01
1.456416806108073170e-01
1.456968086330514278e-01
1.457439112035851803e-01
1.455848448370632431e-01
1.455979115868869522e-01
1.456345813839059200e-01
1.456063072148122417e-01
1.455422549655562836e-01
1.455309402785803230e-01
1.455904680647348015e-01
1.456328810829865261e-01
1.455408570013548286e-01
1.455903680701004788e-01
1.456164062807434600e-01
1.455074042866104644e-01
1.455240928028759262e-01
1.454968746555478920e-01
1.455141647081626133e-01
1.454370782563561004e-01
1.454745903611183167e-01
1.455144752797327412e-01
1.454626023769378662e-01
1.454248369524353546e-01
1.454636470267647308e-01
1.454101502895355225e-01
1.453921763520491794e-01
1.454018750473072552e-01
1.453586526607212326e-01
1.453872589688552097e-01
1.453463023430422718e-01
1.452863832053385151e-01
1.453208546889455666e-01
1.452133079108438862e-01
1.452981802193742122e-01
1.453351452946662903e-01
1.453279684248723613e-01
1.453104583840621189e-01
1.453281699826842743e-01
1.452393210247943378e-01
1.452912441209743000e-01
1.451845074954785930e-01
1.452762331617505898e-01
1.452363286363451134e-01
1.452389065372316490e-01
1.452043695669425205e-01
1.452034488320350647e-01
1.452087238430976868e-01
1.451477635847894798e-01
1.451838283162368015e-01
1.451250353926106518e-01
1.451591527775714374e-01
1.451756648327174881e-01
1.451191466889883430e-01
1.450596455680696617e-01
1.451525899924729912e-01
1.450293024903849537e-01
1.450830733305529530e-01
1.450821102449768585e-01
1.450252129059088901e-01
1.450559026316592670e-01
1.449743364202348839e-01
1.449999895535017402e-01
1.450505382136294819e-01
1.450831576397544342e-01
1.450398572181400558e-01
1.450888494911946880e-01
1.450102937064672859e-01
1.449961034875167087e-01
1.449967414924973053e-01
1.450098419660016125e-01
1.449311438359712212e-01
1.448594327819974770e-01
1.450030364488300583e-01
1.450081938191463971e-01
1.449900759678137974e-01
1.449229760389579014e-01
1.449770527450661983e-01
1.449403637333920025e-01
1.448838930380971779e-01
1.448079033901816803e-01
1.449153321354012813e-01
1.448275752757725021e-01
1.449250276935727944e-01
1.448435665745484158e-01
1.448008535723937229e-01
1.448129309635413364e-01
1.447901310105072781e-01
1.447836525346103409e-01
1.448542973712871051e-01
1.448699682950973511e-01
1.448479882980647782e-01
1.447290064472901150e-01
1.447618905650941978e-01
1.447710241926343788e-01
1.448456264640155533e-01
1.448689299194436397e-01
1.447371613038213600e-01
1.447069409646485894e-01
1.446850237093473823e-01
1.447633449968538655e-01
1.446752689386668900e-01
1.447189183611618801e-01
1.447118026645559941e-01
1.446330331658062240e-01
1.446938699013308460e-01
1.447141829289887993e-01
1.446853762394503529e-01
1.446328994474913032e-01
1.446423205105882015e-01
1.446658972846834312e-01
1.446171598999123897e-01
1.446474390594582882e-01
1.446282408739391068e-01
1.445928110103858188e-01
1.445522108360340618e-01
1.445256785342567962e-01
1.445951171611484787e-01
1.445474801094908390e-01
1.445127960882688911e-01
1.445698177343920643e-01
1.445669116158234402e-01
1.445994498698335018e-01
1.446197032928466797e-01
1.447007750210008992e-01
1.446304333053137214e-01
1.445176170060509246e-01
1.444624595736202499e-01
1.445156618168479401e-01
1.444196991230312088e-01
1.443908434165151466e-01
1.444205147655386601e-01
1.443557409863722996e-01
1.444536553401696011e-01
1.444301824820669045e-01
1.444860520331483211e-01
1.444196975544879413e-01
1.444865935727169537e-01
1.444493206708054867e-01
1.444285947241281121e-01
1.444258434992087559e-01
1.444589193714292397e-01
1.444392741510742706e-01
1.443667866681751510e-01
1.443630602014692177e-01
1.443583784919036106e-01
1.444218452823789467e-01
1.444103345274925232e-01
1.443874914395181785e-01
1.443065189217266342e-01
1.443099850102474713e-01
1.443538085410469574e-01
1.444279006437251545e-01
1.443698963052348072e-01
1.442873689689134209e-01
1.443168289567294815e-01
1.443244144320487976e-01
1.442948026876700596e-01
1.442830990019597637e-01
1.443072063358206425e-01
1.443420350551605225e-01
1.443251869396159626e-01
1.442717270631539150e-01
1.442688546682658890e-01
1.442105503458725735e-01
1.441683906473611443e-01
1.441690380636014568e-01
1.442569341314466347e-01
1.442202004162888851e-01
1.442883038207104229e-01
1.441993917289533245e-01
1.441784595188341511e-01
1.441935790996802524e-01
1.441619423659224186e-01
1.440945648049053451e-01
1.441195815017348725e-01
1.441226354555079914e-01
1.441726366940297710e-01
1.442060580379084522e-01
1.441759608293834427e-01
1.441410321154092400e-01
1.441863038037952682e-01
1.441356284837973789e-01
1.440721111078011318e-01
1.441110631352976734e-01
1.441273328505064399e-01
1.441406823302570084e-01
1.441090738302782948e-01
1.440464693464730828e-01
1.441562740426314548e-01
1.442728230827733105e-01
1.440831995324084736e-01
1.441048344499186451e-01
1.441391345701719673e-01
1.441314918430227909e-01
1.440658788931997170e-01
1.440455901779626458e-01
1.440842159484562179e-01
1.440471763673581707e-01
1.440451745139925133e-01
1.440262116099658707e-01
1.440324893123225147e-01
1.440514341781014007e-01
1.440209985563629669e-01
1.440356428685941326e-01
1.440617163714609517e-01
1.439335969717878971e-01
1.439823814128574631e-01
1.439554456033204644e-01
1.439932541627632900e-01
1.439465990192011768e-01
1.439809297260485066e-01
1.439969057315274303e-01
1.439977025515154774e-01
1.439544629109533180e-01
1.439033331055390164e-01
1.440070385211392467e-01
1.438829706687676235e-01
1.439229728359925076e-01
1.439060733506554168e-01
1.438284802593682854e-01
1.438913306123331959e-01
1.438735962698334259e-01
1.439123353675792194e-01
1.438749656081199646e-01
1.439456159346982067e-01
1.438252023960414627e-01
1.438149523578192146e-01
1.438499489112904095e-01
1.439350004258908855e-01
1.438483729174262482e-01
1.438804429612661751e-01
1.438479509792829902e-01
1.438580449474485268e-01
1.439687695942427070e-01
1.438257372693011737e-01
1.438305060330190288e-01
1.437860931220807659e-01
1.437621300942019398e-01
1.438066786841342426e-01
1.438219257091221115e-01
1.437752144901376095e-01
1.437171105491487633e-01
1.438591601817231502e-01
1.438480913639068604e-01
1.437557731804094685e-01
1.437632249374138638e-01
1.438910071002809654e-01
1.437570550724079632e-01
1.437576083760512546e-01
1.437526423680154930e-01
1.437166517502383167e-01
1.437830266199613960e-01
1.437777516088987739e-01
1.437564433405273956e-01
1.436849510983417011e-01
1.437013831577803047e-01
1.436688543150299591e-01
1.437818560945360313e-01
1.437458368508439388e-01
1.436732646666075142e-01
1.437419782343663799e-01
1.436582486096181499e-01
1.437166262614099632e-01
1.436615566674031841e-01
1.436806968168208576e-01
1.437039469417772664e-01
1.436733642691060131e-01
1.436827049443596405e-01
1.437063170106787358e-01
1.436353235652572113e-01
1.436681625874418888e-01
1.436741916756880955e-01
1.435422865968001560e-01
1.436224321001454418e-01
1.435704827308654785e-01
1.435953190452174122e-01
1.436847111112193043e-01
1.436504592236719502e-01
1.435594084231477108e-01
1.436481856201824447e-01
1.436406142617526749e-01
1.435287030119644924e-01
1.435780125228982296e-01
1.435371629501643875e-01
1.435793881353578938e-01
1.435634964390804791e-01
1.435643195321685273e-01
1.435926984015264141e-01
1.435341270346390530e-01
1.435895573936010750e-01
1.436099053213470977e-01
1.436277902440021015e-01
1.435248961574152882e-01
1.435089405429990639e-01
1.435578339978268170e-01
1.435085903657110085e-01
1.435798645803803009e-01
1.435558317523253635e-01
1.435421975819688167e-01
1.436387022074900044e-01
1.435473145622956082e-01
1.435670413469013473e-01
1.436311026152811421e-01
1.435336545109748840e-01
1.434986563889603939e-01
1.435085664454259502e-01
1.434292314868224338e-01
1.435000206294812786e-01
1.434578683815504463e-01
1.435097142269736725e-01
1.435297194280122368e-01
1.434845120499008697e-01
1.433602371498158001e-01
1.433605481135217796e-01
1.434571554786280567e-01
1.434641966694279736e-01
1.435122509535990132e-01
1.435011029243469238e-01
1.435095483535214489e-01
1.434983783646633648e-01
1.434795570216680916e-01
1.434253775759747052e-01
1.434976438942708599e-01
1.435017730844648232e-01
1.434816098526904560e-01
1.433900943712184406e-01
1.434836230779948929e-01
1.433129373349641411e-01
1.433386543863698070e-01
1.434241968550180046e-01
1.434512314827818547e-01
1.434685697681025440e-01
1.434522667213490033e-01
1.433986946940422058e-01
