2.278684210526315743e-02
4.822894736842105179e-02
7.131315789473684219e-02
9.478684210526315546e-02
1.198986842105263101e-01
1.468671052631578822e-01
1.750802631578947388e-01
2.052302631578947489e-01
2.372381578947368452e-01
2.695381578947368406e-01
3.015118421052631614e-01
3.327736842105263326e-01
3.630065789473684301e-01
3.911802631578947254e-01
4.180434210526315919e-01
4.434263157894736684e-01
4.672605263157894595e-01
4.894776315789473586e-01
5.102618421052631525e-01
5.290236842105263682e-01
5.477039473684210957e-01
5.649315789473684513e-01
5.810250000000000137e-01
5.955815789473684063e-01
6.101947368421052342e-01
6.237013157894736315e-01
6.363710526315788929e-01
6.483842105263157851e-01
6.596907894736842026e-01
6.698789473684210183e-01
6.801460526315789012e-01
6.893881578947368416e-01
6.986342105263158020e-01
7.070144736842105537e-01
7.149289473684210527e-01
7.219592105263158421e-01
7.295447368421053014e-01
7.363592105263158105e-01
7.422921052631579197e-01
7.485776315789474111e-01
7.542499999999999760e-01
7.594092105263158254e-01
7.647289473684210082e-01
7.696868421052631692e-01
7.741236842105263527e-01
7.788263157894736999e-01
7.832368421052631202e-01
7.870644736842105083e-01
7.906618421052631351e-01
7.944092105263157455e-01
7.981789473684210989e-01
8.014368421052631142e-01
8.046578947368421275e-01
8.075157894736841868e-01
8.109763157894737118e-01
8.136026315789474106e-01
8.160868421052631660e-01
8.191000000000000503e-01
8.215802631578947857e-01
8.241644736842105301e-01
8.266144736842104823e-01
8.286000000000000032e-01
8.307999999999999829e-01
8.333065789473683704e-01
8.350750000000000117e-01
8.374710526315789494e-01
8.394815789473684120e-01
8.413828947368421352e-01
8.429907894736842211e-01
8.448921052631579443e-01
8.465868421052631376e-01
8.482565789473683893e-01
8.498421052631578432e-01
8.516421052631578670e-01
8.529697368421053083e-01
8.544223684210526804e-01
8.561118421052631433e-01
8.572855263157894701e-01
8.585118421052632121e-01
8.598710526315789249e-01
8.613684210526315610e-01
8.629026315789474211e-01
8.640710526315789064e-01
8.650907894736842296e-01
8.662434210526315237e-01
8.675394736842104715e-01
8.687434210526315814e-01
8.696578947368420742e-01
8.708223684210526505e-01
8.720473684210526821e-01
8.728276315789473827e-01
8.740855263157895072e-01
8.748934210526315702e-01
8.757894736842105621e-01
8.769249999999999545e-01
8.776802631578947134e-01
8.788749999999999618e-01
8.796763157894736951e-01
8.804315789473684539e-01
8.813499999999999668e-01
8.821276315789473577e-01
8.827789473684211075e-01
8.837421052631578844e-01
8.843657894736841607e-01
8.854184210526315768e-01
8.859171052631579224e-01
8.865855263157894628e-01
8.874328947368420595e-01
8.880789473684210789e-01
8.887289473684210073e-01
8.896763157894737040e-01
8.902289473684210641e-01
8.909815789473684022e-01
8.915513157894736640e-01
8.921907894736842426e-01
8.928276315789474005e-01
8.933407894736842270e-01
8.938907894736841664e-01
8.947210526315789725e-01
8.950671052631579139e-01
8.957026315789473614e-01
8.962065789473684374e-01
8.968986842105263202e-01
8.972921052631579464e-01
8.978776315789473994e-01
8.984565789473684116e-01
8.990249999999999631e-01
8.995565789473684015e-01
9.002355263157895138e-01
9.005302631578947503e-01
9.006828947368421545e-01
9.013276315789473525e-01
9.020644736842104994e-01
9.024250000000000327e-01
9.027105263157895187e-01
9.034210526315789025e-01
9.036578947368421044e-01
9.043513157894736976e-01
9.046157894736842620e-01
9.051447368421052797e-01
9.054434210526315363e-01
9.059671052631579347e-01
9.063407894736842385e-01
9.069763157894736860e-01
9.070460526315790029e-01
9.075934210526316326e-01
9.080578947368420639e-01
9.084131578947368668e-01
9.087236842105262946e-01
9.091684210526316257e-01
9.094750000000000334e-01
9.101513157894737249e-01
9.103486842105262822e-01
9.107789473684210213e-01
9.108881578947368718e-01
9.114789473684210552e-01
9.118802631578947215e-01
9.120052631578947633e-01
9.122315789473683934e-01
9.127210526315789885e-01
9.130368421052631467e-01
9.137078947368421078e-01
9.139605263157895010e-01
9.141315789473684061e-01
9.146052631578946990e-01
9.148249999999999993e-01
9.151973684210525928e-01
9.154539473684210060e-01
9.157855263157894665e-01
9.161513157894737303e-01
9.162394736842105480e-01
9.166315789473684639e-01
9.168684210526315548e-01
9.172355263157895289e-01
9.176302631578947544e-01
9.178921052631578981e-01
9.182039473684210362e-01
9.184118421052631653e-01
9.187052631578946915e-01
9.189710526315789663e-01
9.191552631578947530e-01
9.195999999999999730e-01
9.197565789473683973e-01
9.199723684210526775e-01
9.202684210526316244e-01
9.204394736842105296e-01
9.207092105263158244e-01
9.209710526315789680e-01
9.213039473684210279e-01
9.217460526315789382e-01
9.217157894736841550e-01
9.220618421052632074e-01
9.223552631578947336e-01
9.224947368421052563e-01
9.227460526315789391e-01
9.230368421052631556e-01
9.230565789473683669e-01
9.235223684210526196e-01
9.236302631578947597e-01
9.238657894736842513e-01
9.241710526315789487e-01
9.244039473684210195e-01
9.244552631578947244e-01
9.249315789473684379e-01
9.249197368421052667e-01
9.253052631578947418e-01
9.253986842105262900e-01
9.255250000000000421e-01
9.258697368421052731e-01
9.260960526315789032e-01
9.263421052631578556e-01
9.264842105263157990e-01
9.266368421052632032e-01
9.267171052631578698e-01
9.270184210526315471e-01
9.272671052631579203e-01
9.276947368421052387e-01
9.276671052631578762e-01
9.278421052631579125e-01
9.280210526315789688e-01
9.283986842105262927e-01
9.285434210526315457e-01
9.286250000000000338e-01
9.287131578947368515e-01
9.288657894736842557e-01
9.293368421052631279e-01
9.293671052631579110e-01
9.295894736842105210e-01
9.296986842105262605e-01
9.297934210526316301e-01
9.300039473684210689e-01
9.303144736842104967e-01
9.302302631578946990e-01
9.307092105263158333e-01
9.306894736842105109e-01
9.308394736842104944e-01
9.309789473684210170e-01
9.313868421052631241e-01
9.314052631578947361e-01
9.315644736842105811e-01
9.316592105263158397e-01
9.319065789473683914e-01
9.319236842105262930e-01
9.321868421052631470e-01
9.323421052631578609e-01
9.323671052631579137e-01
9.326144736842105765e-01
9.328499999999999570e-01
9.330749999999999877e-01
9.331526315789473447e-01
9.332684210526315249e-01
9.335736842105263333e-01
9.336473684210526702e-01
9.336776315789473424e-01
9.339499999999999469e-01
9.339302631578947356e-01
9.342368421052631433e-01
9.343381578947368427e-01
9.344223684210526404e-01
9.344526315789474236e-01
9.346776315789473433e-01
9.350276315789474157e-01
9.351000000000000423e-01
9.352486842105263154e-01
9.353763157894736668e-01
9.354986842105262879e-01
9.356210526315789089e-01
9.358736842105263021e-01
9.359907894736841927e-01
9.360539473684210687e-01
9.361223684210526752e-01
9.361052631578947736e-01
9.362618421052631978e-01
9.365118421052631703e-01
9.367052631578947075e-01
9.368302631578947492e-01
9.368210526315789988e-01
9.371710526315789602e-01
9.372210526315789547e-01
9.372407894736841660e-01
9.374749999999999472e-01
9.377671052631578741e-01
9.375565789473684353e-01
9.379131578947368375e-01
9.379631578947368320e-01
9.378776315789473239e-01
9.380184210526315569e-01
9.382184210526315349e-01
9.383223684210526550e-01
9.383684210526316294e-01
9.386434210526315436e-01
9.388131578947368494e-01
9.387328947368420717e-01
9.389144736842105488e-01
9.389815789473684449e-01
9.393644736842104992e-01
9.394605263157894681e-01
9.393828947368421112e-01
9.396013157894737011e-01
9.396381578947368141e-01
9.397013157894736901e-01
9.399894736842104859e-01
9.400618421052631124e-01
9.401407894736841797e-01
9.402828947368421231e-01
9.404815789473683907e-01
9.404184210526316257e-01
9.405684210526316091e-01
9.408710526315789968e-01
9.408539473684210952e-01
9.409144736842105505e-01
9.409315789473684521e-01
9.409368421052631826e-01
9.412157894736842279e-01
9.412210526315789583e-01
9.414802631578947922e-01
9.415368421052631165e-01
9.415828947368420909e-01
9.417078947368421327e-01
9.417421052631579359e-01
9.418644736842105569e-01
9.419710526315789867e-01
9.420197368421052708e-01
9.420710526315789757e-01
9.421986842105263271e-01
9.422868421052631449e-01
9.425000000000000044e-01
9.425947368421052630e-01
9.427526315789473976e-01
9.428605263157894267e-01
9.428736842105263083e-01
9.428855263157894795e-01
9.430934210526316086e-01
9.433131578947367979e-01
9.431868421052631568e-01
9.434013157894737267e-01
9.435947368421052639e-01
9.434644736842104917e-01
9.436802631578947720e-01
9.437315789473683658e-01
9.439434210526316260e-01
9.436289473684210671e-01
9.440118421052631215e-01
9.441447368421053143e-01
9.440539473684210758e-01
9.441776315789474072e-01
9.441552631578947752e-01
9.443565789473684635e-01
9.444105263157894781e-01
9.445618421052631719e-01
9.445618421052631719e-01
9.446565789473684305e-01
9.449039473684210932e-01
9.448144736842105651e-01
9.451210526315789728e-01
9.451144736842105321e-01
9.450618421052631168e-01
9.451578947368420858e-01
9.453223684210526612e-01
9.453302631578947013e-01
9.454328947368421110e-01
9.456302631578947793e-01
9.456842105263157938e-01
9.456671052631578922e-01
9.457355263157894987e-01
9.459592105263158190e-01
9.459460526315789375e-01
9.460250000000000048e-01
9.461500000000000465e-01
9.461289473684210138e-01
9.463500000000000245e-01
9.464802631578946857e-01
9.463947368421052886e-01
9.464592105263157640e-01
9.465855263157895161e-01
9.466236842105263394e-01
9.466881578947368148e-01
9.469276315789473264e-01
9.467473684210526708e-01
9.469184210526315759e-01
9.470447368421052170e-01
9.470263157894737160e-01
9.473842105263158286e-01
9.473552631578947558e-01
9.473973684210525992e-01
9.473749999999999671e-01
9.474631578947368959e-01
9.475697368421052147e-01
9.474065789473684607e-01
9.479671052631578609e-01
9.478486842105263710e-01
9.479171052631578664e-01
9.480236842105262962e-01
9.479644736842105512e-01
9.480631578947368299e-01
9.481434210526316075e-01
9.481513157894736477e-01
9.483131578947368023e-01
9.483157894736842231e-01
9.483578947368420664e-01
9.484513157894737256e-01
9.486578947368421444e-01
9.485868421052631172e-01
9.486894736842105269e-01
9.486960526315789677e-01
9.488236842105263191e-01
9.490592105263158107e-01
9.488815789473684648e-01
9.490197368421052770e-01
9.491315789473684372e-01
9.490815789473684427e-01
9.491644736842105301e-01
9.492776315789474006e-01
9.494105263157894825e-01
9.493315789473684152e-01
9.495618421052631764e-01
9.494842105263158194e-01
9.494881578947368395e-01
9.497473684210526734e-01
9.497802631578947663e-01
9.497486842105262728e-01
9.497105263157894495e-01
9.499513157894736715e-01
9.499723684210525931e-01
9.499605263157894219e-01
9.502210526315789663e-01
9.501855263157894527e-01
9.501710526315789718e-01
9.504631578947367876e-01
9.504236842105263650e-01
9.505105263157894724e-01
9.504578947368420572e-01
9.503039473684210536e-01
9.505723684210526381e-01
9.504907894736842611e-01
9.506513157894737054e-01
9.506750000000000478e-01
9.507684210526315960e-01
9.507907894736842280e-01
9.509802631578947452e-01
9.509539473684210931e-01
9.508999999999999675e-01
9.510657894736842533e-01
9.510842105263157542e-01
9.511552631578947814e-01
9.511763157894737031e-01
9.514013157894737338e-01
9.514131578947367940e-01
9.514565789473684587e-01
9.515013157894737228e-01
9.516078947368421526e-01
9.514368421052631364e-01
9.516263157894736535e-01
9.518092105263158409e-01
9.517657894736841762e-01
9.517460526315789648e-01
9.516605263157894568e-01
9.518421052631579338e-01
9.519960526315789373e-01
9.520921052631579062e-01
9.520618421052631231e-01
9.521328947368421503e-01
9.519565789473684037e-01
9.522855263157894434e-01
9.524763157894736709e-01
9.523197368421052467e-01
9.525210526315789350e-01
9.524171052631579260e-01
9.525421052631578567e-01
9.527842105263157890e-01
9.526881578947368201e-01
9.527447368421052554e-01
9.526592105263157473e-01
9.527342105263157945e-01
9.527592105263157363e-01
9.529236842105263117e-01
9.528171052631578819e-01
9.530907894736841968e-01
9.529223684210526013e-01
9.530421052631579126e-01
9.530276315789473207e-01
9.532000000000000473e-01
9.532065789473683770e-01
9.531802631578947249e-01
9.533973684210526045e-01
9.533197368421052476e-01
9.534618421052631909e-01
9.535407894736842582e-01
9.534776315789473822e-01
9.536355263157895168e-01
9.537276315789473546e-01
9.535526315789473184e-01
9.537526315789474074e-01
9.538407894736842252e-01
9.537855263157895003e-01
9.538131578947368627e-01
9.540052631578946896e-01
9.540157894736842614e-01
9.539578947368421158e-01
9.541289473684210209e-01
9.540802631578947368e-01
9.540407894736842032e-01
9.541092105263158096e-01
9.542249999999999899e-01
9.543421052631578805e-01
9.543131578947368077e-01
9.544052631578947565e-01
9.543355263157894397e-01
9.545447368421052792e-01
9.545065789473684559e-01
9.546210526315789258e-01
9.545973684210525834e-01
9.547223684210526251e-01
9.546802631578947818e-01
9.545881578947368329e-01
9.548315789473684756e-01
9.549657894736841568e-01
9.549539473684210966e-01
9.548736842105263189e-01
9.551460526315789235e-01
9.550210526315789927e-01
9.550526315789473752e-01
9.551157894736842513e-01
9.550078947368421112e-01
9.552723684210526756e-01
9.552763157894736956e-01
9.552973684210526173e-01
9.553644736842105134e-01
9.553000000000000380e-01
9.553328947368421309e-01
9.556144736842104859e-01
9.555986842105262946e-01
9.554973684210525953e-01
9.556157894736841962e-01
9.555618421052631817e-01
9.558184210526315949e-01
9.558171052631578846e-01
9.557513157894736988e-01
9.558973684210526622e-01
9.559289473684210448e-01
9.559881578947367897e-01
9.559960526315789409e-01
9.558684210526315894e-01
9.560631578947368370e-01
9.561131578947368315e-01
9.560394736842104946e-01
9.560789473684210282e-01
9.562052631578947803e-01
9.561776315789474179e-01
9.563644736842105143e-01
9.564815789473684049e-01
9.563657894736842247e-01
9.564000000000000279e-01
9.565605263157894722e-01
9.565763157894736635e-01
9.565355263157894194e-01
9.565973684210525851e-01
9.564697368421052337e-01
9.566671052631579020e-01
9.566513157894737107e-01
9.567750000000000421e-01
9.568684210526315903e-01
9.568499999999999783e-01
9.567921052631579437e-01
9.568197368421053062e-01
9.569171052631578744e-01
9.570986842105263515e-01
9.570263157894737249e-01
9.568828947368420712e-01
9.571723684210525773e-01
9.571039473684210819e-01
9.570710526315789890e-01
9.572552631578947757e-01
9.571789473684210181e-01
9.573421052631578831e-01
9.574315789473684113e-01
9.573868421052631472e-01
9.575973684210525860e-01
9.575394736842105514e-01
9.576868421052631142e-01
9.574802631578946954e-01
9.575973684210525860e-01
9.575776315789473747e-01
9.575986842105262964e-01
9.576578947368421524e-01
9.576907894736842453e-01
9.577026315789474165e-01
9.577842105263157935e-01
9.579171052631578753e-01
9.580105263157894235e-01
9.578631578947368608e-01
9.579499999999999682e-01
9.581092105263158132e-01
9.580157894736842650e-01
9.580986842105263523e-01
9.580894736842104908e-01
9.580855263157894708e-01
9.581421052631579061e-01
9.582697368421052575e-01
9.582118421052631119e-01
9.582355263157894543e-01
9.582355263157894543e-01
9.584210526315789513e-01
9.585526315789473228e-01
9.582973684210526200e-01
9.584381578947368530e-01
9.584618421052631954e-01
9.586671052631579037e-01
9.586328947368421005e-01
9.585473684210525924e-01
9.586565789473684429e-01
9.587302631578947798e-01
9.587644736842104720e-01
9.586342105263158109e-01
9.586973684210526869e-01
9.589407894736842186e-01
9.588723684210526121e-01
9.588065789473684264e-01
9.589618421052631403e-01
9.590144736842105555e-01
9.590276315789473260e-01
9.589868421052631930e-01
9.592105263157895134e-01
9.591736842105262895e-01
9.589578947368421202e-01
9.590486842105263587e-01
9.591842105263157503e-01
9.593026315789473513e-01
9.592092105263158031e-01
9.593434210526315953e-01
9.595013157894737299e-01
9.593776315789473985e-01
9.594342105263158338e-01
9.593973684210526098e-01
9.594539473684210451e-01
9.593973684210526098e-01
9.594197368421052419e-01
9.594210526315789522e-01
9.596249999999999503e-01
9.597013157894737079e-01
9.597157894736841888e-01
9.597421052631578409e-01
9.596144736842104894e-01
9.597513157894737024e-01
9.596881578947368263e-01
9.596605263157894639e-01
9.597394736842105312e-01
9.599802631578947532e-01
9.597934210526315457e-01
9.598407894736842305e-01
9.599276315789473379e-01
9.600092105263158260e-01
9.599710526315790027e-01
9.601657894736842502e-01
9.602394736842104761e-01
9.601407894736841975e-01
9.601644736842105399e-01
9.601657894736842502e-01
9.601039473684210845e-01
9.603289473684210042e-01
9.601578947368420991e-01
9.604039473684210515e-01
9.603605263157894978e-01
9.603736842105262683e-01
9.606000000000000094e-01
9.604223684210526635e-01
9.603881578947368602e-01
9.603565789473683667e-01
9.604710526315789476e-01
9.604131578947368020e-01
9.606131578947368910e-01
9.606539473684210240e-01
9.608105263157894482e-01
9.605381578947368437e-01
9.607460526315789728e-01
9.606842105263158071e-01
9.608184210526315994e-01
9.607710526315789146e-01
9.608092105263157379e-01
9.608868421052632058e-01
9.609065789473684172e-01
9.610421052631579197e-01
9.609473684210526612e-01
9.610210526315789981e-01
9.610197368421052877e-01
9.609118421052631476e-01
9.610289473684210382e-01
9.610565789473684006e-01
9.609894736842105045e-01
9.611578947368421000e-01
9.613421052631578867e-01
9.612394736842104770e-01
9.613289473684210051e-01
9.612802631578947210e-01
9.614302631578947045e-01
9.611763157894737120e-01
9.613407894736841763e-01
9.614671052631579284e-01
9.613552631578947683e-01
9.613986842105263220e-01
9.615026315789473310e-01
9.615434210526315750e-01
9.614500000000000268e-01
9.614197368421052436e-01
9.616184210526316223e-01
9.616513157894737152e-01
9.616565789473684456e-01
9.616355263157895239e-01
9.615986842105262999e-01
9.617565789473684346e-01
9.616802631578947880e-01
9.620131578947368478e-01
9.618789473684210556e-01
9.620171052631578679e-01
9.618921052631579371e-01
9.618605263157894436e-01
9.620105263157894271e-01
9.618999999999999773e-01
9.621868421052631737e-01
9.620092105263158277e-01
9.618473684210526731e-01
9.620447368421052303e-01
9.621842105263157530e-01
9.621223684210525873e-01
9.620986842105263559e-01
9.620526315789473815e-01
9.622460526315789187e-01
9.620657894736842630e-01
9.621723684210525818e-01
9.621184210526315672e-01
9.621486842105263504e-01
9.622565789473683795e-01
9.623881578947368620e-01
9.623592105263157892e-01
9.623815789473684212e-01
9.624171052631579348e-01
9.623065789473683740e-01
9.624407894736841662e-01
9.624868421052631406e-01
9.624618421052631989e-01
9.625026315789473319e-01
9.625144736842105031e-01
9.624592105263157782e-01
9.625118421052631934e-01
9.625947368421052808e-01
9.625447368421052863e-01
9.626802631578947889e-01
9.626500000000000057e-01
9.627552631578947251e-01
9.628250000000000419e-01
9.626578947368421568e-01
9.627960526315789691e-01
9.628473684210526740e-01
9.628565789473684244e-01
9.628539473684210037e-01
9.629302631578947613e-01
9.629315789473684717e-01
9.630184210526315791e-01
9.629986842105263678e-01
9.630197368421052895e-01
9.630447368421052312e-01
9.629723684210526047e-01
9.629342105263157814e-01
9.630631578947368432e-01
9.630697368421052840e-01
9.631723684210525827e-01
9.631565789473683914e-01
9.632355263157894587e-01
9.632513157894736500e-01
9.631328947368421600e-01
9.631552631578947921e-01
9.631315789473684497e-01
9.632710526315789723e-01
9.632157894736842474e-01
9.633407894736841781e-01
9.634407894736841671e-01
9.634394736842105678e-01
9.634868421052631415e-01
9.634539473684210487e-01
9.634236842105262655e-01
9.635960526315789920e-01
9.635065789473684639e-01
9.635815789473684001e-01
9.635973684210525914e-01
9.635105263157894839e-01
9.635986842105263017e-01
9.637421052631578444e-01
9.636105263157894729e-01
9.636223684210526441e-01
9.636684210526316186e-01
9.636118421052631833e-01
9.636184210526316241e-01
9.637565789473684363e-01
9.637000000000000011e-01
9.639197368421053014e-01
9.637407894736842451e-01
9.640013157894736784e-01
9.638197368421053124e-01
9.639342105263157823e-01
9.639355263157894926e-01
9.640394736842105017e-01
9.638486842105262742e-01
9.641026315789473777e-01
9.639894736842105072e-01
9.639710526315788952e-01
9.639894736842105072e-01
9.640999999999999570e-01
9.642026315789473667e-01
9.641723684210525835e-01
9.640236842105263104e-01
9.641368421052631810e-01
9.642460526315789204e-01
9.641631578947368331e-01
9.642381578947368803e-01
9.643223684210526780e-01
9.642223684210525780e-01
9.641868421052631755e-01
9.644434210526315887e-01
9.642684210526315525e-01
9.644052631578947654e-01
9.642868421052631644e-01
9.643842105263158437e-01
9.643973684210526143e-01
9.644289473684211078e-01
9.644407894736841680e-01
9.644105263157894958e-01
9.644894736842105631e-01
9.645907894736842625e-01
9.645157894736842152e-01
9.644921052631578728e-01
9.646157894736842042e-01
9.646828947368421003e-01
9.646947368421052715e-01
9.647026315789474227e-01
9.646447368421052770e-01
9.647986842105262806e-01
9.646842105263158107e-01
9.647894736842105301e-01
9.646039473684210330e-01
9.648157894736841822e-01
9.646407894736842570e-01
9.647671052631578981e-01
9.648828947368420783e-01
9.648723684210526175e-01
9.649210526315789016e-01
9.648434210526315447e-01
9.648118421052631621e-01
9.648342105263157942e-01
9.649144736842105718e-01
9.648776315789473479e-01
9.649999999999999689e-01
9.649894736842105081e-01
9.649999999999999689e-01
9.651894736842104860e-01
9.650710526315789961e-01
9.652513157894736517e-01
9.651473684210526427e-01
9.650894736842104971e-01
9.652592105263158029e-01
9.652171052631578485e-01
9.651421052631579123e-01
9.651499999999999524e-01
9.652855263157894550e-01
9.651223684210525899e-01
9.653921052631578847e-01
9.652868421052631653e-01
9.653223684210526789e-01
9.652907894736841854e-01
9.652763157894737045e-01
9.653118421052631071e-01
9.653539473684210614e-01
9.653868421052631543e-01
9.654249999999999776e-01
9.653789473684210032e-01
9.654276315789473983e-01
9.651921052631579068e-01
9.655368421052631378e-01
9.655657894736842106e-01
9.656894736842105420e-01
9.655276315789473873e-01
9.656118421052631851e-01
9.654381578947368592e-01
9.658026315789474125e-01
9.656013157894737242e-01
9.657328947368420957e-01
9.655526315789473291e-01
9.657723684210526294e-01
9.657263157894736549e-01
9.656907894736842524e-01
9.656394736842105475e-01
9.657815789473683799e-01
9.658078947368421430e-01
9.658947368421052504e-01
9.659552631578947057e-01
9.659039473684210009e-01
9.658276315789473543e-01
9.658855263157894999e-01
9.660486842105263650e-01
9.660684210526315763e-01
9.659355263157894944e-01
9.658605263157894472e-01
9.658473684210526766e-01
9.660973684210526491e-01
9.660223684210526018e-01
9.662447368421052118e-01
9.660513157894736747e-01
9.660131578947368514e-01
9.660868421052631883e-01
9.661039473684210899e-01
9.661565789473683941e-01
9.662342105263157510e-01
9.662763157894737054e-01
9.662131578947368293e-01
9.662671052631578439e-01
9.661447368421052229e-01
9.661447368421052229e-01
9.663894736842105759e-01
9.663184210526315487e-01
9.662197368421052701e-01
9.662052631578947892e-01
9.664157894736842280e-01
9.663157894736842390e-01
9.664394736842105704e-01
9.663539473684210623e-01
9.663355263157894504e-01
9.665842105263158235e-01
9.664065789473683665e-01
9.665315789473684083e-01
9.664315789473684193e-01
9.664342105263158400e-01
9.665868421052631332e-01
9.664276315789473992e-01
9.663657894736842335e-01
9.665197368421052371e-01
9.666302631578946869e-01
9.664960526315788947e-01
9.665302631578946979e-01
9.666052631578947452e-01
9.666776315789473717e-01
9.666605263157894701e-01
9.666789473684210821e-01
9.666749999999999510e-01
9.667815789473683807e-01
9.666460526315789892e-01
9.668315789473683752e-01
9.666526315789473189e-01
9.668144736842104736e-01
9.667789473684210710e-01
9.667184210526316157e-01
9.668565789473684280e-01
9.669578947368421273e-01
9.668263157894736448e-01
9.669342105263157849e-01
9.669618421052631474e-01
9.668855263157895008e-01
9.669289473684210545e-01
9.670763157894737283e-01
9.670486842105263658e-01
9.670315789473684642e-01
9.670065789473684115e-01
9.670328947368420636e-01
9.669684210526315882e-01
9.670513157894736755e-01
9.670828947368420581e-01
9.671513157894736645e-01
9.671907894736841982e-01
9.672039473684210797e-01
9.672144736842105406e-01
9.672342105263157519e-01
9.671644736842105461e-01
9.672421052631579030e-01
9.672802631578947263e-01
9.673000000000000487e-01
9.671999999999999487e-01
9.673131578947368192e-01
9.673434210526316024e-01
9.673381578947368720e-01
9.673460526315789121e-01
9.672618421052631144e-01
9.674828947368421250e-01
9.673657894736842344e-01
9.673763157894736953e-01
9.674407894736841707e-01
9.674342105263158409e-01
9.673776315789474056e-01
9.673631578947368137e-01
9.674565789473684729e-01
9.674276315789474001e-01
9.674157894736842289e-01
9.675065789473684674e-01
9.676736842105263525e-01
9.675631578947367917e-01
9.674460526315789011e-01
9.676105263157894765e-01
9.676105263157894765e-01
9.677526315789474198e-01
9.677052631578947350e-01
9.676578947368420502e-01
9.676960526315789846e-01
9.676855263157895237e-01
9.675342105263158299e-01
