8.092484474182128906e-01
8.006810545921325684e-01
7.973974943161010742e-01
7.954868674278259277e-01
8.011478781700134277e-01
7.911773920059204102e-01
7.969542741775512695e-01
7.994891405105590820e-01
7.914977073669433594e-01
7.962394356727600098e-01
7.998914122581481934e-01
7.948716878890991211e-01
7.981778383255004883e-01
7.904520630836486816e-01
7.960530519485473633e-01
7.897674441337585449e-01
7.925019264221191406e-01
7.948901653289794922e-01
7.944513559341430664e-01
7.911425232887268066e-01
7.910979986190795898e-01
7.961133718490600586e-01
7.970370054244995117e-01
7.963151931762695312e-01
7.948924303054809570e-01
7.951844930648803711e-01
8.024612665176391602e-01
7.992151975631713867e-01
7.974543571472167969e-01
8.017313480377197266e-01
7.998488545417785645e-01
7.970442175865173340e-01
7.947776913642883301e-01
8.113011121749877930e-01
8.020061254501342773e-01
7.939233779907226562e-01
7.968315482139587402e-01
7.976714372634887695e-01
8.030682802200317383e-01
8.033250570297241211e-01
8.013758659362792969e-01
8.037127852439880371e-01
8.098575472831726074e-01
8.002762794494628906e-01
8.091386556625366211e-01
8.038251399993896484e-01
8.092899322509765625e-01
8.065569400787353516e-01
8.086382150650024414e-01
7.977703809738159180e-01
8.058441877365112305e-01
8.066986799240112305e-01
8.108583688735961914e-01
8.157951831817626953e-01
8.137966394424438477e-01
8.100265264511108398e-01
8.062228560447692871e-01
8.131899833679199219e-01
8.139831423759460449e-01
8.072249889373779297e-01
8.043942451477050781e-01
8.088557720184326172e-01
8.162614107131958008e-01
8.164441585540771484e-01
8.132547140121459961e-01
8.188620805740356445e-01
8.136903643608093262e-01
8.187894821166992188e-01
8.315860033035278320e-01
8.282097578048706055e-01
8.136688470840454102e-01
8.208016157150268555e-01
8.216792345046997070e-01
8.182963132858276367e-01
8.192707300186157227e-01
8.365154266357421875e-01
8.295779228210449219e-01
8.251457214355468750e-01
8.174959421157836914e-01
8.271896243095397949e-01
8.271514177322387695e-01
8.217250704765319824e-01
8.265106081962585449e-01
8.250706195831298828e-01
8.277543783187866211e-01
8.271125555038452148e-01
8.373810052871704102e-01
8.328304886817932129e-01
8.369187116622924805e-01
8.333502411842346191e-01
8.372983932495117188e-01
8.347657918930053711e-01
8.386926651000976562e-01
8.291296958923339844e-01
8.430865406990051270e-01
8.460577726364135742e-01
8.462218046188354492e-01
8.419380187988281250e-01
8.410145044326782227e-01
8.426660299301147461e-01
8.436613678932189941e-01
8.423514962196350098e-01
8.493537902832031250e-01
8.514964580535888672e-01
8.470809459686279297e-01
8.479878902435302734e-01
8.533784747123718262e-01
8.549880981445312500e-01
8.429052829742431641e-01
8.605058193206787109e-01
8.578543663024902344e-01
8.689691424369812012e-01
8.625131249427795410e-01
8.533483743667602539e-01
8.669835329055786133e-01
8.627286553382873535e-01
8.611608743667602539e-01
8.596137166023254395e-01
8.624562025070190430e-01
8.721037507057189941e-01
8.605057001113891602e-01
8.597608804702758789e-01
8.710168600082397461e-01
8.716447949409484863e-01
8.648558259010314941e-01
8.730138540267944336e-01
8.724464774131774902e-01
8.770332336425781250e-01
8.711973428726196289e-01
8.705617189407348633e-01
8.795034289360046387e-01
8.633984327316284180e-01
8.748275041580200195e-01
8.808928728103637695e-01
8.783344030380249023e-01
8.766042590141296387e-01
8.826137781143188477e-01
8.892785906791687012e-01
8.858250379562377930e-01
8.903474211692810059e-01
8.769246339797973633e-01
8.987820744514465332e-01
8.935388326644897461e-01
9.037117958068847656e-01
8.984431028366088867e-01
8.976641893386840820e-01
9.158864021301269531e-01
8.992513418197631836e-01
9.066119194030761719e-01
8.929098844528198242e-01
9.110747575759887695e-01
8.984584212303161621e-01
8.968295454978942871e-01
9.147198200225830078e-01
9.012794494628906250e-01
9.005986452102661133e-01
9.139961004257202148e-01
9.206819534301757812e-01
9.069584608078002930e-01
9.149086475372314453e-01
9.211112260818481445e-01
9.133900403976440430e-01
9.193348884582519531e-01
9.230843782424926758e-01
9.182859659194946289e-01
9.221322536468505859e-01
9.305265545845031738e-01
9.116313457489013672e-01
9.225177764892578125e-01
9.229006171226501465e-01
9.201521873474121094e-01
9.357770681381225586e-01
9.286562800407409668e-01
9.332996606826782227e-01
9.310632348060607910e-01
9.360114336013793945e-01
9.325045347213745117e-01
9.416375160217285156e-01
9.370396137237548828e-01
9.383840560913085938e-01
9.335786104202270508e-01
9.441169500350952148e-01
9.350590109825134277e-01
9.371365308761596680e-01
9.568817615509033203e-01
9.457467794418334961e-01
9.432032108306884766e-01
9.513730406761169434e-01
9.460772275924682617e-01
9.549043178558349609e-01
9.433683156967163086e-01
9.446768164634704590e-01
9.485030770301818848e-01
9.627711772918701172e-01
9.627482891082763672e-01
9.467095136642456055e-01
9.670475721359252930e-01
9.629822969436645508e-01
9.666385650634765625e-01
9.638819694519042969e-01
9.663774967193603516e-01
9.590685963630676270e-01
9.598746895790100098e-01
9.756534099578857422e-01
9.612131118774414062e-01
9.698548316955566406e-01
9.618481397628784180e-01
9.678133726119995117e-01
9.714357852935791016e-01
9.684192538261413574e-01
9.785202741622924805e-01
9.760236740112304688e-01
9.735910892486572266e-01
9.929051399230957031e-01
9.852230548858642578e-01
9.901607036590576172e-01
9.848878383636474609e-01
9.924987554550170898e-01
9.889004230499267578e-01
9.925439953804016113e-01
9.808354377746582031e-01
1.007990717887878418e+00
9.931936264038085938e-01
9.994344115257263184e-01
1.008747339248657227e+00
1.015810489654541016e+00
9.907969236373901367e-01
9.953681230545043945e-01
9.951807856559753418e-01
1.004897475242614746e+00
1.002283692359924316e+00
1.005491971969604492e+00
1.010508179664611816e+00
1.005776405334472656e+00
1.017164349555969238e+00
1.022349834442138672e+00
1.007426023483276367e+00
1.010103464126586914e+00
1.016000151634216309e+00
1.010603785514831543e+00
1.019378066062927246e+00
1.020117998123168945e+00
1.011484622955322266e+00
1.024375081062316895e+00
1.026246905326843262e+00
1.014996767044067383e+00
1.024578809738159180e+00
1.024287462234497070e+00
1.028790235519409180e+00
1.033618450164794922e+00
1.032875061035156250e+00
1.038461446762084961e+00
1.041855573654174805e+00
1.037000536918640137e+00
1.029127836227416992e+00
1.035362839698791504e+00
1.045109748840332031e+00
1.049842476844787598e+00
1.039466857910156250e+00
1.045914411544799805e+00
1.052293539047241211e+00
1.044198513031005859e+00
1.052810430526733398e+00
1.059553384780883789e+00
1.066488027572631836e+00
1.048317432403564453e+00
1.059130430221557617e+00
1.056387901306152344e+00
1.048268318176269531e+00
1.047990560531616211e+00
1.070799946784973145e+00
1.065764904022216797e+00
1.073997974395751953e+00
1.068887710571289062e+00
1.070859909057617188e+00
1.075485944747924805e+00
1.078251361846923828e+00
1.068974256515502930e+00
1.074785232543945312e+00
1.085260391235351562e+00
1.065319061279296875e+00
1.082941770553588867e+00
1.078971862792968750e+00
1.073216438293457031e+00
1.090065240859985352e+00
1.090394854545593262e+00
1.073654890060424805e+00
1.083713054656982422e+00
1.097637534141540527e+00
1.099071264266967773e+00
1.082792639732360840e+00
1.077588796615600586e+00
1.100813627243041992e+00
1.102931737899780273e+00
1.097130298614501953e+00
1.101663708686828613e+00
1.091112256050109863e+00
1.094321489334106445e+00
1.109173059463500977e+00
1.101779460906982422e+00
1.113956689834594727e+00
1.089169502258300781e+00
1.098149776458740234e+00
1.126295924186706543e+00
1.121366977691650391e+00
1.107690811157226562e+00
1.091149568557739258e+00
1.106778860092163086e+00
1.113724470138549805e+00
1.126487970352172852e+00
1.109452247619628906e+00
1.111133813858032227e+00
1.123141527175903320e+00
1.126204729080200195e+00
1.118784666061401367e+00
1.135374069213867188e+00
1.132955551147460938e+00
1.127179145812988281e+00
1.130278468132019043e+00
1.137654423713684082e+00
1.120803236961364746e+00
1.127694010734558105e+00
1.131916284561157227e+00
1.151133060455322266e+00
1.144073486328125000e+00
1.132806301116943359e+00
1.142973542213439941e+00
1.147994995117187500e+00
1.140259027481079102e+00
1.160598278045654297e+00
1.159003734588623047e+00
1.134971618652343750e+00
1.132838606834411621e+00
1.142395734786987305e+00
1.134995460510253906e+00
1.147609710693359375e+00
1.172282934188842773e+00
1.155333757400512695e+00
1.163224935531616211e+00
1.168438434600830078e+00
1.167670011520385742e+00
1.162086486816406250e+00
1.152784109115600586e+00
1.155048489570617676e+00
1.182650804519653320e+00
1.164457321166992188e+00
1.175013780593872070e+00
1.184687018394470215e+00
1.178548097610473633e+00
1.164268970489501953e+00
1.169699668884277344e+00
1.188243865966796875e+00
1.156445026397705078e+00
1.163302898406982422e+00
1.193963170051574707e+00
1.181217670440673828e+00
1.180724143981933594e+00
1.192541599273681641e+00
1.178054690361022949e+00
1.167157888412475586e+00
1.184680223464965820e+00
1.193029880523681641e+00
1.187959432601928711e+00
1.197637319564819336e+00
1.191180467605590820e+00
1.186202287673950195e+00
1.193524599075317383e+00
1.192755937576293945e+00
1.199506402015686035e+00
1.204499006271362305e+00
1.203264713287353516e+00
1.202347278594970703e+00
1.207131266593933105e+00
1.201213359832763672e+00
1.212268114089965820e+00
1.218690872192382812e+00
1.200657844543457031e+00
1.204588532447814941e+00
1.209241867065429688e+00
1.204950809478759766e+00
1.203243255615234375e+00
1.203456282615661621e+00
1.208397865295410156e+00
1.222642183303833008e+00
1.231362104415893555e+00
1.208053827285766602e+00
1.217652559280395508e+00
1.219655275344848633e+00
1.206227421760559082e+00
1.218633651733398438e+00
1.222641468048095703e+00
1.229653477668762207e+00
1.231809854507446289e+00
1.233353853225708008e+00
1.222037076950073242e+00
1.236328601837158203e+00
1.244308710098266602e+00
1.235172033309936523e+00
1.245013594627380371e+00
1.236789226531982422e+00
1.250091314315795898e+00
1.239288449287414551e+00
1.239931821823120117e+00
1.238024830818176270e+00
1.261939764022827148e+00
1.249700188636779785e+00
1.252355813980102539e+00
1.251966953277587891e+00
1.258643150329589844e+00
1.249821662902832031e+00
1.267435073852539062e+00
1.254316568374633789e+00
1.252428293228149414e+00
1.273640394210815430e+00
1.242253780364990234e+00
1.265369296073913574e+00
1.261712431907653809e+00
1.252660512924194336e+00
1.254526376724243164e+00
1.275970578193664551e+00
1.242452144622802734e+00
1.261111736297607422e+00
1.276379346847534180e+00
1.276448726654052734e+00
1.290828227996826172e+00
1.269696950912475586e+00
1.276194334030151367e+00
1.269496202468872070e+00
1.275986909866333008e+00
1.267606019973754883e+00
1.267371892929077148e+00
1.283031225204467773e+00
1.273243427276611328e+00
1.280628561973571777e+00
1.289088726043701172e+00
1.275591135025024414e+00
1.295564413070678711e+00
1.298346161842346191e+00
1.281150221824645996e+00
1.282350420951843262e+00
1.300312519073486328e+00
1.311287879943847656e+00
1.282519340515136719e+00
1.294029951095581055e+00
1.290903091430664062e+00
1.294651269912719727e+00
1.297349214553833008e+00
1.291958332061767578e+00
1.287891507148742676e+00
1.300761103630065918e+00
1.300736546516418457e+00
1.319607973098754883e+00
1.295374631881713867e+00
1.304684638977050781e+00
1.311398506164550781e+00
1.323231220245361328e+00
1.313841581344604492e+00
1.310429573059082031e+00
1.328088283538818359e+00
1.306555747985839844e+00
1.312386512756347656e+00
1.325211763381958008e+00
1.318036794662475586e+00
1.309558391571044922e+00
1.321071267127990723e+00
1.313207387924194336e+00
1.321532964706420898e+00
1.328271627426147461e+00
1.332941532135009766e+00
1.322133541107177734e+00
1.328322052955627441e+00
1.320789098739624023e+00
1.323046565055847168e+00
1.323737382888793945e+00
1.337534189224243164e+00
1.344018578529357910e+00
1.329780578613281250e+00
1.334140062332153320e+00
1.324777364730834961e+00
1.330618143081665039e+00
1.340546250343322754e+00
1.347439527511596680e+00
1.345452070236206055e+00
1.343179464340209961e+00
1.345026135444641113e+00
1.365597724914550781e+00
1.353684663772583008e+00
1.357674121856689453e+00
1.349264860153198242e+00
1.364811539649963379e+00
1.376329898834228516e+00
1.343319773674011230e+00
1.339623928070068359e+00
1.356636524200439453e+00
1.348096370697021484e+00
1.353120803833007812e+00
1.363172411918640137e+00
1.370125055313110352e+00
1.357270002365112305e+00
1.373667955398559570e+00
1.355969309806823730e+00
1.373721599578857422e+00
1.359638452529907227e+00
1.369259119033813477e+00
1.386855483055114746e+00
1.369055747985839844e+00
1.386830568313598633e+00
1.395613670349121094e+00
1.377476930618286133e+00
1.375622630119323730e+00
1.392077922821044922e+00
1.399005293846130371e+00
1.382154941558837891e+00
1.393036723136901855e+00
1.388327836990356445e+00
1.395718336105346680e+00
1.394950866699218750e+00
1.395559430122375488e+00
1.375393390655517578e+00
1.388466358184814453e+00
1.383312225341796875e+00
1.383028030395507812e+00
1.392909049987792969e+00
1.375948667526245117e+00
1.396639585494995117e+00
1.390092611312866211e+00
1.388795256614685059e+00
1.396739959716796875e+00
1.383840560913085938e+00
1.397977590560913086e+00
1.409661054611206055e+00
1.404385566711425781e+00
1.412758827209472656e+00
1.399415254592895508e+00
1.412430167198181152e+00
1.407850503921508789e+00
1.409668922424316406e+00
1.408630847930908203e+00
1.408240079879760742e+00
1.423664093017578125e+00
1.418989181518554688e+00
1.419999599456787109e+00
1.426450848579406738e+00
1.413296461105346680e+00
1.423861265182495117e+00
1.413173794746398926e+00
1.413591861724853516e+00
1.416997909545898438e+00
1.428715348243713379e+00
1.412007570266723633e+00
1.427236914634704590e+00
1.421947956085205078e+00
1.411210894584655762e+00
1.419706821441650391e+00
1.432216644287109375e+00
1.422867655754089355e+00
1.436042189598083496e+00
1.433566570281982422e+00
1.444102048873901367e+00
1.435898542404174805e+00
1.437476277351379395e+00
1.436995387077331543e+00
1.419384121894836426e+00
1.449502348899841309e+00
1.439254522323608398e+00
1.452157735824584961e+00
1.451033830642700195e+00
1.440628767013549805e+00
1.456594228744506836e+00
1.441774129867553711e+00
1.450779318809509277e+00
1.446532964706420898e+00
1.438922405242919922e+00
1.454989314079284668e+00
1.443006038665771484e+00
1.447078704833984375e+00
1.452335238456726074e+00
1.461244583129882812e+00
1.458054304122924805e+00
1.456873893737792969e+00
1.435132741928100586e+00
1.466465234756469727e+00
1.470051765441894531e+00
1.477672576904296875e+00
1.459292054176330566e+00
1.482407689094543457e+00
1.466952562332153320e+00
1.462784051895141602e+00
1.454089879989624023e+00
1.466854929924011230e+00
1.475272297859191895e+00
1.475745439529418945e+00
1.458781123161315918e+00
1.464468955993652344e+00
1.472714185714721680e+00
1.486048221588134766e+00
1.470970392227172852e+00
1.468145012855529785e+00
1.479333877563476562e+00
1.493358373641967773e+00
1.484847307205200195e+00
1.477432250976562500e+00
1.474395513534545898e+00
1.473195075988769531e+00
1.473009586334228516e+00
1.490633964538574219e+00
1.471035361289978027e+00
1.478091478347778320e+00
1.496331453323364258e+00
1.475822329521179199e+00
1.487498283386230469e+00
1.494760036468505859e+00
1.488613605499267578e+00
1.507363080978393555e+00
1.498592853546142578e+00
1.515935182571411133e+00
1.492180585861206055e+00
1.500522017478942871e+00
1.493075132369995117e+00
1.478353500366210938e+00
1.495324850082397461e+00
1.489492177963256836e+00
1.507954716682434082e+00
1.510186910629272461e+00
1.517104625701904297e+00
1.512960791587829590e+00
1.499307394027709961e+00
1.517001628875732422e+00
1.520868420600891113e+00
1.502131700515747070e+00
1.506288051605224609e+00
1.509816765785217285e+00
1.502971887588500977e+00
1.512423753738403320e+00
1.521672964096069336e+00
1.507676243782043457e+00
1.519674420356750488e+00
1.522397279739379883e+00
1.518733382225036621e+00
1.512759208679199219e+00
1.517053484916687012e+00
1.515384912490844727e+00
1.525242567062377930e+00
1.514657258987426758e+00
1.521328210830688477e+00
1.526914954185485840e+00
1.519973516464233398e+00
1.525419831275939941e+00
1.534595966339111328e+00
1.509995460510253906e+00
1.521131634712219238e+00
1.534935474395751953e+00
1.535191297531127930e+00
1.528844714164733887e+00
1.524796724319458008e+00
1.534390687942504883e+00
1.526315927505493164e+00
1.540908098220825195e+00
1.526428818702697754e+00
1.526979684829711914e+00
1.542504072189331055e+00
1.530826449394226074e+00
1.535033226013183594e+00
1.553057193756103516e+00
1.533135294914245605e+00
1.548823714256286621e+00
1.544796824455261230e+00
1.537536263465881348e+00
1.542251706123352051e+00
1.550874233245849609e+00
1.552945256233215332e+00
1.538227558135986328e+00
1.556891560554504395e+00
1.556970953941345215e+00
1.573974609375000000e+00
1.547477841377258301e+00
1.553396821022033691e+00
1.540803551673889160e+00
1.535889029502868652e+00
1.557235956192016602e+00
1.550112724304199219e+00
1.551728010177612305e+00
1.552266597747802734e+00
1.545975923538208008e+00
1.558673739433288574e+00
1.538063645362854004e+00
1.565510869026184082e+00
1.578463315963745117e+00
1.568197250366210938e+00
1.547448635101318359e+00
1.571021556854248047e+00
1.553726434707641602e+00
1.564062833786010742e+00
1.575447320938110352e+00
1.558996677398681641e+00
1.568899154663085938e+00
1.556786894798278809e+00
1.564200520515441895e+00
1.551740288734436035e+00
1.566356658935546875e+00
1.562137961387634277e+00
1.567320346832275391e+00
1.565118074417114258e+00
1.564945220947265625e+00
1.567781209945678711e+00
1.568489432334899902e+00
1.584503889083862305e+00
1.577975153923034668e+00
1.583776593208312988e+00
1.581691026687622070e+00
1.585975170135498047e+00
1.580985188484191895e+00
1.573801040649414062e+00
1.561727523803710938e+00
1.594581365585327148e+00
1.584946870803833008e+00
1.595348358154296875e+00
1.586617112159729004e+00
1.592584133148193359e+00
1.590019822120666504e+00
1.592843770980834961e+00
1.593875408172607422e+00
1.588687181472778320e+00
1.592159152030944824e+00
1.580968856811523438e+00
1.607052206993103027e+00
1.593748092651367188e+00
1.605549812316894531e+00
1.597693920135498047e+00
1.592675805091857910e+00
1.593907117843627930e+00
1.594159126281738281e+00
1.601002812385559082e+00
1.598600625991821289e+00
1.599164485931396484e+00
1.603739738464355469e+00
1.608095884323120117e+00
1.603041887283325195e+00
1.587512016296386719e+00
1.605948805809020996e+00
1.595826625823974609e+00
1.599235534667968750e+00
1.604567289352416992e+00
1.591838598251342773e+00
1.598975419998168945e+00
1.603578805923461914e+00
1.611115455627441406e+00
1.608923196792602539e+00
1.594259262084960938e+00
1.605838775634765625e+00
1.600160002708435059e+00
1.590186953544616699e+00
1.623754024505615234e+00
1.607468128204345703e+00
1.605350494384765625e+00
1.606965780258178711e+00
1.618947625160217285e+00
1.614631175994873047e+00
1.614541530609130859e+00
1.617671251296997070e+00
1.615066647529602051e+00
1.615139722824096680e+00
1.611885786056518555e+00
1.616028308868408203e+00
1.618632316589355469e+00
1.615405797958374023e+00
1.623376131057739258e+00
1.620887517929077148e+00
1.616475582122802734e+00
1.622548103332519531e+00
1.615533471107482910e+00
1.636316061019897461e+00
1.627324461936950684e+00
1.625907659530639648e+00
1.634617567062377930e+00
1.623306751251220703e+00
1.647138833999633789e+00
1.624163150787353516e+00
1.616798639297485352e+00
1.625009775161743164e+00
1.631037473678588867e+00
1.626447200775146484e+00
1.632550001144409180e+00
1.621643304824829102e+00
1.636233329772949219e+00
1.631393194198608398e+00
1.642695188522338867e+00
1.626815676689147949e+00
1.643387675285339355e+00
1.626796364784240723e+00
1.622612357139587402e+00
1.633772373199462891e+00
1.635308504104614258e+00
1.637408256530761719e+00
1.638704538345336914e+00
1.636223316192626953e+00
1.639005899429321289e+00
1.648637771606445312e+00
1.638844251632690430e+00
1.645094990730285645e+00
1.635836839675903320e+00
1.638147473335266113e+00
1.629222393035888672e+00
1.634854078292846680e+00
1.643161535263061523e+00
1.626395583152770996e+00
1.631825447082519531e+00
1.638420104980468750e+00
1.647382974624633789e+00
1.647691011428833008e+00
1.640411853790283203e+00
1.645345687866210938e+00
1.646257638931274414e+00
1.640833377838134766e+00
1.637709617614746094e+00
1.651810169219970703e+00
1.640688657760620117e+00
1.649854660034179688e+00
1.648082494735717773e+00
1.645691871643066406e+00
1.664043545722961426e+00
1.648237109184265137e+00
1.653809666633605957e+00
1.649319410324096680e+00
1.646902322769165039e+00
1.648033142089843750e+00
1.654329538345336914e+00
1.646363615989685059e+00
1.661465883255004883e+00
1.659601449966430664e+00
1.653869152069091797e+00
1.649512767791748047e+00
1.657282352447509766e+00
1.668869256973266602e+00
1.647395849227905273e+00
1.663961887359619141e+00
1.651342630386352539e+00
1.662039160728454590e+00
1.664416670799255371e+00
1.655881881713867188e+00
1.662422180175781250e+00
1.667153120040893555e+00
1.657319784164428711e+00
1.657554268836975098e+00
1.674891114234924316e+00
1.651018142700195312e+00
1.660142898559570312e+00
1.677735567092895508e+00
1.675942540168762207e+00
1.669397354125976562e+00
1.666964769363403320e+00
1.653236746788024902e+00
1.661101102828979492e+00
1.659680366516113281e+00
1.649400591850280762e+00
1.656339883804321289e+00
1.664391517639160156e+00
1.658042192459106445e+00
1.680637598037719727e+00
1.665195226669311523e+00
1.675725221633911133e+00
1.666665792465209961e+00
1.675904035568237305e+00
1.669361591339111328e+00
1.657140254974365234e+00
1.677433967590332031e+00
1.656645774841308594e+00
1.669420123100280762e+00
1.678441762924194336e+00
1.662539005279541016e+00
1.682944536209106445e+00
1.684056043624877930e+00
1.675113916397094727e+00
1.672474384307861328e+00
1.676263689994812012e+00
1.667405843734741211e+00
1.677673578262329102e+00
1.668986201286315918e+00
1.674601197242736816e+00
1.682149410247802734e+00
1.672749280929565430e+00
1.675365686416625977e+00
1.677904367446899414e+00
1.675130605697631836e+00
1.672931551933288574e+00
1.678172826766967773e+00
1.666070580482482910e+00
1.687314987182617188e+00
1.668142199516296387e+00
1.668124675750732422e+00
1.679526209831237793e+00
1.670861721038818359e+00
1.687745571136474609e+00
1.673218607902526855e+00
1.677883148193359375e+00
1.685402393341064453e+00
1.676063537597656250e+00
1.686053752899169922e+00
1.678131937980651855e+00
1.691589355468750000e+00
1.684204101562500000e+00
1.681234359741210938e+00
1.682206392288208008e+00
1.671924352645874023e+00
1.675169229507446289e+00
1.690141081809997559e+00
1.684910535812377930e+00
1.682713747024536133e+00
1.672642469406127930e+00
1.689983129501342773e+00
1.689053416252136230e+00
1.691346406936645508e+00
1.681508064270019531e+00
1.684709787368774414e+00
1.687791228294372559e+00
1.695324659347534180e+00
1.684736728668212891e+00
1.691615343093872070e+00
1.686931133270263672e+00
1.695730924606323242e+00
1.696142792701721191e+00
1.682646751403808594e+00
1.685168862342834473e+00
1.693459749221801758e+00
1.688878297805786133e+00
1.696123838424682617e+00
1.694982051849365234e+00
1.691371202468872070e+00
1.687236547470092773e+00
1.701319456100463867e+00
1.690589427947998047e+00
1.682850360870361328e+00
1.689005374908447266e+00
1.684733152389526367e+00
1.703267693519592285e+00
1.701188087463378906e+00
1.691680908203125000e+00
1.706408143043518066e+00
1.683803200721740723e+00
1.688836097717285156e+00
1.695013523101806641e+00
1.691424250602722168e+00
1.700149059295654297e+00
1.696388483047485352e+00
1.707265138626098633e+00
1.704234123229980469e+00
1.700714468955993652e+00
1.692405939102172852e+00
1.696928381919860840e+00
1.691880226135253906e+00
1.691387891769409180e+00
1.690070271492004395e+00
1.695097327232360840e+00
1.701972484588623047e+00
1.702665328979492188e+00
1.692297458648681641e+00
1.687869429588317871e+00
1.699098110198974609e+00
1.706728935241699219e+00
1.708895444869995117e+00
1.690018653869628906e+00
1.695022344589233398e+00
1.700606346130371094e+00
1.703368186950683594e+00
1.705206155776977539e+00
1.711437821388244629e+00
1.711125969886779785e+00
1.695222854614257812e+00
1.703540205955505371e+00
1.702121973037719727e+00
1.710448503494262695e+00
1.704501867294311523e+00
1.691277980804443359e+00
1.705004930496215820e+00
1.699210166931152344e+00
1.703860998153686523e+00
1.710131645202636719e+00
1.718583106994628906e+00
1.716770172119140625e+00
1.708556890487670898e+00
1.709604501724243164e+00
1.705738425254821777e+00
1.700173616409301758e+00
1.706310391426086426e+00
1.719190716743469238e+00
1.712743282318115234e+00
1.704926490783691406e+00
1.705520153045654297e+00
1.704695463180541992e+00
1.702374219894409180e+00
1.709923267364501953e+00
1.711366415023803711e+00
1.709500074386596680e+00
1.712733507156372070e+00
1.703880548477172852e+00
1.713774919509887695e+00
1.706613063812255859e+00
1.700654625892639160e+00
1.713389992713928223e+00
1.716073513031005859e+00
1.707181215286254883e+00
