8.373304648531807448e-01
8.186755471759372682e-01
8.129829151762856254e-01
8.082832581467098709e-01
8.048287567165163248e-01
8.026749329434500480e-01
8.003351979785495729e-01
7.977623942825529113e-01
7.965258757273355750e-01
7.944029228554831956e-01
7.928245339128706659e-01
7.919725676377614709e-01
7.905520584848192422e-01
7.884823852115206977e-01
7.880388326115078668e-01
7.863062328762477904e-01
7.849272333913379640e-01
7.836243407593832533e-01
7.827154417832692390e-01
7.813789533244238639e-01
7.803974287377463126e-01
7.786741909053590538e-01
7.777588562832937757e-01
7.769448144568337211e-01
7.752947280804316499e-01
7.745451913939581656e-01
7.739450958040025030e-01
7.721661342514886117e-01
7.715419563982222062e-01
7.699135998884837351e-01
7.694574862718581709e-01
7.683787041240268678e-01
7.666069888406329413e-01
7.663745943042966635e-01
7.646068904134962763e-01
7.644592261976665970e-01
7.629443453417883436e-01
7.617387413978576882e-01
7.613308144940270639e-01
7.600789388020833259e-01
7.594203899304071692e-01
7.580158415767881408e-01
7.571292698383331743e-01
7.566705842812856408e-01
7.552490350272920150e-01
7.545246107710732453e-01
7.535044709841410837e-01
7.527295480171839470e-01
7.511050515704684738e-01
7.505112770530912858e-01
7.496546887689166105e-01
7.485086556937959879e-01
7.473976767725414305e-01
7.472383403115802070e-01
7.465985337893168428e-01
7.456665386756261560e-01
7.439218524429532797e-01
7.435604178243213624e-01
7.424269553687837808e-01
7.411720285813013787e-01
7.411801868014865624e-01
7.403779019912083426e-01
7.385213461187151163e-01
7.371695419152577422e-01
7.365868902868695223e-01
7.348107404179042845e-01
7.351127558284336061e-01
7.336122125387192217e-01
7.326250463724136575e-01
7.320489472813076492e-01
7.309556341833538529e-01
7.294687940014733529e-01
7.294292208221223595e-01
7.283569690253999251e-01
7.275107592344284280e-01
7.270706901947657785e-01
7.248605509599049812e-01
7.242761800686517981e-01
7.242306467559602723e-01
7.228030598825878617e-01
7.216478612687852179e-01
7.211238930622736465e-01
7.194160090552436104e-01
7.193248685863282699e-01
7.181427839729520590e-01
7.174756897820366852e-01
7.166859080394109016e-01
7.149354928069644455e-01
7.144246525234646539e-01
7.136361062526702659e-01
7.123043802049424666e-01
7.106913967265022780e-01
7.104775690370135344e-01
7.096932831737730041e-01
7.093623992469575423e-01
7.076221896542442824e-01
7.066483947965833678e-01
7.066501024696562050e-01
7.052174243662092668e-01
7.037801232602861612e-01
7.028025153610441000e-01
7.034319215350680610e-01
7.013995495107439027e-01
7.003481398026148996e-01
6.997357063823276269e-01
6.990114036533567887e-01
6.974417901701397415e-01
6.965063144763310454e-01
6.946877486175960792e-01
6.947426951593822508e-01
6.934418201446532759e-01
6.922423713737063666e-01
6.922055810689926592e-01
6.903929283221562629e-01
6.886848704682455580e-01
6.892033457756042703e-01
6.880502422650655037e-01
6.875449657440185769e-01
6.861677557229995950e-01
6.857343521383073570e-01
6.842893815702861815e-01
6.826503621207342665e-01
6.827288938893212311e-01
6.818552861611048010e-01
6.802220953835381723e-01
6.806116796202129615e-01
6.787789030207528329e-01
6.780136820342805848e-01
6.770883272091547944e-01
6.758318467272652619e-01
6.747293949127197710e-01
6.731609569655524483e-01
6.720469690031475318e-01
6.722145901785956390e-01
6.713207003143099039e-01
6.706204447481367570e-01
6.699933439493179765e-01
6.682132909695307488e-01
6.673254993226792608e-01
6.671998997529348108e-01
6.658647189537684197e-01
6.642758823103375176e-01
6.648061417871051759e-01
6.629283881849712401e-01
6.622328119145499681e-01
6.606659524970583952e-01
6.599528001414405320e-01
6.597970336675643699e-01
6.597794810930888154e-01
6.580902116166220672e-01
6.565336220794253386e-01
6.561125857962502028e-01
6.540213038523992051e-01
6.551360259453455903e-01
6.533162501123216392e-01
6.540886233250300386e-01
6.514708671304915155e-01
6.504999332957797087e-01
6.502992265754276024e-01
6.495655685663223045e-01
6.474832819567786224e-01
6.476025793287488730e-01
6.462620298067728308e-01
6.452798482444551675e-01
6.447844402657614271e-01
6.436381982432470839e-01
6.426508343882031404e-01
6.422207173373963851e-01
6.411390201912985365e-01
6.394778228468365189e-01
6.395166476567586411e-01
6.372246745559904113e-01
6.371141529745525389e-01
6.370683580636977705e-01
6.355059381988313882e-01
6.341702981127632643e-01
6.342173520061704650e-01
6.329620881213082750e-01
6.326712787151336226e-01
6.319748620192210398e-01
6.281160970528920640e-01
6.302711016601986183e-01
6.278182009855906021e-01
6.271443274286058189e-01
6.265150447686512747e-01
6.268192287948396446e-01
6.250854916042751785e-01
6.250627458095550093e-01
6.235598739650514144e-01
6.206688635879092919e-01
6.213616695668962020e-01
6.218093789286083251e-01
6.192091017961501853e-01
6.193077315886815759e-01
6.187914374801847250e-01
6.175597730610106195e-01
6.168662829531563752e-01
6.161497162448035247e-01
6.144428686963187003e-01
6.153495096498065031e-01
6.150571895970238234e-01
6.126721024513244185e-01
6.114402357074949501e-01
6.102763894531462174e-01
6.100679248571395652e-01
6.103486375676261400e-01
6.080603367752499544e-01
6.078292624817953627e-01
6.069980101452933097e-01
6.057130701012081175e-01
6.032001293367810213e-01
6.049531347221798194e-01
6.036983178721533339e-01
6.031381511025958320e-01
6.021622694200939874e-01
6.009216646353403579e-01
5.997989992300669648e-01
5.991035123666127449e-01
5.976833548810747132e-01
5.974164012405607238e-01
5.967992216348647627e-01
5.962049464384714392e-01
5.962764445278380121e-01
5.947949892944759398e-01
5.932423886325624007e-01
5.931062608957290427e-01
5.923786054054895889e-01
5.911911037233140709e-01
5.900696966383192077e-01
5.898827917046016722e-01
5.892248544428083656e-01
5.880536403920915145e-01
5.876918160253100654e-01
5.871026585499445893e-01
5.855738348431057672e-01
5.855507300959692518e-01
5.835213253895441543e-01
5.828111724721061204e-01
5.832207077079348823e-01
5.822355601522657409e-01
5.806365142265955681e-01
5.798688332239786414e-01
5.793865392605463960e-01
5.787996348407533631e-01
5.780782636668947427e-01
5.778541455666224014e-01
5.763376388284895402e-01
5.747936381234063363e-01
5.761679225497775558e-01
5.741025474336411971e-01
5.737585624059041711e-01
5.735034922758738274e-01
5.715868658489651200e-01
5.702506949504216882e-01
5.702805386649237862e-01
5.699405597315894134e-01
5.681923796733220344e-01
5.660141229629516157e-01
5.671006033817926895e-01
5.662994907961951263e-01
5.648284206787744788e-01
5.649871713585323807e-01
5.642321116394466429e-01
5.636342485745747810e-01
5.638346039586596969e-01
5.616376741064919020e-01
5.612740142477883332e-01
5.611796849303775092e-01
5.581920375426610015e-01
5.582455780771043985e-01
5.580187224679522551e-01
5.566167212194866876e-01
5.563098116053475373e-01
5.550681329435772637e-01
5.553970740901099656e-01
5.535789118872748160e-01
5.534379151132371444e-01
5.530897312694125212e-01
5.504201965199576607e-01
5.524494671159320136e-01
5.500465959310532060e-01
5.495104640722274780e-01
5.490435063838958740e-01
5.484549075365066084e-01
5.474097188976075889e-01
5.476943032609091766e-01
5.451192319393157737e-01
5.453625429007742387e-01
5.452127012941572204e-01
5.430756105317009474e-01
5.421583904160394152e-01
5.432121571567323226e-01
5.416924051112599336e-01
5.422239859898885239e-01
5.382385101583269105e-01
5.400066485007604111e-01
5.394972758160696547e-01
5.381912348998917350e-01
5.361091762781142744e-01
5.357274313767751428e-01
5.367835760116577148e-01
5.336220241255230645e-01
5.348705556657579185e-01
5.343564942479133162e-01
5.338554006483819947e-01
5.326703167623944024e-01
5.318743144472439788e-01
5.309528835945659386e-01
5.287877519925435754e-01
5.300808820459578241e-01
5.288201078772545305e-01
5.282736183868513846e-01
5.260083572732077162e-01
5.279005370206303338e-01
5.268216058611869812e-01
5.241534603966606642e-01
5.239873962269888663e-01
5.237774473097589478e-01
5.224413808849123209e-01
5.219947697387801178e-01
5.220172564188639841e-01
5.204259317782190530e-01
5.203525284926097116e-01
5.192527314027149954e-01
5.172323354416423768e-01
5.179334339168336632e-01
5.181020403901736016e-01
5.168577851520643751e-01
5.162900674674245627e-01
5.140280119246907198e-01
5.141147209538353691e-01
5.137957776586214997e-01
5.123995676636695640e-01
5.117663600378565825e-01
5.125100710325770637e-01
5.142055711812443253e-01
5.104635569784375937e-01
5.081490230229165350e-01
5.095004916191101518e-01
5.085541327794392830e-01
5.073197748925950545e-01
5.062556172410647148e-01
5.065282455748981727e-01
5.057761078079541228e-01
5.048682850268152444e-01
5.053268207444084892e-01
5.030256271362304465e-01
5.031469131509462844e-01
5.009579214784833923e-01
5.007625593079461090e-01
5.009625141819318284e-01
5.005102058251699182e-01
5.007524589697519568e-01
4.983053430914878845e-01
5.005928422013918855e-01
4.965248747004403218e-01
4.964359146025445479e-01
4.951573087109459870e-01
4.945276142822371823e-01
4.935031844509972232e-01
4.943378653791215549e-01
4.935141245524088394e-01
4.933822669916682613e-01
4.913971894317202826e-01
4.916844108038478378e-01
4.922025261653794059e-01
4.900482522116766937e-01
4.889119923114776389e-01
4.895817456973923787e-01
4.867832351062033047e-01
4.869125965568754655e-01
4.867169140113724590e-01
4.864795684814453014e-01
4.861528901590241314e-01
4.849099967214796081e-01
4.847357783052656521e-01
4.858592136038674125e-01
4.832559501131375446e-01
4.824166122410032398e-01
4.795010253787040932e-01
4.801726780003971462e-01
4.798452365729544145e-01
4.790258054931958442e-01
4.790316992335849067e-01
4.791342809796333424e-01
4.769991871383454929e-01
4.778157316976123226e-01
4.764475375413894653e-01
4.768278365333875057e-01
4.753927146395047765e-01
4.742543334762255314e-01
4.748362532920307744e-01
4.765896848506397943e-01
4.727392445007960187e-01
4.734678064783414131e-01
4.717117453614870781e-01
4.715502848227818844e-01
4.707997265789243824e-01
4.701609040300051556e-01
4.693694170978334190e-01
4.674265861511230358e-01
4.683221283886167541e-01
4.665058775080574982e-01
4.671549085113737565e-01
4.658069741394784691e-01
4.649058873454729457e-01
4.650480142898029690e-01
4.633058990041414860e-01
4.641524669196870345e-01
4.635991502139303333e-01
4.616500948866208431e-01
4.616831367214520587e-01
4.614148653215832119e-01
4.608543869521882774e-01
4.599907037284639011e-01
4.603821819027265061e-01
4.586117615302403583e-01
4.571323449412981743e-01
4.564439722233348262e-01
4.569951552483770829e-01
4.565749466419219971e-01
4.563276689913537965e-01
4.548356688684887517e-01
4.552560771505038129e-01
4.540848859482341515e-01
4.545863694614834527e-01
4.527220222685072182e-01
4.507624829808871136e-01
4.511979521976576812e-01
4.539011357559097903e-01
4.499900746676657182e-01
4.495102604230244991e-01
4.499637679921256184e-01
4.486142978072166221e-01
4.480091558562384613e-01
4.487320717838075290e-01
4.472337130043241848e-01
4.481177775396241181e-01
4.455572254127926346e-01
4.452909669942325954e-01
4.443678375747468490e-01
4.469806267155541080e-01
4.437719321913189408e-01
4.432385694649484398e-01
4.429217716058095333e-01
4.417917147278785928e-01
4.401814207434654458e-01
4.411403672562705380e-01
4.418847685058911456e-01
4.410723318656285530e-01
4.383746607436074250e-01
4.397613979048199395e-01
4.374279800388548023e-01
4.374197079075707317e-01
4.375106205542882432e-01
4.363310068845748790e-01
4.373501024312443364e-01
4.366497607694732053e-01
4.364214983251359925e-01
4.343693883882628337e-01
4.346648696396085976e-01
4.339922585421138179e-01
4.325216271811061497e-01
4.321578638421164631e-01
4.298460152414109725e-01
4.289979803893301247e-01
4.313507565193706039e-01
4.293380631340874554e-01
4.291528469986385930e-01
4.276946281393368965e-01
4.296258042256037579e-01
4.270610079169273599e-01
4.271578129794862400e-01
4.255460608336660844e-01
4.268307003710005154e-01
4.263330270846684700e-01
4.228486042883661256e-01
4.226236603326267716e-01
4.244688994354671729e-01
4.231762654251522426e-01
4.220574537913004409e-01
4.215114944510989781e-01
4.201412172781096577e-01
4.198308406604661092e-01
4.218798701961835040e-01
4.201148731840981254e-01
4.189975289834870220e-01
4.190589020649592156e-01
4.186333702670203549e-01
4.186963071425756078e-01
4.186285848418871414e-01
4.178135517570707447e-01
4.157416979471842411e-01
4.147958485616577984e-01
4.142665876282585757e-01
4.136097210976812377e-01
4.152149450447824020e-01
4.138739236527019250e-01
4.135938397712177750e-01
4.149345497290293228e-01
4.115636378526687511e-01
4.107896528310245876e-01
4.105337815152274028e-01
4.085330393579271191e-01
4.117119797401957992e-01
4.103577236334483014e-01
4.099158215853903053e-01
4.077436529927783715e-01
4.072718085514174802e-01
4.084666071666611664e-01
4.074740838673379661e-01
4.049888645609219795e-01
4.049605947401788697e-01
4.069781271947754964e-01
4.037919307748476516e-01
4.039024748735957626e-01
4.069648588697115654e-01
4.039189881748623256e-01
4.020745181375079413e-01
4.018390064438184250e-01
4.030946961707538856e-01
4.012366337908638836e-01
4.003777651323212616e-01
3.999232315354876999e-01
3.993456476264529709e-01
4.007585936122470271e-01
3.997063166565365533e-01
3.967923295166757569e-01
3.992966734700732490e-01
3.972843392027748943e-01
3.957470221651924747e-01
3.958164806167284722e-01
3.944441888067457547e-01
3.959764853119850381e-01
3.943889141082763672e-01
3.947459553678830391e-01
3.947374418377876393e-01
3.955235911740196952e-01
3.930830877688196168e-01
3.903519373801019321e-01
3.922023700343237884e-01
3.915480612052811282e-01
3.910227436158392189e-01
3.908966774741808314e-01
3.901805332965321282e-01
3.903577413823869358e-01
3.892623618245124595e-01
3.877721693780686874e-01
3.883698097533649918e-01
3.874105052815543515e-01
3.875862601730558632e-01
3.872765456636746983e-01
3.873061807619200825e-01
3.865331924623913173e-01
3.852872638238800662e-01
3.865226371420754092e-01
3.836915401948822746e-01
3.852584496140479819e-01
3.848193837536705852e-01
3.844599934087859494e-01
3.820454610718621025e-01
3.811624998847643608e-01
3.820347428321838601e-01
3.809555775589413273e-01
3.803984445002344117e-01
3.805335245198673833e-01
3.798982628517680871e-01
3.794990465044975059e-01
3.798549936877356759e-01
3.790694819556342243e-01
3.779170109166039571e-01
3.772343710064888223e-01
3.768199513355890984e-01
3.758451014757156483e-01
3.763230037358071822e-01
3.769915893673896901e-01
3.770062035984463322e-01
3.758755437201923844e-01
3.771254820956124187e-01
3.742968959940804474e-01
3.763586685061454662e-01
3.731080157889259952e-01
3.724453323417239448e-01
3.711664969722429652e-01
3.717166655593447944e-01
3.722365862793392544e-01
3.701457492179340836e-01
3.718872828616036075e-01
3.699834151400460125e-01
3.697346736987431881e-01
3.718204264839490292e-01
3.694423980183071388e-01
3.675139344400829566e-01
3.673722237348556741e-01
3.682741123769018299e-01
3.684319737884733659e-01
3.663231028450860127e-01
3.669344943430688510e-01
3.655916109681129345e-01
3.659194093611505272e-01
3.661075204610824696e-01
3.653148366345299602e-01
3.652222194605403427e-01
3.647027133239640340e-01
3.655197481314341190e-01
3.626871123909950478e-01
3.624210400713814839e-01
3.630445816450648677e-01
3.626607575350337398e-01
3.627508517768647800e-01
3.615044345458348629e-01
3.612863959537612191e-01
3.575949961940447230e-01
3.594483433498276703e-01
3.585523010955916634e-01
3.603615946239895340e-01
3.595057995782958149e-01
3.577720633811420914e-01
3.582443608178032535e-01
3.570179916090435723e-01
3.571580895119242927e-01
3.570055211583773036e-01
3.561323111255963458e-01
3.566441833972930908e-01
3.555787465638584610e-01
3.584761725531683818e-01
3.550577693515353794e-01
3.544626472724808353e-01
3.545922378698984634e-01
3.529816822873221294e-01
3.523435869150691735e-01
3.525908314519458076e-01
3.517111423942778092e-01
3.525536639822853813e-01
3.523878067731857078e-01
3.519974930418862114e-01
3.521052473121218940e-01
3.514568110307057514e-01
3.493223006526628982e-01
3.510310580333074193e-01
3.490241855382919534e-01
3.483084458443853615e-01
3.483401315079794891e-01
3.493077614241176243e-01
3.466586059994167801e-01
3.483835433920224323e-01
3.475809575782881633e-01
3.469198765026198505e-01
3.484357050723499993e-01
3.461676971779929501e-01
3.451189147101508259e-01
3.452264166540569557e-01
3.466072693467140420e-01
3.432422849867078907e-01
3.455874529149797203e-01
3.435869452026155124e-01
3.436364231838120453e-01
3.426047608256340138e-01
3.430306697885195377e-01
3.435557817419370163e-01
3.414470576577716132e-01
3.430528110928005581e-01
3.415905682577027314e-01
3.410926308896806702e-01
3.410894446902804633e-01
3.400686547160148843e-01
3.402681027849515094e-01
3.409528970718384011e-01
3.393336719936794754e-01
3.390651514132817512e-01
3.385337028238508683e-01
3.403535390893618340e-01
3.386610897050963409e-01
3.369667564829190720e-01
3.364129859540197498e-01
3.371308921111954571e-01
3.355366862482495049e-01
3.360487484269671921e-01
3.353133334053887138e-01
3.362056907680299744e-01
3.351116594341065902e-01
3.339474639958805446e-01
3.349080983135435119e-01
3.341172554426722896e-01
3.334548925360044103e-01
3.349896482295460221e-01
3.337204860316382304e-01
3.344835094279713372e-01
3.324636871616045708e-01
3.340111600028143890e-01
3.308095157146453968e-01
3.309380660454432355e-01
3.304465052154328952e-01
3.305332072907024021e-01
3.309080541133880837e-01
3.314707297417852638e-01
3.317769679758283963e-01
3.293221995234489330e-01
3.291837766766548268e-01
3.294061606129010666e-01
3.271603710121578912e-01
3.279109827346272099e-01
3.291894637876086604e-01
3.278225839138030895e-01
3.273408970899052139e-01
3.278794126378165585e-01
3.248517079485787051e-01
3.264669256077872284e-01
3.241359379556443820e-01
3.268648236989974976e-01
3.253197105394469157e-01
3.253057999743355633e-01
3.265173781249258167e-01
3.247186730305353652e-01
3.230485363139046773e-01
3.231733893354734044e-01
3.234548161427179824e-01
3.226216576165623073e-01
3.218064655860264911e-01
3.239907309412956016e-01
3.231418651011255250e-01
3.222370477186308757e-01
3.221525371074676625e-01
3.232471408115493161e-01
3.220634849535094490e-01
3.192815699511104000e-01
3.220171264476246464e-01
3.200562670826911926e-01
3.214680290884441849e-01
3.195273101329803578e-01
3.195794151888953216e-01
3.201596728629536037e-01
3.191908404231071361e-01
3.184275173478656185e-01
3.170425661736064327e-01
3.185051631596353405e-01
3.167701741059621434e-01
3.185630018512408124e-01
3.170457422733307107e-01
3.189418632123205422e-01
3.165524383385976415e-01
3.170636028051376232e-01
3.159726364745034100e-01
3.166698728998502133e-01
3.142608808146582500e-01
3.147557632790671245e-01
3.155024215579033120e-01
3.142614154352081912e-01
3.158516691790686504e-01
3.154190689325332420e-01
3.127255156636238320e-01
3.143426689836714139e-01
3.131604327095879325e-01
3.142695426940917969e-01
3.126461712850464592e-01
3.119369980361726413e-01
3.113111471136411068e-01
3.124086105161242854e-01
3.127378465400801888e-01
3.123852224813567502e-01
3.115621142917209263e-01
3.117288619279861561e-01
3.121105104684829823e-01
3.100041563312212478e-01
3.086247555083698746e-01
3.097429649697409637e-01
3.105767817960845001e-01
3.107022550370958092e-01
3.083486653036541236e-01
3.089485572444067851e-01
3.090794849726888893e-01
3.075723866621652980e-01
3.086580107609430690e-01
3.080682021048333774e-01
3.069601247708002578e-01
3.073962918586201076e-01
3.054489134086502689e-01
3.072922698325580848e-01
3.064938190910551086e-01
3.081912984450658199e-01
3.080413497156567204e-01
3.070655723412831772e-01
3.068054988980293274e-01
3.065516978502273449e-01
3.051364853978156821e-01
3.047169077727529540e-01
3.056503810816341149e-01
3.043942948182423724e-01
3.045240104198455589e-01
3.033439386222097633e-01
3.040088963177469128e-01
3.025033094816737544e-01
3.036508694291114585e-01
3.042379962073432087e-01
3.040296451912986031e-01
3.027792990207672230e-01
3.042626591192351682e-01
3.033738813466496098e-01
3.036129501130845898e-01
3.027023456162876713e-01
3.036103515161408528e-01
3.016023269957966435e-01
3.007569750150044796e-01
3.020106459657351250e-01
3.011811935239367966e-01
3.008128851652145386e-01
3.007680255505773559e-01
3.011359734667671817e-01
3.008300617337226757e-01
3.002681919270091537e-01
3.009065667788187737e-01
2.991831378804312713e-01
3.009755002127753598e-01
2.992121479577488641e-01
2.988569660319222443e-01
2.997768443491724000e-01
2.989717154039276958e-01
2.982559642857975368e-01
2.978260103199217301e-01
2.978016899691687813e-01
2.978961562116940742e-01
2.977610457274648681e-01
2.981336034006542568e-01
2.981583530704180474e-01
2.975686502125527988e-01
2.966321299473444473e-01
2.977365530199475030e-01
2.958740512530008693e-01
2.960727746287981632e-01
2.975003422962294586e-01
2.965447228815820679e-01
2.945598175128301133e-01
2.959054675367143172e-01
2.966046157810423023e-01
2.961428448557853477e-01
2.948264434933662304e-01
2.942586445146136986e-01
2.955957942538791072e-01
2.945560329490237716e-01
2.937327095203929317e-01
2.924164465732044804e-01
2.938413273957040661e-01
2.944662564330630672e-01
2.938363578584459179e-01
2.931516582767168533e-01
2.936385686198870193e-01
2.936252289348178501e-01
2.933102377586894738e-01
2.939854100346565025e-01
2.930468860599729775e-01
2.932352208428912754e-01
2.927855226728651172e-01
2.911959899796379703e-01
2.910178259015083202e-01
2.930441901087760814e-01
2.908837666114171272e-01
2.897611389557520623e-01
2.904265590839915645e-01
2.910133525729179382e-01
2.896562760074933296e-01
2.904470536443922168e-01
2.917372657193078034e-01
2.896845117211341858e-01
2.898837096161312465e-01
2.910563109649552116e-01
2.897428153289688946e-01
2.904630472262700325e-01
2.896995292769538044e-01
2.895720718635453328e-01
2.900258554352654339e-01
2.884944149189525020e-01
2.894147540960047005e-01
2.881118007832103034e-01
2.872517589065763932e-01
2.887212041351530090e-01
2.878782507446077110e-01
2.877907317545678745e-01
2.886291537019941567e-01
2.874674008952246562e-01
2.875549793243408203e-01
2.876636914081043828e-01
2.857297036382887012e-01
2.876325451665454613e-01
2.875320676300260891e-01
2.877729631132549537e-01
2.868030445443259246e-01
2.867223733829127319e-01
2.863681602809164395e-01
2.863159320420688991e-01
2.873573915825949898e-01
2.862799810038672566e-01
2.857323351005713330e-01
2.870372631483607551e-01
2.847627952694892772e-01
2.866716040505303265e-01
2.852513046728240020e-01
2.857919936378797154e-01
2.866602929102050057e-01
2.858864547477827922e-01
2.853533213337262620e-01
2.859796307153171790e-01
2.839277774095535500e-01
2.852996778157022018e-01
2.843171742227342258e-01
2.852222838335566890e-01
2.846978624661763435e-01
2.836441132757399064e-01
2.841624888281027439e-01
2.824239550365342244e-01
2.841064645184410709e-01
2.851119686332013736e-01
2.846740032235781093e-01
2.835821592973338245e-01
2.821320520506964691e-01
2.827977677186330197e-01
2.829250227246019600e-01
2.834326436122258652e-01
2.838729292154312245e-01
2.832371310227447259e-01
2.834609700573815227e-01
2.823045932584338780e-01
2.816931534972455520e-01
2.830237088104088916e-01
2.824751504593425167e-01
2.818941414356231911e-01
2.825840816729598415e-01
2.824105352163314708e-01
2.834972246653503780e-01
2.811988572279612297e-01
2.830455667442745571e-01
2.814899512463145959e-01
2.811736822956137916e-01
2.814800347718927620e-01
2.837430547508928425e-01
2.823366291821002849e-01
2.818380658825238583e-01
2.816177954276402606e-01
2.804727786944972157e-01
2.817288358178403618e-01
2.798974404732386123e-01
2.805093996226787345e-01
2.808204845421843898e-01
2.796598498192098270e-01
2.798335884180334077e-01
2.816153199308448207e-01
2.801738190982077104e-01
2.815287234882513645e-01
2.803452187942134244e-01
2.788349548147784351e-01
2.791388842794630398e-01
2.788849824832545510e-01
2.802213735878467671e-01
2.798518010311656368e-01
2.792660989695124885e-01
2.803772674666510922e-01
2.809846560988161213e-01
2.795020627478758679e-01
2.802324469718668332e-01
2.798298774494065166e-01
2.779548821349938637e-01
2.783521030512121075e-01
2.805067950652705422e-01
2.783949347005950092e-01
2.797079202201631087e-01
2.788501042458746415e-01
2.787198451658089993e-01
2.785078131490283382e-01
2.786130784286393047e-01
2.775976052714718700e-01
2.790767421325047737e-01
2.787232841882441026e-01
2.786692752606338974e-01
2.778083855907122479e-01
2.771707272364033470e-01
2.772499294744597553e-01
2.779285668498939765e-01
2.771687046521239539e-01
2.761651134325398549e-01
2.771540015935897716e-01
2.786811479263835434e-01
2.775875353978740079e-01
2.781449865135881550e-01
2.773959082033898849e-01
2.783841282957130181e-01
2.778109386563301086e-01
2.776833787560463174e-01
2.765521098342206829e-01
2.776404721869362713e-01
2.772704262700345645e-01
2.766155703200234295e-01
2.772545312841733223e-01
2.780778244965605994e-01
2.774533198111587273e-01
2.775644828875859504e-01
2.770563774638705734e-01
2.763088228801885982e-01
2.762394985391034008e-01
2.766754809353086930e-01
2.762791587246788971e-01
2.771588932308886033e-01
2.765649878316455146e-01
