6.142688781023025735e-01
3.277195245027542114e-01
2.492042526602745167e-01
2.012477725744247492e-01
1.707067459821701161e-01
1.444974288344383351e-01
1.234875865280628260e-01
1.078602649271488134e-01
9.377716556191444119e-02
8.158053159713744840e-02
7.280847802758216858e-02
6.498059220612048548e-02
5.644784234464168826e-02
5.213855914771556993e-02
4.653570652008056502e-02
4.094126038253307481e-02
4.107912555336952487e-02
3.706593848764896254e-02
3.314973618835211078e-02
2.970587592571973662e-02
2.622584402561187883e-02
2.428961489349603514e-02
2.204260323196649551e-02
1.991436593234539171e-02
1.949978638440370490e-02
1.795287709683179855e-02
1.685523120686411788e-02
1.553908614441752364e-02
1.486357729882001842e-02
1.402239641174674034e-02
1.378598595038056304e-02
1.239903066307306359e-02
1.061494620516896178e-02
1.030088504776358570e-02
1.013724710792303016e-02
9.141952358186244618e-03
8.695534430444240570e-03
8.297265740111470222e-03
7.683633454144000660e-03
7.344379229471087803e-03
6.661954987794161016e-03
6.849070079624652863e-03
6.606405368074774742e-03
5.801119981333613743e-03
5.648684361949563373e-03
5.594371957704425205e-03
5.534752039238810539e-03
5.080900294706225742e-03
5.221157008782029499e-03
4.589862236753105944e-03
4.606522340327501470e-03
4.453928116708994259e-03
4.479696438647806471e-03
4.253450641408562313e-03
4.069878067821264093e-03
3.657845873385667888e-03
3.458640351891517466e-03
3.517238888889551163e-03
3.845857852138578718e-03
5.652827350422740330e-03
8.315117191523313175e-03
4.999896441586315458e-03
4.153667762875556772e-03
3.674592031165957364e-03
3.224560339003801172e-03
3.231287491507828149e-03
3.050298243761062449e-03
2.653909404762089166e-03
2.443830925039947120e-03
2.520243986509740353e-03
2.433560858480632479e-03
2.274497807957231825e-03
2.285327063873410225e-03
2.171703684143722231e-03
2.319965860806405544e-03
2.128378360066562718e-03
1.941999990958720489e-03
1.923824753612279979e-03
1.994759193621575832e-03
1.841572194825857791e-03
1.777088025119155689e-03
1.743908552452921911e-03
1.747202582191675945e-03
1.682348793838173108e-03
1.750475633889436635e-03
1.655105606187135025e-03
1.628527906723320397e-03
1.569980825297534422e-03
1.530739397276192990e-03
1.486373215448111209e-03
1.515671575907617721e-03
1.563430624082684604e-03
1.467118656728416768e-03
1.450807880610227672e-03
1.388137391768395944e-03
1.388460164889693260e-03
1.323433744255453435e-03
1.313291001133620826e-03
1.282354549039155158e-03
1.400283607654273467e-03
1.365831901784986171e-03
1.313415647018700838e-03
1.263923582155257507e-03
1.161376677919179114e-03
1.142046670429408464e-03
1.101576082874089479e-03
1.092829601839184848e-03
1.093332585878670259e-03
1.066926313797011971e-03
1.072942430619150487e-03
1.049557619262486783e-03
1.044484443264082161e-03
1.006206456804648085e-03
1.000766619108617392e-03
9.740197565406560898e-04
9.560763544868677421e-04
9.854266536422073841e-04
9.343411074951291084e-04
9.098332026042044380e-04
8.774292538873851733e-04
8.750985434744507074e-04
8.618465915787964626e-04
8.760043769143521569e-04
8.772932051215320826e-04
8.511550375260412259e-04
8.029582910239696720e-04
8.072800585068762736e-04
8.219666196964681149e-04
7.654003100469708009e-04
7.909974723588675044e-04
7.823893916793167808e-04
7.661925628781318665e-04
7.793154451064765670e-04
7.574480434413999753e-04
7.368802733253687186e-04
6.980795762501657443e-04
7.053607900161295912e-04
7.089694321621209166e-04
7.233991927932947874e-04
6.911940930876880667e-04
6.761689728591591120e-04
6.372744683176279068e-04
6.745826220139860673e-04
6.589289463590830348e-04
6.333511904813349030e-04
6.223001168109476349e-04
6.549136247485876300e-04
6.284277827944606326e-04
6.381583865731954358e-04
6.166571169160306237e-04
6.209132203366607644e-04
5.893883062526583672e-04
5.719224165659398274e-04
5.620830721454695084e-04
5.657999718096107244e-04
5.413207050878554799e-04
5.539700243389234380e-04
5.250419810181484060e-04
5.160402477486058636e-04
5.321948265191167593e-04
5.411890306277200580e-04
5.102402705233543894e-04
5.174740188522263928e-04
5.277813179418444633e-04
5.313823756296187206e-04
5.189339688513427539e-04
5.039976007537916086e-04
4.914737568469717882e-04
4.752091743284836520e-04
5.326744285412132740e-04
4.676438955357298363e-04
5.137698492035270171e-04
4.984669823898002939e-04
4.775709734531119249e-04
4.606166534358635328e-04
4.388851928524673093e-04
4.712517664302140583e-04
4.662719991756603230e-04
4.594408732373267195e-04
4.279459797544404973e-04
4.460743599338457205e-04
4.274507286027073643e-04
4.340126528404652856e-04
3.978025604737922658e-04
4.069716494996100773e-04
4.208242811728268645e-04
3.773973934585228346e-04
3.994309081463143229e-04
3.990848141256720044e-04
3.813294286374002804e-04
3.656558285001665245e-04
4.033794743008911393e-04
4.050088580697774996e-04
3.656884538941085230e-04
3.493313910439610264e-04
3.781544975936412703e-04
3.446282440563664057e-04
3.479628212517127395e-04
3.565409249858930815e-04
3.562439844245090972e-04
3.443937661359086416e-04
3.453876561252400279e-04
3.533296985551714897e-04
3.348022495629265688e-04
3.231952432543039322e-04
3.295650880318134806e-04
3.234394884202629111e-04
3.231494571082294204e-04
3.231912589399143945e-04
3.130117460386827371e-04
3.126318886643275727e-04
3.229400725103914846e-04
3.031148924492299665e-04
3.105471987510100007e-04
2.964684652397409190e-04
2.822756534442305456e-04
3.006109851412475326e-04
2.858227264368906509e-04
2.870153868570923697e-04
2.955382515210658312e-04
2.816282969433814179e-04
2.983742437209002457e-04
3.083624527789652131e-04
2.841672554495744624e-04
2.798419096507132270e-04
2.653628762345761061e-04
2.719730167882516763e-04
2.668917761184275042e-04
2.575853650341741741e-04
2.723260768107138574e-04
2.580170286819338690e-04
2.452042608638294041e-04
2.595970610855147134e-04
2.495553388143889714e-04
2.529185599996708550e-04
2.434791764244437164e-04
2.687449421500787247e-04
2.694933151360601404e-04
2.591157812275923572e-04
2.517278873710892986e-04
2.423421698040328866e-04
2.524353840271942317e-04
2.276025348692201024e-04
2.300053878570906872e-04
2.413714013528078849e-04
2.328617862076498514e-04
2.244762537884525846e-04
2.223945382866077233e-04
2.190741768572479595e-04
2.201658600824884962e-04
2.150229207472875660e-04
2.183528631576336920e-04
2.226845012046396787e-04
2.336616802494972998e-04
2.280102460645139326e-04
2.108183034579269588e-04
2.202763876994140392e-04
2.084009785903617631e-04
2.167855724110268002e-04
2.080005768220871795e-04
2.011669144849292880e-04
1.995055587030947154e-04
1.936772314365953207e-04
1.983202673727646470e-04
2.056979050394147689e-04
1.953829705598764122e-04
1.893607361125759672e-04
1.935713764396496009e-04
1.932774044689722305e-04
1.885800607851706391e-04
1.957523301825858544e-04
1.870996668003499399e-04
1.859012962086126317e-04
1.825814251787960529e-04
1.793073941371403743e-04
1.830464359954930950e-04
1.782530875061638707e-04
1.741439235047437359e-04
1.854010508395731341e-04
1.772555711795575863e-04
1.704145310213789398e-04
1.824177132220938910e-04
1.750940762576647211e-04
1.749864866724237908e-04
1.719607796985656131e-04
1.642852934310212786e-04
1.663138406001962667e-04
1.657173052080906928e-04
1.713712961645797003e-04
1.720844782539643456e-04
1.697888146736659110e-04
1.589002335094846839e-04
1.635571985389105921e-04
1.605225828825496191e-04
1.682283429545350264e-04
1.565483573358505856e-04
1.513132752734236365e-04
1.563746394822374040e-04
1.584631390869617462e-04
1.552299494505859966e-04
1.615457178559154164e-04
1.500591781223192703e-04
1.494029100285843123e-04
1.484544569393619841e-04
1.476738892961293513e-04
1.633196836337447058e-04
1.562253310112282634e-04
1.452237804187461625e-04
1.539677352411672365e-04
1.465850655222311616e-04
1.396372463204897940e-04
1.446487251087091755e-04
1.432579301763325930e-04
1.381622991175390834e-04
1.458137761801481301e-04
1.384493785735685324e-04
1.410562676028348560e-04
1.357037690468132496e-04
1.337919617071747726e-04
1.379097535391338115e-04
1.378665619995445013e-04
1.332129089860245640e-04
1.352366525679826736e-04
1.309313083766028285e-04
1.352902138023637127e-04
1.312011227128095925e-04
1.262269339349586462e-04
1.240246259840205366e-04
1.283228433749172891e-04
1.276407856494188309e-04
1.273857807973399650e-04
1.238040036696474945e-04
1.245678991836029982e-04
1.227055385243147666e-04
1.202188701427075958e-04
1.189957634778693264e-04
1.216688870044890791e-04
1.230016736371908391e-04
1.171683506981935352e-04
1.187292124086525237e-04
1.234824543644208515e-04
1.249757886398583759e-04
1.149260024249088019e-04
1.202085964905563688e-04
1.133317615312989747e-04
1.104387527448125156e-04
1.165972069429699304e-04
1.158819359261542559e-04
1.123783484217710766e-04
1.133376070356462124e-04
1.107041585783008432e-04
1.165149355074390823e-04
1.083909679437056130e-04
1.127707342675421333e-04
1.128022391640115475e-04
1.078101617167703862e-04
1.044715587340760922e-04
1.087429103790782446e-04
1.087237258616369191e-04
1.084693984012119445e-04
1.025268742523621822e-04
1.070996528142131811e-04
1.057675508491229266e-04
1.027375059493351782e-04
1.033205095154698884e-04
9.934421177604235709e-05
9.822820284171030196e-05
1.053668689564801698e-04
1.055228174664080116e-04
9.966317011276260560e-05
9.755669088917784393e-05
9.943054028553888473e-05
9.779037136468105560e-05
1.023319666273891953e-04
9.499579318799078736e-05
9.247429989045485854e-05
9.195036182063631713e-05
9.503255641902796653e-05
9.396329769515432959e-05
1.021119678625836968e-04
1.150739823060575818e-04
9.941839816747233001e-05
9.459832217544317517e-05
9.398815527674741501e-05
9.248657006537542018e-05
1.005897254799492630e-04
9.124347707256674767e-05
8.896222716430202398e-05
8.745047598495148393e-05
8.877546279109082574e-05
9.078140501515009051e-05
8.926317968871444464e-05
8.960533814388327572e-05
9.167675962089561197e-05
8.812027226667851210e-05
8.819142385618761182e-05
8.408701905864291164e-05
9.537317091599107331e-05
8.604630347690545294e-05
8.391135197598487410e-05
8.543600197299383039e-05
8.392913368879817968e-05
8.364297609659842876e-05
8.109089612844400379e-05
7.709640631219372424e-05
8.336015016539022869e-05
7.648115206393413246e-05
7.855479416321031207e-05
7.715142128290608254e-05
8.115436503430828452e-05
7.845854124752805179e-05
8.415756601607427543e-05
8.106903551379218969e-05
7.519449718529358506e-05
8.017652507987804169e-05
7.766462804283946210e-05
8.019238666747696156e-05
7.786635542288422856e-05
7.549548317911102826e-05
7.584907798445783827e-05
7.984893454704433680e-05
7.778462531859986484e-05
7.051566935842857307e-05
7.194822464953176135e-05
7.271668655448593741e-05
7.001597477938049084e-05
7.233546930365263874e-05
7.548951907665468752e-05
7.533910247730091485e-05
7.726828480372204835e-05
7.081257281242870065e-05
7.132544487831182778e-05
6.816872701165266335e-05
7.056076210574247485e-05
7.110776350600644675e-05
6.924581102794036811e-05
6.824496595072559470e-05
7.039962656563147902e-05
6.520872229884844815e-05
7.605497230542824214e-05
6.847088443464599008e-05
6.733095142408274114e-05
6.524371892737689817e-05
6.466482154792174968e-05
6.419250566978008097e-05
6.166770326672121611e-05
6.546540134877432138e-05
6.316829094430432266e-05
6.444635291700251943e-05
6.399313497240655124e-05
6.232680279936176336e-05
6.580232511623762006e-05
6.459573487518354708e-05
6.612805445911362496e-05
6.830167039879597452e-05
6.528682351927272433e-05
6.010368924762588265e-05
6.299455744738225436e-05
6.003556263749487969e-05
6.479595031123608080e-05
6.312473815341945195e-05
6.297773907135706937e-05
6.026633745932485637e-05
6.098530502640642226e-05
6.291671852522994781e-05
5.914497014600783451e-05
5.929409417149145156e-05
5.988333323330153051e-05
5.877198382222559439e-05
5.847745378559920801e-05
6.105697211751248416e-05
5.819854814035352184e-05
5.568974993366282569e-05
5.725831506424583766e-05
6.204197488841600445e-05
5.616707167064305259e-05
5.748112489527557316e-05
5.641674906655680524e-05
6.095459575590211627e-05
5.604199141089339080e-05
5.687812590622342852e-05
5.599649703071918474e-05
5.587549021583982083e-05
5.332353539415635440e-05
5.757375729444902526e-05
5.358650450943968919e-05
5.245246102276723561e-05
5.404294861364178224e-05
5.221186183916870776e-05
5.555751340580172837e-05
5.659313901560380919e-05
5.377562883950304511e-05
4.922324951621704075e-05
5.372463601815979928e-05
5.169733522052411261e-05
5.215976343606598540e-05
4.989645458408631384e-05
4.811897415493149446e-05
5.148657655809074776e-05
4.948107416566926850e-05
5.277449672576039758e-05
5.228335721767507765e-05
5.057733869762159884e-05
4.905380701529793712e-05
4.865994669671636346e-05
4.811144790437538041e-05
5.008103071304503964e-05
4.820674912480172041e-05
4.929286951664835486e-05
5.068846949143335359e-05
4.954356882080901414e-05
4.746531594719271836e-05
4.862271671299822493e-05
4.901423344563227282e-05
4.447668179636820880e-05
4.678325676650274274e-05
4.948352034261915833e-05
4.562061985780019313e-05
4.870753655268344757e-05
4.628884016710799187e-05
4.645720182452350990e-05
4.691775211540516466e-05
4.905583919025957720e-05
4.504174758039880815e-05
4.548119613900780678e-05
4.704159691755193946e-05
4.895429774478543685e-05
4.460398849914781749e-05
4.570664168568328023e-05
4.438838877831585841e-05
4.168092891632113606e-05
4.572096149786375192e-05
4.210583247186150266e-05
4.476362373679876056e-05
4.334524892328772965e-05
4.326586531533394009e-05
4.144197409914340688e-05
4.417548625497147170e-05
4.413166825543157621e-05
4.186447185929864781e-05
4.153420522925444083e-05
4.193751301500015232e-05
4.138877957302611186e-05
4.518012792686931789e-05
4.359817248769104616e-05
4.245702330081257698e-05
4.119855948374606940e-05
4.309280520828906311e-05
4.066332548973150822e-05
4.340629930084105310e-05
4.226647142786532369e-05
4.208126956655178490e-05
3.932401414203922925e-05
3.845204846584237976e-05
3.951739854528568956e-05
3.988766693510115282e-05
4.239097288518678532e-05
3.798661964538041502e-05
3.869139509333763001e-05
3.875591610267292573e-05
3.900895062542985854e-05
3.860302203975152360e-05
3.707162613864056766e-05
3.877407216350548240e-05
3.914692279067821530e-05
3.939038579119369659e-05
3.686573909362777797e-05
3.976797197537962483e-05
3.857917472487315807e-05
4.000223016191739860e-05
3.658534442365635322e-05
3.796799246629234674e-05
3.941833965654950318e-05
3.912354295607656105e-05
3.823957122222055021e-05
3.594501504267100245e-05
3.688095493998843905e-05
4.075307078892365369e-05
3.630335704656318101e-05
3.790669397858436880e-05
3.467313981673214449e-05
3.505505992507096380e-05
3.738027335202787343e-05
3.562308047548868033e-05
3.615940113377291709e-05
3.721205393958371133e-05
3.776003468374256316e-05
3.615054229157976942e-05
3.678668035718146441e-05
3.922138930647634105e-05
3.735606333066243678e-05
3.610970998124685138e-05
3.486425703158602118e-05
3.780219340114854547e-05
3.431000477576162937e-05
3.246670166845433414e-05
3.454334346315590394e-05
3.635804569057654589e-05
3.457313359831459685e-05
3.387234064575750245e-05
3.338268361403606561e-05
3.381201404408784719e-05
3.504960295686032623e-05
3.261065430706367032e-05
3.375903506821487234e-05
3.316604688734514910e-05
3.581417568057077141e-05
3.428092240937985209e-05
3.461840806266991693e-05
3.203629603376612067e-05
3.116090665571391854e-05
3.272384055890143189e-05
3.140885819448157874e-05
3.200797273166245121e-05
3.096788095717784288e-05
3.138293814117787270e-05
3.170907657477073236e-05
3.187573620380135389e-05
3.287905474280705675e-05
3.186588091921294244e-05
3.228513360227225077e-05
3.223750100005418333e-05
3.088071207457687706e-05
3.442928591539385068e-05
3.115612089459318939e-05
2.991093424498103559e-05
3.012372180819511278e-05
3.046532128792023286e-05
2.976284831675002419e-05
3.150642169202910736e-05
3.180113781127147105e-05
3.005240814673015780e-05
3.357319292263127863e-05
2.922728799603646621e-05
3.033527973457239636e-05
3.132972597086336464e-05
3.042838870896957747e-05
2.880802876461530240e-05
2.973993468913249671e-05
3.088472549279685792e-05
2.748696588241728158e-05
2.946885160781675950e-05
2.893749151553492858e-05
2.949969111796235530e-05
2.828401775332167609e-05
2.884111145249334960e-05
2.822101778292562745e-05
2.800563961500301822e-05
2.850240834959549694e-05
2.832476948242401569e-05
2.740413674473529682e-05
2.657833629200467908e-05
2.934128151537151939e-05
2.778043963189702346e-05
2.812451111822156236e-05
2.909669692598981918e-05
2.818727771227713810e-05
2.877566839742939919e-05
2.810925234371097826e-05
2.699408323678653552e-05
2.764322325674584000e-05
2.776002693281043185e-05
2.717057741392636739e-05
2.605715217214310610e-05
2.697588497539982132e-05
2.745650981523795121e-05
2.679876943147974224e-05
2.739924275374505669e-05
2.683929196791723506e-05
2.680087691260268979e-05
2.663970335561316596e-05
2.552063233451917768e-05
2.732295743044232814e-05
2.748095812421524897e-05
2.891211570386076211e-05
2.767303612927207723e-05
2.695800012588733943e-05
2.705562874325550957e-05
2.758059490588493713e-05
2.867168677767040208e-05
2.666586624400224537e-05
2.502088009350700439e-05
2.516175172786461325e-05
2.465423785906750641e-05
2.488223763066344099e-05
2.416691186226671697e-05
2.491371105861617252e-05
2.562757908890489421e-05
2.615063403936801411e-05
2.746262944128829850e-05
2.450520387355936827e-05
2.426126520731486312e-05
2.551843645051121847e-05
2.483299085724865950e-05
2.434821926726726747e-05
2.365717464272165807e-05
2.776192777673713727e-05
2.424913382128579678e-05
2.534268696763319895e-05
2.443804278300376541e-05
2.502675488358363509e-05
2.433751833450514688e-05
2.553626691224053367e-05
2.460098839947022565e-05
2.301489112142007662e-05
2.537573054723907330e-05
2.452569751767441766e-05
2.429344567644875497e-05
2.349379865336231955e-05
2.280013304698513685e-05
2.370678557781502469e-05
2.354017233301419697e-05
2.264675422338768975e-05
2.413805850665085018e-05
2.400423709332244538e-05
2.450214669806882671e-05
2.306300466443644904e-05
2.526884218241320991e-05
2.806195388984633745e-05
2.929458642029203339e-05
2.659050260263029554e-05
2.249192912131548063e-05
2.483262942405417629e-05
2.192759729950921542e-05
2.281291017425246537e-05
2.211470964539330317e-05
2.444465644657611847e-05
2.281067991134477847e-05
2.349326623516389965e-05
2.392920760030392557e-05
2.184178865718422593e-05
2.296519105584593625e-05
2.332660515094176070e-05
2.229260553576750681e-05
2.238219876744551652e-05
2.205715700256405534e-05
2.215093463746597923e-05
2.256894786114571752e-05
2.103591614286415143e-05
2.184109252993948690e-05
2.246464428026229279e-05
2.102891121467109634e-05
2.214986252511152862e-05
2.065398075501434505e-05
2.281916149513563006e-05
2.146024180547101288e-05
2.175523331970907748e-05
2.103550341416848959e-05
2.148225994460517676e-05
2.159264677175087787e-05
2.148170806322014027e-05
2.119295186275849119e-05
2.176523848902434178e-05
2.048014885076554560e-05
2.118525644618785077e-05
2.238281522295437889e-05
2.209298691013827920e-05
2.145513080904493176e-05
2.099780758726410703e-05
2.093831335514551029e-05
2.022295648202998631e-05
2.294267687830142677e-05
2.326696921954862706e-05
2.104472478094976531e-05
2.347322788409655914e-05
2.120853478118078919e-05
2.144980026059784063e-05
2.114634498866507716e-05
2.171134965465171127e-05
2.075345219054725021e-05
2.051065857813228057e-05
2.275124497828073664e-05
2.102178805216681077e-05
2.110895165969850563e-05
2.042160449491348253e-05
1.919200840347912027e-05
1.922829305840423398e-05
2.019073781411862001e-05
1.970101584447547793e-05
2.000878976105013862e-05
2.151668104488635436e-05
2.104038503603078425e-05
1.877921968116424842e-05
2.058529698842903464e-05
1.911731360451085628e-05
1.970189350686268881e-05
2.017401657212758505e-05
1.934273968799970976e-05
1.903990487335249849e-05
1.942662511282833225e-05
1.845726510509848730e-05
1.910761329781962559e-05
1.970165631064446575e-05
1.907101104734465344e-05
1.924720672832336412e-05
1.919961250678170405e-05
2.036541100096655942e-05
1.906703400891274349e-05
1.899364106066059253e-05
1.984593654924537987e-05
1.969678050954826108e-05
1.951739814103348113e-05
1.899072940432233804e-05
1.843954578362172469e-05
1.857526003732345863e-05
1.950510031747399034e-05
1.994130634557222880e-05
1.862461722339503399e-05
1.835431012295884876e-05
1.964717994269449332e-05
1.811639485822524943e-05
1.851945999078452723e-05
1.920340218930505216e-05
1.942947928910143538e-05
1.828287895477842540e-05
1.810894464142620496e-05
1.888842070911778069e-05
1.708636100374860825e-05
1.845921542553696781e-05
1.784851101547246663e-05
1.785207459761295603e-05
1.925997275975532830e-05
1.745675872371066294e-05
1.876803435152396560e-05
1.684663511696271531e-05
2.120476783602498539e-05
2.049641752819297700e-05
1.840830482251476429e-05
1.830719938880065592e-05
1.692349678705795668e-05
1.718067851470550590e-05
1.766642544680507786e-05
1.741926989780040526e-05
1.759088554535992376e-05
1.700614693618263186e-05
1.740696661727270044e-05
1.778810146788600697e-05
1.698373971521505222e-05
1.708525323920184882e-05
1.785872937034582855e-05
1.716806764306966215e-05
1.734027355269063129e-05
1.868931376520777189e-05
1.740766965667717091e-05
1.696379749773768844e-05
1.704986707409261861e-05
1.811371748772216961e-05
1.661708665778860450e-05
1.714698564683203721e-05
1.856356675489223562e-05
1.706373095657909425e-05
1.697682946542044966e-05
1.671225654718000306e-05
1.591179989191005006e-05
1.659199606365291537e-05
1.779255653673317351e-05
1.679420292930444567e-05
1.669557677814737030e-05
1.626606463105417720e-05
1.696568888291949339e-05
1.731498232402372970e-05
1.627956116863060810e-05
1.672907637839671224e-05
1.692936475592432408e-05
1.720456230032141388e-05
1.573476574776577628e-05
1.610266426723683388e-05
1.665500549279386110e-05
1.682573092693928697e-05
1.677587879385100745e-05
1.593299502928857759e-05
1.724101848594727994e-05
1.625103795959148488e-05
1.647007029532687806e-05
1.669902658250066316e-05
1.646057608013507047e-05
1.645027077756822109e-05
1.640849277464440228e-05
1.566121354699134691e-05
1.654852167121134698e-05
1.567768413224257529e-05
1.627103902137605609e-05
1.646785312914289534e-05
1.819696199163445339e-05
1.796177839423762567e-05
1.597650516487192295e-05
1.638850662857294218e-05
1.722124907246325301e-05
1.485812535975128378e-05
1.670901765464804999e-05
1.628428963158512556e-05
1.533202312202774852e-05
1.540556786494562402e-05
1.534556640763184919e-05
1.622127492737490548e-05
1.574359030200867118e-05
1.532190908619668267e-05
1.593530259924591519e-05
1.594875684531871365e-05
1.578815299581037902e-05
1.539332679385552251e-05
1.642369961700751378e-05
1.583216508151963489e-05
1.597411801412818022e-05
1.494320013080141575e-05
1.550510560264228708e-05
1.532608539491775581e-05
1.454116063541732661e-05
1.589751946085016243e-05
1.561717144795693593e-05
1.495920041634235599e-05
1.473612319387029924e-05
1.414547414242406443e-05
1.527428094050264917e-05
1.521089270681841333e-05
1.463223452446982265e-05
1.573139261381584355e-05
1.525893312646075948e-05
1.563332598379929482e-05
1.465961668145610020e-05
1.468986001782468554e-05
1.419004020135616816e-05
1.506287644588155740e-05
1.490566010033944588e-05
1.494599200668744743e-05
1.509307348896982216e-05
1.663781577008194155e-05
1.566277587699005313e-05
1.490337062932667390e-05
1.497228895459557020e-05
1.496600707469042458e-05
1.559169631946133314e-05
1.445105226594023407e-05
1.447622689738636904e-05
1.456872232665773447e-05
1.521467847851454314e-05
1.531089128548046574e-05
1.507155602666898597e-05
1.476531024309224517e-05
1.399802058585919474e-05
1.501578299212269485e-05
1.408321804774459451e-05
1.450934323656838353e-05
1.437582304788520526e-05
1.497596213084761985e-05
1.605170491529861397e-05
1.411313824064563926e-05
1.378804863634286516e-05
1.406863739248365198e-05
1.401243971486110274e-05
1.407120498697622679e-05
1.493397676313179511e-05
1.396963843944831785e-05
1.388623086313600720e-05
1.432259659850387834e-05
1.476373108744155616e-05
1.485535103711299530e-05
1.450158115403610248e-05
1.378997103529400192e-05
1.557138430143823051e-05
1.390530269418377429e-05
1.453200711694080450e-05
1.354000414721667767e-05
1.380025314574595609e-05
1.444186391381663338e-05
1.367627728541265276e-05
1.410465620210743509e-05
1.305327314184978570e-05
1.386364783684257418e-05
1.414298631061683443e-05
1.400363325956277515e-05
1.360291298624360934e-05
1.408979578627622754e-05
1.346016051684273407e-05
1.332409010501578450e-05
1.318641925536212579e-05
1.337553212579223293e-05
1.367666745863971334e-05
1.416935429006116532e-05
1.414729649695800617e-05
1.402798434355645474e-05
1.364031677439925295e-05
1.403228143317392062e-05
1.380790290568256818e-05
1.390793449900229394e-05
1.381932788717676818e-05
1.382577474942081574e-05
1.415701808582525700e-05
1.385032273901742917e-05
1.366047754345345345e-05
1.410611230312497355e-05
1.394552191413822584e-05
1.349348804069450125e-05
1.400699356963741661e-05
1.334248481725808165e-05
1.312222866545198485e-05
1.348161249552504092e-05
1.365179723507026278e-05
1.286182541662128608e-05
1.302657383348559995e-05
1.355187632725574042e-05
