1.000789284706115723e+00
1.000607609748840332e+00
1.000214576721191406e+00
9.990125894546508789e-01
9.960308670997619629e-01
9.906359910964965820e-01
9.806637763977050781e-01
9.646498560905456543e-01
9.393248558044433594e-01
9.016302227973937988e-01
8.464382886886596680e-01
7.736581563949584961e-01
6.851640939712524414e-01
5.853995084762573242e-01
4.909144043922424316e-01
4.156229496002197266e-01
3.721625804901123047e-01
3.506395816802978516e-01
3.360464870929718018e-01
3.532521128654479980e-01
3.491071760654449463e-01
3.549660146236419678e-01
3.604015111923217773e-01
3.622003793716430664e-01
3.705606162548065186e-01
3.672747015953063965e-01
3.730713129043579102e-01
3.779475092887878418e-01
3.759807050228118896e-01
3.847497105598449707e-01
3.790898919105529785e-01
3.760364651679992676e-01
3.910117745399475098e-01
3.806350827217102051e-01
3.845635950565338135e-01
3.880664706230163574e-01
3.896532654762268066e-01
3.899649381637573242e-01
4.009663462638854980e-01
3.819618821144104004e-01
4.029170870780944824e-01
3.910765051841735840e-01
3.991270959377288818e-01
3.906452953815460205e-01
3.972787261009216309e-01
4.033505022525787354e-01
3.957213759422302246e-01
3.988428115844726562e-01
4.061776399612426758e-01
4.081273972988128662e-01
4.007746875286102295e-01
4.087188839912414551e-01
4.105012714862823486e-01
4.058412909507751465e-01
4.125571846961975098e-01
4.136796295642852783e-01
4.070968329906463623e-01
4.122981131076812744e-01
4.124566316604614258e-01
4.147849082946777344e-01
4.171475470066070557e-01
4.119752049446105957e-01
4.138956069946289062e-01
4.143826663494110107e-01
4.158191680908203125e-01
4.221684932708740234e-01
4.163993000984191895e-01
4.224028587341308594e-01
4.177350401878356934e-01
4.207231998443603516e-01
4.226138889789581299e-01
4.223316907882690430e-01
4.222890734672546387e-01
4.213438630104064941e-01
4.268593788146972656e-01
4.280438125133514404e-01
4.318299293518066406e-01
4.311612844467163086e-01
4.343124032020568848e-01
4.297684729099273682e-01
4.238727390766143799e-01
4.265338480472564697e-01
4.297922849655151367e-01
4.293978512287139893e-01
4.274889230728149414e-01
4.283587932586669922e-01
4.356067776679992676e-01
4.410006701946258545e-01
4.366884827613830566e-01
4.354825019836425781e-01
4.416998624801635742e-01
4.452750682830810547e-01
4.378682672977447510e-01
4.354670047760009766e-01
4.384763240814208984e-01
4.353038072586059570e-01
4.357297122478485107e-01
4.383720159530639648e-01
4.437566399574279785e-01
4.448528289794921875e-01
4.401689767837524414e-01
4.394557476043701172e-01
4.454975128173828125e-01
4.465644955635070801e-01
4.406713247299194336e-01
4.489268958568572998e-01
4.508884549140930176e-01
4.422163963317871094e-01
4.510990381240844727e-01
4.470760226249694824e-01
4.442901909351348877e-01
4.498117566108703613e-01
4.489299356937408447e-01
4.473254084587097168e-01
4.492614865303039551e-01
4.551573395729064941e-01
4.542838335037231445e-01
4.563872814178466797e-01
4.534167051315307617e-01
4.492931962013244629e-01
4.516237974166870117e-01
4.569156169891357422e-01
4.576442837715148926e-01
4.584079980850219727e-01
4.531142711639404297e-01
4.538165330886840820e-01
4.607208967208862305e-01
4.552109837532043457e-01
4.498685002326965332e-01
4.609463214874267578e-01
4.588643312454223633e-01
4.557145833969116211e-01
4.570702612400054932e-01
4.630567431449890137e-01
4.592267870903015137e-01
4.595159590244293213e-01
4.648674726486206055e-01
4.623121023178100586e-01
4.614014029502868652e-01
4.655337929725646973e-01
4.621398448944091797e-01
4.621098339557647705e-01
4.653225541114807129e-01
4.660798907279968262e-01
4.632934927940368652e-01
4.629585742950439453e-01
4.623217582702636719e-01
4.660595953464508057e-01
4.730502963066101074e-01
4.706673026084899902e-01
4.711335301399230957e-01
4.694119393825531006e-01
4.714896678924560547e-01
4.721025228500366211e-01
4.717699289321899414e-01
4.700839817523956299e-01
4.704219400882720947e-01
4.660558104515075684e-01
4.649659097194671631e-01
4.757831096649169922e-01
4.653543233871459961e-01
4.662498235702514648e-01
4.731002449989318848e-01
4.720679223537445068e-01
4.717676341533660889e-01
4.753298759460449219e-01
4.733678102493286133e-01
4.741357564926147461e-01
4.774872064590454102e-01
4.777868986129760742e-01
4.754709005355834961e-01
4.718305766582489014e-01
4.811542630195617676e-01
4.825472235679626465e-01
4.761911928653717041e-01
4.761096239089965820e-01
4.797563552856445312e-01
4.796712100505828857e-01
4.810476303100585938e-01
4.836028814315795898e-01
4.775896668434143066e-01
4.823257923126220703e-01
4.849448204040527344e-01
4.809008240699768066e-01
4.797326326370239258e-01
4.837703108787536621e-01
4.872614443302154541e-01
4.834603071212768555e-01
4.838438034057617188e-01
4.813432097434997559e-01
4.840169548988342285e-01
4.826312065124511719e-01
4.875518679618835449e-01
4.851970970630645752e-01
4.856385588645935059e-01
4.864341318607330322e-01
4.832081794738769531e-01
4.824059605598449707e-01
4.834713935852050781e-01
4.883516430854797363e-01
4.872033298015594482e-01
4.883982539176940918e-01
4.868284463882446289e-01
4.875710010528564453e-01
4.901207983493804932e-01
4.922940731048583984e-01
4.877858757972717285e-01
4.898753166198730469e-01
4.932948648929595947e-01
4.898318946361541748e-01
4.888803958892822266e-01
4.911345541477203369e-01
4.957306087017059326e-01
4.949657917022705078e-01
4.932109713554382324e-01
4.937298893928527832e-01
4.964692592620849609e-01
4.957366585731506348e-01
4.928129315376281738e-01
4.955557584762573242e-01
5.001988410949707031e-01
5.026794075965881348e-01
4.964664578437805176e-01
4.937368035316467285e-01
4.981334805488586426e-01
5.024923086166381836e-01
5.021489858627319336e-01
4.985466003417968750e-01
4.976862072944641113e-01
4.963927268981933594e-01
4.967107772827148438e-01
4.961389303207397461e-01
4.985069036483764648e-01
5.017441511154174805e-01
5.040723681449890137e-01
5.038673281669616699e-01
5.010721683502197266e-01
4.995881915092468262e-01
5.025713443756103516e-01
5.030810832977294922e-01
4.998611211776733398e-01
5.006048083305358887e-01
4.986922442913055420e-01
4.975416660308837891e-01
5.050571560859680176e-01
5.018652081489562988e-01
5.017608404159545898e-01
5.061859488487243652e-01
5.071058273315429688e-01
4.936609864234924316e-01
5.001513361930847168e-01
5.087652802467346191e-01
5.082145929336547852e-01
5.005032420158386230e-01
5.031986236572265625e-01
5.092132091522216797e-01
5.095784068107604980e-01
5.103284716606140137e-01
5.082777142524719238e-01
5.088894367218017578e-01
5.081251263618469238e-01
5.087840557098388672e-01
5.129543542861938477e-01
5.118339061737060547e-01
5.125973224639892578e-01
5.178883075714111328e-01
5.133432745933532715e-01
5.084378719329833984e-01
5.127195715904235840e-01
5.144959688186645508e-01
5.126819610595703125e-01
5.146178007125854492e-01
5.152088403701782227e-01
5.141720771789550781e-01
5.137856006622314453e-01
5.113932490348815918e-01
5.121763944625854492e-01
5.138184428215026855e-01
5.124795436859130859e-01
5.134004950523376465e-01
5.126720666885375977e-01
5.151401162147521973e-01
5.118892788887023926e-01
5.102706551551818848e-01
5.129275321960449219e-01
5.176498889923095703e-01
5.183578729629516602e-01
5.176466107368469238e-01
5.149937272071838379e-01
5.170400738716125488e-01
5.177863240242004395e-01
5.147160291671752930e-01
5.183014869689941406e-01
5.179536342620849609e-01
5.193583965301513672e-01
5.190043449401855469e-01
5.181760787963867188e-01
5.157156586647033691e-01
5.219854712486267090e-01
5.165680646896362305e-01
5.195842981338500977e-01
5.248610377311706543e-01
5.265815854072570801e-01
5.258486270904541016e-01
5.213268995285034180e-01
5.192276239395141602e-01
5.209485292434692383e-01
5.193853974342346191e-01
5.187748670578002930e-01
5.189385414123535156e-01
5.184025764465332031e-01
5.197467207908630371e-01
5.232829451560974121e-01
5.270950794219970703e-01
5.250657796859741211e-01
5.250626206398010254e-01
5.278754234313964844e-01
5.260009765625000000e-01
5.206569433212280273e-01
5.252750515937805176e-01
5.246868729591369629e-01
5.260653495788574219e-01
5.286703705787658691e-01
5.269546508789062500e-01
5.215496420860290527e-01
5.242557525634765625e-01
5.263081192970275879e-01
5.264272689819335938e-01
5.230683684349060059e-01
5.256016254425048828e-01
5.253301858901977539e-01
5.286188125610351562e-01
5.287055373191833496e-01
5.286732912063598633e-01
5.257901549339294434e-01
5.272269248962402344e-01
5.274428725242614746e-01
5.314852595329284668e-01
5.252499580383300781e-01
5.258639454841613770e-01
5.281968116760253906e-01
5.293021798133850098e-01
5.280473232269287109e-01
5.273491740226745605e-01
5.287410616874694824e-01
5.309665799140930176e-01
5.317916274070739746e-01
5.298415422439575195e-01
5.286243557929992676e-01
5.329985618591308594e-01
5.342709422111511230e-01
5.321479439735412598e-01
5.288098454475402832e-01
5.291637182235717773e-01
5.356562137603759766e-01
5.365219116210937500e-01
5.383208990097045898e-01
5.363978147506713867e-01
5.374804735183715820e-01
5.388206243515014648e-01
5.376397967338562012e-01
5.374372005462646484e-01
5.370301008224487305e-01
5.374776721000671387e-01
5.340204834938049316e-01
5.343359112739562988e-01
5.330699086189270020e-01
5.377312302589416504e-01
5.376541614532470703e-01
5.369477272033691406e-01
5.397108197212219238e-01
5.378297567367553711e-01
5.338135957717895508e-01
5.322413444519042969e-01
5.355466604232788086e-01
5.366641283035278320e-01
5.379074215888977051e-01
5.368385314941406250e-01
5.408030152320861816e-01
5.410023927688598633e-01
5.432975292205810547e-01
5.457282662391662598e-01
5.429670810699462891e-01
5.420918464660644531e-01
5.379304885864257812e-01
5.374294519424438477e-01
5.402020215988159180e-01
5.396845340728759766e-01
5.429418087005615234e-01
5.430021882057189941e-01
5.407949686050415039e-01
5.410603284835815430e-01
5.395070910453796387e-01
5.424520969390869141e-01
5.425936579704284668e-01
5.447703599929809570e-01
5.454850196838378906e-01
5.422861576080322266e-01
5.421407222747802734e-01
5.436747074127197266e-01
5.399295687675476074e-01
5.405070185661315918e-01
5.420311689376831055e-01
5.420135259628295898e-01
5.422397255897521973e-01
5.470924377441406250e-01
5.494570732116699219e-01
5.472686290740966797e-01
5.456390976905822754e-01
5.446448326110839844e-01
5.440574288368225098e-01
5.447301268577575684e-01
5.434856414794921875e-01
5.447779893875122070e-01
5.445119142532348633e-01
5.447071790695190430e-01
5.471709370613098145e-01
5.461000204086303711e-01
5.474902987480163574e-01
5.512942671775817871e-01
5.526085495948791504e-01
5.494277477264404297e-01
5.461454987525939941e-01
5.486966371536254883e-01
5.514759421348571777e-01
5.510628223419189453e-01
5.470840930938720703e-01
5.444131493568420410e-01
5.457209348678588867e-01
5.522830486297607422e-01
5.498149394989013672e-01
5.483874082565307617e-01
5.494994521141052246e-01
5.505106449127197266e-01
5.527898073196411133e-01
5.546256303787231445e-01
5.560559034347534180e-01
5.546755790710449219e-01
5.559505820274353027e-01
5.493820309638977051e-01
5.498381257057189941e-01
5.504053831100463867e-01
5.540854930877685547e-01
5.512834191322326660e-01
5.552070140838623047e-01
5.529931187629699707e-01
5.526530742645263672e-01
5.483905076980590820e-01
5.484257936477661133e-01
5.538191795349121094e-01
5.548566579818725586e-01
5.565018653869628906e-01
5.562039613723754883e-01
5.533999204635620117e-01
5.542973279953002930e-01
5.547614693641662598e-01
5.547679662704467773e-01
5.544174313545227051e-01
5.564697980880737305e-01
5.554084777832031250e-01
5.555235147476196289e-01
5.563348531723022461e-01
5.558642745018005371e-01
5.527520179748535156e-01
5.541723370552062988e-01
5.537189245223999023e-01
5.550293922424316406e-01
5.552018880844116211e-01
5.505814552307128906e-01
5.505664348602294922e-01
5.531665086746215820e-01
5.567995905876159668e-01
5.587620735168457031e-01
5.611250400543212891e-01
5.628231763839721680e-01
5.661906003952026367e-01
5.641289949417114258e-01
5.612342953681945801e-01
5.590059757232666016e-01
5.588684082031250000e-01
5.619473457336425781e-01
5.620480775833129883e-01
5.608258843421936035e-01
5.611152648925781250e-01
5.592544078826904297e-01
5.599417090415954590e-01
5.604731440544128418e-01
5.590742826461791992e-01
5.584198832511901855e-01
5.603567361831665039e-01
5.599035024642944336e-01
5.620584487915039062e-01
5.621302723884582520e-01
5.599848628044128418e-01
5.614334940910339355e-01
5.598560571670532227e-01
5.575888752937316895e-01
5.596450567245483398e-01
5.638728737831115723e-01
5.613135099411010742e-01
5.617716312408447266e-01
5.634781122207641602e-01
5.630212426185607910e-01
5.616297721862792969e-01
5.596084594726562500e-01
5.613484978675842285e-01
5.622221231460571289e-01
5.634806752204895020e-01
5.590323805809020996e-01
5.613902807235717773e-01
5.579834580421447754e-01
5.592845678329467773e-01
5.640459656715393066e-01
5.639431476593017578e-01
5.635406970977783203e-01
5.612157583236694336e-01
5.602487325668334961e-01
5.617681145668029785e-01
5.634015798568725586e-01
5.628310441970825195e-01
5.625987052917480469e-01
5.610080361366271973e-01
5.608575940132141113e-01
5.638658404350280762e-01
5.633426904678344727e-01
5.642287731170654297e-01
5.648884177207946777e-01
5.600690841674804688e-01
5.624585151672363281e-01
5.657049417495727539e-01
5.667146444320678711e-01
5.665948390960693359e-01
5.643229484558105469e-01
5.695515871047973633e-01
5.655149221420288086e-01
5.649504661560058594e-01
5.657222867012023926e-01
5.683833360671997070e-01
5.702078342437744141e-01
5.683522820472717285e-01
5.707005858421325684e-01
5.706064701080322266e-01
5.712042450904846191e-01
5.700069665908813477e-01
5.689337253570556641e-01
5.709289908409118652e-01
5.703969597816467285e-01
5.710872411727905273e-01
5.712515115737915039e-01
5.680215358734130859e-01
5.690375566482543945e-01
5.709685683250427246e-01
5.695167779922485352e-01
5.738611221313476562e-01
5.703027248382568359e-01
5.697261095046997070e-01
5.670074820518493652e-01
5.659692287445068359e-01
5.665334463119506836e-01
5.661589503288269043e-01
5.712460875511169434e-01
5.736666321754455566e-01
5.725390911102294922e-01
5.722718238830566406e-01
5.685672760009765625e-01
5.676217079162597656e-01
5.722401142120361328e-01
5.751826763153076172e-01
5.726045370101928711e-01
5.690904855728149414e-01
5.689123272895812988e-01
5.678706169128417969e-01
5.697172880172729492e-01
5.680780410766601562e-01
5.705726146697998047e-01
5.712299346923828125e-01
5.739470124244689941e-01
5.727602243423461914e-01
5.735592246055603027e-01
5.748306512832641602e-01
5.731804370880126953e-01
5.758860111236572266e-01
5.733977556228637695e-01
5.724314451217651367e-01
5.702754259109497070e-01
5.721996426582336426e-01
5.704076290130615234e-01
5.718653798103332520e-01
5.695922374725341797e-01
5.741364955902099609e-01
5.740369558334350586e-01
5.725713968276977539e-01
5.738860368728637695e-01
5.738999843597412109e-01
5.754236578941345215e-01
5.784112811088562012e-01
5.764460563659667969e-01
5.764623284339904785e-01
5.816398859024047852e-01
5.816087126731872559e-01
5.801427960395812988e-01
5.755275487899780273e-01
5.741837024688720703e-01
5.747704505920410156e-01
5.765593647956848145e-01
5.746663212776184082e-01
5.724179744720458984e-01
5.732675790786743164e-01
5.723251104354858398e-01
5.720794200897216797e-01
5.719125270843505859e-01
5.753499269485473633e-01
5.737544894218444824e-01
5.757860541343688965e-01
5.739498138427734375e-01
5.734464526176452637e-01
5.727109909057617188e-01
5.770142078399658203e-01
5.780849456787109375e-01
5.798931121826171875e-01
5.814124941825866699e-01
5.842653512954711914e-01
5.806943178176879883e-01
5.804764032363891602e-01
5.782722234725952148e-01
5.751000642776489258e-01
5.777408480644226074e-01
5.779536962509155273e-01
5.756115317344665527e-01
5.789940357208251953e-01
5.766795873641967773e-01
5.773653388023376465e-01
5.797359943389892578e-01
5.780622363090515137e-01
5.753666758537292480e-01
5.776928663253784180e-01
5.770692229270935059e-01
5.784577727317810059e-01
5.800880193710327148e-01
5.792945623397827148e-01
5.792147517204284668e-01
5.814042091369628906e-01
5.829835534095764160e-01
5.834349989891052246e-01
5.817592144012451172e-01
5.810695290565490723e-01
5.803558826446533203e-01
5.809848308563232422e-01
5.808960199356079102e-01
5.812305212020874023e-01
5.806992053985595703e-01
5.770677328109741211e-01
5.766599774360656738e-01
5.769786834716796875e-01
5.812391638755798340e-01
5.796164870262145996e-01
5.799199938774108887e-01
5.787421464920043945e-01
5.830365419387817383e-01
5.828715562820434570e-01
5.817849636077880859e-01
5.838152766227722168e-01
5.817468762397766113e-01
5.800958275794982910e-01
5.839655399322509766e-01
5.836452245712280273e-01
5.837004184722900391e-01
5.876970887184143066e-01
5.888462066650390625e-01
5.894873142242431641e-01
5.852268934249877930e-01
5.848904848098754883e-01
5.842925906181335449e-01
5.857638120651245117e-01
5.833767652511596680e-01
5.790983438491821289e-01
5.803394913673400879e-01
5.808519124984741211e-01
5.810869932174682617e-01
5.820317864418029785e-01
5.812673568725585938e-01
5.789504647254943848e-01
5.811863541603088379e-01
5.846804380416870117e-01
5.855509638786315918e-01
5.882109403610229492e-01
5.886324048042297363e-01
5.847439169883728027e-01
5.861862301826477051e-01
5.834735631942749023e-01
5.855736136436462402e-01
5.835018157958984375e-01
5.841823816299438477e-01
5.842124819755554199e-01
5.867780447006225586e-01
5.850903987884521484e-01
5.874243974685668945e-01
5.843718051910400391e-01
5.854492783546447754e-01
5.878660678863525391e-01
5.863476991653442383e-01
5.842829346656799316e-01
5.862684249877929688e-01
5.886949300765991211e-01
5.874822735786437988e-01
5.845818519592285156e-01
5.832767486572265625e-01
5.839225649833679199e-01
5.832474827766418457e-01
5.851739645004272461e-01
5.886225700378417969e-01
5.868188738822937012e-01
5.841319561004638672e-01
5.843052864074707031e-01
5.852816104888916016e-01
5.859245657920837402e-01
5.831410288810729980e-01
5.859361886978149414e-01
5.890852212905883789e-01
5.881448984146118164e-01
5.866047143936157227e-01
5.867972373962402344e-01
5.851405858993530273e-01
5.861534476280212402e-01
5.873152017593383789e-01
5.848717093467712402e-01
5.847368836402893066e-01
5.870854854583740234e-01
5.910388231277465820e-01
5.884486436843872070e-01
5.875952243804931641e-01
5.894410610198974609e-01
5.899614095687866211e-01
5.906471014022827148e-01
5.894648432731628418e-01
5.890139937400817871e-01
5.868514776229858398e-01
5.888669490814208984e-01
5.912925004959106445e-01
5.885907411575317383e-01
5.873010754585266113e-01
5.876373648643493652e-01
5.890130996704101562e-01
5.887026786804199219e-01
5.917149186134338379e-01
5.896725654602050781e-01
5.863471031188964844e-01
5.887452363967895508e-01
5.908685326576232910e-01
5.856052637100219727e-01
5.882005095481872559e-01
5.892386436462402344e-01
5.911387205123901367e-01
5.901075005531311035e-01
5.922012925148010254e-01
5.911577939987182617e-01
5.878133177757263184e-01
5.881435871124267578e-01
5.900208950042724609e-01
5.911175012588500977e-01
5.897025465965270996e-01
5.896798372268676758e-01
5.901830792427062988e-01
5.896446704864501953e-01
5.898638367652893066e-01
5.882001519203186035e-01
5.855185985565185547e-01
5.898760557174682617e-01
5.919115543365478516e-01
5.930266976356506348e-01
5.934226512908935547e-01
5.946106314659118652e-01
5.906511545181274414e-01
5.952716469764709473e-01
5.940455198287963867e-01
5.912761688232421875e-01
5.879338383674621582e-01
5.881204009056091309e-01
5.910158157348632812e-01
5.903921723365783691e-01
5.905087590217590332e-01
5.904593467712402344e-01
5.934060811996459961e-01
5.902323722839355469e-01
5.925828218460083008e-01
5.917122960090637207e-01
5.924651026725769043e-01
5.912525057792663574e-01
5.903432965278625488e-01
5.897338390350341797e-01
5.932217240333557129e-01
5.959895849227905273e-01
5.947793126106262207e-01
5.933508872985839844e-01
5.936357975006103516e-01
5.943946838378906250e-01
5.917284488677978516e-01
5.914901494979858398e-01
5.912678241729736328e-01
5.910399556159973145e-01
5.923854112625122070e-01
5.918440222740173340e-01
5.930620431900024414e-01
5.958977341651916504e-01
5.948327779769897461e-01
5.944594740867614746e-01
5.954567193984985352e-01
5.960574150085449219e-01
5.963113903999328613e-01
5.940838456153869629e-01
5.967983007431030273e-01
5.938723087310791016e-01
5.944237709045410156e-01
5.932182669639587402e-01
5.951002240180969238e-01
5.927853584289550781e-01
5.939561724662780762e-01
5.988443493843078613e-01
5.959448814392089844e-01
5.963590741157531738e-01
5.980687737464904785e-01
5.942525863647460938e-01
5.919821262359619141e-01
5.936163663864135742e-01
5.941014885902404785e-01
5.968273878097534180e-01
5.943915843963623047e-01
5.949494242668151855e-01
5.961894989013671875e-01
5.972341299057006836e-01
5.955262184143066406e-01
5.915637016296386719e-01
5.918676853179931641e-01
5.925270915031433105e-01
5.882287025451660156e-01
5.917505025863647461e-01
5.921480655670166016e-01
5.940537452697753906e-01
5.932027101516723633e-01
5.928906798362731934e-01
5.938425064086914062e-01
5.906043052673339844e-01
5.916188955307006836e-01
5.920215845108032227e-01
5.926428437232971191e-01
5.884940624237060547e-01
5.924691557884216309e-01
5.909084081649780273e-01
5.927512645721435547e-01
5.914905667304992676e-01
5.932314991950988770e-01
5.971034765243530273e-01
5.942157506942749023e-01
5.920662283897399902e-01
5.936737060546875000e-01
5.949286818504333496e-01
5.957815647125244141e-01
5.967487692832946777e-01
5.969583988189697266e-01
5.966644883155822754e-01
6.017729043960571289e-01
5.956043601036071777e-01
5.945878028869628906e-01
5.952754020690917969e-01
5.954001545906066895e-01
5.929416418075561523e-01
5.922677516937255859e-01
5.933188796043395996e-01
5.940256118774414062e-01
5.970888137817382812e-01
5.963796973228454590e-01
5.981343388557434082e-01
5.967420935630798340e-01
5.949416756629943848e-01
5.931168794631958008e-01
5.946249365806579590e-01
5.953185558319091797e-01
5.936682224273681641e-01
5.928134322166442871e-01
5.947681069374084473e-01
5.959097146987915039e-01
5.975955128669738770e-01
5.962349176406860352e-01
5.988029241561889648e-01
5.985292196273803711e-01
5.986775755882263184e-01
5.964390039443969727e-01
5.964263081550598145e-01
5.953759551048278809e-01
5.966339111328125000e-01
5.971506834030151367e-01
5.935650467872619629e-01
5.916561484336853027e-01
5.939800739288330078e-01
5.969960093498229980e-01
5.972408056259155273e-01
5.977499485015869141e-01
5.975776910781860352e-01
5.980486273765563965e-01
6.006147861480712891e-01
5.983973741531372070e-01
5.947528481483459473e-01
6.011656522750854492e-01
6.025290489196777344e-01
6.029381155967712402e-01
5.995582938194274902e-01
5.976740121841430664e-01
5.972559452056884766e-01
5.960952043533325195e-01
5.955750346183776855e-01
5.945309400558471680e-01
5.979633927345275879e-01
5.965258479118347168e-01
5.974162817001342773e-01
5.973486900329589844e-01
5.976600646972656250e-01
5.966618061065673828e-01
5.955805778503417969e-01
5.935937166213989258e-01
5.909850001335144043e-01
5.933260917663574219e-01
5.964534282684326172e-01
5.985025167465209961e-01
5.998334884643554688e-01
5.997562408447265625e-01
6.006730794906616211e-01
5.980238914489746094e-01
5.964154005050659180e-01
5.999014973640441895e-01
5.999779701232910156e-01
6.014754772186279297e-01
6.011151075363159180e-01
6.034989356994628906e-01
5.959980487823486328e-01
5.967138409614562988e-01
5.966207385063171387e-01
5.987842082977294922e-01
5.970544815063476562e-01
5.989449024200439453e-01
6.008700132369995117e-01
6.016554236412048340e-01
6.002648472785949707e-01
6.023945808410644531e-01
6.010946631431579590e-01
5.989389419555664062e-01
5.985113382339477539e-01
6.032828092575073242e-01
5.978057980537414551e-01
5.990796089172363281e-01
6.006400585174560547e-01
5.971689820289611816e-01
5.969483852386474609e-01
5.975168347358703613e-01
5.978381633758544922e-01
6.021925806999206543e-01
6.031899452209472656e-01
5.998207330703735352e-01
6.035849452018737793e-01
5.978131294250488281e-01
6.000337600708007812e-01
5.991385579109191895e-01
5.989886522293090820e-01
5.986214876174926758e-01
6.001390814781188965e-01
5.975553989410400391e-01
5.997771620750427246e-01
5.980315804481506348e-01
5.975587964057922363e-01
5.976862311363220215e-01
6.004713773727416992e-01
5.995323061943054199e-01
5.997979044914245605e-01
6.011531352996826172e-01
6.002697944641113281e-01
5.965665578842163086e-01
5.964074730873107910e-01
5.998905301094055176e-01
5.982816219329833984e-01
5.951303839683532715e-01
5.963888764381408691e-01
6.023908853530883789e-01
5.999045968055725098e-01
5.974169373512268066e-01
5.957003831863403320e-01
5.983774662017822266e-01
6.000023484230041504e-01
5.954963564872741699e-01
5.973267555236816406e-01
5.978586673736572266e-01
5.995843410491943359e-01
6.015769243240356445e-01
5.998016595840454102e-01
6.009654998779296875e-01
6.027835607528686523e-01
5.997212529182434082e-01
5.961601138114929199e-01
6.017304062843322754e-01
6.020554304122924805e-01
6.031064391136169434e-01
6.017816662788391113e-01
6.035321950912475586e-01
