1.012220342953999763e+00
1.123029669125874763e+00
1.284692486127217537e+00
1.133658250172932869e+00
7.555797894795736047e-01
7.977672616640726355e-01
7.793151736259460449e-01
8.989805579185485840e-01
9.402833978335062293e-01
9.666004578272501258e-01
1.015028536319732666e+00
1.070584019025166755e+00
1.036813219388325935e+00
1.081001043319702148e+00
1.067859093348185295e+00
1.130419810612996345e+00
1.121447046597798591e+00
1.114958524703979492e+00
1.134421348571777344e+00
1.137984792391459221e+00
1.157496531804402595e+00
1.163812915484110588e+00
1.164712468783060784e+00
1.166560928026835198e+00
1.167747775713602776e+00
1.178288896878560310e+00
1.187393585840861077e+00
1.183138132095336914e+00
1.196256558100382561e+00
1.201336701711018806e+00
1.211400429407755608e+00
1.207811594009399414e+00
1.212476412455240959e+00
1.217926462491353279e+00
1.223639527956644768e+00
1.223506093025207520e+00
1.232746084531148201e+00
1.233186562856038337e+00
1.239947160085042244e+00
1.240070382754008049e+00
1.248917539914448982e+00
1.248207370440165276e+00
1.249904632568359375e+00
1.255316615104675293e+00
1.255974928538004631e+00
1.263989289601643806e+00
1.263798634211222405e+00
1.271345734596252441e+00
1.271997809410095215e+00
1.288048704465230232e+00
1.282085776329040527e+00
1.283373276392618889e+00
1.289834300676981682e+00
1.283125082651774163e+00
1.283739328384399414e+00
1.292015711466471428e+00
1.301551580429077148e+00
1.300617535909016853e+00
1.298582275708516365e+00
1.310566782951354980e+00
1.305354714393615723e+00
1.304921706517537361e+00
1.319870471954345703e+00
1.314685503641764397e+00
1.316877643267313713e+00
1.316560268402099609e+00
1.320900996526082283e+00
1.325837492942810059e+00
1.318588296572367424e+00
1.324990153312683105e+00
1.327210466066996331e+00
1.331307450930277581e+00
1.329170068105061775e+00
1.336641987164815193e+00
1.336941361427307129e+00
1.336101214090983147e+00
1.338877240816752190e+00
1.345381259918212891e+00
1.346624453862508064e+00
1.347713828086853027e+00
1.352708180745442634e+00
1.365400910377502441e+00
1.356923858324686760e+00
1.361047188440958733e+00
1.352058291435241699e+00
1.352381984392801995e+00
1.359405477841695076e+00
1.356958985328674316e+00
1.359641790390014648e+00
1.368278423945109123e+00
1.364654024442036873e+00
1.365080118179321289e+00
1.369858384132385254e+00
1.381337324778239006e+00
1.372133016586303711e+00
1.382000724474589104e+00
1.380072315533955818e+00
1.375263611475626702e+00
1.386974573135375977e+00
1.381514906883239746e+00
1.384374936421712166e+00
