2.000000000000000111e-01
2.000000000000000111e-01
2.000000000000000111e-01
3.393333333333333202e-01
5.453333333333333366e-01
6.199999999999999956e-01
6.906666666666666510e-01
7.073333333333333695e-01
7.146666666666666723e-01
7.173333333333333783e-01
6.879999999999999449e-01
7.253333333333333854e-01
7.266666666666666829e-01
7.206666666666666776e-01
7.173333333333333783e-01
7.413333333333332886e-01
7.333333333333332815e-01
7.600000000000000089e-01
6.999999999999999556e-01
6.780000000000000471e-01
6.966666666666666563e-01
7.153333333333333766e-01
7.279999999999999805e-01
7.273333333333333872e-01
7.219999999999999751e-01
7.560000000000000053e-01
7.219999999999999751e-01
7.226666666666666794e-01
7.139999999999999680e-01
7.459999999999999964e-01
7.366666666666666918e-01
7.279999999999999805e-01
7.433333333333332904e-01
7.393333333333332869e-01
7.379999999999999893e-01
7.413333333333332886e-01
7.453333333333332922e-01
7.459999999999999964e-01
7.446666666666666989e-01
7.453333333333332922e-01
7.466666666666667007e-01
7.439999999999999947e-01
7.453333333333332922e-01
7.473333333333332940e-01
7.473333333333332940e-01
7.500000000000000000e-01
7.473333333333332940e-01
7.506666666666667043e-01
7.473333333333332940e-01
7.466666666666667007e-01
7.466666666666667007e-01
7.473333333333332940e-01
7.479999999999999982e-01
7.506666666666667043e-01
7.446666666666666989e-01
7.446666666666666989e-01
7.479999999999999982e-01
7.486666666666667025e-01
7.533333333333332993e-01
7.493333333333332957e-01
7.500000000000000000e-01
7.500000000000000000e-01
7.473333333333332940e-01
7.473333333333332940e-01
7.500000000000000000e-01
7.506666666666667043e-01
7.493333333333332957e-01
7.446666666666666989e-01
7.479999999999999982e-01
7.506666666666667043e-01
7.506666666666667043e-01
7.493333333333332957e-01
7.500000000000000000e-01
7.466666666666667007e-01
7.479999999999999982e-01
7.493333333333332957e-01
7.466666666666667007e-01
7.486666666666667025e-01
7.466666666666667007e-01
7.486666666666667025e-01
7.459999999999999964e-01
7.466666666666667007e-01
7.486666666666667025e-01
7.506666666666667043e-01
7.493333333333332957e-01
7.506666666666667043e-01
7.486666666666667025e-01
7.513333333333332975e-01
7.500000000000000000e-01
7.459999999999999964e-01
7.493333333333332957e-01
7.479999999999999982e-01
7.479999999999999982e-01
7.433333333333332904e-01
7.493333333333332957e-01
7.486666666666667025e-01
7.500000000000000000e-01
7.520000000000000018e-01
7.500000000000000000e-01
7.513333333333332975e-01
7.500000000000000000e-01
