5.105263157894736857e-03
5.263157894736841987e-03
5.263157894736841987e-03
6.000000000000000125e-03
1.010526315789473696e-02
1.915789473684210639e-02
2.657894736842105268e-02
3.099999999999999978e-02
3.394736842105262886e-02
3.694736842105263153e-02
4.084210526315789486e-02
4.231578947368420940e-02
4.605263157894736586e-02
5.000000000000000278e-02
5.142105263157895068e-02
5.405263157894736603e-02
6.110526315789473889e-02
6.410526315789473462e-02
6.789473684210525772e-02
6.878947368421052533e-02
7.478947368421053066e-02
7.636842105263158542e-02
7.963157894736841436e-02
8.357894736842105821e-02
8.847368421052631549e-02
9.252631578947367874e-02
9.910526315789473795e-02
1.026842105263157945e-01
1.066842105263157842e-01
1.118421052631578955e-01
1.145263157894736844e-01
1.201578947368421024e-01
1.246315789473684266e-01
1.340000000000000080e-01
1.353684210526315823e-01
1.458947368421052715e-01
1.458947368421052715e-01
1.550526315789473586e-01
1.679473684210526230e-01
1.729999999999999871e-01
1.670526315789473693e-01
1.799473684210526336e-01
1.980526315789473690e-01
2.014210526315789451e-01
2.156315789473684241e-01
2.096315789473684188e-01
2.248421052631578987e-01
2.432105263157894603e-01
2.442631578947368487e-01
2.507894736842105066e-01
2.549473684210526447e-01
2.594736842105263008e-01
2.844210526315789633e-01
2.528421052631578680e-01
2.872631578947368314e-01
2.901052631578947549e-01
3.105789473684210655e-01
3.197368421052631526e-01
3.298947368421052406e-01
3.392631578947368221e-01
3.376315789473683937e-01
3.372631578947368203e-01
3.208947368421052881e-01
3.679473684210526341e-01
3.603684210526315601e-01
3.744210526315789322e-01
3.671052631578947123e-01
3.668947368421052735e-01
3.675789473684210606e-01
4.024736842105263168e-01
3.806315789473684319e-01
4.154210526315789687e-01
4.368421052631579204e-01
4.230526315789473468e-01
4.409473684210526434e-01
4.504736842105263039e-01
4.379473684210526407e-01
4.436315789473684323e-01
4.614736842105263137e-01
4.652105263157894632e-01
4.658421052631578907e-01
4.773684210526315530e-01
4.803684210526315557e-01
4.710526315789473895e-01
4.741052631578947518e-01
4.835789473684210527e-01
4.983684210526315717e-01
4.982631578947368522e-01
5.120526315789473148e-01
5.173684210526315885e-01
5.347368421052631771e-01
5.120526315789473148e-01
5.398947368421053161e-01
5.317894736842104786e-01
5.099473684210525937e-01
4.934210526315789269e-01
5.414736842105263293e-01
5.507368421052631913e-01
5.425263157894736343e-01
5.677894736842105106e-01
5.768947368421052380e-01
5.637894736842105070e-01
4.582105263157894570e-01
4.936842105263157809e-01
5.434210526315789158e-01
5.799999999999999600e-01
5.553157894736842071e-01
5.473157894736842000e-01
5.664210526315789362e-01
5.787894736842105203e-01
5.951052631578946928e-01
5.898421052631579453e-01
6.035789473684211037e-01
6.134736842105262822e-01
6.141578947368421248e-01
5.995789473684211002e-01
5.533684210526316205e-01
5.967368421052631211e-01
6.311578947368421399e-01
5.986315789473684035e-01
6.172105263157894317e-01
6.208421052631578618e-01
5.896315789473683955e-01
6.024210526315789682e-01
6.231052631578947176e-01
6.376842105263157423e-01
6.440526315789473211e-01
6.627894736842104839e-01
6.504210526315788998e-01
6.460526315789473228e-01
5.955263157894736814e-01
6.163684210526315654e-01
6.526315789473684514e-01
6.647368421052631815e-01
6.631052631578947532e-01
6.599473684210526159e-01
6.732105263157894814e-01
6.538421052631578911e-01
6.769473684210526310e-01
6.577894736842104795e-01
6.662631578947368904e-01
6.864210526315789318e-01
6.501578947368421568e-01
6.573684210526316019e-01
6.788947368421052175e-01
6.500526315789473264e-01
7.041052631578947896e-01
6.441578947368421515e-01
7.053157894736842293e-01
7.068947368421052424e-01
6.835789473684210638e-01
6.963157894736842213e-01
6.484736842105263133e-01
6.404736842105263062e-01
6.761578947368420689e-01
7.072631578947368158e-01
6.752105263157894832e-01
6.674210526315789149e-01
6.999999999999999556e-01
6.830000000000000515e-01
7.333157894736842541e-01
6.781578947368420707e-01
7.194210526315789611e-01
7.378947368421052699e-01
7.216842105263158169e-01
7.122631578947368203e-01
7.528947368421052833e-01
7.263157894736842479e-01
7.404736842105262840e-01
7.408421052631578574e-01
7.337894736842105470e-01
7.216842105263158169e-01
7.418421052631578583e-01
7.151052631578946883e-01
7.157368421052631158e-01
7.363684210526315610e-01
6.631578947368420573e-01
7.087368421052631096e-01
7.397894736842105523e-01
7.489473684210525839e-01
7.535789473684210149e-01
7.674210526315788927e-01
7.556842105263157361e-01
7.535789473684210149e-01
7.738947368421053019e-01
7.207894736842105354e-01
7.671578947368421497e-01
7.497368421052631460e-01
7.589473684210525928e-01
7.730000000000000204e-01
7.548947368421052850e-01
7.563684210526315788e-01
7.606315789473684363e-01
7.519473684210525866e-01
7.604736842105263017e-01
7.737368421052631673e-01
7.725263157894737276e-01
7.575789473684210185e-01
7.541052631578947230e-01
7.365263157894736956e-01
7.726842105263157512e-01
7.492105263157894379e-01
7.793684210526315992e-01
7.530526315789474179e-01
7.884736842105263266e-01
7.924210526315789149e-01
7.980526315789473468e-01
8.076842105263157823e-01
7.726842105263157512e-01
8.161052631578947780e-01
7.958947368421052104e-01
7.801578947368420502e-01
7.679473684210526008e-01
7.137894736842105292e-01
7.875789473684210451e-01
7.990526315789473477e-01
8.208421052631579284e-01
7.674210526315788927e-01
6.974736842105263568e-01
7.962105263157894797e-01
7.881052631578947532e-01
7.855789473684210433e-01
8.163684210526316321e-01
8.038421052631579133e-01
8.085263157894736485e-01
8.035263157894736441e-01
8.026842105263157778e-01
7.973157894736842000e-01
8.082105263157894903e-01
7.900526315789473397e-01
8.020526315789473504e-01
8.002631578947367874e-01
8.175789473684210718e-01
7.563157894736841635e-01
7.834210526315789069e-01
8.132631578947367990e-01
7.663157894736841724e-01
7.056315789473683875e-01
8.339473684210526594e-01
8.101052631578947727e-01
8.331578947368420973e-01
8.293684210526315326e-01
8.155263157894736548e-01
8.215263157894736601e-01
7.991578947368420671e-01
7.821052631578947478e-01
8.119473684210526399e-01
8.213157894736842213e-01
8.142105263157894957e-01
8.317894736842105230e-01
8.298421052631579364e-01
8.346842105263158063e-01
8.027368421052631930e-01
8.165789473684210709e-01
8.155789473684210700e-01
8.162631578947368016e-01
7.858947368421053126e-01
7.706315789473684452e-01
8.152631578947368007e-01
8.228421052631579302e-01
8.440526315789473877e-01
8.452631578947368274e-01
8.026315789473684736e-01
8.226842105263157956e-01
8.200526315789473664e-01
8.191578947368420849e-01
8.383684210526315406e-01
8.301052631578947905e-01
8.012105263157894841e-01
7.944736842105263319e-01
7.984210526315789203e-01
8.395789473684210913e-01
8.292105263157895090e-01
7.766842105263157547e-01
8.438947368421052531e-01
8.193157894736842195e-01
8.477894736842105372e-01
8.352631578947368185e-01
8.317894736842105230e-01
8.396315789473683955e-01
8.576842105263158267e-01
8.363157894736842346e-01
8.038947368421052175e-01
8.367368421052631122e-01
8.065263157894736468e-01
7.866842105263157636e-01
8.238947368421052353e-01
7.627894736842105727e-01
7.954210526315789176e-01
8.551052631578947016e-01
8.298421052631579364e-01
8.534736842105262733e-01
8.603157894736842559e-01
8.518421052631578450e-01
8.728947368421052788e-01
8.607894736842105488e-01
8.509473684210526745e-01
8.624736842105262813e-01
8.418947368421052513e-01
8.650526315789474063e-01
8.179999999999999494e-01
8.678421052631578592e-01
8.429999999999999716e-01
8.558947368421052637e-01
8.623157894736842577e-01
8.412105263157895196e-01
8.721578947368421320e-01
8.647894736842105523e-01
8.457368421052631202e-01
7.995789473684210558e-01
8.623157894736842577e-01
8.482631578947368300e-01
8.039473684210526327e-01
8.251052631578947860e-01
8.496842105263158196e-01
8.635263157894736974e-01
8.563684210526315566e-01
8.343684210526315370e-01
7.837368421052631762e-01
8.684736842105262866e-01
8.512105263157895285e-01
8.743684210526315725e-01
8.663157894736842612e-01
8.647894736842105523e-01
8.574210526315789727e-01
8.451578947368421080e-01
8.701052631578947150e-01
8.809473684210525901e-01
8.777368421052631486e-01
8.464210526315789629e-01
8.255789473684210789e-01
8.685789473684210060e-01
8.729473684210525830e-01
8.644210526315789789e-01
8.790000000000000036e-01
8.832631578947368611e-01
8.730526315789474134e-01
8.773157894736841600e-01
8.692105263157894335e-01
8.669999999999999929e-01
8.511052631578946981e-01
8.726842105263158400e-01
8.877368421052631575e-01
8.639999999999999902e-01
8.732105263157894370e-01
8.417894736842105319e-01
8.547368421052631282e-01
8.800000000000000044e-01
8.490526315789473921e-01
8.185263157894736574e-01
8.431052631578946910e-01
8.617894736842105496e-01
8.314736842105263648e-01
8.711052631578947159e-01
8.942631578947368709e-01
8.793157894736841618e-01
7.780526315789473291e-01
7.797368421052631726e-01
8.456842105263158160e-01
8.506842105263158205e-01
8.609473684210526834e-01
8.845263157894737160e-01
8.705263157894737036e-01
8.878421052631578769e-01
8.518947368421052602e-01
8.725789473684210096e-01
8.818421052631578716e-01
8.125789473684210673e-01
8.636842105263158320e-01
8.825789473684210185e-01
8.755263157894737081e-01
8.926315789473684426e-01
8.821052631578947256e-01
8.854736842105263017e-01
8.880000000000000115e-01
9.011578947368421577e-01
8.975263157894737276e-01
8.998421052631578876e-01
8.858947368421052904e-01
8.940526315789473211e-01
9.068947368421053090e-01
8.930000000000000160e-01
8.690526315789474099e-01
8.690526315789474099e-01
8.936315789473684434e-01
9.022105263157894628e-01
9.064210526315789052e-01
9.026315789473684514e-01
8.866315789473684372e-01
8.923157894736841733e-01
9.064736842105263204e-01
8.898421052631578787e-01
8.806315789473684319e-01
8.762105263157894397e-01
8.328421052631579391e-01
8.603157894736842559e-01
8.983157894736841786e-01
8.934210526315788936e-01
8.986842105263157521e-01
9.006842105263157539e-01
8.841052631578947274e-01
9.060526315789473317e-01
9.045263157894737338e-01
9.008947368421053037e-01
9.011052631578947425e-01
9.054736842105263195e-01
8.972631578947368736e-01
8.944736842105263097e-01
8.998421052631578876e-01
8.860000000000000098e-01
8.899473684210525981e-01
8.884736842105263044e-01
8.862631578947368638e-01
8.975263157894737276e-01
8.953684210526315912e-01
8.916315789473684417e-01
8.758421052631578663e-01
8.926842105263157467e-01
9.017894736842104741e-01
8.724736842105262902e-01
8.884210526315790002e-01
8.896842105263157441e-01
9.153684210526316090e-01
9.048421052631578920e-01
8.966842105263157503e-01
8.830000000000000071e-01
8.653684210526315645e-01
8.910526315789473184e-01
8.701052631578947150e-01
8.912631578947368682e-01
8.972105263157894584e-01
8.957368421052631646e-01
9.001578947368421568e-01
9.061578947368420511e-01
9.050000000000000266e-01
8.884736842105263044e-01
8.882105263157894504e-01
8.873684210526315841e-01
9.162631578947368904e-01
8.909473684210525990e-01
9.081578947368420529e-01
9.113684210526316054e-01
8.778947368421052833e-01
8.972105263157894584e-01
9.071578947368420520e-01
9.068421052631578938e-01
9.152105263157894743e-01
8.956842105263157494e-01
9.101578947368420547e-01
9.158421052631579018e-01
9.026315789473684514e-01
9.097368421052631771e-01
9.047894736842104768e-01
9.069473684210526132e-01
8.739999999999999991e-01
7.870526315789473371e-01
8.659999999999999920e-01
8.921578947368421497e-01
9.001052631578947416e-01
9.057368421052631735e-01
9.125263157894736299e-01
9.142631578947368887e-01
9.160000000000000364e-01
8.966315789473684461e-01
8.782105263157894415e-01
9.103157894736841893e-01
9.144210526315789123e-01
9.084736842105263221e-01
8.661052631578947114e-01
9.097894736842104813e-01
9.040000000000000258e-01
8.922105263157894539e-01
8.786315789473684301e-01
8.674736842105262857e-01
8.960526315789473228e-01
8.965263157894737267e-01
9.040000000000000258e-01
9.033684210526315983e-01
9.134210526315789114e-01
9.152105263157894743e-01
9.200526315789473442e-01
9.013157894736841813e-01
9.188421052631579045e-01
8.810000000000000053e-01
9.154210526315789132e-01
8.915263157894737223e-01
8.870526315789473148e-01
9.097368421052631771e-01
9.196315789473684665e-01
8.981052631578947398e-01
9.139473684210526194e-01
9.164736842105263293e-01
8.948947368421052984e-01
9.141578947368420582e-01
8.892105263157894512e-01
8.948947368421052984e-01
9.154736842105263284e-01
8.839473684210525928e-01
8.774210526315789904e-01
8.927368421052631620e-01
8.853157894736841671e-01
9.177894736842104884e-01
8.347368421052631104e-01
9.106315789473684585e-01
9.076315789473684559e-01
9.238947368421052131e-01
8.889473684210525972e-01
9.066842105263157592e-01
9.133684210526316072e-01
9.107368421052631779e-01
9.237894736842104937e-01
8.917894736842105763e-01
9.160526315789473406e-01
8.989473684210526061e-01
9.058421052631578929e-01
9.142631578947368887e-01
9.153157894736841937e-01
9.247368421052631904e-01
9.088421052631578956e-01
9.073157894736841866e-01
9.230526315789473468e-01
9.138947368421053152e-01
9.227368421052631886e-01
9.048421052631578920e-01
9.240526315789473477e-01
9.242631578947368975e-01
9.323684210526316241e-01
9.001578947368421568e-01
9.232631578947368967e-01
9.238421052631579089e-01
9.217368421052631877e-01
9.290526315789473522e-01
9.260000000000000453e-01
9.310000000000000497e-01
9.137368421052631806e-01
9.124736842105263257e-01
9.138947368421053152e-01
9.225263157894736388e-01
9.260000000000000453e-01
9.340000000000000524e-01
9.273684210526316196e-01
9.298421052631579142e-01
9.288421052631579133e-01
8.993684210526315947e-01
9.127894736842104839e-01
8.917368421052631611e-01
8.985789473684210327e-01
9.277894736842104972e-01
9.240000000000000435e-01
8.465263157894736823e-01
9.170526315789473415e-01
9.136315789473684612e-01
9.311578947368420733e-01
9.348421052631579187e-01
9.331052631578947709e-01
9.272631578947367892e-01
9.286842105263157787e-01
9.184210526315789158e-01
9.096842105263157618e-01
9.293157894736842062e-01
9.193684210526316125e-01
9.271052631578947656e-01
9.190000000000000391e-01
9.209473684210526256e-01
9.250000000000000444e-01
9.257368421052631913e-01
9.280526315789473513e-01
9.170000000000000373e-01
9.273684210526316196e-01
9.302105263157894877e-01
8.980000000000000204e-01
8.884736842105263044e-01
9.162631578947368904e-01
9.296842105263157796e-01
9.173684210526316107e-01
9.402105263157894965e-01
9.220000000000000417e-01
9.265789473684210575e-01
9.308947368421052193e-01
9.345263157894736494e-01
9.109473684210526168e-01
9.021052631578947434e-01
9.044736842105263186e-01
9.243684210526316170e-01
9.118947368421053135e-01
9.300526315789473530e-01
9.266842105263157769e-01
9.322631578947367936e-01
9.305789473684210611e-01
9.162105263157894752e-01
8.996842105263157530e-01
9.186842105263157698e-01
9.368421052631579204e-01
9.083684210526316027e-01
9.261578947368420689e-01
9.100526315789473353e-01
9.337894736842105026e-01
9.382105263157894948e-01
9.182105263157894770e-01
9.000526315789473264e-01
8.864210526315789984e-01
9.082631578947368833e-01
9.205789473684210522e-01
9.384736842105263488e-01
9.133684210526316072e-01
9.332105263157894903e-01
9.228947368421052122e-01
9.280526315789473513e-01
9.292105263157894868e-01
9.342105263157894912e-01
9.399999999999999467e-01
9.328421052631579169e-01
9.003684210526315956e-01
9.093684210526316036e-01
8.795789473684210158e-01
8.622105263157894273e-01
9.335789473684210638e-01
9.216842105263157725e-01
9.340526315789473566e-01
9.072105263157894672e-01
8.792105263157894424e-01
9.280000000000000471e-01
9.004210526315788998e-01
9.245789473684210558e-01
8.972631578947368736e-01
8.906315789473684408e-01
9.258421052631579107e-01
9.130000000000000338e-01
9.402631578947368007e-01
9.221052631578947612e-01
9.395263157894736539e-01
9.215263157894736379e-01
9.422105263157894983e-01
9.333684210526316249e-01
9.339473684210526372e-01
9.198947368421052095e-01
9.297894736842104990e-01
9.172105263157894761e-01
9.384210526315789336e-01
9.286842105263157787e-01
9.224210526315789194e-01
9.431052631578947798e-01
9.104210526315789087e-01
9.255263157894736414e-01
9.205789473684210522e-01
9.366315789473683706e-01
9.394210526315789345e-01
9.394736842105263497e-01
9.194736842105263319e-01
8.478421052631578414e-01
9.200000000000000400e-01
9.225263157894736388e-01
9.318421052631579160e-01
9.107368421052631779e-01
9.154210526315789132e-01
9.269473684210526310e-01
8.712105263157894353e-01
9.245263157894736405e-01
9.241052631578947629e-01
9.401578947368420813e-01
9.276315789473684736e-01
9.254210526315789220e-01
9.374736842105263479e-01
9.388421052631579222e-01
9.354210526315789309e-01
8.983684210526315939e-01
8.785789473684210149e-01
9.160000000000000364e-01
9.013157894736841813e-01
9.205263157894736370e-01
9.068947368421053090e-01
9.292631578947367910e-01
9.215263157894736379e-01
9.238421052631579089e-01
9.344210526315789300e-01
9.300526315789473530e-01
9.312631578947367927e-01
9.071578947368420520e-01
9.296842105263157796e-01
9.262105263157894841e-01
9.377894736842105061e-01
9.341578947368420760e-01
9.320000000000000506e-01
8.929473684210526008e-01
9.379999999999999449e-01
9.353684210526316267e-01
9.317894736842105008e-01
9.296315789473684754e-01
9.188947368421052087e-01
9.402105263157894965e-01
8.990526315789473255e-01
9.243684210526316170e-01
9.287368421052631939e-01
9.310000000000000497e-01
9.238947368421052131e-01
9.265263157894736423e-01
9.400526315789473619e-01
9.285263157894736441e-01
9.452631578947368052e-01
9.252105263157894832e-01
9.288947368421052175e-01
9.199473684210526248e-01
9.400526315789473619e-01
9.436315789473683768e-01
9.413157894736842168e-01
9.301052631578947683e-01
9.375263157894736521e-01
9.071052631578947478e-01
9.394210526315789345e-01
9.202631578947368940e-01
9.282105263157894859e-01
9.131052631578947532e-01
9.188421052631579045e-01
9.463684210526315255e-01
9.227368421052631886e-01
9.351578947368420769e-01
9.249473684210526292e-01
9.316315789473683662e-01
8.869473684210525954e-01
9.218947368421052113e-01
9.260000000000000453e-01
9.338947368421052220e-01
9.414210526315789362e-01
9.345263157894736494e-01
9.354210526315789309e-01
9.391578947368420804e-01
9.315263157894736468e-01
9.435263157894736574e-01
9.407894736842105088e-01
9.459473684210526478e-01
9.427368421052632064e-01
9.418421052631579249e-01
9.372105263157894939e-01
9.344736842105263452e-01
9.418421052631579249e-01
9.392105263157894957e-01
9.119473684210526176e-01
9.386315789473683724e-01
9.449999999999999512e-01
9.458947368421052326e-01
9.225263157894736388e-01
9.321578947368420742e-01
9.479999999999999538e-01
9.030526315789473291e-01
9.133684210526316072e-01
9.188421052631579045e-01
8.906315789473684408e-01
9.382631578947367990e-01
9.235789473684210549e-01
9.270526315789473504e-01
9.237368421052631895e-01
9.364210526315789318e-01
9.458421052631579284e-01
9.431052631578947798e-01
9.333684210526316249e-01
9.498947368421052362e-01
9.464736842105263559e-01
9.383684210526316294e-01
9.245789473684210558e-01
9.410526315789473628e-01
9.217894736842104919e-01
9.482631578947368078e-01
9.420526315789473637e-01
9.310000000000000497e-01
9.237368421052631895e-01
9.395789473684210691e-01
9.401578947368420813e-01
9.439473684210526461e-01
9.423157894736842177e-01
9.527894736842105194e-01
9.216842105263157725e-01
9.427368421052632064e-01
9.424736842105263523e-01
9.460526315789473673e-01
9.428947368421052300e-01
9.183157894736841964e-01
9.296842105263157796e-01
9.315789473684210620e-01
9.475263157894736610e-01
9.413684210526316321e-01
9.257368421052631913e-01
9.407368421052632046e-01
9.493157894736842239e-01
9.377894736842105061e-01
9.362631578947367972e-01
9.498947368421052362e-01
9.529473684210526541e-01
9.323157894736842088e-01
9.201578947368420636e-01
9.363157894736842124e-01
9.533157894736842275e-01
9.132105263157894726e-01
9.474210526315789416e-01
9.375789473684210673e-01
9.491052631578947851e-01
9.364736842105263470e-01
9.278421052631579125e-01
9.452631578947368052e-01
9.399473684210526425e-01
9.451052631578947816e-01
9.459999999999999520e-01
9.466315789473683795e-01
9.393157894736842151e-01
9.468947368421052335e-01
9.455263157894736592e-01
9.245263157894736405e-01
9.458421052631579284e-01
9.482631578947368078e-01
9.455789473684210744e-01
9.422105263157894983e-01
9.489999999999999547e-01
9.378421052631579213e-01
9.354736842105263461e-01
9.463157894736842213e-01
9.348947368421052229e-01
9.308421052631579151e-01
9.432105263157894992e-01
9.416315789473683751e-01
9.085263157894737374e-01
9.151578947368420591e-01
8.798947368421052850e-01
9.303684210526316223e-01
9.157368421052631824e-01
9.295263157894736450e-01
9.379473684210526407e-01
9.488947368421052353e-01
9.485263157894736619e-01
9.243157894736842017e-01
9.443684210526315237e-01
9.456315789473683786e-01
9.426315789473683759e-01
9.494736842105263586e-01
9.472105263157895028e-01
9.471578947368420875e-01
9.461052631578947825e-01
9.346315789473683688e-01
9.423157894736842177e-01
9.397368421052632037e-01
9.397894736842105079e-01
9.164736842105263293e-01
9.445789473684210735e-01
9.502105263157895054e-01
9.528947368421052388e-01
9.497368421052632126e-01
9.516842105263157992e-01
9.339473684210526372e-01
9.476842105263157956e-01
9.457368421052632090e-01
9.298947368421052184e-01
9.465789473684210753e-01
9.472105263157895028e-01
9.294210526315789256e-01
9.304210526315789265e-01
9.501052631578947860e-01
9.438421052631579267e-01
9.447894736842105123e-01
9.471578947368420875e-01
9.528421052631579347e-01
9.416315789473683751e-01
9.481052631578947842e-01
9.524210526315789460e-01
9.117368421052631788e-01
9.451578947368420858e-01
9.178421052631579036e-01
9.272631578947367892e-01
9.456315789473683786e-01
9.318947368421052202e-01
9.406315789473683742e-01
9.284736842105263399e-01
9.348421052631579187e-01
9.517368421052631033e-01
9.511578947368420911e-01
9.450526315789473664e-01
9.148421052631579009e-01
9.238421052631579089e-01
9.084736842105263221e-01
9.267894736842104964e-01
9.458947368421052326e-01
9.327368421052631975e-01
9.461578947368420867e-01
9.202631578947368940e-01
9.405789473684210700e-01
9.355263157894736503e-01
9.472105263157895028e-01
9.527894736842105194e-01
9.462631578947368061e-01
9.439473684210526461e-01
9.012105263157894619e-01
9.197894736842104901e-01
9.457368421052632090e-01
9.527368421052631042e-01
9.377368421052632019e-01
9.457894736842105132e-01
9.485263157894736619e-01
9.507894736842105177e-01
9.446315789473683777e-01
9.457894736842105132e-01
9.377894736842105061e-01
9.397894736842105079e-01
9.303157894736842071e-01
9.389999999999999458e-01
9.503684210526315290e-01
9.488421052631579311e-01
9.417894736842105097e-01
9.481578947368420884e-01
9.449999999999999512e-01
9.499473684210526514e-01
9.477368421052632108e-01
9.002105263157894610e-01
9.306315789473684763e-01
9.307894736842104999e-01
9.522105263157895072e-01
9.547894736842105212e-01
9.538947368421052397e-01
9.445263157894736583e-01
9.526315789473683848e-01
9.445789473684210735e-01
9.202105263157894788e-01
9.495263157894736628e-01
9.546315789473683866e-01
9.474736842105263568e-01
9.437894736842105115e-01
8.994210526315788989e-01
9.528421052631579347e-01
9.549999999999999600e-01
9.469999999999999529e-01
9.505789473684210789e-01
9.101578947368420547e-01
9.458947368421052326e-01
9.521578947368420920e-01
9.431578947368420840e-01
9.389473684210526416e-01
9.333157894736842097e-01
9.448947368421052317e-01
9.452105263157895010e-01
9.521578947368420920e-01
9.381052631578947754e-01
9.554210526315789487e-01
9.505263157894736636e-01
9.530526315789473735e-01
9.586315789473683902e-01
9.559999999999999609e-01
9.523157894736842266e-01
9.499999999999999556e-01
9.368421052631579204e-01
9.335263157894736485e-01
9.475263157894736610e-01
9.465789473684210753e-01
9.481052631578947842e-01
9.389999999999999458e-01
9.470526315789473681e-01
9.403684210526316312e-01
9.405263157894736548e-01
9.354736842105263461e-01
9.467368421052632099e-01
9.387368421052632028e-01
9.463684210526315255e-01
9.490526315789473699e-01
9.501052631578947860e-01
9.491578947368420893e-01
9.518947368421052380e-01
9.235263157894736397e-01
9.488947368421052353e-01
9.517368421052631033e-01
9.504736842105263595e-01
9.548947368421052406e-01
9.484210526315789425e-01
9.386842105263157876e-01
9.485789473684210771e-01
9.560526315789473761e-01
9.557894736842105221e-01
9.451578947368420858e-01
9.290000000000000480e-01
9.426315789473683759e-01
9.515263157894736645e-01
9.495263157894736628e-01
9.592105263157895134e-01
9.466842105263157947e-01
9.497368421052632126e-01
9.560526315789473761e-01
9.607368421052631113e-01
9.493157894736842239e-01
9.402631578947368007e-01
9.434736842105263532e-01
9.463157894736842213e-01
9.449999999999999512e-01
9.305789473684210611e-01
9.065789473684210398e-01
9.545263157894736672e-01
9.584210526315789513e-01
9.386842105263157876e-01
9.548421052631579364e-01
9.457368421052632090e-01
9.544736842105263630e-01
9.442631578947368043e-01
9.491578947368420893e-01
8.972105263157894584e-01
9.261052631578947647e-01
8.925263157894737232e-01
9.348421052631579187e-01
9.381052631578947754e-01
