5.263157894736841987e-03
5.263157894736841987e-03
5.263157894736841987e-03
6.842105263157895016e-03
1.089473684210526261e-02
1.689473684210526447e-02
2.531578947368421165e-02
2.705263157894736981e-02
2.900000000000000147e-02
3.310526315789473484e-02
3.452631578947368274e-02
3.621052631578947079e-02
4.005263157894736747e-02
4.221052631578947612e-02
4.526315789473684542e-02
4.763157894736842063e-02
5.000000000000000278e-02
5.005263157894736942e-02
5.310526315789473872e-02
5.600000000000000117e-02
5.521052631578947378e-02
5.878947368421052339e-02
6.042105263157894479e-02
6.126315789473683882e-02
6.147368421052631232e-02
6.352631578947368074e-02
6.563157894736841580e-02
6.536842105263157565e-02
6.910526315789473906e-02
6.978947368421052622e-02
7.357894736842104932e-02
7.615789473684210498e-02
7.689473684210526572e-02
7.626315789473683826e-02
8.310526315789473761e-02
8.657894736842104699e-02
8.710526315789474117e-02
8.968421052631578294e-02
8.452631578947368551e-02
8.994736842105263697e-02
1.002105263157894721e-01
9.978947368421052511e-02
1.035263157894736885e-01
1.023684210526315808e-01
1.174736842105263135e-01
1.158947368421052587e-01
1.178947368421052605e-01
1.266842105263157880e-01
1.310000000000000053e-01
1.324210526315789394e-01
1.390526315789473721e-01
1.394210526315789456e-01
1.443157894736842028e-01
1.502631578947368485e-01
1.603684210526315768e-01
1.680000000000000104e-01
1.520526315789473559e-01
1.711052631578947325e-01
1.751578947368420958e-01
1.682631578947368367e-01
1.749473684210526292e-01
2.018421052631579060e-01
1.913684210526315765e-01
2.145263157894736761e-01
2.042105263157894812e-01
2.159473684210526379e-01
2.142105263157894623e-01
2.448421052631578887e-01
2.233157894736842175e-01
2.341052631578947330e-01
2.592105263157894468e-01
2.624210526315789438e-01
2.720526315789473792e-01
2.722631578947368181e-01
2.889999999999999791e-01
2.709473684210526589e-01
2.826842105263158156e-01
2.897368421052631815e-01
2.993157894736842017e-01
3.212105263157894464e-01
3.242105263157894490e-01
3.126842105263157867e-01
3.468421052631578960e-01
3.411052631578947447e-01
2.789473684210526105e-01
3.340526315789473788e-01
3.628947368421052699e-01
3.627894736842105505e-01
3.514210526315789673e-01
3.156315789473684297e-01
3.589999999999999858e-01
3.988421052631578867e-01
3.872105263157894495e-01
3.900000000000000133e-01
3.700526315789473553e-01
3.211578947368420867e-01
3.911052631578947336e-01
4.260526315789473495e-01
4.332631578947368500e-01
4.364736842105262915e-01
4.532631578947368678e-01
4.266315789473684172e-01
4.185263157894736907e-01
4.297368421052631393e-01
4.196315789473684110e-01
4.517368421052631589e-01
4.164736842105263293e-01
4.023157894736842377e-01
4.103157894736841893e-01
4.518421052631578783e-01
4.989473684210526394e-01
5.024210526315789904e-01
5.078947368421052877e-01
5.121578947368421453e-01
4.939999999999999947e-01
4.846315789473684132e-01
4.899473684210526314e-01
4.978421052631579191e-01
5.045789473684210158e-01
5.197368421052631637e-01
5.456842105263157716e-01
5.231578947368421550e-01
5.637368421052632028e-01
5.498947368421052140e-01
5.375263157894736299e-01
5.354210526315789087e-01
4.800526315789473419e-01
5.553157894736842071e-01
5.184736842105263088e-01
4.673157894736841844e-01
5.389473684210526194e-01
5.146842105263157441e-01
5.654210526315789354e-01
5.427368421052631842e-01
5.515789473684210575e-01
5.328947368421053099e-01
5.825789473684210851e-01
6.066842105263158258e-01
5.782631578947368123e-01
5.948947368421052539e-01
5.568421052631579160e-01
4.798421052631579031e-01
6.081578947368421195e-01
6.147368421052631371e-01
5.188421052631578823e-01
5.364736842105263248e-01
5.459473684210526256e-01
6.061052631578947025e-01
6.483684210526315939e-01
6.268947368421052824e-01
6.263684210526315743e-01
5.866315789473683928e-01
5.791578947368420938e-01
6.124736842105262813e-01
6.360526315789473140e-01
6.035263157894736885e-01
6.091052631578947052e-01
5.749999999999999556e-01
5.767368421052631033e-01
6.001052631578946972e-01
5.801052631578947905e-01
6.322631578947368602e-01
6.377894736842105727e-01
6.271052631578947212e-01
6.273157894736841600e-01
5.918947368421052513e-01
6.377368421052631575e-01
6.039999999999999813e-01
6.277894736842105639e-01
6.058947368421052637e-01
5.954736842105262662e-01
6.708421052631579062e-01
6.135789473684210016e-01
6.185263157894737018e-01
6.633157894736841920e-01
6.745789473684210558e-01
6.762105263157894841e-01
6.224210526315789860e-01
6.869473684210526399e-01
6.521052631578947434e-01
6.742105263157894823e-01
6.390000000000000124e-01
6.454210526315788954e-01
6.124736842105262813e-01
6.166315789473684195e-01
6.697368421052631859e-01
6.826315789473683671e-01
7.230526315789473912e-01
7.003684210526315290e-01
7.169999999999999707e-01
7.253684210526315512e-01
7.194210526315789611e-01
7.317368421052631300e-01
6.867894736842105052e-01
6.883684210526316294e-01
7.399473684210526869e-01
7.265263157894736867e-01
7.252105263157895276e-01
7.029473684210526541e-01
7.184210526315789602e-01
7.018421052631579338e-01
7.212105263157895241e-01
7.326842105263158267e-01
6.874736842105263479e-01
7.038421052631579355e-01
7.217894736842105363e-01
7.194210526315789611e-01
7.140526315789473832e-01
7.079999999999999627e-01
7.481052631578947176e-01
7.541578947368421382e-01
7.531052631578947221e-01
6.951578947368420858e-01
7.273157894736842488e-01
7.455789473684210078e-01
7.151052631578946883e-01
7.518947368421052824e-01
7.532631578947368567e-01
7.626842105263157423e-01
7.550000000000000044e-01
7.192631578947368265e-01
6.780000000000000471e-01
7.174210526315789593e-01
7.498947368421052806e-01
7.296315789473684088e-01
7.041578947368420938e-01
7.320526315789473992e-01
7.533684210526315761e-01
7.533684210526315761e-01
7.438947368421052753e-01
7.836842105263157610e-01
7.262105263157895285e-01
7.145789473684210913e-01
7.737368421052631673e-01
7.718947368421053001e-01
7.798421052631578920e-01
7.465789473684210087e-01
7.505789473684210122e-01
7.402105263157894299e-01
7.700000000000000178e-01
7.369473684210526843e-01
7.358947368421052682e-01
7.901052631578947549e-01
8.035263157894736441e-01
7.651578947368421479e-01
7.757368421052631691e-01
7.556842105263157361e-01
7.647368421052631593e-01
7.658947368421052948e-01
7.722631578947368736e-01
7.593157894736841662e-01
8.012631578947367883e-01
8.111052631578947736e-01
7.892631578947368887e-01
6.990526315789473699e-01
7.636315789473684390e-01
7.409473684210525768e-01
7.477368421052631442e-01
7.779473684210526097e-01
7.753157894736841804e-01
8.005263157894736414e-01
8.196315789473683777e-01
8.159473684210526434e-01
7.849473684210526159e-01
8.218421052631579293e-01
7.711578947368421533e-01
7.412105263157894308e-01
8.313157894736842302e-01
8.339999999999999636e-01
7.755789473684210344e-01
8.101052631578947727e-01
8.227894736842105150e-01
8.184736842105263532e-01
7.725789473684210318e-01
8.085789473684210638e-01
8.151052631578947771e-01
8.360526315789473806e-01
8.393157894736842373e-01
8.147894736842105079e-01
8.036842105263157787e-01
8.226315789473683804e-01
8.420526315789473859e-01
8.228421052631579302e-01
8.043684210526316214e-01
7.854210526315789087e-01
8.436315789473683990e-01
8.333157894736842319e-01
7.671578947368421497e-01
8.229473684210526496e-01
8.404210526315789576e-01
8.194210526315789389e-01
7.872631578947368869e-01
8.346315789473683910e-01
8.445789473684210957e-01
8.392631578947368221e-01
8.370526315789473815e-01
8.021052631578947656e-01
7.661578947368421488e-01
8.120000000000000551e-01
8.303157894736842293e-01
8.444736842105262653e-01
8.217894736842105141e-01
8.207894736842105132e-01
8.204210526315789398e-01
7.930000000000000382e-01
8.043157894736842062e-01
8.174210526315789371e-01
7.949473684210526248e-01
8.412631578947368238e-01
8.516315789473684061e-01
8.453157894736842426e-01
8.132631578947367990e-01
8.519999999999999796e-01
8.434210526315789602e-01
8.255789473684210789e-01
8.150526315789473619e-01
7.862631578947368860e-01
8.512631578947368327e-01
8.577368421052631309e-01
8.374736842105263701e-01
8.472105263157895250e-01
8.123157894736842133e-01
8.328947368421052433e-01
8.195263157894736583e-01
8.165263157894736556e-01
7.742105263157894601e-01
8.352105263157895143e-01
8.645263157894736983e-01
8.388421052631579444e-01
8.433684210526315450e-01
8.722631578947368514e-01
8.198947368421052317e-01
8.184736842105263532e-01
7.797894736842104768e-01
8.387894736842105292e-01
8.413157894736842390e-01
8.503157894736842470e-01
7.624210526315789993e-01
8.186842105263157920e-01
8.362631578947368194e-01
8.288947368421052397e-01
7.954736842105263328e-01
8.658421052631578574e-01
8.010526315789473495e-01
8.775789473684210140e-01
8.414736842105262626e-01
8.396842105263158107e-01
7.623684210526315841e-01
8.369473684210526621e-01
8.659999999999999920e-01
8.824736842105262991e-01
8.653684210526315645e-01
8.753157894736841582e-01
8.587368421052631318e-01
8.491052631578946963e-01
8.258421052631579329e-01
8.755789473684210122e-01
8.765789473684210131e-01
8.385263157894736752e-01
8.633684210526315628e-01
8.653157894736842604e-01
8.624210526315789771e-01
8.503684210526315512e-01
8.516842105263158214e-01
8.080526315789473557e-01
8.643684210526315637e-01
8.536315789473684079e-01
8.292631578947368132e-01
8.619999999999999885e-01
8.791052631578947230e-01
8.756842105263158427e-01
8.096315789473683688e-01
8.276842105263158000e-01
8.505263157894736858e-01
8.686842105263158365e-01
8.723684210526315708e-01
8.707894736842105576e-01
8.605789473684209989e-01
8.609473684210526834e-01
8.686315789473684212e-01
8.455263157894736814e-01
8.153684210526316312e-01
8.136842105263157876e-01
8.441578947368421071e-01
8.504736842105262706e-01
8.883684210526315850e-01
8.788947368421052841e-01
8.827368421052631531e-01
8.759473684210525857e-01
8.403157894736842382e-01
8.636315789473684168e-01
8.941052631578947363e-01
8.884736842105263044e-01
8.992105263157894601e-01
8.893157894736841707e-01
8.650526315789474063e-01
8.827368421052631531e-01
8.451578947368421080e-01
9.000000000000000222e-01
8.936315789473684434e-01
8.875263157894737187e-01
8.679473684210525786e-01
8.996315789473684488e-01
8.561052631578947025e-01
8.854210526315789975e-01
8.479473684210526718e-01
8.635263157894736974e-01
8.723684210526315708e-01
8.694210526315789833e-01
8.707368421052631424e-01
8.867894736842105718e-01
8.505789473684211011e-01
8.924210526315788927e-01
8.666315789473684195e-01
8.787894736842105647e-01
8.399473684210526647e-01
8.344210526315789522e-01
8.722105263157894361e-01
8.765789473684210131e-01
8.776842105263158444e-01
8.588947368421052664e-01
9.090000000000000302e-01
9.054736842105263195e-01
9.075263157894737365e-01
9.054210526315789043e-01
9.048947368421053072e-01
9.002105263157894610e-01
9.030526315789473291e-01
9.101052631578947505e-01
9.205263157894736370e-01
9.052631578947368807e-01
9.156315789473684630e-01
8.485263157894736841e-01
8.775789473684210140e-01
8.783157894736841609e-01
9.147894736842104857e-01
9.084210526315789069e-01
9.068947368421053090e-01
8.937894736842105781e-01
9.074736842105263213e-01
9.077894736842104795e-01
9.152105263157894743e-01
8.764736842105262937e-01
8.315263157894736690e-01
9.223157894736842000e-01
9.197368421052631859e-01
9.006315789473684497e-01
8.654736842105262840e-01
8.993684210526315947e-01
8.977368421052631664e-01
9.138947368421053152e-01
8.837368421052631540e-01
8.678421052631578592e-01
9.083684210526316027e-01
8.691052631578947141e-01
8.802631578947368585e-01
8.579473684210526807e-01
9.170526315789473415e-01
8.952105263157894566e-01
8.826315789473684337e-01
9.182631578947368922e-01
8.992105263157894601e-01
8.606315789473684141e-01
8.983684210526315939e-01
9.136315789473684612e-01
8.561052631578947025e-01
8.863157894736841680e-01
9.172105263157894761e-01
8.975263157894737276e-01
9.070526315789473326e-01
9.171052631578947567e-01
9.124210526315789105e-01
9.058947368421053081e-01
9.104210526315789087e-01
9.215789473684210531e-01
9.082105263157894681e-01
9.141052631578947540e-01
8.751578947368421346e-01
9.063157894736841858e-01
9.139473684210526194e-01
9.122105263157894717e-01
9.241578947368420671e-01
8.521052631578946990e-01
8.901578947368421479e-01
8.949473684210526025e-01
9.210000000000000409e-01
8.930526315789473202e-01
9.091052631578947496e-01
8.992631578947368753e-01
9.203684210526316134e-01
9.217894736842104919e-01
8.935263157894737240e-01
9.092631578947368842e-01
9.105789473684210433e-01
9.243157894736842017e-01
8.956315789473684452e-01
9.180526315789473424e-01
9.010000000000000231e-01
9.028947368421053055e-01
9.237894736842104937e-01
8.761052631578947203e-01
8.887894736842105736e-01
8.911052631578947336e-01
8.881052631578947310e-01
9.128421052631578991e-01
9.277894736842104972e-01
9.295263157894736450e-01
9.162105263157894752e-01
8.906315789473684408e-01
9.204210526315789176e-01
8.848947368421052895e-01
9.026315789473684514e-01
9.256315789473684719e-01
9.363684210526316276e-01
8.804210526315789931e-01
9.176315789473684648e-01
9.193684210526316125e-01
8.562631578947368372e-01
8.537368421052631273e-01
9.298947368421052184e-01
9.352631578947367963e-01
9.158947368421053170e-01
9.168947368421053179e-01
9.202105263157894788e-01
9.289473684210526327e-01
9.205789473684210522e-01
9.326315789473683671e-01
9.103684210526316045e-01
9.038421052631578911e-01
8.821052631578947256e-01
8.962105263157894575e-01
9.292105263157894868e-01
9.243157894736842017e-01
9.240000000000000435e-01
9.330526315789473557e-01
9.215263157894736379e-01
9.182631578947368922e-01
9.201052631578947594e-01
9.176315789473684648e-01
8.888947368421052930e-01
9.271578947368420698e-01
9.196315789473684665e-01
9.106842105263157627e-01
9.129473684210526185e-01
9.193684210526316125e-01
9.135789473684210460e-01
9.123157894736841911e-01
9.201052631578947594e-01
9.074210526315789060e-01
9.117894736842104830e-01
9.320526315789473548e-01
9.194736842105263319e-01
9.193684210526316125e-01
9.278947368421052166e-01
9.226315789473684692e-01
9.307368421052631957e-01
9.402631578947368007e-01
9.067894736842104786e-01
9.407368421052632046e-01
9.382631578947367990e-01
8.684736842105262866e-01
9.190526315789473433e-01
9.275789473684210584e-01
8.891578947368421471e-01
9.377368421052632019e-01
8.945263157894737249e-01
9.161052631578947558e-01
9.484210526315789425e-01
8.983684210526315939e-01
8.822631578947368602e-01
9.244736842105263364e-01
9.346315789473683688e-01
9.283684210526316205e-01
9.296842105263157796e-01
9.078421052631578947e-01
9.040526315789473299e-01
8.777894736842105639e-01
9.401578947368420813e-01
9.333684210526316249e-01
9.185789473684210504e-01
9.304210526315789265e-01
9.327894736842105017e-01
9.310526315789473539e-01
9.340000000000000524e-01
9.330000000000000515e-01
9.240000000000000435e-01
9.250000000000000444e-01
9.336315789473683679e-01
9.130000000000000338e-01
9.136315789473684612e-01
9.373684210526316285e-01
9.219473684210526265e-01
9.217894736842104919e-01
9.185789473684210504e-01
9.333157894736842097e-01
9.385789473684210682e-01
9.287368421052631939e-01
9.401578947368420813e-01
9.076315789473684559e-01
9.283684210526316205e-01
9.043157894736841840e-01
9.069473684210526132e-01
9.014736842105263159e-01
9.110000000000000320e-01
9.328421052631579169e-01
9.365263157894736512e-01
9.020000000000000240e-01
9.161578947368420600e-01
9.451052631578947816e-01
9.211578947368420645e-01
9.363157894736842124e-01
9.241578947368420671e-01
9.285789473684210593e-01
9.196842105263157707e-01
9.459473684210526478e-01
9.396315789473683733e-01
9.021052631578947434e-01
9.290000000000000480e-01
9.127368421052631797e-01
8.901578947368421479e-01
9.301052631578947683e-01
9.120526315789473371e-01
9.228421052631579080e-01
8.473157894736842444e-01
8.762105263157894397e-01
8.564736842105262760e-01
9.138947368421053152e-01
9.403157894736842159e-01
9.228947368421052122e-01
8.935263157894737240e-01
9.416842105263157903e-01
9.565789473684210842e-01
9.401578947368420813e-01
9.030526315789473291e-01
9.466315789473683795e-01
9.425789473684210718e-01
9.292105263157894868e-01
8.978947368421053010e-01
9.303157894736842071e-01
9.016315789473684505e-01
9.293157894736842062e-01
9.221578947368420653e-01
9.477368421052632108e-01
9.221052631578947612e-01
9.327368421052631975e-01
9.467894736842105141e-01
9.179473684210526230e-01
9.204736842105263328e-01
9.271578947368420698e-01
9.355263157894736503e-01
9.487368421052632117e-01
9.458421052631579284e-01
9.357894736842105043e-01
9.498947368421052362e-01
9.135789473684210460e-01
9.341578947368420760e-01
9.330000000000000515e-01
9.298947368421052184e-01
9.281052631578947665e-01
9.274736842105263390e-01
9.474210526315789416e-01
9.355263157894736503e-01
9.414736842105263515e-01
9.304210526315789265e-01
9.476315789473683804e-01
9.350526315789473575e-01
9.485263157894736619e-01
8.943157894736841751e-01
9.410526315789473628e-01
9.254736842105263372e-01
9.215263157894736379e-01
9.101578947368420547e-01
8.908947368421052948e-01
9.187368421052631851e-01
9.597894736842105257e-01
9.363684210526316276e-01
9.524210526315789460e-01
9.535789473684210815e-01
9.518421052631579338e-01
9.251052631578947638e-01
9.182631578947368922e-01
9.187894736842104892e-01
9.463684210526315255e-01
9.238947368421052131e-01
9.309473684210526345e-01
9.413684210526316321e-01
9.390526315789473610e-01
9.248947368421052140e-01
9.595789473684210868e-01
9.053157894736841849e-01
8.841578947368421426e-01
9.168421052631579027e-01
9.068421052631578938e-01
9.517894736842105186e-01
9.426315789473683759e-01
9.645263157894736761e-01
9.502105263157895054e-01
9.506842105263157983e-01
9.307894736842104999e-01
9.418421052631579249e-01
9.518421052631579338e-01
9.583157894736842319e-01
9.553157894736842293e-01
9.459473684210526478e-01
9.555263157894736681e-01
9.212631578947368949e-01
9.594736842105263674e-01
9.455789473684210744e-01
9.491052631578947851e-01
9.532105263157895081e-01
9.576315789473683893e-01
9.536315789473683857e-01
9.516842105263157992e-01
9.692631578947368265e-01
9.419999999999999485e-01
9.550526315789473752e-01
9.647894736842105301e-01
9.462631578947368061e-01
9.459473684210526478e-01
9.506842105263157983e-01
9.094210526315789078e-01
9.442105263157895001e-01
9.519473684210526532e-01
9.448421052631579276e-01
9.465263157894736601e-01
9.601052631578946839e-01
9.529999999999999583e-01
9.531052631578947887e-01
9.275263157894736432e-01
9.427894736842105106e-01
9.385789473684210682e-01
9.337368421052631984e-01
9.629999999999999671e-01
9.398421052631579231e-01
9.330000000000000515e-01
9.150526315789473397e-01
9.323157894736842088e-01
9.543684210526315326e-01
9.382105263157894948e-01
9.387894736842105070e-01
9.394210526315789345e-01
9.493684210526315281e-01
9.536315789473683857e-01
9.398421052631579231e-01
9.626315789473683937e-01
9.618947368421052468e-01
9.340000000000000524e-01
9.324210526315789282e-01
9.560526315789473761e-01
9.523157894736842266e-01
9.412105263157894974e-01
9.684210526315789602e-01
9.613684210526315388e-01
9.486842105263157965e-01
9.422631578947368025e-01
9.212631578947368949e-01
9.627894736842105283e-01
9.496315789473683822e-01
9.201578947368420636e-01
9.462631578947368061e-01
9.316315789473683662e-01
9.568947368421052424e-01
9.519473684210526532e-01
9.506842105263157983e-01
9.589999999999999636e-01
9.402631578947368007e-01
9.529473684210526541e-01
9.237894736842104937e-01
9.485789473684210771e-01
9.559999999999999609e-01
9.693157894736842417e-01
9.559999999999999609e-01
9.502631578947368096e-01
9.587894736842105248e-01
9.552631578947368141e-01
9.638947368421052486e-01
9.356315789473683697e-01
8.956842105263157494e-01
9.557894736842105221e-01
9.439473684210526461e-01
9.088421052631578956e-01
9.528421052631579347e-01
9.338421052631579178e-01
9.252105263157894832e-01
9.662631578947368238e-01
9.447368421052632081e-01
9.600526315789473797e-01
9.218947368421052113e-01
9.637894736842105292e-01
9.453684210526315246e-01
9.580526315789473779e-01
9.626315789473683937e-01
9.593157894736842328e-01
9.350000000000000533e-01
9.498947368421052362e-01
9.012105263157894619e-01
9.304736842105263417e-01
9.332105263157894903e-01
9.407368421052632046e-01
9.693157894736842417e-01
9.627368421052631131e-01
9.582631578947368167e-01
9.430526315789473646e-01
9.615789473684210886e-01
9.584210526315789513e-01
9.421578947368420831e-01
9.560526315789473761e-01
9.538947368421052397e-01
9.491578947368420893e-01
9.473684210526315264e-01
9.525789473684210806e-01
9.102631578947368851e-01
9.631052631578946865e-01
9.533684210526315317e-01
9.439999999999999503e-01
9.564210526315789496e-01
9.581578947368420973e-01
9.566842105263158036e-01
9.568421052631579382e-01
9.463684210526315255e-01
9.351578947368420769e-01
9.563157894736842302e-01
9.556842105263158027e-01
9.250526315789473486e-01
9.579999999999999627e-01
9.567368421052631078e-01
9.634736842105263710e-01
9.639999999999999680e-01
9.625789473684210895e-01
9.578947368421052433e-01
9.696315789473683999e-01
9.604736842105263683e-01
9.669999999999999707e-01
9.646842105263158107e-01
9.657894736842105310e-01
9.216842105263157725e-01
9.644736842105262609e-01
9.684210526315789602e-01
9.651578947368421035e-01
9.334210526315789291e-01
9.535263157894736663e-01
9.501578947368420902e-01
9.348421052631579187e-01
9.614736842105263692e-01
9.639999999999999680e-01
9.664210526315789584e-01
9.686842105263158142e-01
9.514736842105263603e-01
9.264736842105263381e-01
9.587894736842105248e-01
9.615263157894736734e-01
9.438421052631579267e-01
9.378947368421052255e-01
9.220000000000000417e-01
9.297368421052631948e-01
9.553684210526315335e-01
9.481052631578947842e-01
9.644736842105262609e-01
9.628421052631579435e-01
9.430526315789473646e-01
9.241578947368420671e-01
9.610526315789473806e-01
9.599999999999999645e-01
9.259473684210526301e-01
9.396315789473683733e-01
9.469999999999999529e-01
9.673157894736842399e-01
9.242105263157894823e-01
9.292631578947367910e-01
9.583684210526315361e-01
9.666315789473683973e-01
9.536315789473683857e-01
9.199473684210526248e-01
9.299473684210526336e-01
9.542105263157895090e-01
9.674210526315789593e-01
9.588947368421052442e-01
9.667368421052631167e-01
9.587894736842105248e-01
9.520526315789473726e-01
9.341578947368420760e-01
9.616315789473683928e-01
9.567894736842105230e-01
9.683684210526315450e-01
9.621052631578946857e-01
9.224210526315789194e-01
9.288421052631579133e-01
9.350526315789473575e-01
9.644736842105262609e-01
9.538947368421052397e-01
9.036315789473684523e-01
9.593684210526315370e-01
9.536315789473683857e-01
9.515263157894736645e-01
9.364736842105263470e-01
9.481052631578947842e-01
9.486842105263157965e-01
9.624210526315789549e-01
9.545789473684210824e-01
9.607368421052631113e-01
9.579473684210526585e-01
9.451052631578947816e-01
9.677368421052631176e-01
9.226842105263157734e-01
9.610526315789473806e-01
9.416842105263157903e-01
9.568421052631579382e-01
9.603684210526315379e-01
9.597368421052631104e-01
9.491052631578947851e-01
9.702631578947368274e-01
9.581578947368420973e-01
9.571578947368420964e-01
9.367368421052632010e-01
9.737368421052631229e-01
9.690526315789473877e-01
9.538947368421052397e-01
9.320000000000000506e-01
9.532631578947368123e-01
9.637368421052631140e-01
9.404210526315789354e-01
9.618421052631579427e-01
9.664210526315789584e-01
9.503684210526315290e-01
9.364210526315789318e-01
9.267368421052631922e-01
9.419999999999999485e-01
9.605263157894736725e-01
9.637894736842105292e-01
9.660526315789473850e-01
9.518947368421052380e-01
9.480526315789473690e-01
9.631052631578946865e-01
9.529473684210526541e-01
9.227368421052631886e-01
9.687368421052631184e-01
9.725789473684210984e-01
9.549999999999999600e-01
9.210526315789473450e-01
9.683684210526315450e-01
9.743157894736842461e-01
9.493684210526315281e-01
9.444736842105263541e-01
9.563684210526315344e-01
9.696842105263158151e-01
9.645263157894736761e-01
9.670526315789473859e-01
9.619473684210526621e-01
9.594736842105263674e-01
9.347368421052631993e-01
9.665789473684210931e-01
9.585263157894736707e-01
9.621578947368421009e-01
9.696842105263158151e-01
9.699999999999999734e-01
9.512631578947368105e-01
9.718421052631578405e-01
9.704736842105262662e-01
9.627894736842105283e-01
9.285263157894736441e-01
9.543684210526315326e-01
9.603157894736842337e-01
9.352105263157894921e-01
9.567894736842105230e-01
9.672105263157895205e-01
9.661052631578946892e-01
9.667368421052631167e-01
9.176315789473684648e-01
9.525789473684210806e-01
9.403684210526316312e-01
9.594736842105263674e-01
9.511052631578947869e-01
9.575789473684210851e-01
9.631578947368421018e-01
9.611578947368421000e-01
9.535263157894736663e-01
9.642105263157895179e-01
9.764736842105262715e-01
9.696315789473683999e-01
9.630526315789473824e-01
9.674210526315789593e-01
9.647894736842105301e-01
9.656842105263158116e-01
9.575263157894736699e-01
9.547894736842105212e-01
9.511578947368420911e-01
9.726842105263158178e-01
9.614210526315789540e-01
9.647894736842105301e-01
9.733684210526315495e-01
9.599473684210526603e-01
9.648421052631579453e-01
9.597894736842105257e-01
9.648947368421052495e-01
9.434736842105263532e-01
9.680526315789473868e-01
9.760526315789473939e-01
9.242631578947368975e-01
9.611052631578946848e-01
9.487368421052632117e-01
9.655789473684210922e-01
