1.439473684210526398e-02
2.463157894736842102e-02
2.778947368421052708e-02
3.544736842105263019e-02
4.809210526315789436e-02
5.805263157894736958e-02
6.671052631578947012e-02
7.649999999999999856e-02
8.444736842105263208e-02
9.527631578947368118e-02
1.032631578947368484e-01
1.129078947368421099e-01
1.231578947368421051e-01
1.353026315789473688e-01
1.471184210526315927e-01
1.617368421052631511e-01
1.766710526315789509e-01
1.965657894736842215e-01
2.171710526315789591e-01
2.416184210526315657e-01
2.648157894736842266e-01
2.889210526315789673e-01
3.133684210526315739e-01
3.373289473684210615e-01
3.613157894736842013e-01
3.854078947368421160e-01
4.065526315789473877e-01
4.289078947368420991e-01
4.607236842105263408e-01
4.824736842105263324e-01
5.069210526315789389e-01
5.319342105263158427e-01
5.429473684210526230e-01
5.526842105263157778e-01
5.722105263157895028e-01
5.850131578947368460e-01
5.949605263157894397e-01
6.078157894736841982e-01
6.243157894736841573e-01
6.364342105263157690e-01
6.543684210526315992e-01
6.647236842105262999e-01
6.641973684210525919e-01
6.768684210526315637e-01
6.824868421052631140e-01
6.895526315789474170e-01
6.958947368421052326e-01
7.055263157894736681e-01
7.169736842105263186e-01
7.257763157894736583e-01
7.296842105263158240e-01
7.340526315789474010e-01
7.405263157894736992e-01
7.409342105263158063e-01
7.541973684210526718e-01
7.552894736842105106e-01
7.605921052631579027e-01
7.637894736842105736e-01
7.717894736842105807e-01
7.776578947368421035e-01
7.810131578947367981e-01
7.795657894736841564e-01
7.934210526315789158e-01
7.966842105263157725e-01
7.981842105263158293e-01
8.026184210526315921e-01
8.045131578947368745e-01
8.108947368421052238e-01
8.168421052631579249e-01
8.224210526315789416e-01
8.245657894736841964e-01
8.260131578947368380e-01
8.303421052631578814e-01
8.369868421052631957e-01
8.386315789473683946e-01
8.447236842105263488e-01
8.428552631578947185e-01
8.418815789473683697e-01
8.464078947368420813e-01
8.582631578947368389e-01
8.616447368421052966e-01
8.559473684210526789e-01
8.636973684210526025e-01
8.585789473684209971e-01
8.650526315789474063e-01
8.735657894736842399e-01
8.757631578947367990e-01
8.759210526315789336e-01
8.803289473684210442e-01
8.797500000000000320e-01
8.824605263157895285e-01
8.899210526315789460e-01
8.890657894736841982e-01
8.895789473684210247e-01
8.901842105263158000e-01
8.938815789473684159e-01
8.943026315789474046e-01
8.950263157894736699e-01
8.942368421052631078e-01
8.961184210526316196e-01
8.991842105263158080e-01
9.039210526315789584e-01
9.032368421052631158e-01
9.032499999999999973e-01
9.062894736842105337e-01
9.084868421052632037e-01
9.152105263157894743e-01
9.160394736842105701e-01
9.187894736842104892e-01
9.209868421052631593e-01
9.163421052631578467e-01
9.192236842105263595e-01
9.226184210526315876e-01
9.254605263157894557e-01
9.234210526315789203e-01
9.226842105263157734e-01
9.300131578947368194e-01
9.325657894736841813e-01
9.299078947368421000e-01
9.346447368421052504e-01
9.346052631578947167e-01
9.315131578947368762e-01
9.337763157894737320e-01
9.392500000000000293e-01
9.414605263157894699e-01
9.423815789473684035e-01
9.382631578947367990e-01
9.412368421052631495e-01
9.442105263157895001e-01
9.433026315789473371e-01
9.460526315789473673e-01
9.451710526315789673e-01
9.474868421052631273e-01
9.481447368421053179e-01
9.477105263157894477e-01
9.476184210526316098e-01
9.492236842105262751e-01
9.513157894736842257e-01
9.542763157894736947e-01
9.493815789473684097e-01
9.533815789473684132e-01
9.528026315789474010e-01
9.527763157894736379e-01
9.555263157894736681e-01
9.584473684210526034e-01
9.589473684210526594e-01
9.613026315789473530e-01
9.626184210526316232e-01
9.601842105263157512e-01
9.555000000000000160e-01
9.579605263157894290e-01
9.611842105263157521e-01
9.635263157894736752e-01
9.630263157894737303e-01
9.617368421052631122e-01
9.639210526315789007e-01
9.628815789473683662e-01
9.648421052631579453e-01
9.672236842105262911e-01
9.686710526315789327e-01
9.667631578947368798e-01
9.698947368421052539e-01
9.695657894736842142e-01
9.698684210526316019e-01
9.693026315789473601e-01
9.699999999999999734e-01
9.698815789473683724e-01
9.721184210526315761e-01
9.742763157894737125e-01
9.732368421052631779e-01
9.735789473684210993e-01
9.739210526315789096e-01
9.718947368421052557e-01
9.741052631578946963e-01
9.751315789473684603e-01
9.748289473684210726e-01
9.758289473684210735e-01
9.748947368421052584e-01
9.764868421052631531e-01
9.753947368421053143e-01
9.775394736842105692e-01
9.762236842105262991e-01
9.771447368421052326e-01
9.778421052631578458e-01
9.786184210526315264e-01
9.793815789473684363e-01
9.804342105263157414e-01
9.804342105263157414e-01
9.811973684210526514e-01
9.809736842105263310e-01
9.801052631578947016e-01
9.807894736842105443e-01
9.818947368421052646e-01
9.823026315789473717e-01
9.816315789473684106e-01
9.819078947368421462e-01
9.808157894736841964e-01
9.825000000000000400e-01
9.840526315789474010e-01
9.824868421052631584e-01
9.829342105263157992e-01
9.847236842105263621e-01
9.844736842105262786e-01
9.855526315789473468e-01
9.848421052631578521e-01
9.849078947368421488e-01
9.854078947368420938e-01
9.854210526315789753e-01
9.860394736842105212e-01
9.856578947368420662e-01
9.870394736842105221e-01
9.847763157894736663e-01
9.863026315789473752e-01
9.872368421052631904e-01
9.867763157894736681e-01
9.869868421052631069e-01
9.882631578947368434e-01
9.871052631578947079e-01
9.882368421052631913e-01
9.886578947368420689e-01
9.886447368421052984e-01
9.885131578947368158e-01
9.892631578947368443e-01
9.896578947368420698e-01
9.884868421052631637e-01
9.898947368421052717e-01
9.886184210526315352e-01
9.898157894736842044e-01
9.898815789473683902e-01
9.907368421052631380e-01
9.894342105263157494e-01
9.904473684210526319e-01
9.911578947368421266e-01
9.902105263157894299e-01
9.877763157894736690e-01
9.886447368421052984e-01
9.914078947368420991e-01
9.921710526315788981e-01
9.914078947368420991e-01
9.915921052631578858e-01
9.926184210526315388e-01
9.923552631578946848e-01
9.921052631578947123e-01
9.926052631578947683e-01
9.934078947368421009e-01
9.926052631578947683e-01
9.931973684210526621e-01
9.931842105263157805e-01
9.931184210526315947e-01
9.931315789473684763e-01
9.935131578947368203e-01
9.935131578947368203e-01
9.934868421052631682e-01
9.930526315789474090e-01
9.936315789473684212e-01
9.931710526315788989e-01
9.936447368421053028e-01
