9.446709156036376953e-01
7.499492764472961426e-01
4.803273677825927734e-01
3.518947660923004150e-01
3.163217902183532715e-01
3.153724074363708496e-01
3.138101100921630859e-01
3.142476081848144531e-01
3.127537071704864502e-01
3.332084715366363525e-01
3.305618464946746826e-01
3.321228921413421631e-01
3.404620885848999023e-01
3.361783325672149658e-01
3.358913660049438477e-01
3.430126607418060303e-01
3.599907755851745605e-01
3.588353991508483887e-01
3.668740391731262207e-01
3.518553078174591064e-01
3.574666976928710938e-01
3.720299601554870605e-01
3.844872713088989258e-01
3.883656263351440430e-01
3.736817240715026855e-01
3.976945579051971436e-01
4.015909433364868164e-01
3.862465620040893555e-01
3.839215636253356934e-01
4.079514741897583008e-01
4.201897084712982178e-01
4.315115511417388916e-01
4.091923534870147705e-01
4.292894303798675537e-01
4.354206919670104980e-01
4.175068140029907227e-01
4.337843060493469238e-01
4.182130694389343262e-01
4.219681918621063232e-01
4.286945760250091553e-01
4.463677406311035156e-01
4.575400054454803467e-01
4.484337568283081055e-01
4.549564123153686523e-01
4.356238543987274170e-01
4.503840804100036621e-01
4.473427832126617432e-01
4.540130794048309326e-01
4.665964245796203613e-01
4.712192714214324951e-01
4.612845182418823242e-01
4.851738810539245605e-01
4.574931263923645020e-01
4.728437364101409912e-01
4.751567244529724121e-01
4.810690879821777344e-01
4.801497459411621094e-01
4.945716857910156250e-01
4.807407259941101074e-01
4.827833175659179688e-01
4.897337853908538818e-01
4.878910183906555176e-01
4.881602525711059570e-01
4.857080280780792236e-01
4.862700104713439941e-01
4.877748489379882812e-01
4.982644021511077881e-01
4.947302937507629395e-01
4.944521784782409668e-01
4.931114315986633301e-01
5.063710212707519531e-01
4.906450212001800537e-01
4.985076785087585449e-01
4.943891763687133789e-01
5.076603293418884277e-01
4.921744465827941895e-01
4.998014569282531738e-01
5.171145796775817871e-01
5.109310746192932129e-01
5.212049484252929688e-01
5.130738615989685059e-01
5.208466649055480957e-01
5.217083096504211426e-01
5.280755162239074707e-01
5.307160615921020508e-01
5.250715017318725586e-01
5.259695053100585938e-01
5.151661634445190430e-01
5.275338888168334961e-01
5.196890830993652344e-01
5.304384231567382812e-01
5.454465746879577637e-01
5.425518751144409180e-01
5.340775251388549805e-01
5.369893312454223633e-01
5.363475084304809570e-01
5.349965691566467285e-01
5.388421416282653809e-01
5.333818793296813965e-01
5.339566469192504883e-01
5.290641188621520996e-01
5.429083108901977539e-01
5.442919731140136719e-01
5.373965501785278320e-01
5.414274334907531738e-01
5.524088144302368164e-01
5.477574467658996582e-01
5.369533300399780273e-01
5.359833240509033203e-01
5.485128164291381836e-01
5.473908185958862305e-01
5.468330383300781250e-01
5.440517067909240723e-01
5.408628582954406738e-01
5.636783242225646973e-01
5.446042418479919434e-01
5.459524989128112793e-01
5.489325523376464844e-01
5.592297911643981934e-01
5.520302653312683105e-01
5.625113248825073242e-01
5.575821995735168457e-01
5.490924715995788574e-01
5.568562746047973633e-01
5.531577467918395996e-01
5.526115894317626953e-01
5.609993338584899902e-01
5.634070038795471191e-01
5.532857775688171387e-01
5.592515468597412109e-01
5.572471618652343750e-01
5.650816559791564941e-01
5.619040727615356445e-01
5.669926404953002930e-01
5.551433563232421875e-01
5.680743455886840820e-01
5.646948814392089844e-01
5.651115179061889648e-01
5.731364488601684570e-01
5.652875304222106934e-01
5.723885297775268555e-01
5.720068812370300293e-01
5.722196102142333984e-01
5.654075145721435547e-01
5.600664019584655762e-01
5.677586793899536133e-01
5.737533569335937500e-01
5.738444924354553223e-01
5.798934698104858398e-01
5.697706341743469238e-01
5.920810699462890625e-01
5.773158669471740723e-01
5.820729136466979980e-01
5.669045448303222656e-01
5.797076821327209473e-01
5.763423442840576172e-01
5.745366811752319336e-01
5.875880718231201172e-01
5.808292627334594727e-01
5.799841880798339844e-01
5.920721292495727539e-01
5.821760892868041992e-01
5.777061581611633301e-01
5.804647207260131836e-01
5.866609811782836914e-01
5.888836383819580078e-01
5.910767912864685059e-01
5.747623443603515625e-01
5.987413525581359863e-01
5.843410491943359375e-01
5.937474966049194336e-01
5.922903418540954590e-01
5.938940644264221191e-01
5.959516167640686035e-01
6.024267673492431641e-01
5.937349796295166016e-01
6.039766669273376465e-01
5.974380970001220703e-01
6.028686761856079102e-01
5.851743221282958984e-01
5.985410809516906738e-01
5.980070233345031738e-01
5.996941328048706055e-01
5.976643562316894531e-01
6.034606695175170898e-01
6.002750396728515625e-01
5.963118076324462891e-01
5.979527235031127930e-01
5.979523658752441406e-01
5.943082571029663086e-01
6.022737026214599609e-01
5.955417752265930176e-01
6.118423342704772949e-01
5.938228368759155273e-01
6.011168360710144043e-01
6.108191609382629395e-01
6.578909158706665039e-01
6.085639595985412598e-01
6.268005371093750000e-01
6.002306938171386719e-01
6.249557733535766602e-01
6.118408441543579102e-01
6.190696358680725098e-01
6.146739125251770020e-01
6.267100572586059570e-01
6.005388498306274414e-01
6.113284826278686523e-01
6.173675060272216797e-01
6.257429122924804688e-01
6.122351884841918945e-01
6.175583600997924805e-01
6.061720848083496094e-01
6.216554045677185059e-01
6.140344738960266113e-01
6.163198947906494141e-01
6.184535622596740723e-01
6.182885169982910156e-01
6.215834617614746094e-01
6.187916398048400879e-01
6.148172616958618164e-01
6.205986738204956055e-01
6.193704009056091309e-01
6.234983801841735840e-01
6.240181922912597656e-01
6.124846339225769043e-01
6.266875267028808594e-01
6.230502128601074219e-01
6.264835596084594727e-01
6.156101822853088379e-01
6.328974962234497070e-01
6.195921897888183594e-01
6.302823424339294434e-01
6.217948198318481445e-01
6.202305555343627930e-01
6.174992918968200684e-01
6.238318681716918945e-01
6.235853433609008789e-01
6.257007718086242676e-01
6.272873878479003906e-01
6.277658343315124512e-01
6.241957545280456543e-01
6.227547526359558105e-01
6.294130086898803711e-01
6.250569224357604980e-01
6.294238567352294922e-01
6.267902255058288574e-01
6.321695446968078613e-01
6.293702125549316406e-01
6.283292174339294434e-01
6.299759149551391602e-01
6.254030466079711914e-01
6.279108524322509766e-01
6.297186613082885742e-01
6.279531717300415039e-01
6.292062997817993164e-01
6.327804327011108398e-01
6.307715773582458496e-01
6.361975669860839844e-01
6.330805420875549316e-01
6.405882835388183594e-01
6.385238170623779297e-01
6.442654132843017578e-01
6.426579952239990234e-01
6.387298107147216797e-01
6.408617496490478516e-01
6.352940797805786133e-01
6.388976573944091797e-01
6.348043680191040039e-01
6.381074786186218262e-01
6.371470093727111816e-01
6.440213322639465332e-01
6.432304382324218750e-01
6.333304047584533691e-01
6.405657529830932617e-01
6.426358222961425781e-01
6.485264301300048828e-01
6.472806930541992188e-01
6.385584473609924316e-01
6.492819190025329590e-01
6.476874947547912598e-01
6.438763141632080078e-01
6.481599807739257812e-01
6.454085111618041992e-01
6.519849300384521484e-01
6.443933248519897461e-01
6.384110450744628906e-01
6.502524614334106445e-01
6.566010713577270508e-01
6.553850769996643066e-01
6.447989344596862793e-01
6.588340401649475098e-01
6.489417552947998047e-01
6.519358754158020020e-01
6.455941200256347656e-01
6.481865644454956055e-01
6.483392119407653809e-01
6.512141227722167969e-01
6.419491171836853027e-01
6.446232199668884277e-01
6.388155221939086914e-01
6.479156017303466797e-01
6.493993997573852539e-01
6.482999324798583984e-01
6.516117453575134277e-01
6.562874913215637207e-01
6.527518033981323242e-01
6.599483489990234375e-01
6.546263694763183594e-01
6.630913615226745605e-01
6.592019200325012207e-01
6.588940620422363281e-01
6.575537919998168945e-01
6.596771478652954102e-01
6.592326760292053223e-01
6.622757911682128906e-01
6.614012718200683594e-01
6.557726860046386719e-01
6.541667580604553223e-01
6.623542308807373047e-01
6.652522087097167969e-01
6.563600897789001465e-01
6.610203385353088379e-01
6.465197205543518066e-01
6.593517065048217773e-01
6.597758531570434570e-01
6.678733825683593750e-01
6.608850359916687012e-01
6.598848104476928711e-01
6.662182807922363281e-01
6.657338142395019531e-01
6.705226302146911621e-01
6.670337319374084473e-01
6.629903912544250488e-01
6.666954755783081055e-01
6.680731177330017090e-01
6.675107479095458984e-01
6.638230085372924805e-01
6.626664400100708008e-01
6.617228984832763672e-01
6.655364632606506348e-01
6.646236777305603027e-01
6.642061471939086914e-01
6.687079071998596191e-01
6.699309945106506348e-01
6.709637045860290527e-01
6.714936494827270508e-01
6.631028652191162109e-01
6.690874099731445312e-01
6.792968511581420898e-01
6.720306873321533203e-01
6.769268512725830078e-01
6.754599809646606445e-01
6.646825075149536133e-01
6.659373044967651367e-01
6.801437139511108398e-01
6.665781736373901367e-01
6.758523583412170410e-01
6.718975305557250977e-01
6.738109588623046875e-01
6.774095296859741211e-01
6.730674505233764648e-01
6.713829040527343750e-01
6.837349534034729004e-01
6.764315366744995117e-01
6.702053546905517578e-01
6.723187565803527832e-01
6.770722270011901855e-01
6.863835453987121582e-01
6.829960346221923828e-01
6.875132322311401367e-01
6.874179840087890625e-01
6.839169263839721680e-01
6.746358275413513184e-01
6.763039827346801758e-01
6.786889433860778809e-01
6.720244288444519043e-01
6.737773418426513672e-01
6.846308708190917969e-01
6.833640336990356445e-01
6.801887750625610352e-01
6.824029088020324707e-01
6.887600421905517578e-01
6.834530830383300781e-01
6.814210414886474609e-01
6.928191781044006348e-01
6.828485727310180664e-01
6.817003488540649414e-01
6.846940517425537109e-01
6.853244900703430176e-01
6.864561438560485840e-01
6.881257295608520508e-01
6.897923946380615234e-01
6.830632686614990234e-01
6.889722347259521484e-01
6.895353198051452637e-01
6.916717886924743652e-01
6.886630058288574219e-01
6.864886283874511719e-01
6.910420656204223633e-01
6.814051270484924316e-01
6.882660984992980957e-01
6.925209164619445801e-01
6.922395229339599609e-01
6.908112764358520508e-01
6.873024702072143555e-01
6.910302042961120605e-01
6.926980018615722656e-01
6.892533898353576660e-01
6.910288333892822266e-01
6.892459988594055176e-01
6.972293257713317871e-01
6.905961632728576660e-01
6.947221755981445312e-01
6.958715915679931641e-01
6.851155161857604980e-01
6.896490454673767090e-01
6.915696263313293457e-01
6.911160349845886230e-01
6.928888559341430664e-01
6.991466283798217773e-01
6.997566223144531250e-01
6.940911412239074707e-01
7.012991905212402344e-01
7.059611678123474121e-01
6.901926994323730469e-01
7.062745094299316406e-01
6.885096430778503418e-01
6.965045928955078125e-01
6.918517351150512695e-01
6.955529451370239258e-01
6.952472925186157227e-01
6.932978630065917969e-01
6.942073106765747070e-01
6.960110068321228027e-01
6.991486549377441406e-01
7.022212743759155273e-01
6.978299617767333984e-01
6.963405609130859375e-01
7.114407420158386230e-01
7.008560895919799805e-01
6.997203826904296875e-01
7.003622055053710938e-01
6.958689689636230469e-01
6.993242502212524414e-01
7.057572007179260254e-01
7.044870257377624512e-01
7.171345353126525879e-01
7.100291252136230469e-01
6.989735364913940430e-01
6.959279775619506836e-01
7.064353227615356445e-01
7.046326398849487305e-01
7.039879560470581055e-01
6.955110430717468262e-01
7.053507566452026367e-01
7.036986947059631348e-01
7.075115442276000977e-01
7.084814906120300293e-01
7.103877663612365723e-01
7.050396800041198730e-01
7.137607336044311523e-01
7.042734622955322266e-01
7.066328525543212891e-01
7.007625102996826172e-01
7.138437032699584961e-01
7.095126509666442871e-01
7.079067826271057129e-01
7.067630290985107422e-01
6.971757411956787109e-01
7.142566442489624023e-01
7.154277563095092773e-01
7.108943462371826172e-01
7.133624553680419922e-01
7.123686075210571289e-01
7.080575227737426758e-01
7.052833437919616699e-01
7.061504721641540527e-01
7.123011350631713867e-01
7.087924480438232422e-01
7.039214372634887695e-01
7.084991931915283203e-01
7.180663347244262695e-01
7.073015570640563965e-01
7.068465352058410645e-01
7.202638387680053711e-01
7.128448486328125000e-01
7.149116992950439453e-01
7.178665399551391602e-01
7.145315408706665039e-01
7.143300771713256836e-01
7.198497056961059570e-01
7.199096679687500000e-01
7.152631878852844238e-01
7.252678871154785156e-01
7.137830257415771484e-01
7.157323360443115234e-01
7.161717414855957031e-01
7.212158441543579102e-01
7.189913988113403320e-01
7.182437181472778320e-01
7.200880050659179688e-01
7.168430089950561523e-01
7.200787663459777832e-01
7.244024276733398438e-01
7.199543714523315430e-01
7.197521924972534180e-01
7.223358750343322754e-01
7.317576408386230469e-01
7.189073562622070312e-01
7.184680700302124023e-01
7.288990020751953125e-01
7.195444703102111816e-01
7.296107411384582520e-01
7.251519560813903809e-01
7.232134342193603516e-01
7.261057496070861816e-01
7.181023359298706055e-01
7.281404733657836914e-01
7.287487983703613281e-01
7.197009325027465820e-01
7.191192507743835449e-01
7.242774963378906250e-01
7.243375182151794434e-01
7.280928492546081543e-01
7.260594964027404785e-01
7.366866469383239746e-01
7.215780019760131836e-01
7.132122516632080078e-01
7.213894724845886230e-01
7.155327796936035156e-01
7.219539284706115723e-01
7.216956019401550293e-01
7.273296117782592773e-01
7.227272987365722656e-01
7.233618497848510742e-01
7.253577113151550293e-01
7.303006649017333984e-01
7.244402766227722168e-01
7.266578674316406250e-01
7.283657193183898926e-01
7.290251851081848145e-01
7.317130565643310547e-01
7.318621277809143066e-01
7.265886068344116211e-01
7.253408432006835938e-01
7.277368307113647461e-01
7.238004803657531738e-01
7.286330461502075195e-01
7.316358685493469238e-01
7.330964207649230957e-01
7.222511768341064453e-01
7.212013006210327148e-01
7.307628393173217773e-01
7.231930494308471680e-01
7.232184410095214844e-01
7.232359647750854492e-01
7.263624668121337891e-01
7.372153997421264648e-01
7.357754707336425781e-01
7.298942804336547852e-01
7.296689748764038086e-01
7.305380105972290039e-01
7.432725429534912109e-01
7.431108951568603516e-01
7.345700263977050781e-01
7.314472198486328125e-01
7.329079508781433105e-01
7.278878092765808105e-01
7.331805825233459473e-01
7.351025342941284180e-01
7.337356805801391602e-01
7.321664690971374512e-01
7.271414995193481445e-01
7.380485534667968750e-01
7.340027093887329102e-01
7.294927835464477539e-01
7.272492051124572754e-01
7.333638668060302734e-01
7.312229871749877930e-01
7.324823737144470215e-01
7.433566451072692871e-01
7.413572072982788086e-01
7.339007854461669922e-01
7.368051409721374512e-01
7.350639104843139648e-01
7.404111623764038086e-01
7.310767173767089844e-01
7.350022196769714355e-01
7.455898523330688477e-01
7.410330772399902344e-01
7.387325763702392578e-01
7.358360290527343750e-01
7.373842597007751465e-01
7.434375286102294922e-01
7.345167398452758789e-01
7.486865520477294922e-01
7.396782040596008301e-01
7.440939545631408691e-01
7.438272237777709961e-01
7.425728440284729004e-01
7.382015585899353027e-01
7.367378473281860352e-01
7.390631437301635742e-01
7.480236291885375977e-01
7.386630773544311523e-01
7.491047382354736328e-01
7.372428178787231445e-01
7.474826574325561523e-01
7.416572570800781250e-01
7.442409992218017578e-01
7.506676316261291504e-01
7.376608848571777344e-01
7.426786422729492188e-01
7.406557798385620117e-01
7.510486841201782227e-01
7.614917755126953125e-01
7.489266395568847656e-01
7.502335906028747559e-01
7.517511844635009766e-01
7.503520250320434570e-01
7.477883100509643555e-01
7.500765323638916016e-01
7.474300861358642578e-01
7.442663908004760742e-01
7.484997510910034180e-01
7.394624948501586914e-01
7.386403083801269531e-01
7.454473972320556641e-01
7.488126754760742188e-01
7.481591105461120605e-01
7.455139756202697754e-01
7.465218305587768555e-01
7.473876476287841797e-01
7.447900176048278809e-01
7.519969940185546875e-01
7.473888993263244629e-01
7.477622032165527344e-01
7.505483031272888184e-01
7.458150982856750488e-01
7.471846342086791992e-01
7.494051456451416016e-01
7.436022162437438965e-01
7.507445216178894043e-01
7.547110319137573242e-01
7.447853684425354004e-01
7.559860944747924805e-01
7.507789134979248047e-01
7.478314042091369629e-01
7.529364824295043945e-01
7.501178979873657227e-01
7.517043352127075195e-01
7.495909333229064941e-01
7.498451471328735352e-01
7.459639310836791992e-01
7.552238702774047852e-01
7.521909475326538086e-01
7.549758553504943848e-01
7.468298673629760742e-01
7.490443587303161621e-01
7.570461034774780273e-01
7.486375570297241211e-01
7.533157467842102051e-01
7.540836930274963379e-01
7.528668642044067383e-01
7.554824352264404297e-01
7.494324445724487305e-01
7.519237399101257324e-01
7.490214109420776367e-01
7.503716349601745605e-01
7.464672327041625977e-01
7.551810741424560547e-01
7.515041828155517578e-01
7.490853667259216309e-01
7.552838325500488281e-01
7.533926367759704590e-01
7.554898262023925781e-01
7.537817955017089844e-01
7.578365802764892578e-01
7.576730847358703613e-01
7.593710422515869141e-01
7.565869092941284180e-01
7.535586357116699219e-01
7.579839229583740234e-01
7.565235495567321777e-01
7.564346790313720703e-01
7.597130537033081055e-01
7.591259479522705078e-01
7.598857283592224121e-01
7.614247798919677734e-01
7.542033195495605469e-01
7.566241025924682617e-01
7.600321769714355469e-01
7.590948343276977539e-01
7.558654546737670898e-01
7.610222697257995605e-01
7.582399845123291016e-01
7.542192935943603516e-01
7.595810890197753906e-01
7.622894048690795898e-01
7.556957006454467773e-01
7.554967403411865234e-01
7.600907683372497559e-01
7.682765126228332520e-01
7.646211981773376465e-01
7.613259553909301758e-01
7.648206949234008789e-01
7.558237314224243164e-01
7.669848203659057617e-01
7.614963650703430176e-01
7.602953910827636719e-01
7.604287862777709961e-01
7.557977437973022461e-01
7.622529268264770508e-01
7.595067024230957031e-01
7.561545372009277344e-01
7.552275657653808594e-01
7.619118690490722656e-01
7.615628242492675781e-01
7.736672163009643555e-01
7.683348655700683594e-01
7.628324031829833984e-01
7.677979469299316406e-01
7.625674009323120117e-01
7.644140720367431641e-01
7.695777416229248047e-01
7.699966430664062500e-01
7.654081583023071289e-01
7.621036767959594727e-01
7.646616697311401367e-01
7.661242485046386719e-01
7.696797847747802734e-01
7.773231267929077148e-01
7.706196308135986328e-01
7.653577327728271484e-01
7.721168994903564453e-01
7.657197713851928711e-01
7.700193524360656738e-01
7.690505981445312500e-01
7.701797485351562500e-01
7.725933790206909180e-01
7.698531150817871094e-01
7.698568105697631836e-01
7.688384652137756348e-01
7.701480388641357422e-01
7.697895169258117676e-01
7.752288579940795898e-01
7.830473780632019043e-01
7.764595746994018555e-01
7.825877070426940918e-01
7.718833684921264648e-01
7.681938409805297852e-01
7.626206874847412109e-01
7.678134441375732422e-01
7.704488039016723633e-01
7.706577777862548828e-01
7.711583971977233887e-01
7.730758786201477051e-01
7.720414400100708008e-01
7.619226574897766113e-01
7.662273645401000977e-01
7.704018354415893555e-01
7.651968002319335938e-01
7.724913358688354492e-01
7.729731202125549316e-01
7.634093761444091797e-01
7.675825357437133789e-01
7.696281671524047852e-01
7.670444250106811523e-01
7.713805437088012695e-01
7.674827575683593750e-01
7.716131210327148438e-01
7.744978070259094238e-01
7.785210609436035156e-01
7.736587524414062500e-01
7.728817462921142578e-01
7.739909887313842773e-01
7.678893208503723145e-01
7.763585448265075684e-01
7.723612785339355469e-01
7.743494510650634766e-01
7.696657776832580566e-01
7.745435237884521484e-01
7.716017365455627441e-01
7.771480083465576172e-01
7.739872932434082031e-01
7.720198631286621094e-01
7.766010761260986328e-01
7.742248773574829102e-01
7.739393115043640137e-01
7.687472701072692871e-01
7.708327770233154297e-01
7.736651301383972168e-01
7.777460813522338867e-01
7.747753262519836426e-01
7.759501934051513672e-01
7.777247428894042969e-01
7.740638852119445801e-01
7.752851247787475586e-01
7.786654233932495117e-01
7.815767526626586914e-01
7.809554338455200195e-01
7.780116796493530273e-01
7.785797715187072754e-01
7.732962369918823242e-01
7.717362642288208008e-01
7.751604318618774414e-01
7.807770967483520508e-01
7.744375467300415039e-01
7.755796909332275391e-01
7.665808200836181641e-01
7.691144347190856934e-01
7.753899097442626953e-01
7.777393460273742676e-01
7.817094326019287109e-01
7.821290493011474609e-01
7.757193446159362793e-01
7.815558910369873047e-01
7.858021259307861328e-01
7.799922823905944824e-01
7.758387327194213867e-01
7.811562418937683105e-01
7.861274480819702148e-01
7.772943973541259766e-01
7.724019289016723633e-01
7.733726501464843750e-01
7.735906243324279785e-01
7.734568119049072266e-01
7.757819890975952148e-01
7.807805538177490234e-01
7.792202234268188477e-01
7.780940532684326172e-01
7.790729999542236328e-01
7.802851200103759766e-01
7.794194221496582031e-01
7.794784903526306152e-01
7.820097208023071289e-01
7.825429439544677734e-01
7.843436598777770996e-01
7.778412103652954102e-01
7.798939347267150879e-01
7.772440910339355469e-01
7.805809974670410156e-01
7.835350632667541504e-01
7.881593108177185059e-01
7.765978574752807617e-01
7.725141048431396484e-01
7.812379598617553711e-01
7.840882539749145508e-01
7.838610410690307617e-01
7.806642651557922363e-01
7.807210683822631836e-01
7.805918455123901367e-01
7.752332687377929688e-01
7.757520675659179688e-01
7.789531350135803223e-01
7.770367860794067383e-01
7.821550965309143066e-01
7.791495919227600098e-01
7.820212841033935547e-01
7.800251245498657227e-01
7.866603136062622070e-01
7.822547554969787598e-01
7.873835563659667969e-01
7.925751209259033203e-01
7.884455919265747070e-01
7.895705699920654297e-01
7.834632992744445801e-01
7.816919088363647461e-01
7.807945013046264648e-01
7.869521379470825195e-01
7.901778221130371094e-01
7.859614491462707520e-01
7.821376323699951172e-01
7.833951115608215332e-01
7.823097705841064453e-01
7.847864031791687012e-01
7.866258621215820312e-01
7.803456187248229980e-01
7.832285165786743164e-01
7.821099758148193359e-01
7.805514335632324219e-01
7.848460674285888672e-01
7.826374769210815430e-01
7.829102277755737305e-01
7.864108085632324219e-01
7.825401425361633301e-01
7.838047742843627930e-01
7.787963747978210449e-01
7.788816690444946289e-01
7.814794778823852539e-01
7.881201505661010742e-01
7.923305034637451172e-01
7.934807538986206055e-01
7.904933691024780273e-01
7.825878262519836426e-01
7.839343547821044922e-01
7.805546522140502930e-01
7.787780165672302246e-01
7.870786190032958984e-01
7.851984500885009766e-01
7.932260632514953613e-01
7.895264029502868652e-01
7.927001714706420898e-01
7.911106348037719727e-01
7.908353805541992188e-01
7.875149846076965332e-01
7.891191244125366211e-01
7.902738451957702637e-01
7.884778976440429688e-01
7.860398888587951660e-01
7.859044075012207031e-01
7.849187850952148438e-01
7.877470254898071289e-01
7.894029021263122559e-01
7.942264080047607422e-01
7.912232875823974609e-01
7.950170040130615234e-01
7.960525155067443848e-01
7.933065891265869141e-01
7.915733456611633301e-01
7.919430732727050781e-01
7.895912528038024902e-01
7.944581508636474609e-01
7.876245975494384766e-01
7.849612236022949219e-01
7.854307889938354492e-01
7.894490957260131836e-01
7.906416654586791992e-01
7.920902371406555176e-01
7.970147132873535156e-01
7.944171428680419922e-01
7.965651750564575195e-01
7.871726751327514648e-01
7.888299226760864258e-01
7.916523218154907227e-01
7.973604202270507812e-01
8.034244775772094727e-01
7.963070869445800781e-01
7.907638549804687500e-01
7.857059240341186523e-01
7.924941182136535645e-01
7.880345582962036133e-01
7.967939376831054688e-01
7.978557348251342773e-01
7.955684661865234375e-01
7.930234670639038086e-01
7.943407297134399414e-01
7.931579351425170898e-01
7.900328636169433594e-01
7.946666479110717773e-01
7.894415259361267090e-01
7.927489280700683594e-01
7.930618524551391602e-01
7.848468422889709473e-01
7.740652561187744141e-01
7.798961400985717773e-01
7.817469239234924316e-01
7.856988906860351562e-01
7.855813503265380859e-01
7.828640341758728027e-01
7.885278463363647461e-01
7.920178174972534180e-01
7.908499240875244141e-01
7.864133119583129883e-01
7.944549322128295898e-01
7.962055206298828125e-01
7.932295799255371094e-01
7.887172698974609375e-01
7.909482717514038086e-01
7.907805442810058594e-01
7.855970263481140137e-01
7.857917547225952148e-01
7.893388271331787109e-01
7.978454828262329102e-01
7.937821149826049805e-01
7.868843078613281250e-01
7.884959578514099121e-01
7.975340485572814941e-01
7.943437099456787109e-01
8.045169115066528320e-01
7.932004928588867188e-01
7.925021648406982422e-01
7.980042695999145508e-01
8.002642393112182617e-01
7.953690290451049805e-01
7.958199977874755859e-01
7.979620099067687988e-01
7.984450459480285645e-01
8.013990521430969238e-01
8.017469644546508789e-01
8.024099469184875488e-01
8.004017472267150879e-01
7.967055439949035645e-01
7.999728918075561523e-01
8.022786974906921387e-01
7.914997339248657227e-01
7.935322523117065430e-01
7.948448657989501953e-01
7.975800037384033203e-01
7.924219369888305664e-01
7.972121238708496094e-01
