6.409422218799590842e-01
4.411162823438644631e-01
3.493405699729919545e-01
2.577036708593368752e-01
1.846750631928443798e-01
1.401442095637321361e-01
9.216049462556838434e-02
5.714895911514759202e-02
3.877787552773952207e-02
2.432366907596588204e-02
1.756670773029327462e-02
1.156785627827048267e-02
8.378442516550422062e-03
5.077056121081113815e-03
3.256457042880356312e-03
2.373770973645150488e-03
1.592131692450493531e-03
1.477169059216976122e-03
1.285411638673394962e-03
9.476548526436090686e-04
8.446020015981048562e-04
7.787426176946610646e-04
7.009616587311029217e-04
6.302927446085959890e-04
5.784006265457719348e-04
5.250002257525920434e-04
5.074879649328067682e-04
4.984217812307178974e-04
4.624926572432741306e-04
4.489134764298796545e-04
4.252163867931813218e-04
4.090456292033195712e-04
3.813316812738776424e-04
3.626043355325236808e-04
3.736880084034055255e-04
3.361945331562310240e-04
3.332392618176527213e-04
3.015211696038022637e-04
2.662006067112087987e-04
3.140981818432919573e-04
2.781283576041459929e-04
2.576888669864274778e-04
2.566809096606448401e-04
2.471250321832485280e-04
2.128989988705143441e-04
2.203682830440811759e-04
1.910882696392945999e-04
1.995804981561377699e-04
1.869876796263270080e-04
2.066911882138811160e-04
1.835619113990105689e-04
1.832876107073388885e-04
1.940468049724586362e-04
1.639679889194667394e-04
1.946225122082978379e-04
1.474693155614659082e-04
1.634951411688234765e-04
1.570479449583217447e-04
1.253095317224506180e-04
1.550031003716867309e-04
1.237234071595594395e-04
1.483522777562029714e-04
1.354936561256181503e-04
1.200910795887466574e-04
1.264273974811658209e-04
1.353780884528532678e-04
1.150411953858565539e-04
1.197911464259959812e-04
1.245630781340878565e-04
1.069230733264703358e-04
1.147567978478036767e-04
1.074821826478000676e-04
9.982122064684517411e-05
1.137355764512903961e-04
8.795179237495177036e-05
9.555644210195169124e-05
1.026876881951466230e-04
8.805772740743123266e-05
8.939343388192355633e-05
8.922802662709727612e-05
9.248326095985248414e-05
7.713321319897658852e-05
7.802118198014795509e-05
7.952839150675572726e-05
7.227532405522652241e-05
7.457511601387523386e-05
7.027357059996575117e-05
7.115724438335745985e-05
6.931013049324974960e-05
7.001393678365274722e-05
7.235232442326378077e-05
8.094507829810026762e-05
7.155064122343901545e-05
7.190598007582593980e-05
6.497725262306630340e-05
5.533455332624725726e-05
6.042734603397548334e-05
6.178540534165221656e-05
5.458371597342192991e-05
6.036061968188733134e-05
5.677458393620327386e-05
