2.000000000000000111e-01
2.000000000000000111e-01
2.000000000000000111e-01
3.566666666666666874e-01
5.040000000000000036e-01
5.993333333333333846e-01
6.500000000000000222e-01
6.633333333333333304e-01
6.760000000000000453e-01
7.013333333333333641e-01
7.053333333333333677e-01
7.153333333333333766e-01
7.046666666666666634e-01
7.159999999999999698e-01
7.173333333333333783e-01
7.179999999999999716e-01
7.213333333333333819e-01
7.179999999999999716e-01
7.166666666666666741e-01
7.193333333333333801e-01
7.186666666666666758e-01
7.159999999999999698e-01
7.153333333333333766e-01
7.193333333333333801e-01
7.173333333333333783e-01
7.166666666666666741e-01
7.179999999999999716e-01
7.166666666666666741e-01
7.159999999999999698e-01
7.186666666666666758e-01
7.206666666666666776e-01
7.193333333333333801e-01
7.206666666666666776e-01
7.166666666666666741e-01
7.146666666666666723e-01
7.153333333333333766e-01
7.179999999999999716e-01
7.153333333333333766e-01
7.179999999999999716e-01
7.159999999999999698e-01
7.166666666666666741e-01
7.173333333333333783e-01
7.199999999999999734e-01
7.193333333333333801e-01
7.166666666666666741e-01
7.166666666666666741e-01
7.173333333333333783e-01
7.193333333333333801e-01
7.173333333333333783e-01
7.173333333333333783e-01
7.113333333333333730e-01
7.179999999999999716e-01
7.139999999999999680e-01
7.166666666666666741e-01
7.153333333333333766e-01
7.153333333333333766e-01
7.166666666666666741e-01
7.173333333333333783e-01
7.186666666666666758e-01
7.166666666666666741e-01
7.179999999999999716e-01
7.179999999999999716e-01
7.179999999999999716e-01
7.173333333333333783e-01
7.193333333333333801e-01
7.159999999999999698e-01
7.159999999999999698e-01
7.146666666666666723e-01
7.166666666666666741e-01
7.159999999999999698e-01
7.139999999999999680e-01
7.153333333333333766e-01
7.173333333333333783e-01
7.166666666666666741e-01
7.159999999999999698e-01
7.159999999999999698e-01
7.119999999999999662e-01
7.166666666666666741e-01
7.179999999999999716e-01
7.186666666666666758e-01
7.166666666666666741e-01
7.199999999999999734e-01
7.179999999999999716e-01
7.186666666666666758e-01
7.173333333333333783e-01
7.159999999999999698e-01
7.173333333333333783e-01
7.173333333333333783e-01
7.153333333333333766e-01
7.173333333333333783e-01
7.173333333333333783e-01
7.153333333333333766e-01
7.159999999999999698e-01
7.179999999999999716e-01
7.166666666666666741e-01
7.193333333333333801e-01
7.186666666666666758e-01
7.179999999999999716e-01
7.173333333333333783e-01
7.173333333333333783e-01
7.199999999999999734e-01
