1.011261383692423577e+00
1.188361883163452148e+00
1.744633992513020759e+00
1.282514929771423340e+00
1.076325019200642830e+00
9.397561947504678992e-01
8.260562419891357422e-01
9.481651186943054199e-01
8.735923965771993371e-01
8.726763129234313965e-01
9.247110287348428992e-01
9.017371535301208496e-01
9.037320415178934363e-01
9.496157169342041016e-01
9.774339199066162109e-01
9.301654895146688196e-01
1.043423314889271980e+00
1.013323108355204338e+00
1.028197725613911873e+00
1.009097973505655998e+00
1.031119346618652344e+00
1.072113553682963127e+00
1.025514145692189460e+00
1.037980457146962410e+00
1.052104532718658447e+00
1.052073677380879646e+00
1.066206216812133789e+00
1.064537664254506355e+00
1.067830204963684082e+00
1.076482355594635010e+00
1.079739967981974358e+00
1.087657252947489495e+00
1.077466368675231934e+00
1.088105380535125732e+00
1.089757283528645759e+00
1.092287758986155266e+00
1.086205403010050530e+00
1.097413778305053711e+00
1.097757637500762939e+00
1.101462244987487793e+00
1.106312930583953857e+00
1.117077867190043206e+00
1.107443908850352043e+00
1.113120317459106445e+00
1.118842343489329094e+00
1.126078724861145020e+00
1.119721869627634758e+00
1.125057220458984375e+00
1.125842253367106194e+00
1.131118714809417725e+00
1.135095636049906487e+00
1.130511562029520745e+00
1.131377061208089119e+00
1.138071497281392341e+00
1.143938859303792244e+00
1.145370682080586677e+00
1.148238857587178474e+00
1.148426155249277825e+00
1.150430758794148689e+00
1.152164777119954353e+00
1.147388418515523201e+00
1.151002049446105957e+00
1.161337792873382568e+00
1.164625565210978264e+00
1.165924747784932380e+00
1.169612507025400872e+00
1.173415541648864746e+00
1.175996502240498787e+00
1.164404173692067390e+00
1.171041091283162361e+00
1.176522453625996834e+00
1.190200269222259521e+00
1.181215445200602288e+00
1.182493885358174568e+00
1.182643413543701172e+00
1.187240481376647949e+00
1.196801781654357910e+00
1.186053593953450447e+00
1.189018925031026130e+00
1.185120503107706780e+00
1.192442258199055916e+00
1.183103044827779060e+00
1.192334890365600586e+00
1.198365807533264160e+00
1.203894098599751716e+00
1.206094702084859138e+00
1.204662601153055901e+00
1.198054591814676995e+00
1.201968471209208245e+00
1.209444840749104744e+00
1.206393440564473396e+00
1.212055762608845955e+00
1.206916610399882073e+00
1.214119235674540276e+00
1.214393019676208496e+00
1.209842761357625252e+00
1.213021159172058105e+00
1.222310423851013184e+00
1.222657044728596931e+00
1.218122839927673340e+00
1.216140945752461677e+00
