1.010954578717549568e+00
1.212541977564493889e+00
1.448101600011189705e+00
1.111938714981079102e+00
7.625173528989156457e-01
7.036180694897969934e-01
7.687639991442362097e-01
7.543389797210693359e-01
8.573262492815653113e-01
8.583994905153909949e-01
9.193970759709676477e-01
9.012456138928731653e-01
9.828276236852010461e-01
9.925420681635538367e-01
9.945898453394571570e-01
9.741625587145487097e-01
1.021413644154866462e+00
1.011510292689005608e+00
1.029430965582529778e+00
1.038116554419199700e+00
1.049540857474009270e+00
1.057592670122782463e+00
1.063110609849293953e+00
1.070211092631022209e+00
1.073485493659973145e+00
1.079567551612854004e+00
1.082568486531575447e+00
1.090486447016398186e+00
1.095544457435607910e+00
1.104659557342529297e+00
1.106750170389811272e+00
1.109069903691609627e+00
1.117989540100097656e+00
1.120029290517171150e+00
1.126586715380350823e+00
1.131847620010375977e+00
1.140118678410847908e+00
1.143101135889689202e+00
1.147351861000061035e+00
1.148521582285563225e+00
1.151300787925720215e+00
1.150267084439595466e+00
1.158709406852722168e+00
1.161279320716857910e+00
1.172491232554117913e+00
1.169539928436279297e+00
1.178953886032104492e+00
1.177970806757609123e+00
1.178981661796569824e+00
1.185915350914001465e+00
1.187371412913004631e+00
1.192539572715759277e+00
1.195902307828267341e+00
1.203075448671976799e+00
1.207501093546549553e+00
1.202526807785034180e+00
1.206501682599385505e+00
1.208188692728678459e+00
1.216324210166931152e+00
1.222695271174113030e+00
1.219125866889953613e+00
1.218282540639241462e+00
1.217489639918009514e+00
1.222092469533284431e+00
1.230067729949951172e+00
1.237814068794250488e+00
1.235763867696126228e+00
1.238915602366129631e+00
1.230837583541870117e+00
1.235886295636494880e+00
1.241355458895365471e+00
1.242613116900126213e+00
1.243757565816243416e+00
1.258250673611958748e+00
1.255644321441650391e+00
1.251904169718424553e+00
1.255716323852539062e+00
1.261233369509379143e+00
1.266167362531026130e+00
1.264064709345499748e+00
1.270061413447062248e+00
1.268670757611592537e+00
1.269390741984049553e+00
1.266825636227925544e+00
1.268133322397867913e+00
1.272710601488749260e+00
1.276530981063842773e+00
1.273582100868225098e+00
1.275414109230041504e+00
1.281280040740966797e+00
1.284954865773518806e+00
1.283364057540893555e+00
1.291017134984334236e+00
1.291151722272237068e+00
1.292434414227803474e+00
1.292659203211466545e+00
1.292711933453877693e+00
1.297747095425923591e+00
1.304314772288004631e+00
1.300666848818461174e+00
1.301365693410237556e+00
