5.263157894736841987e-03
5.263157894736841987e-03
5.736842105263158242e-03
5.526315789473683869e-03
5.210526315789473610e-03
5.894736842105263372e-03
6.578947368421052266e-03
8.157894736842105296e-03
8.368421052631578802e-03
8.421052631578947179e-03
9.684210526315789949e-03
1.105263157894736774e-02
1.210526315789473700e-02
1.342105263157894815e-02
1.315789473684210453e-02
1.378947368421052679e-02
1.789473684210526189e-02
1.489473684210526269e-02
1.452631578947368406e-02
1.552631578947368494e-02
1.615789473684210373e-02
1.747368421052631488e-02
1.652631578947368410e-02
1.678947368421052772e-02
1.815789473684210550e-02
1.594736842105263022e-02
1.700000000000000122e-02
1.763157894736842174e-02
1.799999999999999864e-02
1.668421052631579096e-02
1.726315789473684137e-02
1.636842105263157723e-02
1.852631578947368587e-02
1.721052631578947473e-02
1.952631578947368329e-02
1.836842105263157901e-02
1.842105263157894565e-02
1.947368421052631665e-02
1.847368421052631576e-02
1.852631578947368587e-02
1.899999999999999953e-02
1.831578947368420890e-02
1.947368421052631665e-02
2.031578947368421068e-02
1.826315789473684226e-02
1.963157894736842005e-02
2.031578947368421068e-02
1.726315789473684137e-02
1.847368421052631576e-02
1.963157894736842005e-02
1.705263157894736786e-02
1.652631578947368410e-02
2.078947368421052780e-02
1.947368421052631665e-02
2.131578947368421156e-02
1.889473684210526278e-02
1.663157894736842085e-02
1.878947368421052602e-02
1.747368421052631488e-02
1.757894736842105163e-02
1.652631578947368410e-02
1.931578947368420979e-02
2.042105263157894743e-02
2.199999999999999872e-02
1.936842105263157990e-02
1.657894736842105421e-02
2.047368421052631407e-02
1.884210526315789613e-02
1.899999999999999953e-02
2.163157894736842182e-02
2.147368421052631496e-02
2.199999999999999872e-02
2.210526315789473548e-02
2.063157894736842093e-02
2.068421052631579105e-02
2.205263157894736883e-02
2.242105263157894574e-02
2.052631578947368418e-02
2.242105263157894574e-02
2.257894736842105260e-02
1.910526315789473628e-02
2.205263157894736883e-02
2.331578947368420987e-02
1.921052631578947303e-02
2.184210526315789533e-02
2.173684210526315858e-02
2.157894736842105171e-02
2.189473684210526197e-02
2.089473684210526455e-02
1.863157894736842263e-02
2.215789473684210559e-02
2.347368421052631673e-02
2.152631578947368507e-02
2.268421052631578935e-02
2.021052631578947392e-02
2.284210526315789622e-02
2.231578947368420898e-02
2.321052631578947312e-02
2.231578947368420898e-02
2.247368421052631585e-02
2.215789473684210559e-02
2.373684210526315688e-02
2.394736842105263039e-02
2.000000000000000042e-02
2.136842105263157821e-02
2.205263157894736883e-02
2.136842105263157821e-02
2.484210526315789452e-02
2.489473684210526463e-02
2.610526315789473556e-02
2.473684210526315777e-02
2.468421052631579113e-02
2.515789473684210478e-02
2.131578947368421156e-02
2.178947368421052522e-02
2.473684210526315777e-02
2.252631578947368249e-02
2.636842105263157918e-02
2.421052631578947401e-02
2.621052631578947231e-02
2.284210526315789622e-02
2.526315789473684154e-02
2.668421052631578944e-02
2.447368421052631415e-02
2.484210526315789452e-02
2.394736842105263039e-02
2.231578947368420898e-02
2.094736842105263119e-02
2.347368421052631673e-02
2.547368421052631504e-02
2.394736842105263039e-02
2.536842105263157829e-02
2.684210526315789630e-02
2.405263157894736714e-02
2.426315789473684065e-02
2.215789473684210559e-02
2.389473684210526375e-02
2.494736842105263128e-02
2.678947368421052619e-02
2.521052631578947489e-02
2.189473684210526197e-02
2.426315789473684065e-02
2.415789473684210389e-02
2.421052631578947401e-02
2.773684210526315697e-02
2.605263157894736892e-02
2.594736842105263216e-02
2.836842105263157748e-02
2.426315789473684065e-02
2.768421052631579032e-02
2.857894736842105099e-02
2.957894736842105188e-02
3.068421052631578952e-02
2.384210526315789364e-02
2.605263157894736892e-02
2.473684210526315777e-02
2.615789473684210567e-02
2.731578947368420995e-02
2.542105263157894840e-02
2.747368421052631682e-02
3.031578947368420915e-02
2.431578947368421076e-02
2.994736842105263225e-02
2.484210526315789452e-02
2.831578947368421084e-02
2.610526315789473556e-02
2.921052631578947498e-02
2.742105263157894671e-02
3.057894736842105277e-02
2.584210526315789541e-02
2.715789473684210656e-02
2.842105263157894759e-02
2.889473684210526472e-02
2.394736842105263039e-02
3.010526315789473564e-02
2.726315789473684331e-02
2.784210526315789372e-02
2.573684210526315866e-02
2.731578947368420995e-02
2.910526315789473822e-02
3.126315789473683993e-02
2.657894736842105268e-02
2.726315789473684331e-02
3.026315789473684251e-02
2.699999999999999969e-02
2.489473684210526463e-02
2.699999999999999969e-02
2.089473684210526455e-02
2.821052631578947409e-02
3.152631578947368701e-02
3.357894736842105543e-02
2.752631578947368346e-02
3.021052631578947240e-02
3.068421052631578952e-02
2.836842105263157748e-02
2.505263157894736803e-02
2.800000000000000058e-02
3.205263157894736731e-02
2.736842105263158006e-02
2.573684210526315866e-02
2.336842105263157998e-02
3.205263157894736731e-02
2.226315789473684234e-02
3.099999999999999978e-02
3.063157894736841941e-02
2.952631578947368524e-02
2.663157894736841932e-02
3.536842105263157676e-02
3.547368421052631698e-02
2.884210526315789461e-02
3.242105263157894768e-02
2.905263157894736811e-02
3.236842105263158104e-02
3.405263157894736908e-02
3.236842105263158104e-02
3.168421052631578694e-02
3.731578947368421190e-02
3.300000000000000155e-02
3.773684210526315891e-02
3.210526315789473395e-02
3.631578947368421101e-02
3.778947368421052555e-02
3.026315789473684251e-02
3.084210526315789638e-02
3.031578947368420915e-02
2.673684210526315955e-02
3.005263157894736900e-02
3.263157894736842118e-02
3.052631578947368265e-02
3.731578947368421190e-02
2.984210526315789550e-02
3.347368421052631521e-02
2.978947368421052538e-02
3.210526315789473395e-02
3.368421052631578871e-02
3.126315789473683993e-02
3.157894736842105365e-02
3.305263157894736820e-02
3.421052631578947595e-02
3.636842105263157765e-02
2.984210526315789550e-02
3.489473684210526311e-02
3.647368421052631787e-02
3.557894736842105027e-02
3.426315789473684259e-02
3.336842105263158192e-02
3.015789473684210575e-02
3.178947368421052716e-02
3.626315789473684437e-02
3.478947368421052289e-02
3.210526315789473395e-02
3.615789473684210414e-02
2.831578947368421084e-02
3.484210526315789647e-02
2.921052631578947498e-02
3.315789473684210842e-02
2.957894736842105188e-02
3.457894736842104938e-02
3.484210526315789647e-02
3.652631578947368451e-02
3.078947368421052627e-02
3.752631578947368540e-02
3.847368421052631271e-02
3.721052631578947167e-02
3.942105263157894696e-02
2.973684210526315874e-02
3.657894736842105116e-02
3.915789473684210681e-02
3.400000000000000244e-02
3.989473684210526061e-02
3.673684210526315802e-02
2.968421052631578863e-02
3.557894736842105027e-02
3.515789473684210326e-02
3.589473684210526400e-02
3.557894736842105027e-02
3.573684210526315713e-02
3.036842105263157926e-02
3.815789473684210592e-02
3.731578947368421190e-02
3.805263157894736570e-02
4.021052631578947434e-02
3.952631578947368718e-02
3.847368421052631271e-02
3.610526315789473750e-02
3.973684210526316068e-02
4.110526315789473500e-02
3.799999999999999906e-02
4.073684210526315463e-02
4.084210526315789486e-02
3.384210526315789558e-02
3.921052631578947345e-02
3.994736842105263419e-02
3.826315789473683920e-02
3.694736842105263153e-02
3.668421052631579138e-02
3.278947368421052805e-02
4.663157894736841974e-02
4.221052631578947612e-02
4.073684210526315463e-02
3.763157894736841869e-02
4.147368421052631537e-02
4.194736842105262903e-02
3.784210526315789219e-02
3.952631578947368718e-02
4.142105263157894873e-02
3.136842105263158015e-02
4.305263157894737014e-02
4.305263157894737014e-02
4.557894736842105221e-02
2.926315789473684162e-02
4.368421052631579066e-02
3.715789473684210503e-02
4.510526315789473856e-02
3.205263157894736731e-02
4.184210526315789574e-02
3.984210526315789397e-02
4.089473684210526150e-02
3.152631578947368701e-02
4.063157894736842135e-02
4.563157894736841885e-02
4.594736842105263258e-02
4.231578947368420940e-02
4.621052631578947273e-02
4.221052631578947612e-02
4.231578947368420940e-02
3.431578947368420923e-02
3.552631578947368363e-02
4.152631578947368202e-02
3.457894736842104938e-02
4.321052631578947700e-02
4.615789473684210609e-02
4.410526315789473767e-02
4.084210526315789486e-02
3.431578947368420923e-02
3.500000000000000333e-02
3.231578947368420746e-02
4.526315789473684542e-02
4.236842105263157604e-02
3.273684210526315447e-02
4.100000000000000172e-02
4.215789473684210253e-02
4.684210526315789325e-02
3.989473684210526061e-02
3.584210526315789735e-02
4.042105263157894784e-02
4.436842105263157782e-02
3.894736842105263330e-02
4.410526315789473767e-02
4.084210526315789486e-02
4.257894736842104955e-02
4.715789473684210698e-02
4.368421052631579066e-02
3.784210526315789219e-02
4.431578947368421117e-02
3.500000000000000333e-02
3.710526315789473839e-02
3.542105263157895034e-02
4.721052631578947362e-02
3.894736842105263330e-02
4.057894736842105471e-02
4.236842105263157604e-02
4.731578947368421384e-02
4.121052631578947523e-02
4.163157894736842224e-02
4.936842105263158226e-02
4.352631578947368379e-02
4.147368421052631537e-02
3.642105263157894429e-02
3.905263157894736659e-02
4.026315789473684098e-02
4.594736842105263258e-02
3.915789473684210681e-02
4.247368421052631626e-02
4.499999999999999833e-02
3.578947368421052377e-02
5.115789473684210359e-02
4.426315789473684453e-02
4.294736842105262992e-02
5.078947368421052322e-02
4.363157894736842402e-02
4.547368421052631893e-02
4.836842105263158137e-02
4.815789473684210786e-02
5.221052631578947112e-02
4.378947368421052394e-02
4.447368421052631804e-02
5.010526315789473606e-02
4.805263157894736764e-02
4.847368421052631465e-02
3.263157894736842118e-02
3.847368421052631271e-02
4.310526315789473678e-02
4.610526315789473945e-02
5.142105263157895068e-02
4.968421052631578905e-02
5.226315789473684470e-02
4.321052631578947700e-02
3.989473684210526061e-02
4.100000000000000172e-02
4.521052631578947184e-02
4.815789473684210786e-02
5.242105263157894463e-02
5.547368421052631393e-02
4.157894736842105560e-02
3.252631578947368096e-02
4.557894736842105221e-02
4.326315789473684364e-02
3.831578947368421278e-02
4.384210526315789752e-02
4.278947368421052305e-02
4.784210526315789413e-02
4.926315789473684204e-02
4.226315789473684276e-02
4.089473684210526150e-02
4.752631578947368735e-02
3.994736842105263419e-02
3.500000000000000333e-02
4.836842105263158137e-02
5.084210526315789680e-02
5.257894736842105149e-02
4.331578947368421029e-02
4.599999999999999922e-02
3.873684210526315980e-02
4.357894736842105043e-02
4.794736842105263436e-02
5.336842105263157887e-02
3.936842105263158031e-02
5.399999999999999939e-02
5.021052631578947628e-02
4.405263157894737103e-02
4.868421052631578816e-02
4.321052631578947700e-02
3.921052631578947345e-02
4.563157894736841885e-02
5.184210526315789769e-02
5.278947368421052500e-02
5.289473684210526522e-02
5.042105263157894979e-02
5.099999999999999672e-02
4.821052631578947451e-02
4.621052631578947273e-02
4.673684210526315996e-02
5.384210526315789253e-02
5.000000000000000278e-02
5.163157894736842418e-02
5.563157894736842080e-02
5.247368421052631821e-02
4.842105263157894801e-02
3.547368421052631698e-02
4.757894736842105399e-02
4.226315789473684276e-02
4.931578947368420868e-02
4.742105263157894712e-02
4.800000000000000100e-02
5.721052631578947556e-02
5.242105263157894463e-02
3.773684210526315891e-02
5.052631578947368307e-02
5.373684210526315924e-02
5.126315789473684381e-02
4.721052631578947362e-02
4.352631578947368379e-02
5.215789473684210448e-02
5.884210526315789697e-02
4.457894736842105132e-02
4.263157894736842313e-02
4.068421052631578799e-02
5.500000000000000028e-02
4.742105263157894712e-02
5.510526315789473356e-02
4.826315789473684115e-02
4.800000000000000100e-02
4.694736842105263347e-02
4.126315789473684187e-02
5.810526315789473623e-02
3.647368421052631787e-02
5.131578947368421045e-02
4.010526315789473412e-02
5.894736842105263025e-02
5.694736842105262847e-02
5.736842105263157549e-02
4.852631578947368129e-02
4.810526315789473428e-02
4.773684210526316085e-02
5.178947368421052411e-02
5.852631578947368324e-02
5.263157894736841813e-02
4.452631578947368468e-02
5.326315789473683865e-02
4.942105263157894890e-02
5.815789473684210287e-02
3.773684210526315891e-02
5.700000000000000205e-02
5.136842105263157710e-02
5.789473684210526272e-02
4.731578947368421384e-02
4.215789473684210253e-02
5.157894736842105060e-02
6.168421052631579277e-02
5.757894736842105593e-02
5.221052631578947112e-02
6.305263157894737402e-02
4.721052631578947362e-02
5.168421052631579082e-02
5.163157894736842418e-02
5.500000000000000028e-02
4.857894736842105488e-02
4.857894736842105488e-02
4.494736842105263169e-02
5.768421052631578921e-02
5.521052631578947378e-02
5.421052631578947290e-02
5.973684210526315763e-02
5.447368421052631304e-02
5.073684210526315658e-02
5.615789473684210803e-02
4.421052631578947095e-02
5.721052631578947556e-02
5.494736842105263364e-02
6.357894736842105432e-02
5.957894736842105077e-02
5.294736842105263186e-02
6.615789473684210997e-02
5.763157894736842257e-02
6.147368421052631232e-02
5.336842105263157887e-02
4.399999999999999745e-02
5.399999999999999939e-02
5.778947368421052944e-02
5.415789473684210625e-02
5.247368421052631821e-02
5.284210526315789164e-02
5.184210526315789769e-02
5.573684210526316102e-02
4.689473684210525989e-02
5.473684210526316013e-02
6.026315789473684487e-02
5.831578947368420973e-02
5.031578947368420957e-02
4.800000000000000100e-02
6.152631578947368590e-02
6.347368421052632104e-02
5.242105263157894463e-02
4.121052631578947523e-02
5.231578947368421134e-02
5.815789473684210287e-02
5.168421052631579082e-02
5.410526315789473961e-02
5.689473684210526183e-02
5.278947368421052500e-02
5.484210526315789341e-02
5.252631578947368485e-02
5.842105263157894995e-02
6.226315789473683970e-02
5.736842105263157549e-02
5.384210526315789253e-02
5.626315789473684131e-02
5.152631578947368396e-02
5.905263157894737047e-02
5.715789473684210198e-02
5.484210526315789341e-02
5.778947368421052944e-02
5.021052631578947628e-02
5.336842105263157887e-02
5.542105263157894729e-02
5.036842105263157621e-02
5.668421052631578833e-02
6.568421052631578938e-02
5.647368421052631482e-02
4.410526315789473767e-02
5.173684210526315747e-02
5.210526315789473784e-02
5.421052631578947290e-02
5.063157894736842329e-02
6.447368421052632192e-02
5.384210526315789253e-02
6.531578947368421595e-02
5.573684210526316102e-02
5.157894736842105060e-02
6.952631578947368607e-02
6.510526315789473550e-02
5.984210526315789785e-02
6.331578947368421417e-02
4.978947368421052927e-02
5.563157894736842080e-02
5.205263157894737119e-02
5.552631578947368751e-02
5.494736842105263364e-02
6.110526315789473889e-02
6.378947368421052089e-02
5.989473684210526450e-02
6.894736842105263219e-02
5.652631578947368146e-02
6.015789473684210464e-02
6.199999999999999956e-02
6.289473684210526716e-02
6.731578947368420385e-02
6.252631578947367985e-02
6.363157894736842790e-02
4.173684210526315552e-02
5.336842105263157887e-02
5.005263157894736942e-02
5.994736842105263114e-02
5.115789473684210359e-02
6.047368421052631837e-02
6.168421052631579277e-02
5.242105263157894463e-02
6.147368421052631232e-02
7.010526315789473994e-02
5.910526315789473711e-02
4.647368421052631288e-02
5.010526315789473606e-02
6.689473684210525684e-02
6.805263157894736459e-02
6.099999999999999867e-02
6.415789473684210820e-02
7.463157894736842379e-02
6.057894736842105166e-02
6.252631578947367985e-02
6.726315789473684414e-02
6.078947368421052516e-02
4.636842105263157959e-02
5.231578947368421134e-02
7.068421052631579382e-02
7.357894736842104932e-02
6.489473684210526894e-02
6.936842105263157920e-02
6.784210526315789802e-02
6.857894736842105876e-02
6.915789473684209876e-02
5.678947368421052855e-02
5.315789473684210537e-02
6.578947368421052266e-02
5.315789473684210537e-02
6.778947368421052444e-02
5.805263157894736958e-02
6.936842105263157920e-02
5.584210526315789430e-02
6.800000000000000488e-02
6.363157894736842790e-02
6.705263157894736370e-02
6.273684210526316030e-02
6.189473684210526627e-02
5.399999999999999939e-02
6.642105263157895012e-02
5.999999999999999778e-02
6.821052631578947145e-02
6.647368421052630982e-02
6.826315789473684503e-02
5.852631578947368324e-02
4.526315789473684542e-02
6.173684210526315941e-02
6.784210526315789802e-02
7.215789473684210142e-02
7.063157894736842024e-02
5.026315789473684292e-02
6.868421052631579204e-02
5.431578947368421312e-02
6.989473684210525950e-02
6.821052631578947145e-02
5.915789473684210376e-02
6.521052631578946879e-02
6.194736842105263291e-02
6.652631578947368340e-02
5.868421052631579010e-02
6.510526315789473550e-02
5.984210526315789785e-02
5.789473684210526272e-02
6.484210526315789536e-02
6.031578947368421151e-02
7.263157894736842202e-02
6.731578947368420385e-02
5.084210526315789680e-02
5.778947368421052944e-02
6.826315789473684503e-02
7.063157894736842024e-02
7.063157894736842024e-02
7.673684210526315885e-02
7.178947368421052799e-02
5.668421052631578833e-02
5.431578947368421312e-02
7.257894736842104844e-02
6.984210526315789980e-02
7.731578947368421273e-02
6.284210526315789358e-02
5.821052631578947645e-02
6.363157894736842790e-02
7.115789473684210054e-02
6.731578947368420385e-02
6.726315789473684414e-02
4.794736842105263436e-02
5.847368421052631660e-02
6.478947368421052178e-02
7.031578947368420651e-02
5.626315789473684131e-02
7.078947368421052710e-02
6.994736842105263308e-02
5.373684210526315924e-02
7.152631578947368785e-02
6.410526315789473462e-02
5.484210526315789341e-02
4.484210526315789147e-02
8.026315789473684181e-02
7.599999999999999811e-02
7.910526315789473406e-02
6.747368421052631071e-02
6.842105263157895190e-02
5.831578947368420973e-02
6.857894736842105876e-02
7.794736842105262631e-02
7.731578947368421273e-02
7.363157894736842290e-02
7.105263157894736725e-02
7.515789473684210409e-02
5.415789473684210625e-02
7.852631578947368018e-02
7.284210526315788858e-02
4.552631578947368557e-02
7.284210526315788858e-02
7.252631578947368873e-02
7.763157894736842646e-02
6.094736842105263203e-02
7.499999999999999722e-02
6.436842105263157476e-02
6.889473684210525861e-02
7.652631578947367841e-02
6.673684210526316385e-02
6.878947368421052533e-02
6.594736842105262953e-02
6.563157894736841580e-02
6.815789473684211175e-02
7.699999999999999900e-02
7.168421052631579471e-02
7.252631578947368873e-02
6.447368421052632192e-02
7.236842105263158187e-02
6.642105263157895012e-02
5.578947368421052766e-02
6.742105263157895101e-02
7.257894736842104844e-02
6.473684210526316207e-02
7.163157894736842113e-02
6.378947368421052089e-02
6.942105263157895279e-02
5.989473684210526450e-02
6.621052631578946968e-02
6.084210526315789180e-02
6.184210526315789269e-02
6.736842105263157743e-02
7.526315789473683737e-02
6.721052631578947056e-02
6.768421052631579116e-02
6.294736842105262686e-02
7.815789473684210675e-02
7.631578947368421184e-02
6.742105263157895101e-02
6.994736842105263308e-02
7.063157894736842024e-02
5.484210526315789341e-02
5.873684210526315674e-02
8.052631578947368196e-02
7.042105263157895367e-02
7.552631578947367752e-02
7.752631578947367930e-02
7.121052631578947412e-02
7.810526315789473317e-02
6.763157894736841758e-02
5.205263157894737119e-02
5.805263157894736958e-02
6.515789473684210908e-02
7.657894736842105199e-02
6.152631578947368590e-02
8.142105263157894957e-02
7.752631578947367930e-02
7.531578947368421095e-02
7.499999999999999722e-02
7.263157894736842202e-02
7.568421052631578438e-02
6.152631578947368590e-02
5.963157894736842435e-02
7.663157894736842557e-02
6.889473684210525861e-02
8.052631578947368196e-02
7.194736842105263486e-02
6.310526315789473373e-02
7.873684210526316063e-02
8.136842105263157598e-02
8.310526315789473761e-02
8.489473684210525894e-02
7.389473684210526305e-02
8.131578947368421628e-02
7.336842105263158276e-02
6.452631578947368163e-02
6.626315789473684326e-02
7.399999999999999634e-02
7.157894736842104755e-02
6.384210526315789447e-02
6.431578947368421506e-02
6.894736842105263219e-02
6.257894736842105343e-02
6.105263157894736531e-02
5.668421052631578833e-02
6.915789473684209876e-02
7.710526315789473228e-02
7.568421052631578438e-02
6.384210526315789447e-02
5.289473684210526522e-02
7.557894736842105110e-02
8.289473684210525717e-02
8.315789473684211119e-02
7.078947368421052710e-02
6.689473684210525684e-02
8.289473684210525717e-02
6.963157894736841935e-02
7.036842105263158009e-02
8.115789473684210942e-02
8.331578947368420418e-02
7.678947368421053243e-02
7.684210526315789214e-02
5.868421052631579010e-02
6.168421052631579277e-02
7.073684210526315352e-02
7.031578947368420651e-02
7.568421052631578438e-02
7.668421052631578527e-02
7.347368421052631604e-02
7.226315789473684859e-02
7.078947368421052710e-02
7.926315789473684092e-02
8.168421052631578971e-02
6.647368421052630982e-02
7.931578947368421451e-02
7.742105263157894601e-02
7.605263157894737169e-02
6.136842105263157904e-02
7.926315789473684092e-02
7.894736842105262720e-02
7.978947368421052122e-02
7.763157894736842646e-02
8.042105263157894868e-02
7.463157894736842379e-02
7.642105263157894512e-02
7.310526315789474261e-02
8.778947368421052833e-02
8.173684210526316329e-02
8.289473684210525717e-02
5.110526315789473695e-02
6.442105263157894834e-02
8.373684210526315119e-02
7.342105263157894246e-02
8.484210526315789924e-02
7.405263157894736992e-02
7.236842105263158187e-02
7.868421052631578705e-02
7.647368421052631871e-02
8.026315789473684181e-02
7.378947368421052977e-02
7.815789473684210675e-02
7.321052631578947589e-02
8.194736842105262986e-02
7.731578947368421273e-02
6.536842105263157565e-02
6.952631578947368607e-02
6.905263157894736548e-02
8.100000000000000255e-02
6.473684210526316207e-02
7.857894736842105377e-02
7.521052631578947767e-02
7.484210526315789036e-02
7.447368421052631693e-02
6.752631578947368429e-02
6.884210526315789891e-02
7.189473684210526128e-02
7.026315789473684681e-02
8.321052631578947090e-02
8.184210526315789658e-02
7.984210526315789480e-02
8.363157894736841791e-02
6.715789473684211086e-02
5.657894736842105504e-02
6.689473684210525684e-02
5.131578947368421045e-02
6.700000000000000400e-02
7.994736842105262808e-02
7.078947368421052710e-02
7.900000000000000078e-02
7.878947368421052033e-02
8.452631578947368551e-02
8.131578947368421628e-02
5.821052631578947645e-02
8.821052631578947534e-02
6.868421052631579204e-02
8.421052631578947179e-02
8.136842105263157598e-02
6.736842105263157743e-02
7.142105263157894068e-02
5.978947368421052427e-02
6.268421052631578672e-02
8.526315789473684625e-02
8.978947368421053010e-02
8.910526315789474294e-02
8.647368421052631371e-02
6.531578947368421595e-02
7.299999999999999545e-02
6.668421052631579027e-02
8.415789473684211208e-02
5.147368421052631732e-02
9.405263157894737380e-02
6.884210526315789891e-02
6.921052631578947234e-02
5.852631578947368324e-02
6.368421052631578760e-02
7.447368421052631693e-02
8.710526315789474117e-02
7.531578947368421095e-02
8.173684210526316329e-02
6.873684210526315175e-02
6.847368421052631160e-02
6.700000000000000400e-02
8.389473684210525806e-02
8.678947368421052744e-02
9.131578947368421129e-02
8.000000000000000167e-02
8.705263157894736759e-02
6.889473684210525861e-02
7.847368421052632048e-02
8.294736842105263075e-02
7.747368421052631959e-02
7.342105263157894246e-02
7.973684210526316152e-02
7.784210526315789302e-02
6.489473684210526894e-02
8.368421052631579149e-02
7.636842105263158542e-02
6.484210526315789536e-02
8.152631578947368285e-02
7.089473684210526039e-02
8.357894736842105821e-02
8.073684210526316241e-02
7.263157894736842202e-02
7.410526315789474350e-02
6.289473684210526716e-02
8.184210526315789658e-02
8.447368421052631193e-02
7.868421052631578705e-02
6.710526315789473728e-02
8.305263157894736403e-02
8.563157894736841969e-02
5.831578947368420973e-02
7.357894736842104932e-02
6.568421052631578938e-02
7.842105263157894690e-02
9.305263157894737291e-02
8.500000000000000611e-02
8.357894736842105821e-02
5.763157894736842257e-02
7.115789473684210054e-02
7.826315789473684004e-02
8.510526315789473939e-02
7.036842105263158009e-02
7.189473684210526128e-02
6.642105263157895012e-02
8.784210526315788803e-02
8.752631578947368818e-02
8.736842105263158131e-02
8.252631578947368374e-02
7.515789473684210409e-02
8.315789473684211119e-02
6.652631578947368340e-02
8.742105263157894102e-02
8.673684210526315386e-02
8.984210526315788981e-02
8.778947368421052833e-02
7.278947368421052888e-02
8.763157894736842146e-02
7.610526315789473140e-02
8.084210526315789569e-02
8.136842105263157598e-02
8.421052631578947179e-02
8.142105263157894957e-02
7.668421052631578527e-02
7.763157894736842646e-02
8.031578947368421539e-02
7.721052631578947945e-02
7.189473684210526128e-02
7.831578947368421362e-02
8.773684210526315475e-02
7.552631578947367752e-02
9.294736842105262575e-02
8.784210526315788803e-02
9.021052631578947711e-02
6.121052631578947217e-02
6.610526315789473639e-02
8.352631578947368463e-02
8.057894736842105554e-02
8.063157894736841524e-02
8.715789473684210087e-02
8.931578947368420951e-02
9.594736842105262842e-02
8.157894736842105643e-02
8.221052631578947001e-02
7.636842105263158542e-02
8.799999999999999489e-02
8.705263157894736759e-02
7.900000000000000078e-02
6.973684210526315264e-02
8.815789473684210176e-02
9.231578947368421217e-02
8.663157894736842057e-02
7.436842105263158365e-02
7.963157894736841436e-02
8.205263157894736314e-02
8.447368421052631193e-02
8.289473684210525717e-02
7.331578947368420918e-02
6.726315789473684414e-02
8.273684210526316418e-02
5.500000000000000028e-02
8.121052631578946912e-02
8.726315789473684803e-02
8.342105263157895134e-02
8.210526315789473673e-02
9.115789473684210442e-02
7.894736842105262720e-02
9.273684210526315919e-02
8.931578947368420951e-02
8.105263157894736226e-02
8.052631578947368196e-02
7.752631578947367930e-02
7.884210526315789391e-02
7.268421052631579560e-02
6.342105263157894746e-02
7.768421052631578616e-02
9.015789473684210353e-02
8.968421052631578294e-02
8.531578947368420596e-02
8.810526315789474205e-02
8.215789473684211031e-02
9.468421052631578738e-02
8.089473684210526927e-02
8.889473684210526250e-02
7.415789473684210320e-02
9.089473684210526427e-02
8.210526315789473673e-02
7.442105263157894335e-02
7.205263157894736814e-02
7.242105263157894157e-02
8.763157894736842146e-02
8.910526315789474294e-02
8.626315789473684714e-02
8.221052631578947001e-02
8.163157894736841613e-02
8.152631578947368285e-02
8.599999999999999312e-02
9.278947368421053277e-02
8.989473684210526339e-02
9.452631578947368052e-02
8.047368421052632226e-02
9.126315789473683771e-02
8.226315789473684359e-02
8.263157894736841702e-02
7.178947368421052799e-02
7.352631578947368962e-02
8.768421052631579504e-02
8.257894736842105732e-02
8.552631578947368640e-02
8.484210526315789924e-02
7.384210526315788947e-02
6.826315789473684503e-02
9.415789473684210709e-02
8.231578947368421717e-02
8.973684210526315652e-02
8.578947368421052655e-02
9.278947368421053277e-02
9.363157894736842679e-02
8.710526315789474117e-02
8.557894736842104610e-02
8.136842105263157598e-02
8.873684210526315563e-02
6.873684210526315175e-02
8.447368421052631193e-02
8.147368421052630927e-02
8.094736842105262897e-02
8.147368421052630927e-02
7.868421052631578705e-02
6.452631578947368163e-02
9.489473684210526783e-02
9.394736842105262664e-02
8.636842105263158043e-02
6.973684210526315264e-02
9.357894736842105321e-02
7.615789473684210498e-02
9.310526315789473262e-02
7.721052631578947945e-02
8.826315789473684892e-02
6.263157894736842701e-02
7.752631578947367930e-02
8.573684210526315297e-02
1.004736842105263123e-01
7.647368421052631871e-02
9.299999999999999933e-02
9.136842105263158487e-02
7.010526315789473994e-02
7.852631578947368018e-02
9.805263157894736348e-02
9.489473684210526783e-02
7.031578947368420651e-02
8.757894736842104788e-02
5.215789473684210448e-02
7.015789473684209965e-02
8.189473684210525628e-02
9.447368421052632081e-02
8.863157894736842235e-02
8.121052631578946912e-02
8.884210526315788892e-02
7.621052631578947856e-02
8.589473684210525983e-02
1.005789473684210594e-01
9.552631578947368141e-02
7.878947368421052033e-02
6.531578947368421595e-02
7.594736842105263841e-02
7.768421052631578616e-02
8.573684210526315297e-02
7.463157894736842379e-02
8.899999999999999578e-02
8.536842105263157954e-02
7.831578947368421362e-02
8.194736842105262986e-02
9.784210526315789691e-02
8.889473684210526250e-02
7.578947368421053155e-02
9.057894736842105055e-02
7.099999999999999367e-02
8.110526315789473584e-02
6.705263157894736370e-02
6.668421052631579027e-02
5.805263157894736958e-02
8.268421052631579060e-02
8.089473684210526927e-02
9.173684210526315830e-02
9.757894736842105676e-02
8.778947368421052833e-02
9.900000000000000466e-02
9.563157894736841469e-02
9.257894736842105232e-02
8.247368421052631016e-02
9.142105263157894457e-02
9.315789473684210620e-02
9.236842105263158575e-02
8.831578947368420862e-02
7.321052631578947589e-02
8.368421052631579149e-02
8.784210526315788803e-02
8.663157894736842057e-02
8.931578947368420951e-02
8.494736842105263253e-02
8.331578947368420418e-02
8.999999999999999667e-02
8.621052631578947356e-02
8.210526315789473673e-02
8.763157894736842146e-02
9.289473684210526605e-02
7.284210526315788858e-02
9.199999999999999845e-02
9.947368421052631138e-02
8.842105263157894190e-02
9.578947368421052155e-02
1.012105263157894730e-01
9.752631578947368318e-02
8.942105263157894279e-02
8.263157894736841702e-02
8.457894736842105909e-02
8.315789473684211119e-02
7.068421052631579382e-02
7.678947368421053243e-02
7.873684210526316063e-02
6.773684210526316474e-02
8.373684210526315119e-02
6.994736842105263308e-02
1.006842105263157927e-01
7.105263157894736725e-02
9.463157894736842768e-02
8.010526315789473495e-02
7.826315789473684004e-02
8.963157894736842324e-02
9.405263157894737380e-02
1.004736842105263123e-01
6.952631578947368607e-02
8.736842105263158131e-02
9.047368421052631726e-02
9.805263157894736348e-02
8.484210526315789924e-02
7.263157894736842202e-02
9.126315789473683771e-02
1.027894736842105278e-01
8.836842105263158220e-02
6.557894736842105610e-02
9.557894736842105499e-02
1.001052631578947388e-01
9.847368421052631049e-02
9.363157894736842679e-02
8.668421052631579415e-02
7.036842105263158009e-02
7.399999999999999634e-02
6.473684210526316207e-02
9.257894736842105232e-02
6.415789473684210820e-02
7.431578947368421006e-02
1.018947368421052602e-01
9.173684210526315830e-02
9.157894736842105143e-02
9.978947368421052511e-02
8.389473684210525806e-02
9.847368421052631049e-02
8.857894736842104877e-02
8.821052631578947534e-02
1.003157894736842054e-01
9.494736842105262753e-02
8.810526315789474205e-02
9.363157894736842679e-02
9.752631578947368318e-02
8.694736842105263430e-02
9.678947368421052244e-02
8.363157894736841791e-02
8.978947368421053010e-02
9.126315789473683771e-02
6.521052631578946879e-02
9.378947368421051978e-02
9.657894736842105587e-02
9.263157894736842590e-02
9.815789473684211064e-02
8.536842105263157954e-02
8.868421052631579593e-02
9.715789473684210975e-02
9.547368421052632170e-02
9.126315789473683771e-02
8.400000000000000522e-02
8.500000000000000611e-02
8.631578947368420685e-02
6.347368421052632104e-02
9.368421052631578649e-02
8.857894736842104877e-02
8.273684210526316418e-02
9.668421052631578916e-02
8.610526315789474028e-02
9.378947368421051978e-02
8.089473684210526927e-02
9.431578947368421395e-02
7.900000000000000078e-02
7.963157894736841436e-02
7.742105263157894601e-02
7.463157894736842379e-02
9.457894736842105410e-02
1.002631578947368457e-01
7.926315789473684092e-02
8.457894736842105909e-02
9.442105263157894723e-02
8.152631578947368285e-02
8.731578947368420773e-02
8.736842105263158131e-02
9.615789473684210886e-02
9.657894736842105587e-02
9.221052631578947889e-02
6.794736842105263130e-02
9.957894736842105854e-02
7.994736842105262808e-02
1.028421052631579014e-01
8.231578947368421717e-02
9.526315789473684126e-02
7.473684210526315708e-02
8.594736842105263341e-02
7.473684210526315708e-02
5.963157894736842435e-02
9.847368421052631049e-02
9.442105263157894723e-02
9.889473684210525750e-02
7.905263157894737436e-02
1.020526315789473670e-01
9.778947368421052333e-02
8.568421052631579327e-02
8.200000000000000344e-02
9.657894736842105587e-02
8.668421052631579415e-02
8.942105263157894279e-02
9.552631578947368141e-02
9.247368421052631904e-02
8.321052631578947090e-02
6.557894736842105610e-02
9.721052631578946945e-02
9.921052631578947123e-02
9.342105263157894635e-02
8.926315789473683593e-02
8.773684210526315475e-02
9.336842105263157277e-02
6.915789473684209876e-02
7.857894736842105377e-02
8.578947368421052655e-02
9.484210526315789425e-02
7.910526315789473406e-02
1.051578947368421030e-01
8.852631578947368907e-02
8.931578947368420951e-02
8.342105263157895134e-02
7.973684210526316152e-02
1.029473684210526346e-01
8.542105263157895312e-02
9.889473684210525750e-02
7.963157894736841436e-02
9.484210526315789425e-02
9.057894736842105055e-02
9.084210526315789069e-02
9.157894736842105143e-02
7.852631578947368018e-02
9.678947368421052244e-02
9.826315789473684392e-02
1.007894736842105260e-01
9.768421052631579005e-02
1.022631578947368475e-01
9.026315789473683682e-02
9.336842105263157277e-02
9.705263157894736259e-02
9.657894736842105587e-02
9.857894736842105765e-02
9.563157894736841469e-02
1.011052631578947397e-01
8.147368421052630927e-02
9.099999999999999756e-02
8.321052631578947090e-02
8.500000000000000611e-02
8.936842105263158309e-02
9.878947368421052422e-02
8.321052631578947090e-02
1.016842105263157936e-01
1.049999999999999961e-01
8.252631578947368374e-02
9.410526315789473351e-02
9.178947368421053188e-02
9.168421052631578472e-02
9.168421052631578472e-02
9.315789473684210620e-02
9.236842105263158575e-02
9.031578947368421040e-02
8.663157894736842057e-02
8.573684210526315297e-02
9.442105263157894723e-02
7.884210526315789391e-02
1.038421052631578884e-01
1.062105263157894774e-01
8.563157894736841969e-02
8.647368421052631371e-02
6.742105263157895101e-02
9.531578947368421484e-02
9.152631578947367785e-02
9.821052631578947034e-02
9.763157894736841647e-02
9.752631578947368318e-02
1.000526315789473653e-01
8.326315789473684448e-02
9.673684210526316274e-02
1.048947368421052628e-01
1.016315789473684200e-01
9.289473684210526605e-02
9.889473684210525750e-02
8.063157894736841524e-02
1.047894736842105295e-01
8.952631578947368995e-02
7.873684210526316063e-02
8.942105263157894279e-02
8.210526315789473673e-02
1.014736842105263132e-01
7.905263157894737436e-02
9.736842105263157632e-02
8.236842105263157687e-02
9.489473684210526783e-02
1.033684210526315816e-01
7.268421052631579560e-02
1.013157894736842063e-01
9.589473684210526871e-02
8.173684210526316329e-02
9.231578947368421217e-02
6.489473684210526894e-02
7.031578947368420651e-02
1.035263157894736885e-01
9.668421052631578916e-02
9.621052631578946857e-02
9.384210526315789336e-02
1.031578947368421012e-01
9.768421052631579005e-02
7.626315789473683826e-02
9.336842105263157277e-02
9.531578947368421484e-02
1.039473684210526355e-01
9.021052631578947711e-02
7.331578947368420918e-02
5.547368421052631393e-02
8.942105263157894279e-02
9.384210526315789336e-02
1.004210526315789526e-01
8.999999999999999667e-02
8.184210526315789658e-02
8.142105263157894957e-02
9.052631578947369084e-02
1.038421052631578884e-01
1.002105263157894721e-01
8.163157894736841613e-02
9.842105263157895079e-02
8.368421052631579149e-02
8.110526315789473584e-02
1.049473684210526364e-01
7.178947368421052799e-02
1.011578947368420994e-01
9.652631578947368229e-02
9.868421052631579093e-02
9.673684210526316274e-02
1.019999999999999934e-01
8.710526315789474117e-02
9.994736842105263197e-02
8.242105263157895045e-02
1.016315789473684200e-01
8.842105263157894190e-02
1.012105263157894730e-01
9.531578947368421484e-02
1.000000000000000056e-01
9.842105263157895079e-02
8.794736842105263519e-02
9.489473684210526783e-02
1.075263157894736782e-01
9.357894736842105321e-02
7.773684210526315974e-02
8.157894736842105643e-02
1.033684210526315816e-01
9.415789473684210709e-02
8.436842105263157865e-02
7.389473684210526305e-02
7.894736842105262720e-02
7.768421052631578616e-02
7.652631578947367841e-02
9.426315789473684037e-02
1.026315789473684209e-01
1.029473684210526346e-01
8.957894736842104966e-02
8.978947368421053010e-02
1.011052631578947397e-01
1.033684210526315816e-01
8.963157894736842324e-02
6.610526315789473639e-02
8.978947368421053010e-02
9.363157894736842679e-02
9.789473684210525661e-02
8.826315789473684892e-02
1.018421052631579005e-01
1.033157894736842081e-01
9.452631578947368052e-02
1.008421052631578996e-01
1.050526315789473697e-01
8.463157894736841880e-02
9.173684210526315830e-02
8.694736842105263430e-02
8.694736842105263430e-02
8.863157894736842235e-02
1.052105263157894766e-01
1.046842105263157963e-01
9.873684210526316452e-02
9.742105263157894990e-02
8.878947368421052921e-02
9.810526315789473706e-02
1.120000000000000023e-01
8.957894736842104966e-02
7.652631578947367841e-02
9.247368421052631904e-02
7.857894736842105377e-02
1.004736842105263123e-01
8.931578947368420951e-02
1.040526315789473688e-01
1.045789473684210491e-01
8.400000000000000522e-02
1.024736842105263140e-01
8.905263157894736936e-02
8.547368421052631282e-02
9.015789473684210353e-02
1.033684210526315816e-01
9.652631578947368229e-02
9.700000000000000289e-02
8.257894736842105732e-02
9.689473684210526960e-02
8.689473684210526072e-02
8.105263157894736226e-02
9.410526315789473351e-02
9.778947368421052333e-02
8.357894736842105821e-02
1.033684210526315816e-01
9.747368421052630960e-02
9.463157894736842768e-02
9.042105263157894368e-02
1.029999999999999943e-01
1.095263157894736800e-01
8.563157894736841969e-02
9.621052631578946857e-02
1.077368421052631586e-01
9.168421052631578472e-02
9.378947368421051978e-02
9.531578947368421484e-02
9.689473684210526960e-02
9.168421052631578472e-02
1.032105263157894748e-01
1.024210526315789405e-01
7.826315789473684004e-02
8.836842105263158220e-02
1.108947368421052682e-01
9.815789473684211064e-02
7.247368421052631515e-02
7.994736842105262808e-02
8.826315789473684892e-02
1.102631578947368407e-01
8.331578947368420418e-02
1.026315789473684209e-01
8.989473684210526339e-02
1.002105263157894721e-01
9.784210526315789691e-02
9.378947368421051978e-02
1.059473684210526373e-01
1.066315789473684245e-01
9.647368421052632259e-02
9.494736842105262753e-02
9.942105263157895167e-02
9.831578947368420363e-02
8.968421052631578294e-02
9.489473684210526783e-02
8.768421052631579504e-02
9.894736842105263108e-02
1.062631578947368372e-01
8.105263157894736226e-02
1.022105263157894739e-01
8.147368421052630927e-02
1.044736842105263158e-01
9.652631578947368229e-02
8.578947368421052655e-02
1.046842105263157963e-01
9.026315789473683682e-02
9.931578947368420451e-02
8.821052631578947534e-02
9.547368421052632170e-02
9.331578947368421306e-02
1.044210526315789422e-01
7.499999999999999722e-02
9.900000000000000466e-02
1.083157894736842125e-01
9.426315789473684037e-02
9.931578947368420451e-02
9.536842105263157454e-02
6.531578947368421595e-02
8.652631578947368729e-02
9.500000000000000111e-02
9.084210526315789069e-02
1.139473684210526305e-01
1.113684210526315749e-01
1.006315789473684191e-01
7.921052631578946734e-02
8.984210526315788981e-02
9.442105263157894723e-02
9.194736842105262487e-02
7.463157894736842379e-02
1.027368421052631542e-01
9.678947368421052244e-02
8.884210526315788892e-02
1.018947368421052602e-01
9.236842105263158575e-02
1.091052631578947330e-01
9.042105263157894368e-02
7.847368421052632048e-02
9.421052631578946679e-02
9.968421052631579182e-02
1.117368421052631622e-01
1.056315789473684236e-01
1.037368421052631551e-01
9.173684210526315830e-02
1.045263157894736894e-01
8.452631578947368551e-02
9.147368421052631815e-02
1.054736842105263167e-01
7.726315789473683915e-02
9.152631578947367785e-02
1.054210526315789431e-01
1.012631578947368466e-01
8.000000000000000167e-02
1.033684210526315816e-01
1.019999999999999934e-01
8.478947368421052566e-02
9.473684210526316096e-02
8.463157894736841880e-02
8.931578947368420951e-02
1.021578947368421003e-01
8.910526315789474294e-02
1.039473684210526355e-01
9.810526315789473706e-02
9.042105263157894368e-02
1.069999999999999979e-01
9.542105263157894812e-02
9.657894736842105587e-02
9.557894736842105499e-02
1.054736842105263167e-01
1.041052631578947424e-01
1.004210526315789526e-01
1.031052631578947415e-01
8.415789473684211208e-02
9.915789473684211153e-02
9.710526315789473617e-02
1.137894736842105237e-01
9.136842105263158487e-02
1.118947368421052690e-01
1.034210526315789413e-01
8.973684210526315652e-02
8.084210526315789569e-02
1.028947368421052611e-01
1.078421052631578919e-01
8.100000000000000255e-02
1.014736842105263132e-01
8.394736842105263164e-02
9.615789473684210886e-02
1.092631578947368398e-01
8.189473684210525628e-02
9.352631578947367963e-02
9.131578947368421129e-02
1.072631578947368380e-01
8.905263157894736936e-02
8.421052631578947179e-02
1.045789473684210491e-01
8.810526315789474205e-02
1.047368421052631560e-01
9.052631578947369084e-02
1.111052631578947347e-01
9.115789473684210442e-02
1.089473684210526261e-01
8.442105263157895223e-02
8.957894736842104966e-02
1.107368421052631613e-01
9.478947368421052067e-02
1.048421052631578893e-01
9.410526315789473351e-02
8.878947368421052921e-02
1.082631578947368389e-01
9.368421052631578649e-02
1.108421052631578946e-01
1.135789473684210571e-01
9.421052631578946679e-02
9.663157894736841558e-02
8.447368421052631193e-02
6.689473684210525684e-02
1.032105263157894748e-01
7.610526315789473140e-02
1.047894736842105295e-01
9.710526315789473617e-02
1.086842105263157859e-01
1.030526315789473679e-01
9.184210526315789158e-02
9.236842105263158575e-02
1.075789473684210518e-01
7.921052631578946734e-02
8.642105263157895401e-02
1.141578947368421110e-01
9.415789473684210709e-02
9.794736842105263019e-02
9.326315789473683948e-02
7.410526315789474350e-02
8.015789473684210853e-02
9.026315789473683682e-02
8.805263157894736847e-02
1.022631578947368475e-01
1.011052631578947397e-01
1.034736842105263149e-01
1.018421052631579005e-01
1.096315789473684271e-01
9.405263157894737380e-02
8.836842105263158220e-02
1.029473684210526346e-01
9.447368421052632081e-02
1.138421052631578972e-01
1.105263157894736809e-01
9.547368421052632170e-02
9.557894736842105499e-02
9.115789473684210442e-02
1.094210526315789467e-01
9.784210526315789691e-02
9.636842105263157543e-02
8.821052631578947534e-02
9.373684210526316007e-02
9.926315789473684481e-02
1.113684210526315749e-01
1.026315789473684209e-01
1.107894736842105210e-01
1.127894736842105228e-01
1.082631578947368389e-01
9.768421052631579005e-02
9.921052631578947123e-02
9.973684210526315153e-02
1.126315789473684159e-01
1.055789473684210500e-01
8.147368421052630927e-02
6.721052631578947056e-02
1.045789473684210491e-01
8.673684210526315386e-02
8.315789473684211119e-02
8.352631578947368463e-02
8.699999999999999400e-02
1.025263157894736876e-01
9.942105263157895167e-02
9.057894736842105055e-02
8.263157894736841702e-02
1.060526315789473706e-01
1.083684210526315722e-01
1.064210526315789440e-01
9.821052631578947034e-02
1.019473684210526337e-01
1.063684210526315843e-01
1.013684210526315799e-01
1.014736842105263132e-01
1.026842105263157945e-01
9.042105263157894368e-02
8.857894736842104877e-02
1.118421052631578955e-01
1.030526315789473679e-01
1.071578947368421048e-01
9.305263157894737291e-02
1.046315789473684227e-01
1.042631578947368354e-01
1.073684210526315852e-01
9.368421052631578649e-02
9.721052631578946945e-02
9.478947368421052067e-02
1.052631578947368363e-01
9.521052631578946768e-02
8.794736842105263519e-02
9.336842105263157277e-02
8.315789473684211119e-02
1.090526315789473732e-01
1.019999999999999934e-01
1.023157894736842072e-01
1.033157894736842081e-01
1.074736842105263185e-01
9.831578947368420363e-02
8.031578947368421539e-02
8.910526315789474294e-02
8.736842105263158131e-02
1.009473684210526329e-01
9.842105263157895079e-02
7.868421052631578705e-02
1.113157894736842152e-01
9.484210526315789425e-02
1.049473684210526364e-01
8.515789473684209909e-02
8.984210526315788981e-02
1.197894736842105290e-01
8.363157894736841791e-02
9.257894736842105232e-02
1.018947368421052602e-01
1.077894736842105322e-01
8.768421052631579504e-02
8.831578947368420862e-02
9.284210526315789247e-02
9.615789473684210886e-02
8.400000000000000522e-02
7.852631578947368018e-02
1.045789473684210491e-01
9.573684210526316185e-02
9.915789473684211153e-02
1.147368421052631510e-01
1.105789473684210544e-01
8.968421052631578294e-02
1.069999999999999979e-01
9.731578947368421662e-02
1.067368421052631577e-01
1.013157894736842063e-01
1.045263157894736894e-01
9.026315789473683682e-02
9.794736842105263019e-02
9.631578947368421573e-02
9.405263157894737380e-02
8.421052631578947179e-02
1.079473684210526252e-01
1.142105263157894707e-01
1.116315789473684150e-01
9.236842105263158575e-02
1.017894736842105269e-01
8.863157894736842235e-02
1.011052631578947397e-01
1.118421052631578955e-01
1.197894736842105290e-01
1.084210526315789458e-01
9.378947368421051978e-02
1.017894736842105269e-01
1.040526315789473688e-01
8.484210526315789924e-02
9.863157894736841735e-02
1.012631578947368466e-01
1.038421052631578884e-01
9.515789473684210797e-02
1.141578947368421110e-01
1.135263157894736835e-01
1.183684210526315811e-01
1.027894736842105278e-01
1.071578947368421048e-01
1.087368421052631595e-01
1.133684210526315767e-01
1.152631578947368451e-01
1.077368421052631586e-01
1.145789473684210580e-01
1.112105263157894680e-01
1.098421052631578937e-01
9.821052631578947034e-02
7.842105263157894690e-02
7.626315789473683826e-02
8.778947368421052833e-02
1.093157894736842134e-01
1.025789473684210473e-01
9.089473684210526427e-02
1.051052631578947433e-01
1.078947368421052655e-01
1.150000000000000050e-01
8.221052631578947001e-02
9.652631578947368229e-02
1.067894736842105313e-01
8.673684210526315386e-02
1.014736842105263132e-01
1.157894736842105254e-01
1.124736842105263090e-01
1.117368421052631622e-01
1.178947368421052605e-01
8.415789473684211208e-02
8.921052631578947623e-02
7.894736842105262720e-02
9.010526315789472995e-02
1.039473684210526355e-01
1.098421052631578937e-01
9.668421052631578916e-02
1.120526315789473620e-01
1.128421052631578964e-01
1.094736842105263203e-01
1.019473684210526337e-01
8.278947368421052388e-02
9.831578947368420363e-02
1.026842105263157945e-01
9.763157894736841647e-02
1.169473684210526332e-01
9.231578947368421217e-02
9.884210526315789780e-02
9.978947368421052511e-02
8.031578947368421539e-02
1.044210526315789422e-01
1.072105263157894783e-01
8.973684210526315652e-02
1.125263157894736826e-01
1.023157894736842072e-01
1.085263157894736791e-01
9.810526315789473706e-02
1.111052631578947347e-01
9.005263157894737025e-02
1.039999999999999952e-01
1.148421052631578981e-01
9.852631578947368407e-02
1.131052631578947365e-01
1.011578947368420994e-01
1.037894736842105287e-01
8.047368421052632226e-02
1.065789473684210509e-01
1.056842105263157833e-01
1.094736842105263203e-01
1.057894736842105304e-01
1.085263157894736791e-01
1.039473684210526355e-01
1.034736842105263149e-01
1.135263157894736835e-01
1.143157894736842040e-01
9.747368421052630960e-02
1.050526315789473697e-01
9.284210526315789247e-02
1.010526315789473661e-01
9.500000000000000111e-02
1.179999999999999938e-01
8.963157894736842324e-02
1.008421052631578996e-01
1.114736842105263220e-01
1.128947368421052699e-01
1.107894736842105210e-01
1.047894736842105295e-01
9.784210526315789691e-02
8.442105263157895223e-02
9.142105263157894457e-02
1.023684210526315808e-01
1.003684210526315790e-01
8.784210526315788803e-02
1.010526315789473661e-01
1.102631578947368407e-01
1.019473684210526337e-01
1.042105263157894757e-01
9.884210526315789780e-02
9.947368421052631138e-02
1.012631578947368466e-01
1.038421052631578884e-01
8.884210526315788892e-02
1.015263157894736867e-01
1.185263157894736880e-01
1.047368421052631560e-01
9.431578947368421395e-02
1.157894736842105254e-01
1.104210526315789476e-01
1.102631578947368407e-01
8.436842105263157865e-02
1.054736842105263167e-01
8.026315789473684181e-02
1.033157894736842081e-01
1.006842105263157927e-01
1.136842105263157904e-01
1.135263157894736835e-01
1.036315789473684218e-01
1.039999999999999952e-01
1.226315789473684248e-01
1.169473684210526332e-01
1.071052631578947312e-01
1.106842105263157877e-01
1.169473684210526332e-01
1.087894736842105331e-01
1.052105263157894766e-01
1.102631578947368407e-01
1.172105263157894733e-01
1.030526315789473679e-01
1.107368421052631613e-01
9.042105263157894368e-02
1.039473684210526355e-01
1.137368421052631640e-01
1.037368421052631551e-01
8.626315789473684714e-02
1.002631578947368457e-01
9.126315789473683771e-02
1.050526315789473697e-01
9.278947368421053277e-02
1.021052631578947406e-01
1.126842105263157895e-01
1.036315789473684218e-01
9.289473684210526605e-02
1.054210526315789431e-01
1.105263157894736809e-01
1.103157894736842143e-01
9.657894736842105587e-02
9.784210526315789691e-02
1.157368421052631519e-01
9.889473684210525750e-02
1.086315789473684262e-01
9.405263157894737380e-02
1.126315789473684159e-01
1.073684210526315852e-01
1.015263157894736867e-01
1.006315789473684191e-01
1.009473684210526329e-01
7.994736842105262808e-02
1.135263157894736835e-01
1.158947368421052587e-01
1.056842105263157833e-01
8.110526315789473584e-02
1.029473684210526346e-01
9.357894736842105321e-02
1.077894736842105322e-01
1.073157894736842116e-01
1.158421052631578990e-01
1.038947368421052619e-01
9.800000000000000377e-02
9.284210526315789247e-02
1.044736842105263158e-01
1.066842105263157842e-01
1.036315789473684218e-01
8.357894736842105821e-02
1.105789473684210544e-01
1.064736842105263176e-01
1.095263157894736800e-01
1.002631578947368457e-01
9.421052631578946679e-02
1.143684210526315775e-01
1.138421052631578972e-01
1.204210526315789426e-01
1.102631578947368407e-01
1.118421052631578955e-01
1.057894736842105304e-01
1.042105263157894757e-01
1.098947368421052673e-01
9.731578947368421662e-02
1.126315789473684159e-01
1.083157894736842125e-01
9.536842105263157454e-02
1.167368421052631527e-01
9.963157894736841824e-02
1.089999999999999997e-01
1.042631578947368354e-01
1.112105263157894680e-01
1.067894736842105313e-01
1.039473684210526355e-01
8.989473684210526339e-02
1.020526315789473670e-01
1.037894736842105287e-01
1.084210526315789458e-01
9.821052631578947034e-02
