1.013353268305460686e+00
1.242694060007731194e+00
1.543525894482930427e+00
1.152833263079325432e+00
5.303645928700765344e-01
4.395314455032348633e-01
4.799496630827586041e-01
5.391068955262502405e-01
5.532549023628234863e-01
4.958637158075968610e-01
5.344072977701822547e-01
5.129362543423970910e-01
5.717694660027822229e-01
4.908673763275146484e-01
5.502708554267883301e-01
5.261084536711374549e-01
5.492289662361145020e-01
5.643840531508127478e-01
5.460616151491800574e-01
5.580706795056661340e-01
5.577984650929769250e-01
5.556934575239816931e-01
5.631667176882425574e-01
5.665287176767984656e-01
5.735895435015360144e-01
5.645280281702677039e-01
5.728163917859395715e-01
5.727320114771524695e-01
5.716530283292134973e-01
5.726528962453206750e-01
5.736032327016195032e-01
5.731068650881449011e-01
5.736472805341085168e-01
5.761766731739044189e-01
6.002592146396636963e-01
5.887593030929565430e-01
5.864286919434865686e-01
5.929738680521646765e-01
5.937800606091817590e-01
5.896035830179849890e-01
5.919625759124755859e-01
5.918268561363220215e-01
5.983754396438598633e-01
6.033287545045217248e-01
5.963591039180755615e-01
5.977651675542196008e-01
6.058205167452493933e-01
6.031119624773660925e-01
6.018445988496144983e-01
6.029723882675170898e-01
6.037911375363668176e-01
6.090044577916463586e-01
6.082756717999776575e-01
6.077047288417816162e-01
6.182076930999755859e-01
6.158827940622965125e-01
6.129274864991506311e-01
6.254702806472778320e-01
6.207505663235982629e-01
6.195402940114339563e-01
6.250721216201782227e-01
6.261543432871500281e-01
6.221976478894551965e-01
6.249802509943643836e-01
6.233321825663248328e-01
6.246523161729177209e-01
6.262559890747070312e-01
6.280880173047383996e-01
6.240813036759694787e-01
6.273971796035766602e-01
6.332738697528839111e-01
6.334097385406494141e-01
6.264075239499410364e-01
6.316500008106231689e-01
6.295979022979736328e-01
6.283004681269327429e-01
6.317876776059468957e-01
6.399058302243550989e-01
6.381498972574869422e-01
6.346138219038645056e-01
6.306210060914357873e-01
6.360651652018228797e-01
6.454987525939941406e-01
6.481485565503438684e-01
6.437374651432037354e-01
6.432979305585225793e-01
6.452233692010244104e-01
6.510360439618428918e-01
6.458448171615600586e-01
6.437913775444030762e-01
6.424809197584787634e-01
6.489055554072061804e-01
6.547122399012247351e-01
6.453817884127298621e-01
6.529017587502797815e-01
6.576411922772725793e-01
6.525421738624572754e-01
6.528263688087463379e-01
6.512667536735534668e-01
6.538477639357248572e-01
6.595924099286397668e-01
6.574583252271016809e-01
6.569923361142476770e-01
6.533119082450866699e-01
6.561886469523111609e-01
6.599950790405273438e-01
6.607927481333414343e-01
6.557402809460958215e-01
6.626327037811279297e-01
6.618301868438720703e-01
6.623556514581044885e-01
6.662033597628275183e-01
6.666109959284464148e-01
6.737599571545919153e-01
6.682369709014892578e-01
6.691146890322366980e-01
6.658104062080383301e-01
6.660617987314859656e-01
6.693058113257089881e-01
6.674358447392781946e-01
6.713349223136901855e-01
6.696545879046121863e-01
6.716350317001342773e-01
6.761837303638458252e-01
6.765511532624562951e-01
6.743802527586618689e-01
6.724040309588114050e-01
6.737198034922281531e-01
6.766232152779897424e-01
6.809424757957458496e-01
6.819120049476623535e-01
6.764197945594787598e-01
6.748245755831400183e-01
6.724244753519693640e-01
6.792798240979512903e-01
6.830898423989614221e-01
6.789008478323618201e-01
6.788738171259561804e-01
6.786295274893442420e-01
6.782965858777364465e-01
6.811656852563222619e-01
6.804308891296386719e-01
6.820182005564371375e-01
6.829909086227416992e-01
6.830624540646871301e-01
6.822505692640939978e-01
6.812320550282796594e-01
6.830999255180358887e-01
6.905874113241831092e-01
6.913310289382934570e-01
6.911967893441518518e-01
6.876348058382669715e-01
6.912663380304971961e-01
6.956886649131774902e-01
6.943788031737009314e-01
6.910340189933776855e-01
6.915822625160217285e-01
6.882587075233459473e-01
6.918038725852966309e-01
6.912576456864675256e-01
6.938119928042093543e-01
6.974393328030904504e-01
6.971904635429382324e-01
6.933221121629079553e-01
6.899565855662027625e-01
6.956217487653096887e-01
6.958602567513784143e-01
6.973105072975158691e-01
6.975388328234354285e-01
7.004702190558115271e-01
7.014291087786356238e-01
6.969677706559499475e-01
6.972367962201436731e-01
6.935280958811441687e-01
6.986068685849508020e-01
7.119869391123453406e-01
7.080686887105306360e-01
7.067576150099436072e-01
7.138184905052185059e-01
7.115600903828939172e-01
7.079364558060964319e-01
7.085690299669901160e-01
7.086030940214792517e-01
7.018870711326599121e-01
7.030935883522033691e-01
7.048016587893167761e-01
7.096699873606363562e-01
7.073375880718231201e-01
7.079558074474334717e-01
7.081798017024993896e-01
7.107986807823181152e-01
7.128768364588419226e-01
7.090659439563751221e-01
7.116181453069051477e-01
7.110186815261840820e-01
7.102172970771789551e-01
7.143469254175821570e-01
7.102934122085571289e-01
7.180960178375244141e-01
7.134418686230977746e-01
7.168004910151163367e-01
7.155139247576395300e-01
7.133783598740895959e-01
7.158522208531697961e-01
7.158944408098856238e-01
7.172332803408304480e-01
7.136137485504150391e-01
7.168555259704589844e-01
7.188156048456827429e-01
7.193583647410074500e-01
7.191176613171895715e-01
7.161070505777994422e-01
7.158208688100179407e-01
7.213243444760640832e-01
7.174581487973531457e-01
7.200966676076253625e-01
7.147249380747476843e-01
7.224974036216735840e-01
7.219567696253458289e-01
7.238136927286783484e-01
7.284426490465799597e-01
7.192005912462869910e-01
7.254685362180074426e-01
7.223658561706542969e-01
7.205488483111063269e-01
7.157494227091470984e-01
7.179434100786844519e-01
7.218720714251199988e-01
7.273171345392862586e-01
7.274857759475708008e-01
7.229364713033040735e-01
7.258483370145162317e-01
7.233958641688028601e-01
7.298004031181335449e-01
7.285299102465311316e-01
7.267250418663024902e-01
7.268001039822896692e-01
7.224261363347371789e-01
7.339600125948587683e-01
7.274817625681558875e-01
7.301615476608276367e-01
7.316062251726785925e-01
7.340791225433349609e-01
7.378608783086141321e-01
7.314852078755696985e-01
7.337751984596252441e-01
7.317306796709696082e-01
7.360183000564575195e-01
7.354364593823751184e-01
7.322604656219482422e-01
7.315246264139810828e-01
7.336838642756143836e-01
7.335052092870076867e-01
7.318698167800903320e-01
7.298956910769144324e-01
7.377055883407592773e-01
7.364301085472106934e-01
7.348034580548604700e-01
7.429939309755960730e-01
7.450433174769083289e-01
7.354733149210611609e-01
7.391507824261983606e-01
7.375110983848571777e-01
7.361955046653747559e-01
7.366263270378112793e-01
7.435648441314697266e-01
7.379959821701049805e-01
7.442451119422912598e-01
7.396517197291055945e-01
7.442344029744466516e-01
7.354566653569539758e-01
7.372543811798095703e-01
7.412697474161783484e-01
7.429763674736022949e-01
7.396177848180135461e-01
7.423292398452758789e-01
7.427311340967813758e-01
7.446627616882324219e-01
7.376530369122823450e-01
7.392153739929199219e-01
7.446009914080301550e-01
7.430799404780069617e-01
7.440124551455179480e-01
7.429923415184020996e-01
7.401549220085144043e-01
7.415085236231485633e-01
7.426981925964355469e-01
7.459514339764913293e-01
7.440396745999654504e-01
7.447330753008524207e-01
7.508302529652913782e-01
7.490859230359395715e-01
7.500346104303995398e-01
7.459660172462463379e-01
7.422487735748291016e-01
7.461290359497070312e-01
7.435962756474813196e-01
7.469649116198221472e-01
7.491794427235921594e-01
7.514497637748718262e-01
7.481233874956766394e-01
7.498053312301635742e-01
7.471715609232584265e-01
7.504262924194335938e-01
7.508914868036905554e-01
7.475893696149190637e-01
7.460124095280965539e-01
7.538200219472249719e-01
7.536938985188802453e-01
7.541748682657877234e-01
7.543429136276245117e-01
7.524799108505249023e-01
7.587096492449442175e-01
7.534948388735452918e-01
7.519480784734090539e-01
7.528928915659586218e-01
7.501616080602010461e-01
7.500777641932169226e-01
7.502998908360799524e-01
7.525749405225118371e-01
7.525050242741903039e-01
7.560569842656453821e-01
7.502429882685343054e-01
7.531628807385762903e-01
7.577426830927530554e-01
7.551612257957458496e-01
7.588506539662679407e-01
7.550515929857889441e-01
7.523550987243652344e-01
7.572810252507528039e-01
7.579372525215148926e-01
7.541336019833883020e-01
7.557049592336019250e-01
7.570967674255371094e-01
7.543311715126037598e-01
7.620398004849752160e-01
7.607605059941610071e-01
7.565914193789163855e-01
7.557582060496012000e-01
7.547957499821981164e-01
7.545295159022012976e-01
7.567570010821024207e-01
7.643541097640991211e-01
7.647508978843688965e-01
7.574717402458190918e-01
7.626392443974813196e-01
7.605025569597879675e-01
7.599072058995565149e-01
7.628120779991149902e-01
7.587762077649434778e-01
7.623502016067504883e-01
7.630948821703592566e-01
7.697966098785400391e-01
7.672200600306192664e-01
7.646142443021138879e-01
7.690861026446024207e-01
7.618164221445719031e-01
7.679656545321146277e-01
7.713636159896850586e-01
7.636403640111287805e-01
7.696005503336588172e-01
7.677680253982543945e-01
7.676921685536702844e-01
7.671006719271341590e-01
7.679063677787780762e-01
7.687563896179199219e-01
7.640980879465738562e-01
7.656992673873901367e-01
7.684594591458638879e-01
7.701925635337829590e-01
7.730906009674072266e-01
7.733980019887288782e-01
7.687662442525228235e-01
7.744714021682739258e-01
7.732959389686584473e-01
7.733026544253031043e-01
7.717487215995788574e-01
7.641067306200662879e-01
7.718343138694763184e-01
7.704130212465921668e-01
7.670607169469197961e-01
7.711838483810424805e-01
7.729360659917196008e-01
7.697341442108154297e-01
7.705750068028768274e-01
7.729818820953369141e-01
7.740234931310018274e-01
7.722522616386413574e-01
7.749668558438619348e-01
7.805790106455484656e-01
7.744153340657552453e-01
7.775308092435201379e-01
7.774643699328104285e-01
7.779012322425842285e-01
7.799310684204101562e-01
7.791087031364440918e-01
7.730634013811746863e-01
7.782177130381265906e-01
7.788276473681131629e-01
7.766506671905517578e-01
7.786510189374288293e-01
7.840745846430460242e-01
7.800129055976867676e-01
7.778363625208536414e-01
7.770332892735799524e-01
7.745672861735025672e-01
7.755283912022908899e-01
7.773253321647644043e-01
7.740892171859741211e-01
7.759100198745727539e-01
7.769709428151448938e-01
7.751367688179016113e-01
7.839622100194295617e-01
7.797880371411641809e-01
7.822181582450866699e-01
7.823976079622904090e-01
7.815807263056436804e-01
7.833561499913533899e-01
7.843864560127258301e-01
7.839673956235250207e-01
7.861237327257791785e-01
7.802670200665792200e-01
7.848329742749532434e-01
7.831665078798929480e-01
7.877469460169473914e-01
7.833423813184102746e-01
7.784973978996276855e-01
7.799721360206604004e-01
7.779577573140462610e-01
7.791015307108560828e-01
7.802344759305318567e-01
7.822654644648233679e-01
7.804704705874124793e-01
7.877512574195861816e-01
7.856063445409139367e-01
7.867984771728515625e-01
7.833609580993652344e-01
7.801943023999532434e-01
7.837760845820108679e-01
7.871324618657430383e-01
7.936276396115621301e-01
7.931887308756510047e-01
7.843953967094421387e-01
7.841244737307230261e-01
7.800679008165994910e-01
7.819217840830484656e-01
7.821770906448364258e-01
7.885369062423706055e-01
7.798450589179992676e-01
7.830256819725036621e-01
7.845594684282938269e-01
7.820220987002054480e-01
7.882796724637349817e-01
7.853243350982666016e-01
7.814552187919616699e-01
7.880546251932779578e-01
7.871363361676534387e-01
7.905137340227762488e-01
7.897890011469522742e-01
7.875296870867410925e-01
7.933805386225382117e-01
7.900618910789489746e-01
7.923686901728311804e-01
7.955264846483866004e-01
7.918623089790344238e-01
7.924556136131286621e-01
7.919798294703165320e-01
7.890138228734334680e-01
7.900459766387939453e-01
7.959096829096475867e-01
7.918970783551534387e-01
7.926770250002542761e-01
7.992912729581197473e-01
7.970409989356994629e-01
7.960843841234842566e-01
7.977131605148315430e-01
7.957901358604431152e-01
7.910439968109130859e-01
7.922670642534891394e-01
7.901340723037719727e-01
7.930009563763936731e-01
7.937501470247904090e-01
7.966929078102111816e-01
7.904483675956726074e-01
7.915112972259521484e-01
7.961852153142293664e-01
8.000084161758422852e-01
7.918981512387593957e-01
7.918195923169454309e-01
7.976187666257222864e-01
7.924132943153381348e-01
7.982531785964965820e-01
8.010018865267435340e-01
7.964635888735452918e-01
8.002130786577860144e-01
8.006785313288370398e-01
7.936617334683736535e-01
7.953224778175354004e-01
8.015776673952738074e-01
7.979363799095153809e-01
7.967788974444071082e-01
8.002305428187052039e-01
8.029988408088684082e-01
8.064982493718465539e-01
8.002696633338928223e-01
7.979499896367391321e-01
7.998297413190206262e-01
7.996426423390706750e-01
7.988952795664469031e-01
7.960317532221475867e-01
8.001349568367004395e-01
7.953851024309793738e-01
8.045594096183776855e-01
8.005801041920980188e-01
8.016392787297567102e-01
7.999105850855509070e-01
8.008542855580648157e-01
8.005455533663431433e-01
7.973566651344299316e-01
8.034292459487915039e-01
7.990520993868509558e-01
8.070825338363647461e-01
8.070687055587768555e-01
8.117818236351013184e-01
8.092439770698547363e-01
8.065883318583170203e-01
8.036975661913553504e-01
8.068123857180277136e-01
8.106121222178140906e-01
8.019401232401529578e-01
8.053303559621175500e-01
8.116070628166198730e-01
8.113338549931844446e-01
8.072325785954793664e-01
8.041465679804483679e-01
8.066880901654561731e-01
8.067654371261596680e-01
8.008880416552225379e-01
8.032390077908834192e-01
8.099892536799112586e-01
8.058745662371317175e-01
8.074389298756917688e-01
8.093414505322774621e-01
8.089498281478881836e-01
8.074747522672017785e-01
8.098850250244140625e-01
8.053692976633707312e-01
8.073930541674295691e-01
8.073751727739969519e-01
8.046387036641439172e-01
8.127280473709106445e-01
8.136800328890482215e-01
8.088257511456807825e-01
8.093160986900329590e-01
8.070229291915893555e-01
8.054838379224141809e-01
8.038322528203328821e-01
8.046667973200479773e-01
8.053006529808044434e-01
8.144253691037496301e-01
8.138897418975830078e-01
8.100094397862752649e-01
8.143749634424845008e-01
8.104449311892191199e-01
8.082590301831563684e-01
8.076970179875692102e-01
8.145113984743753699e-01
8.202755451202392578e-01
8.145913084348043176e-01
8.136565287907918664e-01
8.124614953994750977e-01
8.075731992721557617e-01
8.057173689206441614e-01
8.095523913701375696e-01
8.119033376375833777e-01
8.176881472269693640e-01
8.155182997385660437e-01
8.098185459772745398e-01
8.135921955108642578e-01
8.216052651405334473e-01
8.102351824442545203e-01
8.036510348320007324e-01
8.128603696823120117e-01
8.258135318756103516e-01
8.224496245384216309e-01
8.226848244667053223e-01
8.235664963722229004e-01
8.174535632133483887e-01
8.226777911186218262e-01
8.184248208999633789e-01
8.145843346913655969e-01
8.179637789726257324e-01
8.176047801971435547e-01
8.162157138188680383e-01
8.096799651781717566e-01
8.101936181386312219e-01
8.119769493738809851e-01
8.171319762865701941e-01
8.151922623316446570e-01
8.230140010515848425e-01
8.231235742568969727e-01
8.235567808151245117e-01
8.139826854070028039e-01
8.178586165110269812e-01
8.167699376742044715e-01
8.154697815577188758e-01
8.151724537213643762e-01
8.128775954246520996e-01
8.225692510604858398e-01
8.227030634880065918e-01
8.196934064229329797e-01
8.213665684064229700e-01
8.229435284932454797e-01
8.213331500689188269e-01
8.232016762097676965e-01
8.251482049624124793e-01
8.233896493911743164e-01
8.224734862645467492e-01
8.244074781735738489e-01
8.252617915471395227e-01
8.206930160522460938e-01
8.277228275934854773e-01
8.197169899940490723e-01
8.198349674542745325e-01
8.158009052276611328e-01
8.229428132375081750e-01
8.178847233454386023e-01
8.208878636360168457e-01
8.229904969533284875e-01
8.222153385480245325e-01
8.213086128234863281e-01
8.206039865811666223e-01
8.232531150182088586e-01
8.276972572008768347e-01
8.256210287412008020e-01
8.226722478866577148e-01
8.216382861137390137e-01
8.199691573778787879e-01
8.254664341608682898e-01
8.247624039649963379e-01
8.251507282257080078e-01
8.227041363716125488e-01
8.188874721527099609e-01
8.199289639790853235e-01
8.203471501668294641e-01
8.234089612960815430e-01
8.204690814018249512e-01
8.278245131174722937e-01
8.234464327494303015e-01
8.306345542271932336e-01
8.294139703114827844e-01
8.273318211237589148e-01
8.217366735140482215e-01
8.180170853932698938e-01
8.246886531511942175e-01
8.199804226557413367e-01
8.212592800458272668e-01
8.239218195279439660e-01
8.178679943084716797e-01
8.234458764394124719e-01
8.230855663617452356e-01
8.196533719698587683e-01
8.240300019582113000e-01
8.261541128158569336e-01
8.246640761693319055e-01
8.287269473075866699e-01
8.245077133178710938e-01
8.219109574953714636e-01
8.245311379432678223e-01
8.298780918121337891e-01
8.321707844734191895e-01
8.320567409197489050e-01
8.285855253537496301e-01
8.249127864837646484e-01
8.276315331459045410e-01
8.336122433344522742e-01
8.246181209882100793e-01
8.250364661216735840e-01
8.206381400426229211e-01
8.278021812438964844e-01
8.247815370559692383e-01
8.274549444516500207e-01
8.246136903762817383e-01
8.293520212173461914e-01
8.247010906537374231e-01
8.311339418093363074e-01
8.278457125027974817e-01
8.247002760569254187e-01
8.286797404289245605e-01
8.326354026794433594e-01
8.302406668663024902e-01
8.274288376172383996e-01
8.323326309521993371e-01
8.308441241582235071e-01
8.257020910580953332e-01
8.261893987655639648e-01
8.297336498896280554e-01
8.264494736989339563e-01
8.289386828740438196e-01
8.323843677838643762e-01
8.297466039657592773e-01
8.272936344146728516e-01
8.297260403633117676e-01
8.302761912345886230e-01
8.259374499320983887e-01
8.285559813181558875e-01
8.269078135490417480e-01
8.319868445396423340e-01
8.302482167879740027e-01
8.280455867449442175e-01
8.275493184725443152e-01
8.323257565498352051e-01
8.283316294352213172e-01
8.322156667709350586e-01
8.293944199879964563e-01
8.287123839060465125e-01
8.263717293739318848e-01
8.362309535344442102e-01
8.354401588439941406e-01
8.344450592994689941e-01
8.318678736686706543e-01
8.341658711433410645e-01
8.267338871955871582e-01
8.302534421284993860e-01
8.306912978490194055e-01
8.299459417661031457e-01
8.309447169303894043e-01
8.301331798235574988e-01
8.293338616689046594e-01
8.306372364362081262e-01
8.305138349533081055e-01
8.298889398574829102e-01
8.357273538907369348e-01
8.291673461596170691e-01
8.307499488194783899e-01
8.363059163093566895e-01
8.288789192835489539e-01
8.312298456827799109e-01
8.268579244613647461e-01
8.344670534133911133e-01
8.354266087214151648e-01
8.327977259953817102e-01
8.364182313283284875e-01
8.342092434565225867e-01
8.373778859774271277e-01
8.361699382464090613e-01
8.389880458513895300e-01
8.303860227266947058e-01
8.399931987126668664e-01
8.360025286674499512e-01
8.343538840611776086e-01
8.324175477027893066e-01
8.335659305254617957e-01
8.314434488614400598e-01
8.281975785891214636e-01
8.294867873191833496e-01
8.322573105494180945e-01
8.316699663798013953e-01
8.332366148630777625e-01
8.350427548090616492e-01
8.340009450912475586e-01
8.380759954452514648e-01
8.359453678131103516e-01
8.392695784568786621e-01
8.345519304275512695e-01
8.411926031112670898e-01
8.358648220698038367e-01
8.357145190238952637e-01
8.352058132489522668e-01
8.354772726694742468e-01
8.349378705024719238e-01
8.369162281354268762e-01
8.388077020645141602e-01
8.395318587621053430e-01
8.372128804524739953e-01
8.341975410779317590e-01
8.323116302490234375e-01
8.418890237808227539e-01
8.350797295570373535e-01
8.380822539329528809e-01
8.391255338986715051e-01
8.393224080403646203e-01
8.356472452481588098e-01
8.304827213287353516e-01
8.321617444356282922e-01
8.352939883867899207e-01
8.347025513648986816e-01
8.374899029731750488e-01
8.408709168434143066e-01
8.408121864000955847e-01
8.393513957659403113e-01
8.353624343872070312e-01
8.355158567428588867e-01
8.380783597628275183e-01
8.358118534088134766e-01
8.395711978276571008e-01
8.361261884371439246e-01
8.359136780103048059e-01
8.336448073387145996e-01
8.354147473971048621e-01
8.351658781369527551e-01
8.439911405245462683e-01
8.358191649119058875e-01
8.309773008028665808e-01
8.351972103118896484e-01
8.379049499829610559e-01
8.439022699991861609e-01
8.421697417894998816e-01
8.394703666369119910e-01
8.393716812133789062e-01
8.365435004234313965e-01
8.389661908149719238e-01
8.379235068957010535e-01
8.421176671981811523e-01
8.396954536437988281e-01
8.407173156738281250e-01
8.409096002578735352e-01
8.416532874107360840e-01
8.481958111127217981e-01
8.409045338630676270e-01
8.376513918240865442e-01
8.450018962224324914e-01
8.373333017031351355e-01
8.352118730545043945e-01
8.324979345003763465e-01
8.370865980784097937e-01
8.448550303777059289e-01
8.449321389198303223e-01
8.405039509137471887e-01
8.400765260060628625e-01
8.390888969103494910e-01
8.403199911117553711e-01
8.408525784810384485e-01
8.443833986918131140e-01
8.379140297571817664e-01
8.380919893582662317e-01
8.470980922381082800e-01
8.431324362754821777e-01
8.343615531921386719e-01
8.386030991872152063e-01
8.434593876202901575e-01
8.465913732846578332e-01
8.410812417666116980e-01
8.423394163449605676e-01
8.420151074727376672e-01
8.392106890678405762e-01
8.381568789482116699e-01
8.384345571200052527e-01
8.416070938110351562e-01
8.447826306025186804e-01
8.399834036827087402e-01
8.390790224075317383e-01
8.432023922602335242e-01
8.439678549766540527e-01
8.416317900021871301e-01
8.405152757962545129e-01
8.417944510777791711e-01
8.454895814259847375e-01
8.341224590937296179e-01
8.389934301376342773e-01
8.357091943422952918e-01
8.352326154708862305e-01
8.390914201736450195e-01
8.391589721043904992e-01
8.360102971394857141e-01
8.396666447321573523e-01
8.446957866350809363e-01
8.412260810534158972e-01
8.431492050488790246e-01
8.432694077491760254e-01
8.416716655095418664e-01
8.371515274047851562e-01
8.407266736030578613e-01
8.420588572820028039e-01
8.426520029703775672e-01
8.435184160868326453e-01
8.386371731758117676e-01
8.402300675710042688e-01
8.434001803398132324e-01
8.387032945950826379e-01
8.379693826039632532e-01
8.445617556571960449e-01
8.424559036890665320e-01
8.457674980163574219e-01
8.410891890525817871e-01
8.432286580403646203e-01
8.432279626528421668e-01
8.457655111948648718e-01
8.418850898742675781e-01
8.486510515213012695e-01
8.455813725789388391e-01
8.435098131497701379e-01
8.382044037183126184e-01
8.409508864084879187e-01
8.385737737019857141e-01
8.389364083607991907e-01
8.399850726127624512e-01
8.405194282531738281e-01
8.492000102996826172e-01
8.411099712053934363e-01
8.400848309199014929e-01
8.397985696792602539e-01
8.457833131154378625e-01
8.441002170244852332e-01
8.406921426455179480e-01
8.386566440264383582e-01
8.450215458869934082e-01
8.427201708157857629e-01
8.435274163881937293e-01
8.430611888567606238e-01
8.454114993413289758e-01
8.420309225718179968e-01
8.385093609491983679e-01
8.382061918576558801e-01
8.423693180084228516e-01
8.443734645843505859e-01
8.416956663131713867e-01
8.457125027974446985e-01
8.414118885993957520e-01
8.480319182078043250e-01
8.474269111951192590e-01
8.439185619354248047e-01
8.457795778910318640e-01
8.399058580398559570e-01
8.457585175832113000e-01
8.431309858957926062e-01
8.443788687388101843e-01
8.409101366996765137e-01
8.450437982877095910e-01
8.391731381416320801e-01
8.374489545822143555e-01
8.411269386609395715e-01
8.423611919085184363e-01
8.419731855392456055e-01
8.451827764511108398e-01
8.447947104771932336e-01
8.461248675982157019e-01
8.421696424484252930e-01
8.422770698865255090e-01
8.420654932657877234e-01
8.443300525347391394e-01
8.387855490048726770e-01
8.465228478113809851e-01
8.478493690490722656e-01
8.450085322062174109e-01
8.456187645594278601e-01
8.514135877291361121e-01
8.485800425211588172e-01
8.546310861905416223e-01
8.489596645037332800e-01
8.407874703407287598e-01
8.373760382334390906e-01
8.402447104454040527e-01
8.478011687596639367e-01
8.473963141441345215e-01
8.425829013188680383e-01
8.428243597348531457e-01
8.399233023325601843e-01
8.389938076337178918e-01
8.416899442672729492e-01
8.428527712821960449e-01
8.427344957987467078e-01
8.443076411883035925e-01
8.477160731951395300e-01
8.464711308479309082e-01
8.446016112963358191e-01
8.462058901786804199e-01
8.428997397422790527e-01
8.439127008120218543e-01
8.407679994901021692e-01
8.416184186935424805e-01
8.412269949913024902e-01
8.479043841361999512e-01
8.455600539843241004e-01
8.401986956596374512e-01
8.406733075777689246e-01
8.459637761116027832e-01
8.471541603406270715e-01
8.448336919148763391e-01
8.482520778973897668e-01
8.438642024993896484e-01
8.433846831321716309e-01
8.410144448280334473e-01
8.407008449236551550e-01
8.440400163332620886e-01
8.489371140797933313e-01
8.443176547686258582e-01
8.406699697176615027e-01
8.417790333429971961e-01
8.419468800226846961e-01
8.422061999638875696e-01
8.450100421905517578e-01
8.378305435180664062e-01
8.453832467397054407e-01
8.439176082611083984e-01
8.415100971857706336e-01
8.482619722684224817e-01
8.499906659126281738e-01
8.467710415522257117e-01
8.473471800486246375e-01
8.458286126454671594e-01
8.438974221547445032e-01
8.432596921920776367e-01
8.471558690071105957e-01
8.461817502975463867e-01
8.511307438214620325e-01
8.517108758290609094e-01
8.459058006604512903e-01
8.389645814895629883e-01
8.418091535568237305e-01
8.419958949089050293e-01
8.378573258717855188e-01
8.389748533566793176e-01
8.388479550679525110e-01
8.455368081728616980e-01
8.441305359204610559e-01
8.470160166422525672e-01
8.458315531412760047e-01
8.433252374331156043e-01
8.471003572146097449e-01
8.500090241432189941e-01
8.436703085899353027e-01
8.470200896263122559e-01
8.463891347249349328e-01
8.465509017308553430e-01
8.480828007062276575e-01
8.492849270502725867e-01
8.422226111094156531e-01
8.490072290102640418e-01
8.537826736768087121e-01
8.504581252733866004e-01
8.519182403882344934e-01
8.481526176134744910e-01
8.449144164721170691e-01
8.499557773272196082e-01
8.469925721486409875e-01
8.398693799972534180e-01
8.461008667945861816e-01
8.452837467193603516e-01
8.443769613901773718e-01
8.421105543772379187e-01
8.441334962844848633e-01
8.469897707303365442e-01
8.391295274098714563e-01
8.405829469362894324e-01
8.482986887296041223e-01
8.464100956916809082e-01
8.498532772064208984e-01
8.485442201296488074e-01
8.435378273328145715e-01
8.434711694717407227e-01
8.464708328247070312e-01
8.469156622886657715e-01
8.430591225624084473e-01
8.382746775945028039e-01
8.412388960520426062e-01
8.358896970748901367e-01
8.399840990702310828e-01
8.414638042449951172e-01
8.394941687583923340e-01
8.435002764066060754e-01
8.416472673416137695e-01
8.412913282712300989e-01
8.472518920898437500e-01
8.504010836283365515e-01
8.494215011596679688e-01
8.407568136850992468e-01
8.408358891805013391e-01
8.443184494972229004e-01
8.454083800315856934e-01
8.471672534942626953e-01
8.440368970235189172e-01
8.436436653137207031e-01
8.447968562444051477e-01
8.440787196159362793e-01
8.431590596834818152e-01
8.436639308929443359e-01
8.448613286018371582e-01
8.420219421386718750e-01
8.457630674044290808e-01
8.439065019289652136e-01
8.411980668703714636e-01
8.444853425025939941e-01
8.452459971110025672e-01
8.425049384435018274e-01
8.552812337875366211e-01
8.454812169075012207e-01
8.503602743148803711e-01
8.531858523686727258e-01
8.470012346903482703e-01
8.470171292622884485e-01
8.437207142512003211e-01
8.439142107963562012e-01
8.493323524792989465e-01
8.470503290494283410e-01
8.484315474828084680e-01
8.485210935274759558e-01
8.507375717163085938e-01
8.417597214380899695e-01
8.472258249918619422e-01
8.500555356343587610e-01
8.463815649350484582e-01
8.424326181411743164e-01
8.425260782241821289e-01
8.421731988588968543e-01
8.441077073415120813e-01
8.406845132509866980e-01
8.496951659520467492e-01
8.535265525182088586e-01
8.489979902903238562e-01
8.501559297243753699e-01
8.516294558842977258e-01
8.511934280395507812e-01
8.484643101692199707e-01
8.447318871815999719e-01
8.443889021873474121e-01
8.425178329149881629e-01
8.478142221768697473e-01
8.534911870956420898e-01
8.536383310953775672e-01
8.453722198804219934e-01
8.456487456957498816e-01
8.491133650143941614e-01
8.540036280949910852e-01
8.509014050165811804e-01
8.557060758272806433e-01
8.517849047978719446e-01
8.510156472524007532e-01
8.475778897603353235e-01
8.505060275395711633e-01
8.533106446266174316e-01
8.524075945218404504e-01
8.480784296989440918e-01
8.565791050593057898e-01
8.494943579037984582e-01
8.507538437843322754e-01
8.533895015716552734e-01
8.503544131914774207e-01
8.519645531972249719e-01
8.508433898289998742e-01
8.514868617057800293e-01
8.549295663833618164e-01
8.543279170989990234e-01
8.572227557500203821e-01
8.550324638684591028e-01
8.509784142176309851e-01
8.537870049476623535e-01
8.559507528940836218e-01
8.530663053194681433e-01
8.522466421127319336e-01
8.505417505900064734e-01
8.550621072451273230e-01
8.534890015920003625e-01
8.531168301900228235e-01
8.554274837176004675e-01
8.514998952547708777e-01
8.513435324033101770e-01
8.539449771245321008e-01
8.564889828364053992e-01
8.537623087565103797e-01
8.545135458310445520e-01
8.528663317362467078e-01
8.543699185053507117e-01
8.544109265009561804e-01
8.616746664047241211e-01
8.582831621170043945e-01
8.569947282473245886e-01
8.552520672480264929e-01
8.564002116521199914e-01
8.594919443130493164e-01
8.609787027041116980e-01
8.624750773111978797e-01
8.633100191752115515e-01
8.652728001276651648e-01
8.705105582873026160e-01
8.681176106135050086e-01
8.665111064910888672e-01
8.620043198267618445e-01
8.688139518102010461e-01
8.661940097808837891e-01
8.674248456954956055e-01
8.634972572326660156e-01
8.469984730084737512e-01
8.587331374486287805e-01
8.661965529123941687e-01
8.673076828320821496e-01
8.681988716125488281e-01
8.612727125485738489e-01
8.620615005493164062e-01
8.599039713541666297e-01
8.567617138226827356e-01
8.632593750953674316e-01
8.688150246938070032e-01
8.686922391255696985e-01
8.663544654846191406e-01
8.621108730634053918e-01
8.639785250027974817e-01
8.585546414057413367e-01
8.675620357195535925e-01
8.681118686993917200e-01
8.640531698862711218e-01
8.667423725128173828e-01
8.680204550425211218e-01
8.707691828409830359e-01
8.657433589299520227e-01
8.667658567428588867e-01
8.720982074737548828e-01
8.708659013112386438e-01
8.701329032580057410e-01
8.702257871627807617e-01
8.686701258023580285e-01
8.729852636655172082e-01
8.664255340894063684e-01
8.626569906870523718e-01
8.649929563204447058e-01
8.665366570154825476e-01
8.661363919576009485e-01
8.672193288803100586e-01
8.675216237703958777e-01
8.722376624743143347e-01
8.799681663513183594e-01
8.807785113652547571e-01
8.823282917340596887e-01
8.805229266484578821e-01
8.765854040781656531e-01
8.694483439127603797e-01
8.796916604042053223e-01
8.849315643310546875e-01
8.785700798034667969e-01
8.765429457028707239e-01
8.769227464993795129e-01
8.801935116449991492e-01
8.794086575508117676e-01
8.680368661880493164e-01
8.700793385505676270e-01
8.875173528989156457e-01
8.813611268997192383e-01
8.795686960220336914e-01
8.765516082445780066e-01
8.783844510714212683e-01
8.805379668871561316e-01
8.825925389925638465e-01
8.839950958887735633e-01
8.779234886169433594e-01
8.771077593167623254e-01
8.831695914268493652e-01
8.842007319132486609e-01
8.790872494379678992e-01
8.823964397112528113e-01
8.830097715059915808e-01
8.871175249417623254e-01
8.841329813003540039e-01
8.878553708394368860e-01
8.821090658505758020e-01
8.807551264762878418e-01
8.785321712493896484e-01
8.896161516507467004e-01
8.929015994071960449e-01
8.845911026000976562e-01
8.804410894711812707e-01
8.789659539858499793e-01
8.857882420221964148e-01
8.891504605611165735e-01
8.815169930458068848e-01
8.883628249168395996e-01
8.947208722432454797e-01
8.950966397921243933e-01
8.806594411532083777e-01
8.822767734527587891e-01
8.859026829401651648e-01
8.952217499415079383e-01
8.954680562019348145e-01
8.943422238032022742e-01
8.897650440533956262e-01
8.912667830785115930e-01
8.940110206604003906e-01
8.915454149246215820e-01
8.935922582944234582e-01
8.919203678766886023e-01
8.939177592595418664e-01
8.916962544123331336e-01
8.948868115743001672e-01
8.963706294695535925e-01
9.024748802185058594e-01
8.808360497156778601e-01
9.010454018910726282e-01
8.963704109191894531e-01
8.973807096481323242e-01
9.035424987475076941e-01
9.015170335769653320e-01
9.037420352300008508e-01
9.121029774347940711e-01
9.048988819122314453e-01
9.013444185256958008e-01
9.007200797398885461e-01
9.061952829360961914e-01
8.976965745290120813e-01
9.048069318135579797e-01
9.071696201960245398e-01
9.120674133300781250e-01
9.055175383885701867e-01
9.005956649780273438e-01
8.969551722208658484e-01
9.031781554222106934e-01
9.130891561508178711e-01
9.050428072611490515e-01
9.102956453959146765e-01
9.083834886550903320e-01
9.068766236305236816e-01
9.020573894182840613e-01
9.121360381444295617e-01
9.082755247751871375e-01
9.067699909210205078e-01
9.111327330271402625e-01
9.174654483795166016e-01
9.169565637906392785e-01
9.169674317042032508e-01
9.092051784197489050e-01
9.196703632672628137e-01
9.162612160046895715e-01
9.136433402697244910e-01
9.109172423680623742e-01
9.074956973393758508e-01
9.166862964630126953e-01
9.242771069208780554e-01
9.217059612274169922e-01
9.175932010014852258e-01
9.111762841542562219e-01
9.120033383369445801e-01
9.239707787831624719e-01
9.212917089462280273e-01
9.158159494400024414e-01
9.156762361526489258e-01
9.187043905258178711e-01
9.277494549751281738e-01
9.202381372451782227e-01
9.205250938733419153e-01
9.226241509119669226e-01
9.264589746793111535e-01
9.244875113169351843e-01
9.225820302963256836e-01
9.200294415156046179e-01
9.134114384651184082e-01
9.266071915626525879e-01
9.218833049138387414e-01
9.257615804672241211e-01
9.241058031717935828e-01
9.220427672068277625e-01
9.183816512425740930e-01
9.239939053853353235e-01
9.261224667231241492e-01
9.219521284103393555e-01
9.218533833821614953e-01
9.325502316157022742e-01
9.321284691492716101e-01
9.308534860610961914e-01
9.297231038411458703e-01
9.281719525655111047e-01
9.348087310791015625e-01
9.242245753606160852e-01
9.251753489176431922e-01
9.315040111541748047e-01
9.264199733734130859e-01
9.326515992482503625e-01
9.227546850840250281e-01
9.294271866480509070e-01
9.377544720967611047e-01
9.408800999323526648e-01
9.383779764175415039e-01
9.345344702402750281e-01
9.368787209192911414e-01
9.416867097218831750e-01
9.474231004714965820e-01
9.416803320248922082e-01
9.373234907786051062e-01
9.290700157483419153e-01
9.369964996973673133e-01
9.421066641807556152e-01
9.445676008860269812e-01
9.446854392687479285e-01
9.369649887084960938e-01
9.375811417897542688e-01
9.372923771540323523e-01
9.311660528182983398e-01
9.356229305267333984e-01
9.429802894592285156e-01
9.352094729741414758e-01
9.389616250991821289e-01
9.400950272878011438e-01
9.383771816889444617e-01
9.515270789464315149e-01
9.511282444000244141e-01
9.488714933395385742e-01
9.466025431950887414e-01
9.432151118914285925e-01
9.447983503341674805e-01
9.480972687403360633e-01
9.488500356674194336e-01
9.444430669148763391e-01
9.472267627716064453e-01
9.464588165283203125e-01
9.520341157913208008e-01
9.515811204910278320e-01
9.493645032246907922e-01
9.459069371223449707e-01
9.441589117050170898e-01
9.509983857472738000e-01
9.488491217295328406e-01
9.473491907119750977e-01
9.524112542470296594e-01
9.647018909454345703e-01
9.590793053309122351e-01
9.532347122828165320e-01
9.570202827453613281e-01
9.513591130574544641e-01
9.462830225626627234e-01
9.556699196497598914e-01
9.549529155095418664e-01
9.658356110254923133e-01
9.541709820429483679e-01
9.527574380238851282e-01
9.626743793487548828e-01
9.642461538314819336e-01
9.665338198343912390e-01
9.665119647979736328e-01
9.602892796198526648e-01
9.702301820119222375e-01
9.663502971331278113e-01
9.606720209121704102e-01
9.571288029352823523e-01
9.643620649973551062e-01
9.636136293411254883e-01
9.701612393061319617e-01
9.628667235374450684e-01
9.585990508397420617e-01
9.517940680185953406e-01
9.602000912030538293e-01
9.634741544723510742e-01
9.677122831344604492e-01
9.699957768122354773e-01
9.686772425969442102e-01
9.685967763264974328e-01
9.720885356267293664e-01
9.796735048294067383e-01
9.818835655848184851e-01
9.660086433092752722e-01
9.638761480649312707e-01
9.721911549568176270e-01
9.738153219223022461e-01
9.736672639846801758e-01
9.741532007853189734e-01
9.715288480122884485e-01
9.756948947906494141e-01
9.775071938832601282e-01
9.722824494043985633e-01
9.692650437355041504e-01
9.702166318893432617e-01
9.752713839213053015e-01
9.780722856521606445e-01
9.674841562906900672e-01
9.716529846191406250e-01
9.769746859868367883e-01
9.795467853546142578e-01
9.809684753417968750e-01
9.762497742970784875e-01
9.744036992390950891e-01
9.752737681070963172e-01
9.775115648905435828e-01
9.764826695124307898e-01
9.792287349700927734e-01
9.801559646924337121e-01
9.836376110712686804e-01
9.782306353251138953e-01
9.763602415720621375e-01
9.811141490936279297e-01
9.838816920916239050e-01
9.766395092010498047e-01
9.750400781631469727e-01
9.869685570398966101e-01
9.863678018252054480e-01
9.879379272460937500e-01
9.844178358713785437e-01
9.896692832310994836e-01
9.935511350631713867e-01
9.715911944707235071e-01
9.815013011296590539e-01
9.789291620254516602e-01
9.846339225769042969e-01
9.894609252611795691e-01
9.942084550857543945e-01
9.870152870814005164e-01
9.902244806289672852e-01
9.920195341110229492e-01
9.881983399391174316e-01
9.984013835589090613e-01
9.914482434590657922e-01
9.900225599606832239e-01
9.909006754557291297e-01
9.896463950475057336e-01
9.977230628331502649e-01
1.004234890143076653e+00
9.958854118982950476e-01
9.948260784149169922e-01
9.892614682515462610e-01
9.887429873148599890e-01
9.922976493835449219e-01
9.858237504959106445e-01
9.943976799647012976e-01
1.001908938090006584e+00
9.973164002100626258e-01
1.006933530171712166e+00
1.002132932345072502e+00
1.003497143586476570e+00
1.001281162103017097e+00
1.004211584726969475e+00
1.003063360850016350e+00
1.015805145104726082e+00
1.014033158620198494e+00
1.003087679545084709e+00
1.006221691767374748e+00
9.911802609761556360e-01
9.908846219380696985e-01
1.014514923095703125e+00
1.018076737721760994e+00
1.012100696563720703e+00
1.004866957664489746e+00
1.002280314763386970e+00
1.003464758396148682e+00
9.988058805465698242e-01
9.983924825986226770e-01
1.000564575195312500e+00
1.006781895955403572e+00
9.942486683527628211e-01
9.968202114105224609e-01
1.005221843719482422e+00
1.002542912960052490e+00
1.013375918070475334e+00
1.016595999399821038e+00
1.014217694600423103e+00
1.016975482304890877e+00
1.012618720531463623e+00
9.920217593510946008e-01
1.002259751160939460e+00
1.008994380633036370e+00
1.015071372191111321e+00
1.011726895968119377e+00
1.006480097770690918e+00
1.021391570568084717e+00
1.016753435134887695e+00
1.012754698594411140e+00
1.010483046372731453e+00
1.012869874636332268e+00
1.016545057296752930e+00
1.018193960189819336e+00
1.001566410064697266e+00
1.003726601600646973e+00
1.012922585010528564e+00
1.017168124516804939e+00
1.023992915948231941e+00
1.015118201573689705e+00
1.010367552439371819e+00
1.019256750742594475e+00
1.019200642903645759e+00
1.019275923569997078e+00
1.020703295866648430e+00
1.030308922131856209e+00
1.021913349628448486e+00
1.007262587547302246e+00
1.025880734125773186e+00
1.030224363009135002e+00
1.028082370758056641e+00
1.025328814983367920e+00
1.033911824226379395e+00
1.032119890054066902e+00
1.025685330231984382e+00
1.031931539376576668e+00
1.024092833201090569e+00
1.016776164372761970e+00
1.010455091794331794e+00
1.027537524700164795e+00
1.022581696510314941e+00
1.031380355358123779e+00
1.027300198872884041e+00
1.029486060142517090e+00
1.036836067835489983e+00
1.035571893056233650e+00
1.030824104944864983e+00
1.031699180603027344e+00
1.035907030105590820e+00
1.025260428587595696e+00
1.032283763090769524e+00
1.025205214818318611e+00
1.030945996443430657e+00
1.041211684544881111e+00
1.038347880045572991e+00
1.035837451616923088e+00
1.032109101613362556e+00
1.033992052078247070e+00
1.033925831317901611e+00
1.016129374504089355e+00
1.027638475100199456e+00
1.042555729548136467e+00
1.052737991015116448e+00
1.037245551745096916e+00
1.031985362370808845e+00
1.025838891665140862e+00
1.035274326801300049e+00
1.032387653986613030e+00
1.032315770785013909e+00
1.039699713389078850e+00
1.039255460103352791e+00
1.041796525319417244e+00
1.029805978139241462e+00
1.037191847960154290e+00
1.036346713701884026e+00
1.030152420202891106e+00
1.041866878668467278e+00
1.034379998842875237e+00
1.032867451508839851e+00
1.036670207977294922e+00
1.037572542826334709e+00
1.033456603686014885e+00
1.040382564067840576e+00
1.044336954752604241e+00
1.041033665339152092e+00
1.039006551106770759e+00
1.041332324345906502e+00
1.042727470397949219e+00
1.049142638842264885e+00
1.042901535828908210e+00
1.034998257954915291e+00
1.037079234917958503e+00
1.037181933720906502e+00
1.043292403221130371e+00
1.047993203004201179e+00
1.043240129947662354e+00
1.043386936187744141e+00
1.050317347049713135e+00
1.037610769271850586e+00
1.044623434543609619e+00
1.046835343043009514e+00
1.045841475327809578e+00
1.039897084236145020e+00
1.042387564977010017e+00
1.040419797102610344e+00
1.047373851140340095e+00
1.046403964360554939e+00
1.048118650913238525e+00
1.038421312967936272e+00
1.035781383514404297e+00
1.033567428588867188e+00
1.040767351786295647e+00
1.071419437726338630e+00
1.060175776481628418e+00
1.049620767434437996e+00
1.051040033499399895e+00
1.051011919975280762e+00
1.071868777275085449e+00
1.062538027763366699e+00
1.059112211068471199e+00
1.059133847554524666e+00
1.051840543746948242e+00
1.054989139238993401e+00
1.053618232409159416e+00
1.054899315039316887e+00
1.051887869834899902e+00
1.056650757789611816e+00
1.047632237275441414e+00
1.051971018314361572e+00
1.057887494564056396e+00
1.063301563262939453e+00
1.057862142721812004e+00
1.063989321390787834e+00
1.074680467446645027e+00
1.071329991022745842e+00
1.066178699334462410e+00
1.055705547332763672e+00
1.053318142890930176e+00
1.052452683448791504e+00
1.060842454433441162e+00
1.060622572898864746e+00
1.054688652356465584e+00
1.052787939707438225e+00
1.050330082575480217e+00
1.057725926240285164e+00
1.056231419245402092e+00
1.063455502192179436e+00
1.061640222867329841e+00
1.051491896311442131e+00
1.077843427658081055e+00
1.076768358548482185e+00
1.061091105143229241e+00
1.055474996566772461e+00
1.056070367495218987e+00
1.050705015659332275e+00
1.092131197452545166e+00
1.081801255544026619e+00
1.055142303307851082e+00
1.053609351317087883e+00
1.061756471792856926e+00
1.061337172985076904e+00
1.061653097470601326e+00
1.072606801986694336e+00
1.072154204050699944e+00
1.067281723022460938e+00
1.063675661881764656e+00
1.074528574943542480e+00
1.086261868476867676e+00
1.087167441844940186e+00
1.074118216832478767e+00
1.071855743726094490e+00
1.069608589013417488e+00
1.070339043935139900e+00
1.074841101964314705e+00
1.074378748734792000e+00
1.076404054959614998e+00
1.069398899873097664e+00
1.072686910629272461e+00
1.067283670107523674e+00
1.073898156483968025e+00
1.076575676600138420e+00
1.068489392598469978e+00
1.075247406959533691e+00
1.067012608051300049e+00
1.063210308551788330e+00
1.071059286594390869e+00
1.085953672726948982e+00
1.076861798763275146e+00
1.070292294025421143e+00
1.073451916376749748e+00
1.071087519327799553e+00
1.076388617356618171e+00
1.071046829223632812e+00
1.065503438313802009e+00
1.070816993713378906e+00
1.073005278905232673e+00
1.084469238917032952e+00
1.075960715611775642e+00
1.079607188701629639e+00
1.091953078905741448e+00
1.078027804692586189e+00
1.090780893961588616e+00
1.085255006949106926e+00
1.092321038246154785e+00
1.089532971382141113e+00
1.087609231472015381e+00
1.076963941256205315e+00
1.088149031003316169e+00
1.095000843207041497e+00
1.088135004043579102e+00
1.075459321339925056e+00
1.075169285138448005e+00
1.088256835937500000e+00
1.086054186026255364e+00
1.083144485950469971e+00
1.082289894421895271e+00
1.077958842118581062e+00
1.077400485674540276e+00
1.069972753524780273e+00
1.087797760963439941e+00
1.083614627520243401e+00
1.083748499552408928e+00
1.085015813509623284e+00
1.087951779365539551e+00
1.083460350831349617e+00
1.085153996944427490e+00
1.086263378461201912e+00
1.088017364343007332e+00
1.089426358540852791e+00
1.079738179842631096e+00
1.072756767272949219e+00
1.069947878519694084e+00
1.074718475341796875e+00
1.089973469575246101e+00
1.094510793685913086e+00
1.078033526738484627e+00
1.078239043553670173e+00
1.089385032653808594e+00
1.089087247848510742e+00
1.093906124432881599e+00
1.082747260729471916e+00
1.078732530275980706e+00
1.086825211842854744e+00
1.093225340048472161e+00
1.093283255894978767e+00
1.088216503461201912e+00
1.090406040350596184e+00
1.106528600056966072e+00
1.096136848131815666e+00
1.091922144095103020e+00
1.090229471524556404e+00
1.087827960650126213e+00
1.088182747364044189e+00
1.087472120920817131e+00
1.080004135767618889e+00
1.090471784273783440e+00
1.082063794136047363e+00
1.086649020512898689e+00
1.088022629419962639e+00
1.095006247361500984e+00
1.101721167564392090e+00
1.098270495732625252e+00
1.099940856297810798e+00
1.100316762924194336e+00
1.090409060319264656e+00
1.096206029256184822e+00
1.079322814941406250e+00
1.075691143671671623e+00
1.084943532943725586e+00
1.079896330833435059e+00
1.081775724887847900e+00
1.108384370803833008e+00
1.114932914574940925e+00
1.113162060578664070e+00
1.081640124320983887e+00
1.097542961438496834e+00
1.102687954902648926e+00
1.105342090129852295e+00
1.104378898938496834e+00
1.093369940916697258e+00
1.098737021287282234e+00
1.093420048554738289e+00
1.084514220555623298e+00
1.090117971102396721e+00
1.088454027970631843e+00
1.105595648288726807e+00
1.101095557212829590e+00
1.098967631657918220e+00
1.098276972770690918e+00
1.101831436157226562e+00
1.104732990264892578e+00
1.095947126547495598e+00
1.089866677920023674e+00
1.085937182108561272e+00
1.091543396313985115e+00
1.093940059343973870e+00
1.101204057534535652e+00
1.101074357827504402e+00
1.107036948204040527e+00
1.098425785700480217e+00
1.092185715834299797e+00
1.090400437513987297e+00
1.089904010295867920e+00
1.102256814638773674e+00
1.092803200085957771e+00
1.097144822279612297e+00
1.101335565249125237e+00
1.092474540074666267e+00
1.100326100985209221e+00
1.091949264208475823e+00
1.091946363449096680e+00
1.089361866315205818e+00
1.104535301526387459e+00
1.109967331091562981e+00
1.096133629480997795e+00
1.089946190516154045e+00
1.110329270362854004e+00
1.102742195129394531e+00
1.118382374445597405e+00
1.110279758771260505e+00
1.121479034423828125e+00
1.114166855812072754e+00
1.103696227073669434e+00
1.097658793131510491e+00
1.101528922716776604e+00
1.106879393259684319e+00
1.104952514171600342e+00
1.102043310801188225e+00
1.115442355473836189e+00
1.111587643623352051e+00
1.107044676939646477e+00
1.099971294403076172e+00
1.089044988155364990e+00
1.093570888042449951e+00
1.130257725715637207e+00
1.128435730934143066e+00
1.113766392072041755e+00
1.123540639877319336e+00
1.112573981285095215e+00
1.103939990202585930e+00
1.114161729812622070e+00
1.102557261784871345e+00
1.114629685878753662e+00
1.109210550785064697e+00
1.103587826093037849e+00
1.099854032198588127e+00
1.119306524594624763e+00
1.124535997708638435e+00
1.109204332033793206e+00
1.097328166166941399e+00
1.081900596618652344e+00
1.119795203208923340e+00
1.153036475181579590e+00
1.140624602635701423e+00
1.120081186294555664e+00
1.108078459898630852e+00
1.103253126144409180e+00
1.101628422737121582e+00
1.121987144152323479e+00
1.123974084854125977e+00
1.105451146761576409e+00
1.109082599480946785e+00
1.119476040204365974e+00
1.127798040707906013e+00
1.117079198360443115e+00
1.108487685521443611e+00
1.108598272005717034e+00
1.113057235876719231e+00
1.122392654418945312e+00
1.125095466772715325e+00
1.121523618698120117e+00
1.121313591798146492e+00
1.114687879880269294e+00
1.114854454994201660e+00
1.118514855702718025e+00
1.108659426371256584e+00
1.119000474611918206e+00
1.111730933189392090e+00
1.128159681955973381e+00
1.114019274711608887e+00
1.110444486141204834e+00
1.110358357429504395e+00
1.120160917441050286e+00
1.132295012474060059e+00
1.124612331390380859e+00
1.114761789639790779e+00
1.112852255503336663e+00
1.113076726595560784e+00
1.121732274691263909e+00
1.125179628531138176e+00
1.119657099246978760e+00
1.113122781117757087e+00
1.098682443300883049e+00
1.105888684590657478e+00
1.120496988296508789e+00
1.115822434425354004e+00
1.097096641858418709e+00
1.148175001144409180e+00
1.185369352499644036e+00
1.146978775660197014e+00
1.131920536359151130e+00
1.131724993387858147e+00
1.140942613283793206e+00
1.136618236700693840e+00
1.132051189740498787e+00
1.129868984222412109e+00
1.128776311874389648e+00
1.129669229189554924e+00
1.137462218602498298e+00
1.136105537414550781e+00
1.134887079397837395e+00
1.121553500493367439e+00
1.123493830362955803e+00
1.131125986576080322e+00
1.139545480410258049e+00
1.131148576736450195e+00
1.127527475357055664e+00
1.126053392887115479e+00
1.118415157000223870e+00
1.139211535453796387e+00
1.135830601056416755e+00
1.144491831461588616e+00
1.140046477317810059e+00
1.133059541384379143e+00
1.130471607049306160e+00
1.129186669985453362e+00
1.132403492927551270e+00
1.129109978675842285e+00
1.124356826146443611e+00
1.115077892939249748e+00
1.124678134918212891e+00
1.130627353986104255e+00
1.133390824000040764e+00
1.131206969420115227e+00
1.127301772435506111e+00
1.127367337544759041e+00
1.131385008494059319e+00
1.123634497324625725e+00
1.128776848316192627e+00
1.134386062622070312e+00
1.139935076236724854e+00
1.144349098205566406e+00
1.141471385955810547e+00
1.134533902009328132e+00
1.136042833328247070e+00
1.138938188552856445e+00
1.135723133881886726e+00
1.142195860544840569e+00
1.143820246060689216e+00
1.138458371162414551e+00
1.148644725481669182e+00
1.145310362180073982e+00
1.141658564408620125e+00
1.145625789960225349e+00
1.146722217400868660e+00
1.142827947934468513e+00
1.145575126012166267e+00
1.146622916062672859e+00
1.148844242095947266e+00
1.142335732777913337e+00
1.149000684420267815e+00
