1.016265710194905525e+00
1.174061139424641853e+00
1.359900712966918945e+00
9.897084633509317664e-01
5.236932436625162390e-01
3.918116589387257709e-01
4.576545357704162598e-01
5.135648449261983606e-01
4.972316622734069824e-01
5.047556161880493164e-01
5.348168412844339636e-01
4.935680230458577289e-01
5.070319175720214844e-01
4.757054448127746582e-01
5.072591106096903113e-01
4.975697795550028668e-01
4.931630591551462994e-01
5.076198279857635498e-01
5.121503074963887903e-01
5.033745169639587402e-01
5.020597974459329871e-01
5.148471196492513391e-01
5.273705919583638879e-01
5.338844954967498779e-01
5.226618250211080285e-01
5.286441246668497351e-01
5.234219034512838098e-01
5.280466675758361816e-01
5.342550377051035193e-01
5.310508112112680701e-01
5.363664627075195312e-01
5.357250968615213660e-01
5.328943729400634766e-01
5.419111847877502441e-01
5.410029987494150427e-01
5.434584915637969971e-01
5.437259475390116004e-01
5.490131775538126258e-01
5.534408688545227051e-01
5.534461935361226770e-01
5.565717418988546106e-01
5.611605644226074219e-01
5.584789713223775598e-01
5.516009132067362097e-01
5.493165651957193640e-01
5.554247498512268066e-01
5.569969614346822473e-01
5.590376059214273718e-01
5.585106213887532922e-01
5.619473656018575403e-01
5.752007166544595984e-01
5.678081512451171875e-01
5.634106794993082312e-01
5.667008459568023682e-01
5.722272197405496863e-01
5.757165451844533655e-01
5.703597565491994592e-01
5.686276952425638465e-01
5.678213139375051233e-01
5.737067262331644324e-01
5.751937429110208777e-01
5.805750191211700439e-01
5.821355779965718957e-01
5.869879225889841345e-01
5.813621083895365027e-01
5.818847715854644775e-01
5.784028371175130578e-01
5.809942682584127160e-01
5.833484927813211707e-01
5.856320460637410852e-01
5.875955224037170410e-01
5.981857975323995325e-01
5.848363737265268592e-01
5.840493440628051758e-01
5.891838272412618371e-01
5.910150011380513879e-01
5.949880480766296387e-01
5.954716006914774207e-01
5.963018933931986121e-01
5.934478441874185828e-01
5.909158289432525635e-01
5.962568422158559533e-01
5.939043958981832239e-01
5.943678220113118860e-01
5.968997279802957800e-01
5.897828936576843262e-01
5.989683866500854492e-01
6.011060873667398718e-01
5.932955145835876465e-01
6.048366030057271692e-01
6.064734160900115967e-01
6.141051650047302246e-01
6.013731459776560095e-01
6.038544178009033203e-01
6.011591752370198938e-01
6.004701753457387658e-01
5.984205206235250207e-01
6.050514380137125281e-01
6.112204988797506067e-01
6.165773073832193640e-01
6.153217852115631104e-01
6.120753884315490723e-01
6.073979238669077185e-01
6.141771078109741211e-01
6.103587547938028601e-01
6.179620524247487756e-01
6.234894196192423133e-01
6.184069911638895300e-01
6.212558646996816369e-01
6.176058451334635047e-01
6.115005016326904297e-01
6.174135009447733191e-01
6.241883436838785437e-01
6.197971403598785400e-01
6.232684155305227014e-01
6.220261255900064734e-01
6.218538880348205566e-01
6.183815995852152136e-01
6.218400994936624793e-01
6.191212932268778113e-01
6.250391205151876184e-01
6.182200113932291297e-01
6.158711115519205359e-01
6.213728388150533410e-01
6.200032432874044153e-01
6.192575891812642785e-01
6.162715355555216101e-01
6.224349339803060266e-01
6.286228895187377930e-01
6.239888966083526611e-01
6.296612918376922607e-01
6.265558401743570593e-01
6.297900080680847168e-01
6.195080677668253211e-01
6.239515145619710657e-01
6.345944603284200403e-01
6.310267249743143347e-01
6.310104529062906531e-01
6.280318001906076697e-01
6.343247791131337854e-01
6.346775293350219727e-01
6.282686591148376465e-01
6.373648643493652344e-01
6.346197128295898438e-01
6.277413070201873779e-01
6.332941651344299316e-01
6.357279221216837195e-01
6.323997080326080322e-01
6.267447471618652344e-01
6.342637141545613977e-01
6.305624147256215783e-01
6.279639204343160364e-01
6.324549317359924316e-01
6.296567320823669434e-01
6.297472417354583740e-01
6.356709003448486328e-01
6.296848158041635779e-01
6.383775671323140832e-01
6.360186537106832239e-01
6.434875826040903357e-01
6.437113086382547644e-01
6.467407941818237305e-01
6.350815097490946082e-01
6.369476517041524621e-01
6.464991768201192590e-01
6.564592123031616211e-01
6.631299853324890137e-01
6.460399826367696496e-01
6.388020316759744910e-01
6.418502628803253174e-01
6.430738170941671106e-01
6.467575430870056152e-01
6.415263116359710693e-01
6.425976355870565149e-01
6.420858303705850867e-01
6.414417922496795654e-01
6.497647563616434363e-01
6.461287339528402063e-01
6.458763281504312781e-01
6.460304260253906250e-01
6.482417484124501916e-01
6.476954619089762000e-01
6.437385976314544678e-01
6.516856352488199500e-01
6.506980260213216516e-01
6.506966551144918176e-01
6.512778997421264648e-01
6.469798088073730469e-01
6.443577607472738000e-01
6.493757665157318115e-01
6.485770046710968018e-01
6.460091571013132361e-01
6.510568857192993164e-01
6.523269116878509521e-01
6.434023280938466760e-01
6.538837154706319543e-01
6.570701201756795617e-01
6.508096655209859582e-01
6.507915655771890906e-01
6.467143396536508826e-01
6.450134515762329102e-01
6.531550884246826172e-01
6.578435699144998816e-01
6.492423117160797119e-01
6.536405781904855994e-01
6.539900700251261023e-01
6.588144501050313684e-01
6.527358591556549072e-01
6.560120979944864539e-01
6.561132669448852539e-01
6.553522149721781043e-01
6.532255411148071289e-01
6.556485493977864953e-01
6.574650804201761511e-01
6.597273349761962891e-01
6.541385849316915246e-01
6.600517034530639648e-01
6.663306554158529016e-01
6.643115083376566199e-01
6.622186104456583289e-01
6.704930663108825684e-01
6.693509817123413086e-01
6.680077513058980676e-01
6.566271185874938965e-01
6.545187334219614295e-01
6.547605196634928015e-01
6.577533880869547156e-01
6.544321676095327112e-01
6.596277157465616492e-01
6.583049893379211426e-01
6.555502116680145264e-01
6.534253358840942383e-01
6.576302647590637207e-01
6.650399367014566687e-01
6.578088204065958289e-01
6.681635578473409387e-01
6.657173633575439453e-01
6.590907871723175049e-01
6.583276391029357910e-01
6.559703350067138672e-01
6.591226061185201379e-01
6.580071846644083289e-01
6.617665886878967285e-01
6.586108704408010217e-01
6.618331968784332275e-01
6.635673840840657922e-01
6.689252257347106934e-01
6.646493872006734582e-01
6.655687491099039343e-01
6.610272129376729700e-01
6.683598558108011511e-01
6.692543228467305871e-01
6.641932129859924316e-01
6.649472912152608606e-01
6.671441793441772461e-01
6.688618659973144531e-01
6.706867615381876258e-01
6.697554389635721472e-01
6.709570884704589844e-01
6.681015491485595703e-01
6.680035591125488281e-01
6.656805177529653283e-01
6.716671784718831750e-01
6.700387994448343543e-01
6.643476883570352820e-01
6.697460810343424109e-01
6.705410083134969446e-01
6.635318597157796594e-01
6.655188798904418945e-01
6.723517775535583496e-01
6.704293886820474890e-01
6.726847887039184570e-01
6.691536704699198035e-01
6.647130449612935754e-01
6.698568264643350867e-01
6.683385173479715613e-01
6.688767671585083008e-01
6.661956906318664551e-01
6.663979788621267053e-01
6.713187098503112793e-01
6.686019698778787879e-01
6.746067802111307410e-01
6.767510573069254187e-01
6.695471604665120813e-01
6.763158043225606653e-01
6.738588611284891394e-01
6.751610239346822473e-01
6.803286870320638391e-01
6.737669507662454871e-01
6.730970541636148718e-01
6.764856974283853797e-01
6.743701299031575891e-01
6.798308491706848145e-01
6.660400629043579102e-01
6.736170252164205285e-01
6.740646163622537879e-01
6.698594490687052039e-01
6.710004607836405066e-01
6.736564437548319129e-01
6.758164763450622559e-01
6.778679291407266883e-01
6.739066044489542273e-01
6.797701319058736535e-01
6.772344112396240234e-01
6.749960978825887414e-01
6.688821911811828613e-01
6.783447464307149621e-01
6.734269261360168457e-01
6.747969190279642371e-01
6.804766853650411340e-01
6.808216373125711707e-01
6.836669047673543664e-01
6.836801767349243164e-01
6.746382315953572961e-01
6.733339428901672363e-01
6.726090113321939734e-01
6.810463666915893555e-01
6.798585057258605957e-01
6.838584343592325476e-01
6.743006507555643347e-01
6.826247175534566614e-01
6.764194170633951453e-01
6.727268497149149207e-01
6.775625944137573242e-01
6.806403001149495813e-01
6.769500772158304480e-01
6.775441964467366907e-01
6.803248922030130652e-01
6.826574802398681641e-01
6.869060595830281946e-01
6.783458391825357703e-01
6.784362792968750000e-01
6.859059929847717285e-01
6.834706068038940430e-01
6.794280409812927246e-01
6.841563781102498742e-01
6.837918559710184363e-01
6.813996632893880578e-01
6.914080977439880371e-01
6.813194950421651575e-01
6.784857908884683875e-01
6.768490473429361609e-01
6.739749312400817871e-01
6.800954341888427734e-01
6.839914520581563684e-01
6.777097384134928015e-01
6.840479771296182898e-01
6.878497997919718054e-01
6.873359084129333496e-01
6.808522144953409461e-01
6.788617372512817383e-01
6.863816777865091590e-01
6.783066590627034875e-01
6.814301808675130578e-01
6.824972033500671387e-01
6.892049908638000488e-01
6.871100862820943567e-01
6.803276737531026575e-01
6.825425624847412109e-01
6.842859784762064246e-01
6.775017579396566125e-01
6.803420782089233398e-01
6.811682383219400672e-01
6.824515461921691895e-01
6.775827209154764441e-01
6.858478585879007605e-01
6.919248898824056360e-01
6.900472243626912805e-01
6.850275595982869836e-01
6.818148493766784668e-01
6.837624510129293176e-01
6.839551329612731934e-01
6.786195635795593262e-01
6.882683833440145227e-01
6.860660910606384277e-01
6.877062718073526648e-01
6.848874290784200403e-01
6.861867308616638184e-01
6.861784855524698523e-01
6.880119045575460168e-01
6.897521018981933594e-01
6.890942255655924109e-01
6.946712930997213098e-01
6.843429803848266602e-01
6.813798348108927039e-01
6.813399195671081543e-01
6.792299350102742883e-01
6.850914955139160156e-01
6.892285148302713660e-01
6.862020293871561316e-01
6.909579833348592492e-01
6.828980048497518274e-01
6.820761760075887414e-01
6.832766930262247351e-01
6.925630172093709680e-01
6.905615925788879395e-01
6.886910001436868933e-01
6.908114353815714148e-01
6.855036616325378418e-01
6.887171864509582520e-01
6.842536727587381629e-01
6.828131477038065222e-01
6.829752127329508093e-01
6.835473775863647461e-01
6.858277122179666785e-01
6.921409169832865027e-01
6.898569266001383093e-01
6.881122390429178504e-01
6.898293097813924524e-01
6.836525797843933105e-01
6.896597146987915039e-01
6.915365656216939660e-01
6.908197005589803430e-01
6.799073815345764160e-01
6.861272454261779785e-01
6.931290427843729285e-01
6.846466064453125000e-01
6.894653439521789551e-01
6.906450390815734863e-01
6.859172582626342773e-01
6.769779523213704797e-01
6.842795610427856445e-01
6.837635437647501258e-01
6.888190110524495813e-01
6.873234907786051062e-01
6.890794833501180383e-01
6.924329201380411414e-01
6.910136342048645020e-01
6.864832441012064246e-01
6.867113709449768066e-01
6.879027287165323523e-01
6.892781456311544153e-01
6.946045955022176477e-01
6.817591587702432898e-01
6.821451385815938684e-01
6.836293339729309082e-01
6.824071407318115234e-01
6.877605716387430457e-01
6.911072532335916785e-01
6.898209849993387488e-01
6.936009923617044715e-01
6.883450945218404504e-01
6.895837585131326941e-01
6.896926164627075195e-01
6.853166619936624793e-01
6.934315959612528113e-01
6.888747811317443848e-01
6.874527533849080774e-01
6.951054135958353308e-01
6.857978701591491699e-01
6.900764107704162598e-01
6.916955312093099328e-01
6.826836069424947473e-01
6.911315719286600379e-01
6.912351648012796668e-01
6.856265266736348840e-01
6.955894629160562781e-01
6.940131187438964844e-01
6.941882769266763953e-01
6.933368444442749023e-01
6.858529249827066687e-01
6.934167742729187012e-01
6.926107406616210938e-01
6.920903722445169715e-01
6.874773899714151648e-01
6.872067451477050781e-01
6.885518431663513184e-01
6.899442474047342566e-01
6.902746756871541711e-01
6.941481431325277063e-01
6.912956833839416504e-01
6.854594151178995398e-01
6.925545533498128625e-01
6.837248603502908972e-01
6.926989555358886719e-01
6.994427442550659180e-01
6.894384026527404785e-01
6.864037712415059778e-01
6.900500655174255371e-01
6.833153764406839636e-01
6.882405678431192664e-01
6.874279181162515906e-01
6.826321681340535852e-01
6.869402329126993445e-01
6.893264651298522949e-01
6.852822701136270789e-01
6.839102904001871375e-01
6.859415173530578613e-01
6.965908805529276160e-01
6.952346762021383020e-01
6.885067621866861609e-01
6.948542793591817590e-01
6.924467484156290320e-01
6.934058666229248047e-01
6.980615854263305664e-01
6.948982477188110352e-01
6.897955338160196570e-01
6.919658382733663293e-01
6.907541751861572266e-01
6.871261000633239746e-01
6.863701144854227332e-01
6.811378995577493933e-01
6.854283610979715613e-01
6.959793567657470703e-01
6.886897285779317590e-01
6.891302267710367468e-01
6.889339685440063477e-01
6.848923563957214355e-01
6.866966088612874719e-01
6.958137154579162598e-01
6.938446362813314172e-01
6.893182198206583289e-01
6.840584874153137207e-01
6.807729204495748254e-01
6.861415108044942590e-01
6.860541701316833496e-01
6.875604987144470215e-01
6.929907004038492468e-01
6.917783419291178015e-01
6.899187962214151648e-01
6.938282251358032227e-01
6.953694025675455359e-01
6.899634599685668945e-01
6.901060740152994422e-01
6.910310188929239539e-01
6.888959010442098352e-01
6.862881779670715332e-01
6.781096458435058594e-01
6.894493103027343750e-01
6.833915114402770996e-01
6.919232010841369629e-01
6.900886495908101770e-01
6.883859634399414062e-01
6.865515112876892090e-01
6.844105521837869910e-01
6.876569191614786414e-01
6.901355981826782227e-01
6.840962966283162805e-01
6.862784028053283691e-01
6.969620784123738977e-01
6.910065412521362305e-01
6.936973730723062781e-01
6.897407770156860352e-01
6.846219499905904504e-01
6.863351066907247278e-01
6.893305778503417969e-01
6.863668362299600867e-01
6.983846028645833703e-01
6.917210022608438758e-01
6.871427893638610840e-01
6.854671835899353027e-01
6.805594364802042273e-01
6.828739047050476074e-01
6.856805284818013879e-01
6.874072949091593054e-01
6.895418763160705566e-01
6.873667637507120398e-01
6.854759653409322473e-01
6.912568012873331336e-01
6.925391554832458496e-01
6.911733547846475867e-01
6.876918077468872070e-01
6.901711225509643555e-01
6.884230375289916992e-01
6.905867258707681922e-01
6.856046120325723914e-01
6.886657675107320520e-01
6.962308486302694055e-01
6.904506285985311242e-01
6.970579226811727258e-01
6.951849063237508508e-01
6.913176178932189941e-01
6.932493845621744422e-01
6.925751566886901855e-01
6.902506748835245398e-01
6.893317302068074914e-01
6.909971634546915320e-01
6.931118567784627649e-01
6.937482953071594238e-01
6.990431944529215125e-01
6.909901301066080359e-01
6.901435653368631629e-01
6.876069506009420129e-01
6.845807035764058801e-01
6.907064914703369141e-01
6.906466682751973840e-01
6.886158982912699011e-01
7.027966380119323730e-01
6.898964047431945801e-01
6.908841729164123535e-01
6.926846901575723914e-01
6.951177914937337610e-01
6.961841583251953125e-01
6.931161880493164062e-01
6.919025381406148645e-01
6.882587075233459473e-01
6.916582783063253137e-01
7.011588613192240027e-01
6.959292292594909668e-01
6.913971106211344031e-01
6.929879784584045410e-01
6.986405849456787109e-01
6.974517107009887695e-01
6.984597047170003625e-01
6.894100705782572058e-01
6.910562316576639441e-01
6.923988064130147668e-01
6.945575475692749023e-01
6.961035728454589844e-01
6.993930141131082800e-01
6.914542317390441895e-01
6.954679687817891809e-01
6.914248665173848840e-01
6.927773753801981238e-01
6.938396890958150598e-01
7.057241797447204590e-01
6.960424383481343957e-01
6.944290002187093469e-01
6.958505709966024133e-01
7.028693556785583496e-01
7.031812270482381555e-01
6.939761638641357422e-01
6.927184859911600379e-01
6.857630610466003418e-01
6.947552561759948730e-01
6.925596396128336218e-01
6.939713358879089355e-01
6.982460419336954383e-01
7.032781044642130164e-01
7.016549309094747278e-01
7.001276413599649695e-01
7.015409270922342566e-01
6.999910076459249231e-01
6.919511556625366211e-01
6.908983985582987097e-01
6.941115856170654297e-01
7.073342402776082727e-01
7.032345732053121301e-01
7.066162427266439172e-01
6.991655429204305383e-01
6.993468801180521277e-01
6.997596820195516321e-01
6.980843345324198035e-01
7.016966144243875769e-01
6.950693925221761438e-01
6.973839004834493371e-01
6.997167865435282019e-01
7.005329330762227746e-01
7.077170411745706824e-01
7.037151257197061804e-01
7.020774881045023230e-01
6.992691357930501672e-01
6.971414685249328613e-01
6.995134353637695312e-01
7.058875560760498047e-01
6.977717876434326172e-01
6.981420914332071570e-01
7.029026548067728308e-01
7.048676013946533203e-01
7.030207912127176550e-01
7.068402965863546106e-01
7.081006765365600586e-01
7.077576716740926477e-01
7.222910920778909949e-01
7.067028482755025598e-01
7.062977353731790808e-01
7.086602052052816125e-01
7.101282676060994836e-01
7.049716313680013391e-01
7.122027675310770300e-01
7.178687850634256629e-01
7.046821912129720422e-01
7.098065813382467004e-01
7.078270117441812781e-01
7.068563699722290039e-01
7.041161855061849328e-01
7.068301240603128699e-01
7.137450973192850379e-01
7.079614798227945593e-01
7.119309306144714355e-01
7.076778014500936242e-01
7.065646449724832800e-01
7.034797668457031250e-01
7.034670313199361535e-01
7.099053064982095984e-01
7.079003254572550086e-01
7.194460630416870117e-01
7.050664424896240234e-01
7.150801022847493860e-01
7.196131944656372070e-01
7.158476114273071289e-01
7.129104534784952429e-01
7.131570577621459961e-01
7.254438002904256555e-01
7.136580944061279297e-01
7.154852747917175293e-01
7.215252518653869629e-01
7.197271585464477539e-01
7.203344504038492468e-01
7.200726668039957312e-01
7.114483912785848352e-01
7.204017639160156250e-01
7.176044980684915808e-01
7.159127791722615930e-01
7.253582477569580078e-01
7.164615194002786902e-01
7.227583924929300574e-01
7.260726888974508020e-01
7.260346611340841028e-01
7.257658243179321289e-01
7.256637215614318848e-01
7.317942976951599121e-01
7.249127825101217004e-01
7.433900634447733191e-01
7.322510480880737305e-01
7.347582976023355750e-01
7.348234852155050012e-01
7.282505234082540246e-01
7.254830002784729004e-01
7.249363660812377930e-01
7.274730801582336426e-01
7.353223363558450965e-01
7.317967414855957031e-01
7.340261141459146765e-01
7.301661173502603797e-01
7.221951087315877649e-01
7.264264027277628211e-01
7.218565940856933594e-01
7.282464305559793738e-01
7.311476270357767371e-01
7.393943866093953821e-01
7.311065793037414551e-01
7.310456037521362305e-01
7.367648681004842492e-01
7.282226284344991418e-01
7.310691674550374719e-01
7.387142976125081750e-01
7.368353207906087610e-01
7.345819671948751184e-01
7.338213324546813965e-01
7.392070293426513672e-01
7.350804607073465613e-01
7.244158784548441199e-01
7.295936743418375281e-01
7.341969807942708703e-01
7.343364159266153601e-01
7.390217582384744910e-01
7.395179073015848425e-01
7.345566352208455774e-01
7.398048043251037598e-01
7.443580428759256629e-01
7.354761163393656043e-01
7.377952734629312781e-01
7.372218966484069824e-01
7.461573084195455285e-01
7.519566814104715613e-01
7.537368734677633020e-01
7.463160355885823938e-01
7.458831667900085449e-01
7.496536175409952429e-01
7.530221144358316687e-01
7.457818587621053430e-01
7.508245309193929407e-01
7.512728571891784668e-01
7.446888089179992676e-01
7.472279071807861328e-01
7.507791320482889441e-01
7.474392255147298547e-01
7.397813002268472937e-01
7.419529159863790246e-01
7.517238259315490723e-01
7.479378779729207727e-01
7.516257762908935547e-01
7.536303599675496789e-01
7.512165109316507605e-01
7.468297084172567102e-01
7.370624542236328125e-01
7.461472153663635254e-01
7.465986212094625207e-01
7.448621193567911414e-01
7.511848409970601770e-01
7.495551904042562219e-01
7.564334472020467492e-01
7.659442822138468054e-01
7.588587204615274695e-01
7.617606719334920617e-01
7.569226225217183801e-01
7.569866975148519250e-01
7.568699320157369348e-01
7.585209806760152551e-01
7.558846473693847656e-01
7.519106070200601843e-01
7.686006824175516394e-01
7.641627391179403039e-01
7.647542953491210938e-01
7.647934953371683386e-01
7.559983531634012488e-01
7.632972598075866699e-01
7.591695984204610559e-01
7.686589360237121582e-01
7.586834232012430457e-01
7.645776073137918738e-01
7.626044154167175293e-01
7.641163865725199011e-01
7.606140375137329102e-01
7.647996942202249793e-01
7.633191545804342004e-01
7.712503671646118164e-01
7.786274949709574011e-01
7.745830814043680457e-01
7.703534563382467004e-01
7.671808004379272461e-01
7.650230129559835168e-01
7.571144104003906250e-01
7.614552577336629602e-01
7.682998975118001672e-01
7.770404219627380371e-01
7.707348465919494629e-01
7.756207982699075965e-01
7.780976692835489539e-01
7.825490633646646765e-01
7.757688562075296668e-01
7.719211975733438758e-01
7.726176977157592773e-01
7.705946564674377441e-01
7.713191707928975793e-01
7.736052473386129114e-01
7.704583207766214636e-01
7.704309622446695593e-01
7.781373063723245886e-01
7.771550814310709265e-01
7.810603181521097449e-01
7.740129033724466590e-01
7.820824782053629187e-01
7.796339193979898718e-01
7.792482376098632812e-01
7.804236014684041711e-01
7.787660360336303711e-01
7.791165709495544434e-01
7.892598311106363562e-01
7.753929098447164270e-01
7.761339545249938965e-01
7.789000670115152625e-01
7.878741025924682617e-01
7.873414953549703332e-01
7.823656400044759485e-01
7.842760880788167688e-01
7.802491585413614539e-01
7.845144271850585938e-01
7.845846613248189660e-01
7.787617842356363562e-01
7.862783471743265418e-01
7.907103896141052246e-01
7.810318867365518836e-01
7.786088387171427039e-01
7.778164943059285852e-01
7.858035365740457800e-01
7.939012249310811731e-01
7.940526008605957031e-01
7.961865663528442383e-01
7.976286609967550012e-01
7.905363440513610840e-01
7.911527156829833984e-01
7.901146411895751953e-01
7.859741648038228723e-01
7.908887664477030066e-01
8.091491063435872766e-01
7.987554669380187988e-01
7.918422222137451172e-01
7.846716245015462610e-01
7.917139132817586633e-01
7.864475250244140625e-01
7.906522552172342566e-01
7.873221238454183313e-01
7.915815114974975586e-01
8.009038964907327918e-01
8.012982209523519250e-01
7.892395257949829102e-01
7.902606527010599402e-01
8.017049431800842285e-01
8.043820460637410852e-01
8.055562575658162805e-01
7.950257261594136926e-01
7.949423392613729211e-01
7.996192971865335730e-01
8.071915308634439734e-01
8.074126640955606726e-01
7.969795266787210730e-01
7.943295637766519812e-01
8.019746740659078332e-01
8.052131533622741699e-01
8.055569529533386230e-01
8.064078489939371375e-01
8.044097423553466797e-01
7.996948758761087683e-01
8.100637992223104211e-01
8.029249111811319617e-01
8.087898095448812219e-01
8.136362830797830847e-01
8.053793708483377722e-01
8.131189346313476562e-01
8.105250795682271692e-01
8.128569324811300012e-01
8.143288294474283484e-01
8.103251854578653601e-01
8.062076171239217492e-01
8.082714080810546875e-01
8.105405767758687707e-01
8.057127793629964563e-01
8.008265495300292969e-01
8.072480360666910437e-01
8.087301055590311316e-01
7.987508575121561316e-01
7.978074351946512488e-01
7.985394795735677453e-01
8.106122016906738281e-01
8.122696677843729285e-01
8.050368626912435266e-01
8.047950665156046179e-01
8.077510794003804895e-01
8.051491777102152136e-01
8.031398057937622070e-01
8.104433218638101843e-01
8.145486712455749512e-01
8.183229168256124231e-01
8.152880668640136719e-01
8.185264269510904578e-01
8.148861527442932129e-01
8.143893480300903320e-01
8.123125036557515832e-01
8.129513859748840332e-01
8.141071200370788574e-01
8.178204894065856934e-01
8.145469625790914270e-01
8.070828318595886230e-01
8.127304315567016602e-01
8.180309136708577844e-01
8.253248532613118860e-01
8.271825909614562988e-01
8.257681528727213172e-01
8.146615028381347656e-01
8.169911702473958703e-01
8.176821271578470496e-01
8.167027632395426062e-01
8.133329947789510461e-01
8.133109211921691895e-01
8.263730804125467566e-01
8.226261734962463379e-01
8.122132817904154090e-01
8.110173543294271203e-01
8.150587677955627441e-01
8.165884017944335938e-01
8.216455578804016113e-01
8.266596992810567590e-01
8.146995107332865027e-01
8.063088655471801758e-01
8.162066936492919922e-01
8.231315612792968750e-01
8.221209049224853516e-01
8.206834395726522180e-01
8.235483765602111816e-01
8.249095082283020020e-01
8.287992278734842566e-01
8.200377027193704871e-01
8.235886295636495325e-01
8.234597245852152136e-01
8.196158607800801965e-01
8.140987157821655273e-01
8.221797545750936242e-01
8.197239637374877930e-01
8.207196195920308801e-01
8.203460971514383582e-01
8.206482132275899621e-01
8.344119389851888391e-01
8.220012784004211426e-01
8.276661634445190430e-01
8.393302162488301965e-01
8.312363823254903528e-01
8.258524537086486816e-01
8.237688144048055383e-01
8.193399906158447266e-01
8.218432466189066199e-01
8.285609483718872070e-01
8.189191023508707312e-01
8.220482468605041504e-01
8.275125026702880859e-01
8.290686011314392090e-01
8.314933578173319129e-01
8.302372694015502930e-01
8.298810521761575965e-01
8.266660173734029504e-01
8.258090615272521973e-01
8.375412821769714355e-01
8.334973851839700965e-01
8.246239821116129187e-01
8.303377032279968262e-01
8.293744126955667761e-01
8.394544919331868860e-01
8.363079428672790527e-01
8.415328462918599817e-01
8.334658145904541016e-01
8.324350317319234582e-01
8.359635074933370325e-01
8.433358470598856238e-01
8.326727549235025672e-01
8.301778435707092285e-01
8.377490441004434851e-01
8.335629304250081750e-01
8.290029764175415039e-01
8.242893616358438758e-01
8.268975416819254187e-01
8.370738824208577844e-01
8.426705201466878625e-01
8.363293608029683801e-01
8.460070093472799035e-01
8.341324528058370325e-01
8.403368790944417688e-01
8.425140182177225379e-01
8.510659933090209961e-01
8.374644915262857703e-01
8.366890350977579383e-01
8.340658346811929968e-01
8.368428945541381836e-01
8.430152734120687219e-01
8.365576863288879395e-01
8.395739197731018066e-01
8.402275840441385535e-01
8.403172691663106653e-01
8.425711790720621375e-01
8.352220455805460242e-01
8.420269290606180457e-01
8.386180996894836426e-01
8.481062849362691614e-01
8.657686710357666016e-01
8.449331720670064660e-01
8.338033159573873254e-01
8.419146339098612097e-01
8.550954262415567664e-01
8.443735639254251746e-01
8.495175441106160852e-01
8.395033081372579309e-01
8.410696784655252722e-01
8.371545076370239258e-01
8.419344027837117883e-01
8.475219209988912317e-01
8.497070868810018274e-01
8.469699422518411902e-01
8.466102083524068567e-01
8.501819570859273645e-01
8.532394369443258020e-01
8.455189267794290808e-01
8.396847645441690711e-01
8.510479132334390906e-01
8.584560553232828406e-01
8.610821962356567383e-01
8.474817276000976562e-01
8.451807896296182898e-01
8.446331620216369629e-01
8.523894747098287317e-01
8.439950346946716309e-01
8.464807470639547082e-01
8.403722842534383508e-01
8.396317958831787109e-01
8.456528385480245325e-01
8.603265484174092981e-01
8.640482227007547644e-01
8.574713865915933875e-01
8.553102811177571985e-01
8.487041393915811804e-01
8.544759154319763184e-01
8.476697007815042761e-01
8.563294808069864539e-01
8.525132338205972937e-01
8.520413637161254883e-01
8.573178450266519812e-01
8.539401292800903320e-01
8.533665736516317102e-01
8.445028463999429968e-01
8.416140079498291016e-01
8.390558759371439246e-01
8.458318312962850305e-01
8.459117015202840539e-01
8.479428688685098914e-01
8.492677410443624231e-01
8.506391644477844238e-01
8.467651208241780969e-01
8.511516849199930457e-01
8.505389094352722168e-01
8.551685611406961707e-01
8.546845316886901855e-01
8.564232389132181433e-01
8.525720636049906043e-01
8.547258377075195312e-01
8.570238947868347168e-01
8.526846766471862793e-01
8.590967853864034387e-01
8.544023633003234863e-01
8.508374889691671106e-01
8.530414899190267297e-01
8.539385199546813965e-01
8.481012781461080285e-01
8.623881141344705847e-01
8.579298059145609168e-01
8.652279178301492957e-01
8.638850847880045203e-01
8.638489643732706336e-01
8.599169452985128137e-01
8.622618516286214563e-01
8.593834439913431433e-01
8.606100281079610559e-01
8.678169250488281250e-01
8.626445730527242395e-01
8.594178557395935059e-01
8.550657431284586218e-01
8.611575762430826453e-01
8.607177734375000000e-01
8.668709595998128625e-01
8.687061667442321777e-01
8.540525833765665320e-01
8.572375973065694543e-01
8.656649986902872351e-01
8.714914321899414062e-01
8.636819124221801758e-01
8.635650475819905969e-01
8.689245581626892090e-01
8.671930034955342981e-01
8.596400618553161621e-01
8.634789387385050086e-01
8.600596785545349121e-01
8.634723424911499023e-01
8.594943682352701453e-01
8.630895614624023438e-01
8.644034067789713172e-01
8.617222507794698450e-01
8.609942992528279992e-01
8.630286653836568567e-01
8.634949525197347375e-01
8.676472703615824011e-01
8.645742932955423621e-01
8.703882098197937012e-01
8.619990348815917969e-01
8.559529781341552734e-01
8.542914390563964844e-01
8.616124788920084265e-01
8.545135656992594031e-01
8.668388326962789270e-01
8.623108863830566406e-01
8.673783938090006140e-01
8.694464365641275672e-01
8.782777984937032434e-01
8.767324686050415039e-01
8.745286862055460242e-01
8.748291333516439172e-01
8.662623564402262000e-01
8.681035240491231653e-01
8.713442881902059289e-01
8.684826691945394250e-01
8.809901475906372070e-01
8.769862651824951172e-01
8.725780646006265906e-01
8.701857129732767371e-01
8.747168978055318567e-01
8.756656249364217492e-01
8.713979323705037805e-01
8.726200858751932410e-01
8.644922176996866492e-01
8.629811008771260950e-01
8.704702655474344519e-01
8.817605376243591309e-01
8.675656716028848914e-01
8.719186186790466309e-01
8.640634020169576379e-01
8.616896669069925574e-01
8.536427021026611328e-01
8.524863322575887414e-01
8.617971539497375488e-01
8.711471954981485633e-01
8.719286719957987097e-01
8.687307238578796387e-01
8.685212333997091028e-01
8.675440947214762000e-01
8.622872432072957727e-01
8.717076977094014856e-01
8.791184624036153528e-01
8.763659795125325891e-01
8.735720713933309289e-01
8.718284169832865027e-01
8.692777355511983606e-01
8.704741994539896277e-01
8.635345697402954102e-01
8.656744360923767090e-01
8.721589048703511926e-01
8.733124931653341028e-01
8.825718164443969727e-01
8.803777893384298059e-01
8.765628735224405554e-01
8.789320588111877441e-01
8.718898892402648926e-01
8.671184182167053223e-01
8.696092367172241211e-01
8.812212546666463586e-01
8.810778260231018066e-01
8.752999703089395789e-01
8.670197923978170129e-01
8.726551135381063196e-01
8.654770652453104285e-01
8.656625151634216309e-01
8.690884908040364953e-01
8.661726117134094238e-01
8.790807127952575684e-01
8.763693968454996375e-01
8.782542943954467773e-01
8.800145387649536133e-01
8.758060534795125696e-01
8.844017187754312781e-01
8.787124554316202429e-01
8.847342729568481445e-01
8.801466623942056922e-01
8.823085228602091101e-01
8.777407209078470496e-01
8.772196372350057336e-01
8.765716155370076867e-01
8.886201381683349609e-01
8.819104830423990515e-01
8.796682159105936316e-01
8.726394375165303918e-01
8.662046591440836218e-01
8.776016235351562500e-01
8.771063486735025672e-01
8.760690689086914062e-01
8.755638599395751953e-01
8.818465272585550574e-01
8.858846624692281457e-01
8.749244610468546179e-01
8.808651963869730261e-01
8.815105954806009558e-01
8.870384295781453821e-01
8.852626482645670203e-01
8.771107196807861328e-01
8.815789024035135535e-01
8.745347261428833008e-01
8.725883563359578821e-01
8.921928803126016883e-01
8.916793664296468469e-01
8.828313748041788367e-01
8.808044592539469031e-01
8.812336723009744910e-01
8.767890135447183875e-01
8.713106711705526086e-01
8.713729778925577429e-01
8.775152961413065222e-01
8.748222986857095984e-01
8.823157350222269324e-01
8.812049229939779016e-01
8.732989629109700891e-01
8.856531182924906043e-01
8.761896491050720215e-01
8.775045871734619141e-01
8.802341024080911902e-01
8.993828495343526575e-01
8.913820783297220496e-01
8.856139977773030969e-01
8.893885413805643347e-01
8.790775934855142859e-01
8.929035464922586707e-01
8.846562504768371582e-01
8.842123746871948242e-01
8.858612179756164551e-01
8.911608457565307617e-01
8.808046579360961914e-01
8.921609123547872278e-01
8.804232875506082800e-01
8.823549946149190637e-01
8.897367715835571289e-01
8.824696938196817664e-01
8.862626353899637488e-01
8.801330725351969031e-01
8.849743604660034180e-01
8.850058317184448242e-01
8.876161177953084680e-01
8.872331778208414343e-01
8.840967814127603797e-01
8.899751305580139160e-01
8.930877844492594031e-01
8.870877027511596680e-01
8.868035475413004187e-01
8.890690207481384277e-01
8.810305396715799597e-01
8.829703132311502722e-01
8.857182661692301062e-01
8.862917820612589148e-01
8.868430058161417273e-01
8.853445251782735559e-01
8.833585182825723914e-01
8.720981280008951453e-01
8.817501465479532508e-01
8.741221229235330847e-01
8.807833393414815637e-01
8.872971137364705774e-01
8.783816496531168250e-01
8.706113696098327637e-01
8.777984778086344031e-01
8.808179497718811035e-01
8.860323429107666016e-01
8.801949222882589075e-01
8.812563816706339148e-01
8.841948906580606726e-01
8.789412975311279297e-01
8.769393960634866980e-01
8.726005355517069129e-01
8.831713398297628137e-01
8.919470111529032019e-01
8.861314256985982629e-01
8.791160583496093750e-01
8.820072611172994348e-01
8.899149099985758093e-01
8.845805724461873742e-01
8.862268924713134766e-01
8.860229651133219031e-01
8.871441682179769250e-01
8.844312826792398718e-01
8.834976752599080774e-01
8.797222971916198730e-01
8.837943474451700476e-01
8.886295954386392859e-01
8.898859620094299316e-01
8.941481510798136023e-01
8.866074085235595703e-01
8.888774514198303223e-01
8.848312695821126672e-01
8.789366483688354492e-01
8.770621816317240027e-01
8.716602325439453125e-01
8.760679960250854492e-01
8.769787152608236047e-01
8.760638435681661340e-01
8.782324790954589844e-01
8.771318395932515832e-01
8.810659448305765418e-01
8.919065793355306360e-01
8.876481850941976282e-01
8.931295673052469519e-01
8.888670007387796668e-01
8.791580796241760254e-01
8.771441976229349402e-01
8.771099050839742395e-01
8.855096896489461633e-01
8.880831996599832800e-01
8.829393188158670691e-01
8.815046151479085657e-01
8.853917916615804407e-01
8.840056459108988074e-01
8.801632722218831750e-01
8.779894113540649414e-01
8.791090647379556922e-01
8.884271581967672082e-01
8.867085576057434082e-01
8.892133633295694617e-01
8.752728700637817383e-01
8.827024698257446289e-01
8.829309741655985144e-01
8.815437753995259973e-01
8.861026763916015625e-01
8.841781417528787879e-01
8.874229192733764648e-01
8.883955876032511023e-01
8.799052437146505090e-01
8.820232550303140906e-01
8.770962357521057129e-01
8.828789591789245605e-01
8.792679111162821082e-01
8.862071633338928223e-01
8.911511301994323730e-01
8.948198358217874793e-01
8.871841033299764367e-01
8.972873886426290246e-01
9.012122948964437219e-01
8.898433844248453406e-01
8.875706990559896203e-01
8.923884232838948938e-01
8.957173029581705359e-01
8.864820798238118860e-01
8.947620590527852746e-01
8.980928063392639160e-01
8.907753427823384973e-01
8.874266743659973145e-01
8.881054123242696496e-01
8.860438068707784387e-01
8.909210165341695520e-01
8.904345631599426270e-01
8.906350731849670410e-01
8.975813190142313269e-01
8.963933785756429407e-01
8.953839143117269250e-01
8.898203571637471887e-01
8.882499138514200476e-01
8.843692342440286902e-01
8.836180766423543664e-01
8.830418984095255164e-01
8.905115524927774695e-01
8.878759344418843957e-01
9.012160698572794226e-01
8.921285669008890418e-01
8.906279007593790320e-01
8.859486977259317664e-01
8.971117536226907996e-01
8.895440896352132532e-01
8.851579030354818078e-01
8.897772431373596191e-01
8.924566507339477539e-01
8.870967626571655273e-01
8.944931427637735633e-01
8.816556533177694055e-01
8.848994771639505652e-01
8.838710784912109375e-01
8.893747329711914062e-01
8.877641161282857629e-01
8.928259412447611121e-01
8.887942632039388391e-01
8.828446666399637488e-01
8.869469563166300086e-01
8.820121685663858679e-01
8.915528853734334680e-01
8.930616378784179688e-01
8.878608942031860352e-01
8.941043217976888391e-01
8.919560909271240234e-01
8.901971975962320593e-01
8.873074253400167200e-01
8.805671532948812219e-01
8.816788991292318078e-01
8.818846940994262695e-01
8.850861390431722375e-01
8.890571196873983117e-01
8.844731251398721961e-01
8.880099256833394739e-01
8.985819419225057336e-01
8.881879846254984168e-01
8.927886883417764929e-01
8.910517891248067590e-01
8.933339118957519531e-01
8.912218809127807617e-01
8.832966287930806848e-01
8.865886131922403601e-01
8.836969931920369836e-01
8.833861947059631348e-01
8.862547079722086218e-01
8.858666022618612024e-01
8.830030361811319617e-01
8.940814534823099402e-01
8.982994357744852332e-01
8.920377890268961218e-01
8.930490215619405481e-01
8.926982879638671875e-01
8.976940313975015906e-01
8.919542233149210242e-01
8.897650639216104773e-01
8.979531923929849890e-01
8.989265958468118933e-01
8.872567415237426758e-01
8.889156579971313477e-01
8.815395832061767578e-01
8.937717874844869348e-01
8.911765813827514648e-01
8.896058797836303711e-01
8.858825167020162317e-01
8.907753427823384973e-01
8.849718372027078894e-01
8.778816858927408484e-01
8.909859657287597656e-01
8.955175081888834265e-01
8.880568742752075195e-01
8.829644322395324707e-01
8.845081925392150879e-01
8.842521309852600098e-01
8.863189419110616418e-01
8.906162381172180176e-01
8.925784428914388391e-01
8.914791742960611609e-01
8.893075585365295410e-01
8.880443771680196496e-01
8.948081135749816895e-01
8.875397245089212683e-01
8.922657767931619910e-01
8.859201272328695032e-01
8.922045628229776648e-01
8.896492719650268555e-01
8.859479824701944617e-01
8.907779057820638391e-01
8.907136321067810059e-01
8.867026567459106445e-01
8.853249947230020789e-01
8.928837180137634277e-01
8.950716654459635047e-01
8.924276431401571008e-01
8.936475118001302453e-01
8.808194200197855261e-01
8.856034080187479285e-01
8.899319171905517578e-01
8.929718136787414551e-01
8.940278291702270508e-01
8.996416330337524414e-01
8.898046414057413367e-01
8.923025727272033691e-01
8.923371235529581336e-01
8.836364348729451867e-01
8.943959871927896765e-01
8.888365427652994422e-01
8.888892730077108117e-01
8.867303729057312012e-01
8.917357325553894043e-01
8.978360692660013465e-01
8.969910939534505578e-01
8.912357687950134277e-01
8.940361539522806433e-01
8.904352585474649695e-01
8.912335634231567383e-01
8.944049676259359094e-01
8.965712984402974817e-01
8.994393150011698035e-01
8.949304421742757532e-01
8.879968722661336633e-01
8.916965325673421594e-01
8.977339665095011023e-01
8.909630378087362024e-01
8.924470742543538782e-01
8.855720758438110352e-01
8.946533799171447754e-01
8.833429018656412390e-01
8.820400635401407508e-01
8.830206990242004395e-01
8.866787751515706750e-01
8.876069982846578332e-01
8.884468277295430871e-01
8.935046990712484094e-01
8.905406792958577844e-01
8.864432175954183313e-01
8.882637421290079383e-01
8.876124819119771692e-01
8.871750632921854285e-01
8.883302609125772742e-01
8.903761506080627441e-01
8.878591259320577356e-01
8.910563588142395020e-01
8.912568688392639160e-01
8.935412963231404992e-01
8.925813833872476843e-01
9.012335141499837610e-01
8.948394854863485071e-01
8.863337834676107141e-01
8.839236100514730188e-01
8.909053802490234375e-01
8.958769838015238074e-01
8.971570928891500207e-01
8.932665983835855750e-01
8.883684674898782996e-01
8.944606781005859375e-01
8.937922517458597449e-01
8.900337616602579383e-01
8.945287068684896203e-01
8.915659586588541297e-01
8.909558455149332312e-01
8.941667477289835242e-01
8.882569074630737305e-01
8.903539975484212610e-01
8.897329370180765418e-01
8.818743626276651648e-01
8.845756451288858679e-01
8.916055758794149133e-01
8.905219038327535364e-01
8.937342166900634766e-01
8.918492396672567102e-01
8.911758462587991980e-01
9.015238881111145020e-01
8.943344553311666223e-01
8.860065340995788574e-01
8.885817130406697961e-01
8.945991198221842078e-01
8.915447394053140906e-01
8.896749019622802734e-01
8.941125671068826941e-01
8.953837752342224121e-01
8.961487412452697754e-01
9.013942281405130652e-01
8.954628308614095422e-01
9.027544657389322547e-01
8.977763255437215539e-01
8.965502977371215820e-01
8.990088303883870813e-01
8.937293688456217078e-01
8.926006754239400598e-01
9.024030764897664758e-01
8.936740954717000696e-01
9.031785527865091590e-01
8.991006612777709961e-01
9.005076487859090539e-01
8.936690290768941614e-01
8.967633644739786414e-01
8.907214800516763953e-01
8.881121277809143066e-01
8.858135541280111047e-01
8.948950370152791711e-01
8.920599818229675293e-01
8.983786106109619141e-01
8.912150462468465539e-01
9.001180529594421387e-01
9.005170663197835657e-01
8.928278684616088867e-01
8.957973718643188477e-01
8.945083022117614746e-01
8.910114367802938196e-01
8.922102848688761023e-01
8.937840660413106653e-01
9.044960538546243933e-01
8.984728654225667688e-01
8.966617186864217492e-01
9.032369454701741907e-01
8.922295173009237024e-01
8.923843900362650183e-01
8.891247113545736047e-01
8.926385243733724328e-01
9.003008206685384485e-01
8.959390123685201379e-01
9.098844329516092566e-01
8.947679599126180383e-01
9.072406689325968054e-01
9.050335486729940149e-01
9.139166673024495813e-01
8.982065916061401367e-01
8.954833348592122766e-01
8.925650119781494141e-01
8.927155534426370886e-01
8.962897857030233117e-01
8.879311482111612586e-01
9.014947414398193359e-01
8.940672079722086218e-01
9.050936301549276086e-01
9.120884140332540246e-01
8.980977733929952356e-01
8.913942972819010047e-01
8.919778068860372278e-01
8.946088751157125207e-01
8.913706938425699500e-01
9.004368384679158899e-01
8.971223831176757812e-01
9.042547941207885742e-01
9.024880329767862586e-01
9.062137405077616004e-01
9.089064399401346472e-01
8.954443534215291711e-01
8.914469083150228235e-01
8.950256705284118652e-01
8.986387451489766809e-01
8.998421430587768555e-01
8.981379071871439246e-01
8.984879652659097937e-01
9.068195025126138953e-01
9.126698573430379602e-01
9.210013548533121375e-01
9.121608336766561242e-01
8.942874868710836145e-01
8.983383377393087121e-01
9.055964748064676550e-01
9.017626841862996789e-01
8.964829842249552039e-01
9.066308736801147461e-01
9.032361308733621863e-01
8.972137769063314172e-01
8.978550434112548828e-01
8.956792751948038367e-01
8.997685313224792480e-01
9.193403323491414758e-01
9.208475351333618164e-01
9.075605471928914758e-01
9.017721215883890418e-01
9.021508693695068359e-01
9.049966136614481238e-01
9.035698374112447473e-01
9.034483830134073523e-01
9.086251656214395789e-01
9.141184687614440918e-01
9.076078534126281738e-01
9.021793206532796594e-01
8.959089914957681922e-01
8.986734549204508093e-01
8.957125544548034668e-01
8.982604543368021277e-01
9.005090395609537390e-01
8.979386885960897180e-01
9.082993268966674805e-01
9.039065440495809289e-01
9.059015909830728797e-01
9.151507616043090820e-01
9.115204016367594031e-01
9.065409501393636438e-01
9.090928634007772180e-01
9.093545675277709961e-01
9.127490917841593054e-01
9.052345554033914832e-01
9.081085125605264929e-01
9.126111268997192383e-01
9.056683977444967004e-01
9.084055622418721887e-01
9.090995987256368371e-01
9.189151128133138391e-01
9.241548379262288782e-01
9.072906176249185828e-01
9.098616639773050574e-01
9.075100421905517578e-01
9.176806807518005371e-01
9.256130655606588098e-01
9.267720580101013184e-01
9.276019930839538574e-01
9.131023883819580078e-01
9.047806064287821082e-01
9.092567563056945801e-01
9.196247061093648645e-01
9.261553088823953894e-01
9.099255005518595008e-01
9.289908011754354211e-01
9.245515863100687293e-01
9.015362064043680457e-01
9.028552969296773645e-01
9.131779074668884277e-01
9.185426632563272742e-01
9.152467449506124231e-01
9.125987688700357703e-01
9.147202968597412109e-01
9.172404607137044641e-01
9.228935837745666504e-01
9.272209207216898230e-01
9.274915655454000207e-01
9.177666107813516883e-01
9.143689076105753211e-01
9.160876472791036340e-01
9.187250137329101562e-01
9.144473274548848840e-01
9.279785553614298133e-01
9.162494738896688196e-01
9.202584028244018555e-01
9.181939760843912390e-01
9.193463722864786414e-01
9.371393521626790735e-01
9.318118890126546594e-01
9.323873917261759070e-01
9.152930776278177527e-01
9.260921478271484375e-01
9.270839293797811242e-01
9.130465984344482422e-01
9.183055162429809570e-01
9.211849768956502649e-01
9.227317969004312781e-01
9.266184568405151367e-01
9.284035960833231238e-01
9.192911783854166297e-01
9.307917157808939246e-01
9.263695478439331055e-01
9.190404613812764856e-01
9.236072103182474402e-01
9.233886798222860071e-01
9.305064082145690918e-01
9.239120483398437500e-01
9.176348447799682617e-01
9.275672237078348425e-01
9.342925548553466797e-01
9.358811179796854285e-01
9.348087310791015625e-01
9.287032286326090125e-01
9.362279176712036133e-01
9.310821692148844031e-01
9.380487998326619836e-01
9.436068932215372351e-01
9.257194201151529578e-01
9.186522165934244422e-01
9.268460671106973914e-01
9.332424402236938477e-01
9.333433508872985840e-01
9.324108362197875977e-01
9.291649063428243371e-01
9.415141344070434570e-01
9.446521202723184851e-01
9.565006891886392859e-01
9.265026648839315149e-01
9.104253451029459265e-01
9.243620236714681360e-01
9.375733931859334680e-01
9.350196917851766321e-01
9.479058186213175086e-01
9.531683127085367468e-01
9.447730978329976770e-01
9.394807616869608191e-01
9.529605110486348840e-01
9.444938898086547852e-01
9.388054211934407922e-01
9.439331293106079102e-01
9.465774695078531531e-01
9.353921016057332727e-01
9.388769268989562988e-01
9.348749319712320593e-01
9.365449349085489539e-01
9.334802627563476562e-01
9.245529174804687500e-01
9.305419325828552246e-01
9.394976695378621789e-01
9.362358450889587402e-01
9.322386185328165320e-01
9.281717538833618164e-01
9.358144402503967285e-01
9.355772733688354492e-01
9.415975809097290039e-01
9.376407861709594727e-01
9.394968350728353235e-01
9.378831783930460242e-01
9.285585085550943640e-01
9.344300031661987305e-01
9.402726093928018836e-01
9.495312770207723352e-01
9.492709239323934289e-01
9.392283757527669641e-01
9.430666565895080566e-01
9.361033837000528601e-01
9.395521481831868860e-01
9.511593977610269812e-01
9.620410998662313196e-01
9.636536041895548133e-01
9.514444470405578613e-01
9.536863565444946289e-01
9.653703371683756140e-01
9.608647823333740234e-01
9.471714297930399207e-01
9.402178923288980750e-01
9.455845157305399207e-01
9.546275536219278601e-01
9.657811721165975305e-01
9.506143728892008093e-01
9.483822981516519812e-01
9.404847025871276855e-01
9.498599767684936523e-01
9.487701455752054480e-01
9.622530142466226843e-01
9.618547360102335242e-01
9.522426923116048547e-01
9.523591597874959680e-01
9.462847312291463586e-01
9.406814376513162879e-01
9.457170764605203894e-01
9.576073288917541504e-01
9.601875344912210730e-01
9.542880256970723840e-01
9.540077447891235352e-01
9.691445032755533484e-01
9.652636448542276648e-01
9.704936544100443152e-01
9.603021144866943359e-01
9.568113287289937707e-01
9.670888781547546387e-01
9.551387627919515344e-01
9.597129424413045617e-01
5.907047748565673828e+00
1.117788251241048236e+01
6.114385763804118135e+00
4.761302789052327178e+00
4.144324302673339844e+00
3.844609260559082031e+00
3.518568038940429688e+00
3.385859568913777817e+00
3.283901532491048325e+00
3.142858902613321792e+00
3.123321135838826645e+00
3.108570178349812974e+00
3.025459925333658706e+00
3.025251229604085434e+00
2.930528799692789566e+00
2.876624504725138198e+00
2.810837268829345703e+00
2.815006812413533677e+00
2.707500855127970230e+00
2.702443997065226089e+00
2.616090138753255356e+00
2.621527989705403794e+00
2.603098948796590317e+00
2.590962251027425278e+00
2.520359913508097183e+00
2.484000364939371597e+00
2.451305468877156724e+00
2.399591763814290513e+00
2.384777863820394028e+00
2.324236273765563965e+00
2.270808259646097671e+00
2.256135503451029312e+00
2.252427419026692856e+00
2.210775852203369141e+00
2.193392515182495117e+00
2.166539192199707031e+00
2.177905639012654770e+00
2.099609573682149399e+00
2.057873845100402832e+00
2.020931800206502427e+00
1.974181294441223145e+00
1.942067583401997810e+00
1.925438721974690681e+00
1.959566752115885491e+00
1.928882519404093498e+00
1.874869823455810547e+00
1.839315136273701912e+00
1.857674042383829827e+00
1.876303990681966072e+00
1.888971249262491936e+00
1.873847484588623047e+00
1.824467897415161133e+00
1.770854592323303223e+00
1.770604491233825684e+00
1.788424650828043694e+00
1.773104468981425041e+00
1.711769819259643555e+00
1.716208140055338616e+00
1.717544158299763923e+00
1.672416448593139648e+00
1.659610668818155998e+00
1.613755186398823982e+00
1.652902126312255859e+00
1.620371341705322266e+00
1.568472703297932869e+00
1.536744117736816406e+00
1.532528320948282952e+00
1.514481345812479729e+00
1.528718550999959236e+00
1.520157535870869880e+00
1.494022766749064202e+00
1.466912070910135979e+00
1.466438929239908928e+00
1.452117880185445076e+00
1.445629596710205078e+00
1.440616726875305176e+00
1.400707960128784180e+00
1.399441957473754883e+00
1.415712992350260491e+00
1.385934233665466309e+00
1.353230436642964607e+00
1.360105633735656738e+00
1.323167522748311287e+00
1.306859016418457031e+00
1.316566586494445801e+00
1.300647854804992676e+00
1.302714467048645020e+00
1.277339498202006096e+00
1.273348967234293694e+00
1.275143086910247803e+00
1.267121771971384758e+00
1.259374558925628662e+00
1.256676355997721428e+00
1.219368894894917732e+00
1.212362647056579590e+00
1.224818070729573494e+00
1.198509573936462402e+00
1.170561651388804192e+00
1.202686091264088875e+00
1.195859432220458984e+00
1.174958348274230957e+00
1.149383982022603279e+00
1.131961385409037346e+00
1.146712064743041992e+00
1.148912926514943367e+00
1.138413906097412109e+00
1.110949595769246345e+00
1.115212996800740486e+00
1.104516347249348884e+00
1.113261481126149421e+00
1.075737595558166504e+00
1.071936706701914543e+00
1.096250275770823235e+00
1.061233917872111077e+00
1.041294753551483154e+00
1.044942557811737061e+00
1.059634327888488770e+00
1.063388268152872795e+00
1.029481371243794685e+00
1.024590174357096428e+00
1.020582675933837891e+00
1.009000658988952637e+00
9.939174850781758996e-01
9.719107151031494141e-01
9.796045621236165735e-01
1.002676109472910637e+00
9.697820742925008508e-01
9.354070027669271203e-01
9.836540420850118371e-01
9.361551006635030481e-01
9.327943325042724609e-01
9.424120585123697547e-01
9.246334632237752649e-01
9.143668015797933313e-01
9.115655422210693359e-01
9.084447622299194336e-01
9.073342482248941687e-01
8.875855604807535437e-01
8.996989727020263672e-01
8.823869427045186731e-01
8.767308592796325684e-01
8.764315247535705566e-01
8.521034518877664832e-01
