2.000000000000000111e-01
2.000000000000000111e-01
2.000000000000000111e-01
2.006666666666666599e-01
2.439999999999999947e-01
3.466666666666666785e-01
3.573333333333333361e-01
3.679999999999999938e-01
3.686666666666666425e-01
3.773333333333333539e-01
3.673333333333333450e-01
3.526666666666666838e-01
3.780000000000000027e-01
3.653333333333333433e-01
3.706666666666666443e-01
3.786666666666666514e-01
3.826666666666666550e-01
3.846666666666666567e-01
3.786666666666666514e-01
3.846666666666666567e-01
3.853333333333333610e-01
3.833333333333333592e-01
3.813333333333333575e-01
3.853333333333333610e-01
3.820000000000000062e-01
3.820000000000000062e-01
3.833333333333333592e-01
3.840000000000000080e-01
3.826666666666666550e-01
3.840000000000000080e-01
3.806666666666666532e-01
3.806666666666666532e-01
3.800000000000000044e-01
3.800000000000000044e-01
3.826666666666666550e-01
3.800000000000000044e-01
3.813333333333333575e-01
3.806666666666666532e-01
3.813333333333333575e-01
3.806666666666666532e-01
3.806666666666666532e-01
3.780000000000000027e-01
3.786666666666666514e-01
3.773333333333333539e-01
3.793333333333333557e-01
3.800000000000000044e-01
3.766666666666666496e-01
3.800000000000000044e-01
3.806666666666666532e-01
3.786666666666666514e-01
3.820000000000000062e-01
3.806666666666666532e-01
3.800000000000000044e-01
3.800000000000000044e-01
3.800000000000000044e-01
3.806666666666666532e-01
3.786666666666666514e-01
3.780000000000000027e-01
3.773333333333333539e-01
3.806666666666666532e-01
3.786666666666666514e-01
3.780000000000000027e-01
3.806666666666666532e-01
3.826666666666666550e-01
3.786666666666666514e-01
3.753333333333333521e-01
3.773333333333333539e-01
3.746666666666666479e-01
3.760000000000000009e-01
3.806666666666666532e-01
3.753333333333333521e-01
3.766666666666666496e-01
3.766666666666666496e-01
3.800000000000000044e-01
3.800000000000000044e-01
3.746666666666666479e-01
3.786666666666666514e-01
3.773333333333333539e-01
3.746666666666666479e-01
3.773333333333333539e-01
3.746666666666666479e-01
3.753333333333333521e-01
3.780000000000000027e-01
3.786666666666666514e-01
3.773333333333333539e-01
3.773333333333333539e-01
3.733333333333333504e-01
3.773333333333333539e-01
3.746666666666666479e-01
3.760000000000000009e-01
3.766666666666666496e-01
3.760000000000000009e-01
3.760000000000000009e-01
3.760000000000000009e-01
3.753333333333333521e-01
3.733333333333333504e-01
3.739999999999999991e-01
3.733333333333333504e-01
3.766666666666666496e-01
3.766666666666666496e-01
3.766666666666666496e-01
