2.000000000000000111e-01
2.000000000000000111e-01
2.000000000000000111e-01
2.033333333333333381e-01
2.233333333333333282e-01
2.346666666666666623e-01
2.379999999999999893e-01
2.340000000000000135e-01
2.413333333333333441e-01
2.453333333333333199e-01
2.253333333333333299e-01
2.526666666666666505e-01
2.399999999999999911e-01
2.320000000000000118e-01
2.373333333333333406e-01
2.393333333333333424e-01
2.326666666666666605e-01
2.373333333333333406e-01
2.366666666666666641e-01
2.373333333333333406e-01
2.379999999999999893e-01
2.353333333333333388e-01
2.353333333333333388e-01
2.359999999999999876e-01
2.353333333333333388e-01
2.353333333333333388e-01
2.340000000000000135e-01
2.340000000000000135e-01
2.359999999999999876e-01
2.333333333333333370e-01
2.340000000000000135e-01
2.333333333333333370e-01
2.340000000000000135e-01
2.320000000000000118e-01
2.353333333333333388e-01
2.346666666666666623e-01
2.333333333333333370e-01
2.333333333333333370e-01
2.313333333333333353e-01
2.326666666666666605e-01
2.340000000000000135e-01
2.346666666666666623e-01
2.346666666666666623e-01
2.353333333333333388e-01
2.353333333333333388e-01
2.313333333333333353e-01
2.366666666666666641e-01
2.333333333333333370e-01
2.353333333333333388e-01
2.340000000000000135e-01
2.346666666666666623e-01
2.373333333333333406e-01
2.320000000000000118e-01
2.333333333333333370e-01
2.340000000000000135e-01
2.320000000000000118e-01
2.406666666666666676e-01
2.413333333333333441e-01
2.413333333333333441e-01
2.366666666666666641e-01
2.393333333333333424e-01
2.373333333333333406e-01
2.386666666666666659e-01
2.373333333333333406e-01
2.366666666666666641e-01
2.386666666666666659e-01
2.379999999999999893e-01
2.399999999999999911e-01
2.393333333333333424e-01
2.386666666666666659e-01
2.393333333333333424e-01
2.386666666666666659e-01
2.379999999999999893e-01
2.340000000000000135e-01
2.306666666666666587e-01
2.373333333333333406e-01
2.386666666666666659e-01
2.359999999999999876e-01
2.366666666666666641e-01
2.353333333333333388e-01
2.353333333333333388e-01
2.366666666666666641e-01
2.340000000000000135e-01
2.359999999999999876e-01
2.366666666666666641e-01
2.333333333333333370e-01
2.353333333333333388e-01
2.353333333333333388e-01
2.353333333333333388e-01
2.326666666666666605e-01
2.366666666666666641e-01
2.346666666666666623e-01
2.353333333333333388e-01
2.359999999999999876e-01
2.359999999999999876e-01
2.353333333333333388e-01
2.359999999999999876e-01
2.340000000000000135e-01
2.366666666666666641e-01
2.393333333333333424e-01
2.346666666666666623e-01
