2.000000000000000111e-01
2.293333333333333335e-01
2.000000000000000111e-01
2.006666666666666599e-01
2.506666666666666488e-01
4.353333333333333499e-01
5.193333333333333135e-01
5.653333333333333544e-01
5.733333333333333615e-01
5.973333333333333828e-01
6.146666666666666945e-01
5.746666666666666590e-01
6.019999999999999796e-01
5.986666666666666803e-01
6.260000000000000009e-01
6.099999999999999867e-01
6.079999999999999849e-01
6.039999999999999813e-01
6.113333333333332842e-01
6.153333333333332877e-01
6.126666666666666927e-01
6.173333333333332895e-01
6.206666666666666998e-01
6.139999999999999902e-01
6.139999999999999902e-01
6.133333333333332860e-01
6.213333333333332931e-01
6.193333333333332913e-01
6.186666666666666980e-01
6.159999999999999920e-01
6.186666666666666980e-01
6.179999999999999938e-01
6.153333333333332877e-01
6.186666666666666980e-01
6.166666666666666963e-01
6.166666666666666963e-01
6.179999999999999938e-01
6.199999999999999956e-01
6.159999999999999920e-01
6.173333333333332895e-01
6.186666666666666980e-01
6.179999999999999938e-01
6.153333333333332877e-01
6.186666666666666980e-01
6.166666666666666963e-01
6.179999999999999938e-01
6.179999999999999938e-01
6.146666666666666945e-01
6.153333333333332877e-01
6.146666666666666945e-01
6.153333333333332877e-01
6.186666666666666980e-01
6.159999999999999920e-01
6.153333333333332877e-01
6.173333333333332895e-01
6.139999999999999902e-01
6.186666666666666980e-01
6.186666666666666980e-01
6.166666666666666963e-01
6.186666666666666980e-01
6.173333333333332895e-01
6.179999999999999938e-01
6.179999999999999938e-01
6.186666666666666980e-01
6.179999999999999938e-01
6.186666666666666980e-01
6.159999999999999920e-01
6.186666666666666980e-01
6.166666666666666963e-01
6.166666666666666963e-01
6.179999999999999938e-01
6.139999999999999902e-01
6.153333333333332877e-01
6.173333333333332895e-01
6.133333333333332860e-01
6.159999999999999920e-01
6.179999999999999938e-01
6.159999999999999920e-01
6.153333333333332877e-01
6.159999999999999920e-01
6.186666666666666980e-01
6.139999999999999902e-01
6.179999999999999938e-01
6.146666666666666945e-01
6.139999999999999902e-01
6.179999999999999938e-01
6.186666666666666980e-01
6.199999999999999956e-01
6.206666666666666998e-01
6.166666666666666963e-01
6.166666666666666963e-01
6.126666666666666927e-01
6.159999999999999920e-01
6.173333333333332895e-01
6.173333333333332895e-01
6.166666666666666963e-01
6.159999999999999920e-01
6.159999999999999920e-01
6.159999999999999920e-01
6.146666666666666945e-01
6.133333333333332860e-01
