2.000000000000000111e-01
2.000000000000000111e-01
2.020000000000000129e-01
2.006666666666666599e-01
2.500000000000000000e-01
3.833333333333333592e-01
5.420000000000000373e-01
5.266666666666666163e-01
6.226666666666667016e-01
6.780000000000000471e-01
6.393333333333333091e-01
6.553333333333333233e-01
6.600000000000000311e-01
6.833333333333333481e-01
6.686666666666666314e-01
6.800000000000000488e-01
6.979999999999999538e-01
7.126666666666666705e-01
7.019999999999999574e-01
7.253333333333333854e-01
6.986666666666666581e-01
7.173333333333333783e-01
7.079999999999999627e-01
6.966666666666666563e-01
6.953333333333333588e-01
7.006666666666666599e-01
7.033333333333333659e-01
7.033333333333333659e-01
7.073333333333333695e-01
7.006666666666666599e-01
7.033333333333333659e-01
7.033333333333333659e-01
7.013333333333333641e-01
7.039999999999999591e-01
7.039999999999999591e-01
7.053333333333333677e-01
7.033333333333333659e-01
7.073333333333333695e-01
7.073333333333333695e-01
7.093333333333333712e-01
7.079999999999999627e-01
7.099999999999999645e-01
7.059999999999999609e-01
7.033333333333333659e-01
7.073333333333333695e-01
7.046666666666666634e-01
6.993333333333333623e-01
7.026666666666666616e-01
7.033333333333333659e-01
7.026666666666666616e-01
7.059999999999999609e-01
7.073333333333333695e-01
7.033333333333333659e-01
7.079999999999999627e-01
7.093333333333333712e-01
7.079999999999999627e-01
7.073333333333333695e-01
7.026666666666666616e-01
7.059999999999999609e-01
7.086666666666666670e-01
7.079999999999999627e-01
7.039999999999999591e-01
7.019999999999999574e-01
7.019999999999999574e-01
7.026666666666666616e-01
7.026666666666666616e-01
7.039999999999999591e-01
7.053333333333333677e-01
7.026666666666666616e-01
7.033333333333333659e-01
7.026666666666666616e-01
7.059999999999999609e-01
7.039999999999999591e-01
7.059999999999999609e-01
7.079999999999999627e-01
7.066666666666666652e-01
7.013333333333333641e-01
7.046666666666666634e-01
7.066666666666666652e-01
7.046666666666666634e-01
7.066666666666666652e-01
7.053333333333333677e-01
7.039999999999999591e-01
7.059999999999999609e-01
7.033333333333333659e-01
7.073333333333333695e-01
7.093333333333333712e-01
7.086666666666666670e-01
7.073333333333333695e-01
7.106666666666666687e-01
7.033333333333333659e-01
7.073333333333333695e-01
7.086666666666666670e-01
7.059999999999999609e-01
7.039999999999999591e-01
7.039999999999999591e-01
7.059999999999999609e-01
7.033333333333333659e-01
7.013333333333333641e-01
7.019999999999999574e-01
7.046666666666666634e-01
