6.757864579558372498e-01
6.331661120057106018e-01
6.050493419170379639e-01
5.861160904169082642e-01
5.729880556464195251e-01
5.619871616363525391e-01
5.515253469347953796e-01
5.411174967885017395e-01
5.307692959904670715e-01
5.206146240234375000e-01
5.108178779482841492e-01
5.013633891940116882e-01
4.920695237815380096e-01
4.827104173600673676e-01
4.734986424446105957e-01
4.645810201764106750e-01
4.558509029448032379e-01
4.474093653261661530e-01
4.393625110387802124e-01
4.317823089659214020e-01
4.244967028498649597e-01
4.173787683248519897e-01
4.106554947793483734e-01
4.045695178210735321e-01
3.981786184012889862e-01
3.919991701841354370e-01
3.862377554178237915e-01
3.804187253117561340e-01
3.748537972569465637e-01
3.694587796926498413e-01
3.641263023018836975e-01
3.591726273298263550e-01
3.542944639921188354e-01
3.489547073841094971e-01
3.441978208720684052e-01
3.399985320866107941e-01
3.359771482646465302e-01
3.312894105911254883e-01
3.272462524473667145e-01
3.224390074610710144e-01
3.184656836092472076e-01
3.144203945994377136e-01
3.105526901781558990e-01
3.077122904360294342e-01
3.038188852369785309e-01
3.000622428953647614e-01
2.965907752513885498e-01
2.931951507925987244e-01
2.900577932596206665e-01
2.871026508510112762e-01
2.848355323076248169e-01
2.815522588789463043e-01
2.791324146091938019e-01
2.753113657236099243e-01
2.724970169365406036e-01
2.699880003929138184e-01
2.672732211649417877e-01
2.652111314237117767e-01
2.635891698300838470e-01
2.608782127499580383e-01
2.589802145957946777e-01
2.564686276018619537e-01
2.544416971504688263e-01
2.525609731674194336e-01
2.503971755504608154e-01
2.483208198100328445e-01
2.469399310648441315e-01
2.452356331050395966e-01
2.443166244775056839e-01
2.419130746275186539e-01
2.395543679594993591e-01
2.375799790024757385e-01
2.363783959299325943e-01
2.345606442540884018e-01
2.331826109439134598e-01
2.316826209425926208e-01
2.308318335562944412e-01
2.288133651018142700e-01
2.270894516259431839e-01
2.259581200778484344e-01
2.246584966778755188e-01
2.231941185891628265e-01
2.222734037786722183e-01
2.208664454519748688e-01
2.199536021798849106e-01
2.187380809336900711e-01
2.184547092765569687e-01
2.163935750722885132e-01
2.152849845588207245e-01
2.147536892443895340e-01
2.131861746311187744e-01
2.113623693585395813e-01
2.106552384793758392e-01
2.095657847821712494e-01
2.090387102216482162e-01
2.075893953442573547e-01
2.082441952079534531e-01
2.059848774224519730e-01
2.046322897076606750e-01
2.045113891363143921e-01
2.036131396889686584e-01
2.024264540523290634e-01
2.018238287419080734e-01
2.008510250598192215e-01
2.001129090785980225e-01
1.992096733301877975e-01
1.991341467946767807e-01
1.979044321924448013e-01
1.980113554745912552e-01
1.977314706891775131e-01
1.966542806476354599e-01
1.951848547905683517e-01
1.943708714097738266e-01
1.944059059023857117e-01
1.928768474608659744e-01
1.918306555598974228e-01
1.914289891719818115e-01
1.908717229962348938e-01
1.896196436136960983e-01
1.900776326656341553e-01
1.894958671182394028e-01
1.891932990401983261e-01
1.892906334251165390e-01
1.883604507893323898e-01
1.882525049149990082e-01
1.874573882669210434e-01
1.862246748059988022e-01
1.858213376253843307e-01
1.844639535993337631e-01
1.849122103303670883e-01
1.849108058959245682e-01
1.837826687842607498e-01
1.835318394005298615e-01
1.820036023855209351e-01
1.816227175295352936e-01
1.813277341425418854e-01
1.809033211320638657e-01
1.805032789707183838e-01
1.802048813551664352e-01
1.792198680341243744e-01
1.789128854870796204e-01
1.791811119765043259e-01
1.793063227087259293e-01
1.780665256083011627e-01
1.779235042631626129e-01
1.774960942566394806e-01
1.768211387097835541e-01
1.767782010138034821e-01
1.771921608597040176e-01
1.761404611170291901e-01
1.753336340188980103e-01
1.751434411853551865e-01
1.755851525813341141e-01
1.755791958421468735e-01
1.743201669305562973e-01
1.734188664704561234e-01
1.732534188777208328e-01
1.733959373086690903e-01
1.728328820317983627e-01
1.727626472711563110e-01
1.725421193987131119e-01
1.719692517071962357e-01
1.716423258185386658e-01
1.704687383025884628e-01
1.705231480300426483e-01
1.708083413541316986e-01
1.705449931323528290e-01
1.701575107872486115e-01
1.695911120623350143e-01
1.692927610129117966e-01
1.690080333501100540e-01
1.691749673336744308e-01
1.694268584251403809e-01
1.700085625052452087e-01
1.697694268077611923e-01
1.685925088822841644e-01
1.682246197015047073e-01
1.677994299679994583e-01
1.677879299968481064e-01
1.686445102095603943e-01
1.676872614771127701e-01
1.667037364095449448e-01
1.663573868572711945e-01
1.658830791711807251e-01
1.652183867990970612e-01
1.661243941634893417e-01
1.665358562022447586e-01
1.666783597320318222e-01
1.663870234042406082e-01
1.658800505101680756e-01
1.644830182194709778e-01
1.642766986042261124e-01
1.644622515887022018e-01
1.643840726464986801e-01
1.639637444168329239e-01
1.634866856038570404e-01
1.628988143056631088e-01
1.632327865809202194e-01
1.641351878643035889e-01
1.649766899645328522e-01
1.638859901577234268e-01
1.635025013238191605e-01
1.628881692886352539e-01
1.626070793718099594e-01
1.630737893283367157e-01
1.623224336653947830e-01
1.620621010661125183e-01
1.618202533572912216e-01
1.617777161300182343e-01
1.617302838712930679e-01
1.621721629053354263e-01
1.616853103041648865e-01
1.610585600137710571e-01
1.606581155210733414e-01
1.610513962805271149e-01
1.610581576824188232e-01
1.618891842663288116e-01
1.611653994768857956e-01
1.604723855853080750e-01
1.602550037205219269e-01
1.602410264313220978e-01
1.600369233638048172e-01
1.599989216774702072e-01
1.599302701652050018e-01
1.593519188463687897e-01
1.584282722324132919e-01
1.590138114988803864e-01
1.586434505879878998e-01
1.586047224700450897e-01
1.592170242220163345e-01
1.588451359421014786e-01
1.595002710819244385e-01
1.597275566309690475e-01
1.594535149633884430e-01
1.588306408375501633e-01
1.581553928554058075e-01
1.583750713616609573e-01
1.578149497509002686e-01
1.579055488109588623e-01
1.580058671534061432e-01
1.578560378402471542e-01
1.572416219860315323e-01
1.572612375020980835e-01
1.579304933547973633e-01
1.584783028811216354e-01
1.579630579799413681e-01
1.566425655037164688e-01
1.568173877894878387e-01
1.567356698215007782e-01
1.569118779152631760e-01
1.564199402928352356e-01
1.561136860400438309e-01
1.569051966071128845e-01
1.573251001536846161e-01
1.564073786139488220e-01
1.558938380330801010e-01
1.556087732315063477e-01
1.562184393405914307e-01
1.554484348744153976e-01
1.554786115884780884e-01
1.551790535449981689e-01
1.556872557848691940e-01
1.549765430390834808e-01
1.549032162874937057e-01
1.553111691027879715e-01
1.554468180984258652e-01
1.557162497192621231e-01
1.553655564785003662e-01
1.546992640942335129e-01
1.550756879150867462e-01
1.548072528094053268e-01
1.541594788432121277e-01
1.542257349938154221e-01
1.545546632260084152e-01
1.550698149949312210e-01
1.541665904223918915e-01
1.537402402609586716e-01
1.546680293977260590e-01
1.541299223899841309e-01
1.539513189345598221e-01
1.539018042385578156e-01
1.560150869190692902e-01
1.552546191960573196e-01
1.572826858609914780e-01
1.571489553898572922e-01
1.551383230835199356e-01
1.535903513431549072e-01
1.532670762389898300e-01
1.529746204614639282e-01
1.529517173767089844e-01
1.531664375215768814e-01
1.536022294312715530e-01
1.532089896500110626e-01
