6.860268265008926392e-01
6.603366434574127197e-01
6.434280946850776672e-01
6.295670717954635620e-01
6.171174049377441406e-01
6.058941483497619629e-01
5.958961173892021179e-01
5.869958922266960144e-01
5.788144692778587341e-01
5.711115747690200806e-01
5.634942650794982910e-01
5.558222159743309021e-01
5.481570735573768616e-01
5.404434576630592346e-01
5.328124761581420898e-01
5.251575484871864319e-01
5.176377370953559875e-01
5.101734846830368042e-01
5.026822313666343689e-01
4.953499101102352142e-01
4.879694320261478424e-01
4.807395637035369873e-01
4.737407378852367401e-01
4.670010805130004883e-01
4.603849463164806366e-01
4.541518576443195343e-01
4.480455182492733002e-01
4.419165514409542084e-01
4.360789619386196136e-01
4.307821765542030334e-01
4.253272488713264465e-01
4.201206564903259277e-01
4.153143391013145447e-01
4.105152711272239685e-01
4.057425931096076965e-01
4.007164910435676575e-01
3.966426812112331390e-01
3.930898718535900116e-01
3.881914913654327393e-01
3.842131979763507843e-01
3.802561461925506592e-01
3.764040395617485046e-01
3.726691603660583496e-01
3.683466017246246338e-01
3.648575656116008759e-01
3.614003621041774750e-01
3.577561378479003906e-01
3.548997901380062103e-01
3.514668494462966919e-01
3.482721373438835144e-01
3.451941646635532379e-01
3.427928164601325989e-01
3.394482508301734924e-01
3.359475620090961456e-01
3.332963250577449799e-01
3.301869444549083710e-01
3.271642774343490601e-01
3.244488127529621124e-01
3.217113204300403595e-01
3.192917630076408386e-01
3.161904290318489075e-01
3.135733902454376221e-01
3.110908679664134979e-01
3.083605319261550903e-01
3.057181797921657562e-01
3.037707693874835968e-01
3.015120700001716614e-01
2.987756952643394470e-01
2.965599186718463898e-01
2.944116853177547455e-01
2.925143204629421234e-01
2.901685684919357300e-01
2.881392352283000946e-01
2.861163504421710968e-01
2.836355231702327728e-01
2.816228047013282776e-01
2.804684154689311981e-01
2.779188640415668488e-01
2.759105563163757324e-01
2.740615308284759521e-01
2.722643688321113586e-01
2.706862688064575195e-01
2.683927677571773529e-01
2.670422829687595367e-01
2.655287645757198334e-01
2.638876028358936310e-01
2.629019282758235931e-01
2.607008963823318481e-01
2.595618031919002533e-01
2.583836056292057037e-01
2.560301162302494049e-01
2.549154646694660187e-01
2.535231076180934906e-01
2.517684213817119598e-01
2.502839006483554840e-01
2.488549761474132538e-01
2.483804039657115936e-01
2.474845871329307556e-01
2.455044016242027283e-01
2.437853291630744934e-01
2.432228513062000275e-01
2.416170183569192886e-01
2.401180006563663483e-01
2.397163733839988708e-01
2.391152605414390564e-01
2.368717752397060394e-01
2.359160929918289185e-01
2.346672806888818741e-01
2.335427962243556976e-01
2.328446730971336365e-01
2.325288224965333939e-01
2.312349099665880203e-01
2.296189889311790466e-01
2.297883555293083191e-01
2.279307506978511810e-01
2.267521377652883530e-01
2.258947622030973434e-01
2.256100829690694809e-01
2.247357480227947235e-01
2.233666907995939255e-01
2.215778082609176636e-01
2.206916362047195435e-01
2.195712737739086151e-01
2.186777684837579727e-01
2.179764453321695328e-01
2.178712952882051468e-01
2.180646806955337524e-01
2.186588142067193985e-01
2.181596048176288605e-01
2.176987435668706894e-01
2.170047406107187271e-01
2.143919672816991806e-01
2.123914361000061035e-01
2.116552777588367462e-01
2.130745612084865570e-01
2.127269189804792404e-01
2.106431592255830765e-01
2.088686227798461914e-01
2.079323567450046539e-01
2.079627215862274170e-01
2.082289960235357285e-01
2.083405181765556335e-01
2.070822827517986298e-01
2.055557928979396820e-01
2.054557502269744873e-01
2.034342363476753235e-01
2.040710859000682831e-01
2.051144279539585114e-01
2.053667232394218445e-01
2.063146661967039108e-01
2.037901617586612701e-01
2.021575737744569778e-01
2.004254478961229324e-01
2.011094298213720322e-01
1.991420183330774307e-01
1.991472225636243820e-01
1.983471233397722244e-01
1.982721593230962753e-01
1.976385470479726791e-01
1.985812168568372726e-01
1.974660661071538925e-01
1.980326715856790543e-01
1.971340086311101913e-01
1.972528398036956787e-01
1.944872867316007614e-01
1.945091914385557175e-01
1.939087323844432831e-01
1.945717409253120422e-01
1.946942228823900223e-01
1.939792782068252563e-01
1.925249733030796051e-01
1.914835646748542786e-01
1.906687654554843903e-01
1.918030157685279846e-01
1.906334888190031052e-01
1.909081749618053436e-01
1.896209791302680969e-01
1.898403987288475037e-01
1.901636179536581039e-01
1.910374555736780167e-01
1.904316265136003494e-01
1.897924225777387619e-01
1.892533060163259506e-01
1.874932050704956055e-01
1.871326100081205368e-01
1.861453559249639511e-01
1.864322442561388016e-01
1.871376298367977142e-01
1.873772777616977692e-01
1.868484281003475189e-01
1.860384251922369003e-01
1.847543846815824509e-01
1.841742545366287231e-01
1.844515278935432434e-01
1.871863417327404022e-01
1.852120403200387955e-01
1.840749662369489670e-01
1.842042524367570877e-01
1.842986643314361572e-01
1.839433703571557999e-01
1.821963898837566376e-01
1.812841258943080902e-01
1.811841167509555817e-01
1.815389804542064667e-01
1.817215215414762497e-01
1.809237822890281677e-01
1.811620164662599564e-01
1.798256430774927139e-01
1.799230333417654037e-01
1.805116999894380569e-01
1.804309841245412827e-01
1.805214751511812210e-01
1.813322473317384720e-01
1.794848218560218811e-01
1.783141884952783585e-01
1.772512253373861313e-01
1.776182744652032852e-01
1.773199681192636490e-01
1.775878202170133591e-01
1.766852140426635742e-01
1.768280267715454102e-01
1.775100342929363251e-01
1.778113730251789093e-01
1.784355249255895615e-01
1.769389957189559937e-01
1.765735298395156860e-01
1.767309941351413727e-01
1.758656445890665054e-01
1.756430212408304214e-01
1.754400283098220825e-01
1.753284260630607605e-01
1.759445108473300934e-01
1.768190190196037292e-01
1.770692374557256699e-01
1.770245507359504700e-01
1.749292016029357910e-01
1.744235437363386154e-01
1.732991933822631836e-01
1.738205552101135254e-01
1.742858551442623138e-01
1.738169565796852112e-01
1.742788068950176239e-01
1.746540088206529617e-01
1.728615611791610718e-01
1.735543571412563324e-01
1.728066373616456985e-01
1.720338333398103714e-01
1.721916142851114273e-01
1.722018774598836899e-01
1.717230267822742462e-01
1.713730115443468094e-01
1.705728415399789810e-01
1.700871381908655167e-01
1.700663231313228607e-01
1.701519768685102463e-01
1.695053391158580780e-01
1.710321176797151566e-01
1.706939525902271271e-01
1.704879608005285263e-01
1.715107969939708710e-01
1.700777560472488403e-01
1.687364820390939713e-01
1.684362795203924179e-01
1.693482398986816406e-01
1.699678078293800354e-01
1.683743502944707870e-01
1.683314852416515350e-01
1.679499335587024689e-01
1.678843162953853607e-01
1.683013141155242920e-01
1.690312009304761887e-01
1.696415096521377563e-01
1.685257870703935623e-01
1.687414981424808502e-01
1.676434669643640518e-01
1.673071850091218948e-01
1.668103598058223724e-01
1.668589152395725250e-01
1.685014441609382629e-01
1.693827621638774872e-01
1.676846239715814590e-01
1.670230329036712646e-01
1.674973759800195694e-01
1.665988620370626450e-01
1.670892182737588882e-01
1.681900601834058762e-01
1.676335353404283524e-01
1.659012362360954285e-01
1.658254750072956085e-01
1.657843627035617828e-01
1.661154963076114655e-01
1.653506197035312653e-01
1.654227711260318756e-01
1.649082135409116745e-01
1.643572170287370682e-01
1.648063212633132935e-01
1.647117137908935547e-01
1.644200962036848068e-01
1.664117835462093353e-01
1.647156979888677597e-01
1.645091008394956589e-01
1.638730224221944809e-01
1.647700518369674683e-01
1.648659668862819672e-01
1.643833834677934647e-01
1.646812018007040024e-01
1.644298881292343140e-01
1.644590273499488831e-01
1.637781243771314621e-01
1.636740639805793762e-01
1.640301197767257690e-01
1.635505333542823792e-01
1.640507914125919342e-01
1.656786575913429260e-01
1.658138819038867950e-01
1.635230630636215210e-01
1.637765653431415558e-01
1.635674275457859039e-01
1.624758020043373108e-01
1.611208710819482803e-01
1.619555242359638214e-01
1.622733306139707565e-01
1.628043316304683685e-01
1.629236824810504913e-01
1.621846333146095276e-01
1.622360311448574066e-01
1.636572144925594330e-01
1.639425419270992279e-01
1.625775881111621857e-01
1.623311117291450500e-01
1.616321187466382980e-01
1.619592942297458649e-01
1.611208375543355942e-01
1.618044301867485046e-01
1.609646286815404892e-01
1.611409168690443039e-01
1.620414834469556808e-01
1.620692387223243713e-01
1.619402505457401276e-01
1.628003045916557312e-01
1.613257005810737610e-01
1.608959268778562546e-01
1.610030699521303177e-01
1.605948563665151596e-01
1.598831284791231155e-01
1.596197020262479782e-01
1.600245423614978790e-01
1.607741061598062515e-01
1.618580278009176254e-01
1.618748102337121964e-01
1.606424581259489059e-01
1.601853370666503906e-01
1.598200909793376923e-01
1.601715330034494400e-01
1.596728246659040451e-01
1.605252176523208618e-01
1.604126244783401489e-01
1.598624866455793381e-01
1.596696134656667709e-01
1.597266700118780136e-01
1.582605987787246704e-01
1.585615426301956177e-01
1.587833315134048462e-01
1.588781476020812988e-01
1.591647267341613770e-01
1.590190213173627853e-01
1.586419716477394104e-01
1.576914507895708084e-01
1.578224599361419678e-01
1.572871096432209015e-01
1.577525828033685684e-01
1.581440623849630356e-01
1.587090399116277695e-01
1.576232705265283585e-01
1.587474141269922256e-01
1.594063676893711090e-01
1.599097475409507751e-01
1.583094354718923569e-01
1.582881379872560501e-01
1.589672137051820755e-01
1.579004451632499695e-01
1.580058019608259201e-01
1.572680547833442688e-01
1.578902527689933777e-01
1.574493367224931717e-01
1.570334527641534805e-01
1.585459932684898376e-01
1.582278124988079071e-01
1.573904547840356827e-01
1.581658050417900085e-01
1.583340652287006378e-01
1.576660778373479843e-01
1.570928748697042465e-01
1.572855841368436813e-01
1.571309771388769150e-01
1.574358008801937103e-01
1.571196280419826508e-01
1.562513522803783417e-01
1.579177416861057281e-01
1.566951815038919449e-01
1.561767794191837311e-01
1.555120106786489487e-01
1.553971264511346817e-01
1.557773221284151077e-01
1.561386715620756149e-01
1.586247682571411133e-01
1.578498929738998413e-01
1.565164774656295776e-01
1.559962723404169083e-01
1.559090018272399902e-01
1.555066909641027451e-01
1.567370500415563583e-01
1.589000690728425980e-01
1.593456231057643890e-01
1.626024544239044189e-01
1.591765265911817551e-01
1.575447358191013336e-01
1.570320408791303635e-01
1.555311307311058044e-01
1.559661868959665298e-01
1.577251646667718887e-01
1.557266991585493088e-01
1.548995096236467361e-01
1.554700937122106552e-01
1.553569585084915161e-01
1.568268090486526489e-01
1.557663064450025558e-01
1.548828724771738052e-01
1.550464536994695663e-01
1.545499768108129501e-01
1.547892596572637558e-01
1.547692827880382538e-01
1.538393739610910416e-01
1.538795754313468933e-01
1.544165126979351044e-01
1.544942669570446014e-01
1.545463595539331436e-01
1.540778949856758118e-01
1.535929255187511444e-01
1.539708208292722702e-01
1.536632888019084930e-01
1.535622216761112213e-01
1.547093819826841354e-01
1.535715647041797638e-01
1.541175600141286850e-01
1.548776179552078247e-01
1.551422365009784698e-01
1.554683167487382889e-01
1.550045274198055267e-01
1.551197208464145660e-01
1.560541093349456787e-01
1.562374513596296310e-01
1.549136303365230560e-01
1.544402651488780975e-01
1.538594830781221390e-01
1.540966872125864029e-01
1.534403879195451736e-01
1.542494110763072968e-01
1.544045675545930862e-01
1.537868231534957886e-01
1.529333982616662979e-01
1.529189776629209518e-01
1.520577408373355865e-01
1.532714199274778366e-01
1.527468934655189514e-01
1.531846243888139725e-01
1.534282993525266647e-01
1.543747037649154663e-01
1.535012945532798767e-01
1.539311073720455170e-01
1.536478009074926376e-01
1.533140502870082855e-01
1.526568587869405746e-01
1.528055313974618912e-01
1.530103068798780441e-01
1.542881578207015991e-01
1.538762338459491730e-01
1.546608172357082367e-01
1.545554529875516891e-01
1.538557726889848709e-01
1.530640441924333572e-01
1.526756230741739273e-01
1.533407308161258698e-01
1.532171890139579773e-01
1.526734493672847748e-01
1.520439032465219498e-01
1.524560600519180298e-01
1.529986970126628876e-01
1.529481429606676102e-01
1.524355672299861908e-01
1.528295334428548813e-01
1.525459308177232742e-01
1.520667355507612228e-01
1.518760379403829575e-01
1.518317498266696930e-01
1.522642690688371658e-01
1.542251370847225189e-01
1.547372806817293167e-01
1.542364880442619324e-01
1.530641149729490280e-01
1.529661584645509720e-01
1.520379446446895599e-01
1.523684728890657425e-01
1.514705158770084381e-01
1.520598288625478745e-01
1.530983094125986099e-01
1.537893358618021011e-01
1.532375570386648178e-01
1.528381966054439545e-01
1.540042515844106674e-01
1.527700312435626984e-01
1.527052111923694611e-01
1.520878225564956665e-01
1.517082992941141129e-01
1.515803672373294830e-01
1.514507140964269638e-01
1.514261458069086075e-01
1.515088807791471481e-01
1.509853303432464600e-01
1.510141137987375259e-01
1.515231523662805557e-01
1.509570162743330002e-01
1.507458072155714035e-01
1.508900485932826996e-01
1.510310601443052292e-01
1.533885914832353592e-01
1.562073007225990295e-01
1.541017293930053711e-01
1.530524659901857376e-01
1.514434926211833954e-01
1.514136120676994324e-01
1.510324701666831970e-01
1.509848572313785553e-01
1.507433988153934479e-01
1.508229412138462067e-01
1.512650102376937866e-01
1.506148222833871841e-01
1.505270265042781830e-01
1.505480948835611343e-01
1.512248944491147995e-01
1.528599075973033905e-01
1.522583439946174622e-01
1.518406979739665985e-01
1.518031693994998932e-01
1.505207084119319916e-01
1.503537986427545547e-01
1.518877130001783371e-01
1.525329314172267914e-01
1.515711583197116852e-01
1.518874876201152802e-01
1.529193185269832611e-01
1.557478439062833786e-01
1.535275746136903763e-01
1.514575295150279999e-01
1.506348736584186554e-01
1.544725745916366577e-01
1.719962731003761292e-01
1.774072106927633286e-01
1.631820891052484512e-01
1.556493658572435379e-01
1.519131213426589966e-01
1.510197333991527557e-01
1.509003862738609314e-01
1.505966596305370331e-01
1.505284924060106277e-01
1.499393694102764130e-01
1.498536821454763412e-01
1.499803084880113602e-01
1.495559234172105789e-01
1.514948848634958267e-01
1.503192912787199020e-01
1.503014843910932541e-01
1.502773500978946686e-01
1.499202065169811249e-01
1.500465627759695053e-01
1.495696716010570526e-01
1.500092204660177231e-01
1.495692580938339233e-01
1.496152207255363464e-01
1.502170432358980179e-01
1.494685597717761993e-01
1.514665335416793823e-01
1.498385351151227951e-01
1.496369577944278717e-01
1.497032996267080307e-01
1.495151687413454056e-01
1.497841700911521912e-01
1.501272786408662796e-01
1.501674223691225052e-01
1.497724186629056931e-01
1.497272588312625885e-01
1.488904748111963272e-01
1.491095256060361862e-01
1.492853797972202301e-01
1.491553336381912231e-01
1.496546678245067596e-01
1.493730768561363220e-01
1.501700002700090408e-01
1.487474683672189713e-01
1.491784323006868362e-01
1.490112673491239548e-01
1.494814138859510422e-01
1.492870114743709564e-01
1.490677259862422943e-01
1.493225209414958954e-01
1.494673397392034531e-01
1.495564114302396774e-01
1.495167277753353119e-01
1.491665281355381012e-01
1.488383170217275620e-01
1.490356493741273880e-01
1.486270520836114883e-01
1.493969429284334183e-01
1.499392967671155930e-01
1.497947573661804199e-01
1.493572723120450974e-01
1.489014420658349991e-01
1.484902780503034592e-01
1.488545276224613190e-01
1.497779004275798798e-01
1.495983935892581940e-01
1.506309714168310165e-01
1.502769161015748978e-01
1.488776281476020813e-01
1.487467736005783081e-01
1.489075105637311935e-01
1.486165523529052734e-01
1.493040230125188828e-01
1.494698952883481979e-01
1.497475504875183105e-01
1.496302206069231033e-01
1.487065739929676056e-01
1.485653463751077652e-01
1.485883481800556183e-01
1.489899381995201111e-01
1.491972468793392181e-01
1.490669809281826019e-01
1.490690726786851883e-01
1.485451050102710724e-01
1.492098141461610794e-01
1.489618923515081406e-01
1.481647044420242310e-01
1.490516234189271927e-01
1.491696555167436600e-01
1.493738070130348206e-01
1.497811954468488693e-01
1.489683892577886581e-01
1.492362637072801590e-01
1.485885661095380783e-01
1.484345626085996628e-01
1.482728756964206696e-01
1.484008021652698517e-01
1.484531722962856293e-01
1.486264858394861221e-01
1.489343531429767609e-01
1.491766870021820068e-01
1.486494857817888260e-01
1.498919818550348282e-01
1.485526114702224731e-01
1.482032313942909241e-01
1.489235199987888336e-01
1.484112851321697235e-01
1.482427865266799927e-01
1.487590279430150986e-01
1.489265076816082001e-01
1.487681362777948380e-01
1.484335120767354965e-01
1.479517277330160141e-01
1.476349961012601852e-01
1.483995765447616577e-01
1.483415123075246811e-01
1.484813615679740906e-01
1.485177297145128250e-01
1.473832298070192337e-01
1.479262914508581161e-01
1.479086223989725113e-01
1.477616112679243088e-01
1.478142458945512772e-01
1.481275018304586411e-01
1.483387537300586700e-01
1.480222065001726151e-01
1.490622404962778091e-01
1.481390837579965591e-01
1.478398516774177551e-01
1.480519846081733704e-01
1.481759455054998398e-01
1.485657617449760437e-01
1.486022956669330597e-01
1.492013484239578247e-01
1.488912347704172134e-01
1.481928676366806030e-01
1.473198980093002319e-01
1.473812479525804520e-01
1.479686293751001358e-01
1.485831830650568008e-01
1.515693590044975281e-01
1.507953479886054993e-01
1.547074876725673676e-01
1.510345917195081711e-01
1.484324224293231964e-01
1.486553624272346497e-01
1.475909743458032608e-01
1.476757507771253586e-01
1.479893736541271210e-01
1.481316983699798584e-01
1.494247633963823318e-01
1.482283752411603928e-01
1.475346013903617859e-01
1.477015838027000427e-01
1.472887173295021057e-01
1.477763876318931580e-01
1.474637277424335480e-01
1.470617465674877167e-01
1.472744978964328766e-01
1.481780894100666046e-01
1.476203072816133499e-01
1.474358439445495605e-01
1.476108543574810028e-01
1.474794931709766388e-01
1.470906436443328857e-01
1.476781945675611496e-01
1.474026795476675034e-01
1.477384455502033234e-01
1.471518352627754211e-01
1.474103108048439026e-01
1.473130863159894943e-01
1.481424309313297272e-01
1.478608902543783188e-01
1.481744050979614258e-01
1.476219240576028824e-01
1.477374974638223648e-01
1.471700333058834076e-01
1.473768223077058792e-01
1.477818712592124939e-01
1.472926456481218338e-01
1.475120969116687775e-01
1.480602566152811050e-01
1.476597897708415985e-01
1.473888512700796127e-01
1.480300892144441605e-01
1.481595244258642197e-01
1.485696639865636826e-01
1.481763441115617752e-01
1.492223422974348068e-01
1.480309441685676575e-01
1.481765080243349075e-01
1.494065877050161362e-01
1.500024907290935516e-01
1.480951625853776932e-01
1.489511243999004364e-01
1.501188352704048157e-01
1.499659940600395203e-01
1.494502797722816467e-01
1.477822549641132355e-01
1.471451912075281143e-01
1.474592927843332291e-01
1.466533485800027847e-01
1.466157697141170502e-01
1.463720593601465225e-01
1.464479230344295502e-01
1.468023508787155151e-01
1.471232231706380844e-01
1.468645166605710983e-01
1.462404578924179077e-01
1.466465555131435394e-01
1.462085060775279999e-01
1.461464725434780121e-01
1.462248377501964569e-01
1.460533905774354935e-01
1.465166416019201279e-01
1.470760907977819443e-01
1.472135130316019058e-01
1.476558167487382889e-01
1.474773548543453217e-01
1.474404856562614441e-01
1.469866540282964706e-01
1.466163769364356995e-01
1.466591600328683853e-01
1.463294699788093567e-01
1.471703052520751953e-01
1.468531899154186249e-01
1.465343199670314789e-01
1.461930684745311737e-01
1.467462331056594849e-01
1.477248053997755051e-01
1.473456863313913345e-01
1.466703899204730988e-01
1.464815028011798859e-01
1.470694225281476974e-01
1.466139182448387146e-01
1.468037292361259460e-01
1.468137111514806747e-01
1.520936880260705948e-01
1.621676459908485413e-01
1.665798015892505646e-01
1.540181338787078857e-01
1.505341548472642899e-01
1.475931107997894287e-01
1.467768456786870956e-01
1.463773380964994431e-01
1.465019527822732925e-01
1.465661954134702682e-01
1.471804883331060410e-01
1.474554482847452164e-01
1.466349735856056213e-01
1.464027073234319687e-01
1.461842507123947144e-01
1.459709089249372482e-01
1.459233816713094711e-01
1.458369698375463486e-01
1.462888810783624649e-01
1.461838912218809128e-01
1.466387603431940079e-01
1.469796728342771530e-01
1.459184922277927399e-01
1.461179200559854507e-01
1.461884491145610809e-01
1.458775661885738373e-01
1.458691395819187164e-01
1.459159571677446365e-01
1.466576755046844482e-01
1.462233066558837891e-01
1.459349151700735092e-01
1.465841382741928101e-01
1.459227912127971649e-01
1.456157267093658447e-01
1.468006223440170288e-01
1.471417956054210663e-01
1.470392718911170959e-01
1.463092081248760223e-01
1.459176223725080490e-01
1.463024038821458817e-01
1.462354715913534164e-01
1.460523251444101334e-01
1.459579300135374069e-01
1.454843655228614807e-01
1.455077175050973892e-01
1.456848252564668655e-01
1.454945765435695648e-01
1.455808505415916443e-01
1.456606574356555939e-01
1.456511113792657852e-01
1.459082402288913727e-01
1.456607226282358170e-01
1.464676130563020706e-01
1.464821379631757736e-01
1.469249166548252106e-01
1.466945540159940720e-01
1.461975872516632080e-01
1.458620838820934296e-01
1.468604449182748795e-01
1.465552244335412979e-01
1.471537072211503983e-01
1.460598614066839218e-01
1.461801677942276001e-01
1.466133184731006622e-01
1.459700595587491989e-01
1.457838714122772217e-01
1.458386480808258057e-01
1.467875037342309952e-01
1.463378835469484329e-01
1.468297317624092102e-01
1.459589190781116486e-01
1.457940693944692612e-01
1.459314282983541489e-01
1.459326874464750290e-01
1.454971954226493835e-01
1.456234026700258255e-01
1.455451045185327530e-01
1.453033182770013809e-01
1.449956689029932022e-01
1.448140572756528854e-01
1.449739169329404831e-01
1.453862786293029785e-01
1.454424336552619934e-01
1.458136402070522308e-01
1.456689499318599701e-01
1.451147068291902542e-01
1.457380410283803940e-01
1.457669921219348907e-01
1.455017607659101486e-01
1.452729217708110809e-01
1.453148871660232544e-01
1.453926023095846176e-01
1.451644841581583023e-01
1.463436987251043320e-01
1.473164372146129608e-01
1.466059796512126923e-01
1.454324908554553986e-01
1.451568845659494400e-01
1.455438658595085144e-01
1.462001763284206390e-01
1.476005855947732925e-01
1.464876215904951096e-01
1.449961699545383453e-01
1.458207629621028900e-01
1.456882730126380920e-01
1.453982871025800705e-01
1.453467104583978653e-01
1.453856173902750015e-01
1.447623763233423233e-01
1.456368304789066315e-01
1.447701603174209595e-01
1.454136017709970474e-01
1.458983048796653748e-01
1.452715396881103516e-01
1.453056540340185165e-01
1.465384401381015778e-01
1.480020266026258469e-01
1.477588042616844177e-01
1.462025810033082962e-01
1.459930092096328735e-01
1.461091395467519760e-01
1.459718979895114899e-01
1.469729728996753693e-01
1.468145251274108887e-01
1.464031003415584564e-01
1.456451173871755600e-01
1.460591778159141541e-01
1.462195497006177902e-01
1.465211175382137299e-01
1.468861084431409836e-01
1.472918801009654999e-01
1.469059605151414871e-01
1.466260477900505066e-01
1.459847390651702881e-01
1.453898008912801743e-01
1.455492675304412842e-01
1.450047530233860016e-01
1.451738551259040833e-01
1.458078734576702118e-01
1.453858446329832077e-01
1.450244281440973282e-01
1.450560390949249268e-01
1.454491931945085526e-01
1.456354558467864990e-01
1.454153172671794891e-01
1.451420299708843231e-01
1.450907140970230103e-01
1.457270830869674683e-01
1.456728894263505936e-01
1.453142929822206497e-01
1.461801994591951370e-01
1.454109791666269302e-01
1.457861978560686111e-01
1.454161088913679123e-01
1.458299048244953156e-01
1.459051910787820816e-01
1.455353517085313797e-01
1.455442979931831360e-01
1.448198575526475906e-01
1.453299392014741898e-01
1.454282030463218689e-01
1.448132526129484177e-01
1.448477562516927719e-01
1.442430671304464340e-01
1.453063972294330597e-01
1.453173663467168808e-01
1.451196502894163132e-01
1.452556252479553223e-01
1.454500947147607803e-01
1.456114649772644043e-01
1.447906009852886200e-01
1.448416206985712051e-01
1.445853244513273239e-01
1.451396793127059937e-01
1.451852042227983475e-01
1.454970128834247589e-01
1.454231236129999161e-01
1.446316316723823547e-01
1.447981502860784531e-01
1.450481656938791275e-01
1.449447385966777802e-01
1.442287210375070572e-01
1.450120974332094193e-01
1.448399964720010757e-01
1.450464501976966858e-01
1.455562319606542587e-01
1.450020167976617813e-01
1.455312930047512054e-01
1.462658680975437164e-01
1.457696780562400818e-01
1.448675692081451416e-01
1.449526753276586533e-01
1.452948953956365585e-01
1.460071168839931488e-01
1.457981038838624954e-01
1.456384547054767609e-01
1.450714189559221268e-01
1.452002190053462982e-01
1.451895181089639664e-01
1.448479257524013519e-01
1.449289117008447647e-01
1.451612133532762527e-01
1.459106933325529099e-01
1.460631415247917175e-01
1.451419517397880554e-01
1.456167884171009064e-01
1.460571344941854477e-01
1.447091232985258102e-01
1.445206832140684128e-01
