3.988890983164310455e-01
3.918838016688823700e-01
3.854465298354625702e-01
3.782934285700321198e-01
3.697651363909244537e-01
3.606064654886722565e-01
3.514572344720363617e-01
3.432383537292480469e-01
3.363335803151130676e-01
3.277749530971050262e-01
3.211105391383171082e-01
3.138488978147506714e-01
3.090351484715938568e-01
3.023168072104454041e-01
2.958979718387126923e-01
2.898181006312370300e-01
2.848811298608779907e-01
2.789435312151908875e-01
2.756905145943164825e-01
2.751064077019691467e-01
2.715679556131362915e-01
2.674695961177349091e-01
2.640584856271743774e-01
2.557728849351406097e-01
2.554154284298419952e-01
2.497694436460733414e-01
2.485734466463327408e-01
2.458068151026964188e-01
2.436533998697996140e-01
2.464050948619842529e-01
2.449522111564874649e-01
2.381419241428375244e-01
2.332732286304235458e-01
2.300037723034620285e-01
2.309222221374511719e-01
2.270253170281648636e-01
2.299376502633094788e-01
2.273383978754281998e-01
2.260532248765230179e-01
2.264774739742279053e-01
2.198649775236845016e-01
2.207508869469165802e-01
2.155318055301904678e-01
2.176488917320966721e-01
2.184270489960908890e-01
2.116381675004959106e-01
2.072117868810892105e-01
2.055831216275691986e-01
2.053105700761079788e-01
2.061412502080202103e-01
2.047478370368480682e-01
2.087740562856197357e-01
2.057072110474109650e-01
2.000078763812780380e-01
1.994246803224086761e-01
2.043473217636346817e-01
1.986551955342292786e-01
1.963136941194534302e-01
1.919885613024234772e-01
1.911897342652082443e-01
1.900082398205995560e-01
1.957485079765319824e-01
1.897124946117401123e-01
1.871890258044004440e-01
1.866693980991840363e-01
1.901493463665246964e-01
1.858036927878856659e-01
1.846397519111633301e-01
1.826734263449907303e-01
1.917844284325838089e-01
1.870312560349702835e-01
1.830710731446743011e-01
1.844723969697952271e-01
1.915160641074180603e-01
1.785164456814527512e-01
1.743023544549942017e-01
1.852152775973081589e-01
1.800207737833261490e-01
1.749815121293067932e-01
1.753831431269645691e-01
1.716412287205457687e-01
1.713680773973464966e-01
1.785401012748479843e-01
1.778644733130931854e-01
1.841969583183526993e-01
1.788588352501392365e-01
1.758857220411300659e-01
1.725232936441898346e-01
1.731742024421691895e-01
1.717070788145065308e-01
1.801760718226432800e-01
1.706287618726491928e-01
1.691566929221153259e-01
1.667701769620180130e-01
1.651528980582952499e-01
1.665407624095678329e-01
1.701062917709350586e-01
1.668771449476480484e-01
1.605945490300655365e-01
1.658199671655893326e-01
1.674362793564796448e-01
1.756608281284570694e-01
1.779823470860719681e-01
1.708199232816696167e-01
1.681182589381933212e-01
1.641473770141601562e-01
1.657263580709695816e-01
1.637432035058736801e-01
1.570307575166225433e-01
1.560635063797235489e-01
1.634216941893100739e-01
1.650630757212638855e-01
1.683507096022367477e-01
1.711268797516822815e-01
1.617126855999231339e-01
1.567327026277780533e-01
1.669920962303876877e-01
1.657561976462602615e-01
1.511905752122402191e-01
1.526946704834699631e-01
1.741130296140909195e-01
1.577156726270914078e-01
1.538618933409452438e-01
1.525738276541233063e-01
1.520022880285978317e-01
1.580490116029977798e-01
1.486852653324604034e-01
1.557093299925327301e-01
1.500137578696012497e-01
1.514961142092943192e-01
1.573895923793315887e-01
1.559716984629631042e-01
1.583807375282049179e-01
1.572892200201749802e-01
1.543326601386070251e-01
1.586584094911813736e-01
1.538675129413604736e-01
1.540877148509025574e-01
1.526568699628114700e-01
1.465901769697666168e-01
1.473304852843284607e-01
1.468066386878490448e-01
1.468594577163457870e-01
1.410583071410655975e-01
1.441279966384172440e-01
1.424107383936643600e-01
1.446135062724351883e-01
1.500053331255912781e-01
1.432057861238718033e-01
1.386692244559526443e-01
1.442678458988666534e-01
1.493260804563760757e-01
1.509253010153770447e-01
1.546459458768367767e-01
1.609307713806629181e-01
1.555607952177524567e-01
1.506802141666412354e-01
1.601456515491008759e-01
1.550873201340436935e-01
1.455240938812494278e-01
1.446573603898286819e-01
1.320830453187227249e-01
1.363708889111876488e-01
1.352351056411862373e-01
1.377663426101207733e-01
1.451403815299272537e-01
1.388450190424919128e-01
1.387391854077577591e-01
1.395646631717681885e-01
1.406252160668373108e-01
1.470177248120307922e-01
1.467145569622516632e-01
1.509707141667604446e-01
1.458469461649656296e-01
1.388314701616764069e-01
1.547241192311048508e-01
1.571639180183410645e-01
1.498193833976984024e-01
1.505335532128810883e-01
1.389987394213676453e-01
1.362454975023865700e-01
1.345670539885759354e-01
1.349644158035516739e-01
1.486291624605655670e-01
1.409054398536682129e-01
1.398773472756147385e-01
1.403635982424020767e-01
1.520692910999059677e-01
1.447584275156259537e-01
1.579599119722843170e-01
1.614837516099214554e-01
1.502667814493179321e-01
1.505811922252178192e-01
1.420667413622140884e-01
1.312762610614299774e-01
1.321788895875215530e-01
1.307948268949985504e-01
1.410478912293910980e-01
1.358441198244690895e-01
1.305218264460563660e-01
1.229691710323095322e-01
1.293455269187688828e-01
1.316634248942136765e-01
1.287675388157367706e-01
1.309605846181511879e-01
1.354653555899858475e-01
1.368504185229539871e-01
1.425787806510925293e-01
1.324827531352639198e-01
1.376928631216287613e-01
1.458834242075681686e-01
1.338074961677193642e-01
1.341459993273019791e-01
1.284151636064052582e-01
1.291085062548518181e-01
1.362522020936012268e-01
1.329702269285917282e-01
1.409994047135114670e-01
1.330148754641413689e-01
1.438933033496141434e-01
1.306508518755435944e-01
1.248244764283299446e-01
1.363561078906059265e-01
1.409815829247236252e-01
1.251773489639163017e-01
1.342334058135747910e-01
1.360312020406126976e-01
1.298934705555438995e-01
1.151682678610086441e-01
1.196052804589271545e-01
1.286230441182851791e-01
1.245020218193531036e-01
1.242248555645346642e-01
1.247428348287940025e-01
1.193302385509014130e-01
1.250414811074733734e-01
1.246634004637598991e-01
1.227164482697844505e-01
1.274799741804599762e-01
1.228134315460920334e-01
1.368250744417309761e-01
1.278959792107343674e-01
1.267446912825107574e-01
1.352901458740234375e-01
1.407700814306735992e-01
1.265648184344172478e-01
1.265516579151153564e-01
1.175382370129227638e-01
1.302914880216121674e-01
1.281803762540221214e-01
1.241096640005707741e-01
1.251178020611405373e-01
1.254005776718258858e-01
1.294492129236459732e-01
1.265588290989398956e-01
1.245471378788352013e-01
1.278149876743555069e-01
1.322925100103020668e-01
1.257996866479516029e-01
1.256804168224334717e-01
1.194778494536876678e-01
1.173117756843566895e-01
1.257603401318192482e-01
1.233757361769676208e-01
1.180778658017516136e-01
1.242513423785567284e-01
1.255123736336827278e-01
1.178592583164572716e-01
1.200123857706785202e-01
1.192153794690966606e-01
1.095187915489077568e-01
1.246478706598281860e-01
1.427358305081725121e-01
1.362348105758428574e-01
1.281542852520942688e-01
1.279195696115493774e-01
1.296753603965044022e-01
1.209701662883162498e-01
1.243751365691423416e-01
1.279901992529630661e-01
1.342154620215296745e-01
1.326420316472649574e-01
1.169344978407025337e-01
1.225069239735603333e-01
1.270182467997074127e-01
1.220338223502039909e-01
1.281116083264350891e-01
1.223039990290999413e-01
1.213753139600157738e-01
1.233698371797800064e-01
1.328846942633390427e-01
1.288476800546050072e-01
1.300843404605984688e-01
1.278038946911692619e-01
1.278840219601988792e-01
1.349805258214473724e-01
1.226046998053789139e-01
1.262942720204591751e-01
1.173321465030312538e-01
1.204788200557231903e-01
1.191476304084062576e-01
1.125569324940443039e-01
1.149407690390944481e-01
1.164533719420433044e-01
1.241098139435052872e-01
1.262207925319671631e-01
1.131155733019113541e-01
1.210930198431015015e-01
1.217340994626283646e-01
1.183823868632316589e-01
1.126740835607051849e-01
1.140306349843740463e-01
1.147589804604649544e-01
1.181640662252902985e-01
1.164169982075691223e-01
1.351627474650740623e-01
1.209749998524785042e-01
1.134967440739274025e-01
1.202408615499734879e-01
1.090050414204597473e-01
1.336184851825237274e-01
1.365249622613191605e-01
1.324247634038329124e-01
1.213189624249935150e-01
1.183325890451669693e-01
1.220730654895305634e-01
1.193855041638016701e-01
1.261120028793811798e-01
1.166224367916584015e-01
1.207769606262445450e-01
1.185217751190066338e-01
1.187141491100192070e-01
1.204316802322864532e-01
1.209193523973226547e-01
1.277416180819272995e-01
1.222925242036581039e-01
1.241502119228243828e-01
1.136416988447308540e-01
1.177452085539698601e-01
1.132147703319787979e-01
1.190525246784090996e-01
1.172621306031942368e-01
1.203015819191932678e-01
1.112388446927070618e-01
1.172989914193749428e-01
1.154382433742284775e-01
1.126668537035584450e-01
1.290200734511017799e-01
1.294459961354732513e-01
1.178840920329093933e-01
1.158225815743207932e-01
1.213654484599828720e-01
1.089788526296615601e-01
1.090643201023340225e-01
1.181178586557507515e-01
1.064073573797941208e-01
9.628135804086923599e-02
1.042807018384337425e-01
9.235733933746814728e-02
1.164498180150985718e-01
1.079141898080706596e-01
1.142677254974842072e-01
1.192487515509128571e-01
1.077356291934847832e-01
9.972403012216091156e-02
1.111152330413460732e-01
1.043729176744818687e-01
1.131679881364107132e-01
1.168679315596818924e-01
1.019909260794520378e-01
1.026511220261454582e-01
1.066518845036625862e-01
1.161889564245939255e-01
1.151679353788495064e-01
1.042258096858859062e-01
1.061782566830515862e-01
1.334611354395747185e-01
1.207746695727109909e-01
1.106230206787586212e-01
1.268904814496636391e-01
1.135336104780435562e-01
1.125528616830706596e-01
9.960029646754264832e-02
1.064092610031366348e-01
1.012258706614375114e-01
1.139298211783170700e-01
1.156714335083961487e-01
1.153750419616699219e-01
1.062484839931130409e-01
1.230623228475451469e-01
1.147071290761232376e-01
1.251149345189332962e-01
1.189192477613687515e-01
1.190579039976000786e-01
1.079327929764986038e-01
1.064885761588811874e-01
9.510849509388208389e-02
9.891742654144763947e-02
1.099604750052094460e-01
1.131917666643857956e-01
1.049910308793187141e-01
9.371322579681873322e-02
1.119365794584155083e-01
1.096957698464393616e-01
1.078006811439990997e-01
1.127745620906352997e-01
1.196454139426350594e-01
1.111269732937216759e-01
1.080701434984803200e-01
1.193928867578506470e-01
1.102370787411928177e-01
1.126014422625303268e-01
1.075727911666035652e-01
9.678577631711959839e-02
1.214930526912212372e-01
1.107595674693584442e-01
1.084616044536232948e-01
1.064202385023236275e-01
1.104728244245052338e-01
1.039317883551120758e-01
1.078320592641830444e-01
1.159426113590598106e-01
1.039965320378541946e-01
9.952519740909337997e-02
1.061341743916273117e-01
1.041488507762551308e-01
1.034763855859637260e-01
9.864204749464988708e-02
1.035298071801662445e-01
1.060075778514146805e-01
1.039103381335735321e-01
1.098032481968402863e-01
1.092700660228729248e-01
1.191810350865125656e-01
1.311398381367325783e-01
1.103995172306895256e-01
1.038758009672164917e-01
1.073450539261102676e-01
1.151996292173862457e-01
1.117012137547135353e-01
9.347964543849229813e-02
1.002687783911824226e-01
1.089934743940830231e-01
9.918266627937555313e-02
9.655083529651165009e-02
1.180826136842370033e-01
1.094834525138139725e-01
1.023511355742812157e-01
9.724672045558691025e-02
1.045768139883875847e-01
1.000432912260293961e-01
9.846891928464174271e-02
1.080608461052179337e-01
1.102385194972157478e-01
1.109414976090192795e-01
1.093886094167828560e-01
1.019187252968549728e-01
1.102056829258799553e-01
9.541685134172439575e-02
1.032845005393028259e-01
1.019778009504079819e-01
1.141424728557467461e-01
1.175698451697826385e-01
1.140746474266052246e-01
1.070804540067911148e-01
9.539095405489206314e-02
9.690975770354270935e-02
9.864628501236438751e-02
1.059245401993393898e-01
1.061439821496605873e-01
9.669905155897140503e-02
1.036257231608033180e-01
9.779385570436716080e-02
9.514036588370800018e-02
9.976709447801113129e-02
9.452501777559518814e-02
1.097176037728786469e-01
1.020225202664732933e-01
1.034817900508642197e-01
9.152882266789674759e-02
9.181767050176858902e-02
9.544327948242425919e-02
9.325751010328531265e-02
1.050268299877643585e-01
1.072687543928623199e-01
1.080372584983706474e-01
1.122710751369595528e-01
1.217108471319079399e-01
1.092912014573812485e-01
1.071470882743597031e-01
1.070551471784710884e-01
1.051301676779985428e-01
1.056666225194931030e-01
9.717618394643068314e-02
9.220030531287193298e-02
8.616464585065841675e-02
9.659498371183872223e-02
1.187357241287827492e-01
1.150930868461728096e-01
9.542006906121969223e-02
9.872971661388874054e-02
1.084053562954068184e-01
1.025161836296319962e-01
1.139707081019878387e-01
1.067955531179904938e-01
1.145199341699481010e-01
1.066832914948463440e-01
1.024963855743408203e-01
9.565342217683792114e-02
1.054194997996091843e-01
1.186872310936450958e-01
1.026932615786790848e-01
1.038942877203226089e-01
1.030674707144498825e-01
1.035194266587495804e-01
9.278811328113079071e-02
8.990860078483819962e-02
1.095499917864799500e-01
1.155674979090690613e-01
1.189059475436806679e-01
1.163180386647582054e-01
1.161094699054956436e-01
1.012996686622500420e-01
9.909388888627290726e-02
9.308163542300462723e-02
9.896147064864635468e-02
8.845879416912794113e-02
1.121760737150907516e-01
8.623517490923404694e-02
9.707024972885847092e-02
9.787557367235422134e-02
1.119360504671931267e-01
1.184963239356875420e-01
1.087169162929058075e-01
9.778260346502065659e-02
9.900370892137289047e-02
9.477671142667531967e-02
9.864342771470546722e-02
8.983732201159000397e-02
9.294153563678264618e-02
1.003535268828272820e-01
9.107665065675973892e-02
8.760357461869716644e-02
9.812233690172433853e-02
1.030783895403146744e-01
8.390033524483442307e-02
9.042278211563825607e-02
1.028488362208008766e-01
1.105998745188117027e-01
1.136527331545948982e-01
1.020033145323395729e-01
9.234533458948135376e-02
1.141217909753322601e-01
1.004207944497466087e-01
8.973073586821556091e-02
8.971069473773241043e-02
1.139862509444355965e-01
1.026416495442390442e-01
9.977922122925519943e-02
1.159629290923476219e-01
9.862627275288105011e-02
1.016076654195785522e-01
9.184928797185420990e-02
9.849732741713523865e-02
1.022650972008705139e-01
9.124734997749328613e-02
9.390618465840816498e-02
9.330019913613796234e-02
9.651736821979284286e-02
8.527851570397615433e-02
8.782311342656612396e-02
9.711871109902858734e-02
9.787131380289793015e-02
1.115461736917495728e-01
9.275815449655056000e-02
9.746636822819709778e-02
9.685793519020080566e-02
9.363486897200345993e-02
9.469250217080116272e-02
8.646034821867942810e-02
8.271177113056182861e-02
9.517065621912479401e-02
9.850604925304651260e-02
9.277269896119832993e-02
1.015780502930283546e-01
1.009982731193304062e-01
9.844581503421068192e-02
9.875721205025911331e-02
8.990961220115423203e-02
9.272590279579162598e-02
8.879417274147272110e-02
9.309789258986711502e-02
9.717665985226631165e-02
9.754012897610664368e-02
1.007734080776572227e-01
9.007404092699289322e-02
9.429685864597558975e-02
1.036897655576467514e-01
1.113656302914023399e-01
1.126976078376173973e-01
1.083622425794601440e-01
9.642821829766035080e-02
1.027419073507189751e-01
9.623602870851755142e-02
1.034968290477991104e-01
1.136238863691687584e-01
1.010804884135723114e-01
1.003628745675086975e-01
1.000769603997468948e-01
9.930969681590795517e-02
9.581023082137107849e-02
1.053172145038843155e-01
1.032959921285510063e-01
9.814708586782217026e-02
9.563437849283218384e-02
1.015736274421215057e-01
9.208002593368291855e-02
9.280773531645536423e-02
9.635321050882339478e-02
1.118753748014569283e-01
1.179895661771297455e-01
9.221330098807811737e-02
9.056612756103277206e-02
9.562741778790950775e-02
9.098890051245689392e-02
1.062265560030937195e-01
1.168252807110548019e-01
1.060459800064563751e-01
1.073385197669267654e-01
9.139485191553831100e-02
9.278257191181182861e-02
9.172662254422903061e-02
9.341775998473167419e-02
9.031458571553230286e-02
9.479865059256553650e-02
9.412771463394165039e-02
9.411826170980930328e-02
1.028389362618327141e-01
8.910823706537485123e-02
9.486294630914926529e-02
1.100174402818083763e-01
1.061513517051935196e-01
8.564120437949895859e-02
9.753891266882419586e-02
8.845047838985919952e-02
8.555021043866872787e-02
8.454551920294761658e-02
8.197931759059429169e-02
8.833833411335945129e-02
8.460768405348062515e-02
8.719450887292623520e-02
8.742425497621297836e-02
9.685501363128423691e-02
1.046932591125369072e-01
9.705586452037096024e-02
9.181716106832027435e-02
8.822311274707317352e-02
9.653369057923555374e-02
8.904672320932149887e-02
9.281186014413833618e-02
9.495554026216268539e-02
1.022929251194000244e-01
8.984136208891868591e-02
8.536938950419425964e-02
1.030614888295531273e-01
8.984888996928930283e-02
1.021186392754316330e-01
9.318753052502870560e-02
1.002766080200672150e-01
9.075390268117189407e-02
8.549378346651792526e-02
1.001143027096986771e-01
9.869673848152160645e-02
9.791623707860708237e-02
8.474674820899963379e-02
9.698437526822090149e-02
1.028796546161174774e-01
1.114053754135966301e-01
9.416194073855876923e-02
9.153078682720661163e-02
9.885699767619371414e-02
9.617481846362352371e-02
9.520405624061822891e-02
8.611214812844991684e-02
8.677072357386350632e-02
9.710939973592758179e-02
9.706927929073572159e-02
9.136885125190019608e-02
1.006387164816260338e-01
9.267603419721126556e-02
9.248839970678091049e-02
8.250695839524269104e-02
8.564410731196403503e-02
9.338747523725032806e-02
9.185011219233274460e-02
9.579656366258859634e-02
8.248656429350376129e-02
8.087711594998836517e-02
9.199294168502092361e-02
9.383642394095659256e-02
8.897124510258436203e-02
8.379980735480785370e-02
9.349672403186559677e-02
1.025959989055991173e-01
9.017812740057706833e-02
8.908844925463199615e-02
8.266760874539613724e-02
9.984386712312698364e-02
1.053072623908519745e-01
1.013212539255619049e-01
8.790563326328992844e-02
7.749813422560691833e-02
9.309971891343593597e-02
1.075148358941078186e-01
9.061752725392580032e-02
9.040423668920993805e-02
9.664517827332019806e-02
9.406748972833156586e-02
9.052360709756612778e-02
9.613042976707220078e-02
8.188510965555906296e-02
8.692701440304517746e-02
9.129335545003414154e-02
1.156744016334414482e-01
1.032096398994326591e-01
9.375431947410106659e-02
8.620978333055973053e-02
9.803662262856960297e-02
8.953164983540773392e-02
8.021871093660593033e-02
8.681267406791448593e-02
7.730089314281940460e-02
8.571200631558895111e-02
8.816678449511528015e-02
8.724447246640920639e-02
8.237823471426963806e-02
9.449446666985750198e-02
8.876373805105686188e-02
9.236824791878461838e-02
8.737313840538263321e-02
9.605208132416009903e-02
9.522165078669786453e-02
7.965698838233947754e-02
8.910195622593164444e-02
8.643228560686111450e-02
9.517288114875555038e-02
9.915642905980348587e-02
8.969982806593179703e-02
8.105373848229646683e-02
8.819308876991271973e-02
8.346557244658470154e-02
8.850133698433637619e-02
8.047625236213207245e-02
7.619742490351200104e-02
7.305218279361724854e-02
9.374078642576932907e-02
9.475586842745542526e-02
9.003672190010547638e-02
8.929673489183187485e-02
9.486214257776737213e-02
9.350491315126419067e-02
9.312735870480537415e-02
9.023922123014926910e-02
9.259962756186723709e-02
9.368258435279130936e-02
8.964710030704736710e-02
7.787611708045005798e-02
8.364422060549259186e-02
8.619843050837516785e-02
8.295529056340456009e-02
9.216309897601604462e-02
9.106892347335815430e-02
9.016001503914594650e-02
8.315329812467098236e-02
8.149428945034742355e-02
7.923826016485691071e-02
8.482742588967084885e-02
8.272870071232318878e-02
7.760754041373729706e-02
7.478653825819492340e-02
8.356624469161033630e-02
7.447601202875375748e-02
7.142065651714801788e-02
7.788500562310218811e-02
8.740796800702810287e-02
9.323549363762140274e-02
8.967995457351207733e-02
9.585928730666637421e-02
9.631699230521917343e-02
8.921423740684986115e-02
1.024558022618293762e-01
9.053149539977312088e-02
8.523996919393539429e-02
8.821098227053880692e-02
8.214395027607679367e-02
8.286767359822988510e-02
8.111581578850746155e-02
7.785152364522218704e-02
8.328710030764341354e-02
8.858193363994359970e-02
9.049764089286327362e-02
9.436549432575702667e-02
8.788004424422979355e-02
8.560374286025762558e-02
8.366759028285741806e-02
9.046783577650785446e-02
7.448842003941535950e-02
8.732219506055116653e-02
8.208886720240116119e-02
8.461261913180351257e-02
8.301530685275793076e-02
9.118257276713848114e-02
8.145940676331520081e-02
7.563494704663753510e-02
8.520301431417465210e-02
8.264144649729132652e-02
1.081438604742288589e-01
9.927033353596925735e-02
9.147034119814634323e-02
9.562973957508802414e-02
9.297496825456619263e-02
8.542636130005121231e-02
8.957718685269355774e-02
9.577511064708232880e-02
1.052902908995747566e-01
9.712778218090534210e-02
7.937041204422712326e-02
8.035112079232931137e-02
8.120579179376363754e-02
8.479897584766149521e-02
8.412051200866699219e-02
8.044090401381254196e-02
8.991308463737368584e-02
7.453780248761177063e-02
7.446712534874677658e-02
7.063259650021791458e-02
8.757856860756874084e-02
8.741186466068029404e-02
8.944377768784761429e-02
9.072868432849645615e-02
8.518908638507127762e-02
8.755741640925407410e-02
7.246279157698154449e-02
7.294720830395817757e-02
8.093995787203311920e-02
8.555528335273265839e-02
8.461283892393112183e-02
8.493006788194179535e-02
7.625099178403615952e-02
7.968755625188350677e-02
8.955594338476657867e-02
8.894685655832290649e-02
8.589381910860538483e-02
9.829739946871995926e-02
8.729882538318634033e-02
9.155860543251037598e-02
8.182396367192268372e-02
7.729583140462636948e-02
8.257444947957992554e-02
7.529733097180724144e-02
7.304079690948128700e-02
6.922200415283441544e-02
8.835773915052413940e-02
7.781402021646499634e-02
8.060318045318126678e-02
7.816027570515871048e-02
6.886827200651168823e-02
8.234319230541586876e-02
8.069258090108633041e-02
8.824882097542285919e-02
7.733209338039159775e-02
7.968563213944435120e-02
8.226356096565723419e-02
8.088152855634689331e-02
8.363881940022110939e-02
7.692655595019459724e-02
8.498754072934389114e-02
8.576666843146085739e-02
9.199298080056905746e-02
8.650796394795179367e-02
7.602074928581714630e-02
9.825281053781509399e-02
1.015970483422279358e-01
8.186003658920526505e-02
9.323918633162975311e-02
8.542978763580322266e-02
8.378582727164030075e-02
8.517608558759093285e-02
7.903643511235713959e-02
8.875623438507318497e-02
9.297954291105270386e-02
8.359936997294425964e-02
8.004198502749204636e-02
8.340754080563783646e-02
7.834720844402909279e-02
8.311131782829761505e-02
7.467170245945453644e-02
7.860713452100753784e-02
7.633493002504110336e-02
8.241955284029245377e-02
9.233947098255157471e-02
8.853564504534006119e-02
7.521235290914773941e-02
7.882474455982446671e-02
8.128314558416604996e-02
7.106635766103863716e-02
7.242012629285454750e-02
8.514589630067348480e-02
8.243184257298707962e-02
7.410701131448149681e-02
7.670057611539959908e-02
8.070294931530952454e-02
7.921964675188064575e-02
8.098565042018890381e-02
7.819466572254896164e-02
7.411634922027587891e-02
7.239812705665826797e-02
7.465296797454357147e-02
9.093517903238534927e-02
8.702603448182344437e-02
9.173747152090072632e-02
8.340007532387971878e-02
9.199334774166345596e-02
8.506537508219480515e-02
8.348946645855903625e-02
8.191372826695442200e-02
8.034365624189376831e-02
7.810775656253099442e-02
7.673847023397684097e-02
7.497714180499315262e-02
7.427150197327136993e-02
7.373999431729316711e-02
7.072389218956232071e-02
7.322027115151286125e-02
8.179728314280509949e-02
6.914543686434626579e-02
6.886439258232712746e-02
7.578207412734627724e-02
7.951365411281585693e-02
8.404017798602581024e-02
7.754875253885984421e-02
8.215273264795541763e-02
8.248303271830081940e-02
7.072603190317749977e-02
7.859539985656738281e-02
8.137181773781776428e-02
8.485128451138734818e-02
8.566327206790447235e-02
7.617778610438108444e-02
9.042239002883434296e-02
6.870975531637668610e-02
7.502235844731330872e-02
7.407781854271888733e-02
8.159001916646957397e-02
6.934393523260951042e-02
7.098938152194023132e-02
8.222007844597101212e-02
8.210672810673713684e-02
7.732964912429451942e-02
7.955508120357990265e-02
8.596790861338376999e-02
7.805147860199213028e-02
7.303471025079488754e-02
8.191750338301062584e-02
8.676370512694120407e-02
6.720806984230875969e-02
8.422243967652320862e-02
6.650428893044590950e-02
8.161746524274349213e-02
8.834144473075866699e-02
9.179159533232450485e-02
8.027088455855846405e-02
8.197879791259765625e-02
7.871700823307037354e-02
8.132637850940227509e-02
7.152207102626562119e-02
7.054236158728599548e-02
7.096288632601499557e-02
7.060798490419983864e-02
7.497374154627323151e-02
8.164006192237138748e-02
7.469558576121926308e-02
7.192284334450960159e-02
6.957862386479973793e-02
7.028293190523982048e-02
8.032889477908611298e-02
7.825674442574381828e-02
7.709801010787487030e-02
7.186871021986007690e-02
6.563790980726480484e-02
7.571808528155088425e-02
6.388389784842729568e-02
6.484672334045171738e-02
7.225238066166639328e-02
6.834093062207102776e-02
6.874383520334959030e-02
8.217338193207979202e-02
7.732680439949035645e-02
7.603847282007336617e-02
9.142403490841388702e-02
9.462696500122547150e-02
