3.970877528190612793e-01
3.972527086734771729e-01
3.975138366222381592e-01
3.978001177310943604e-01
3.983954638242721558e-01
4.014768004417419434e-01
4.158637076616287231e-01
4.523193538188934326e-01
5.002642869949340820e-01
5.549538731575012207e-01
5.627788007259368896e-01
4.964663982391357422e-01
4.225528538227081299e-01
3.737110942602157593e-01
3.403809815645217896e-01
3.041915148496627808e-01
2.842984795570373535e-01
2.857866585254669189e-01
2.764169722795486450e-01
2.831234931945800781e-01
2.887452244758605957e-01
2.732117772102355957e-01
2.611960172653198242e-01
2.602296471595764160e-01
2.595507502555847168e-01
2.543953359127044678e-01
2.687609344720840454e-01
2.472786754369735718e-01
2.911356240510940552e-01
2.950361371040344238e-01
2.507229968905448914e-01
2.387829273939132690e-01
2.370916157960891724e-01
2.360491901636123657e-01
2.486564368009567261e-01
2.497066557407379150e-01
2.221063375473022461e-01
2.493468895554542542e-01
2.376278936862945557e-01
2.346481233835220337e-01
2.371506392955780029e-01
2.312087565660476685e-01
2.420305311679840088e-01
2.365258634090423584e-01
2.300194278359413147e-01
2.289097756147384644e-01
2.247932031750679016e-01
2.044783085584640503e-01
2.321657687425613403e-01
2.340843975543975830e-01
2.089933231472969055e-01
2.372799962759017944e-01
2.081155180931091309e-01
2.139456793665885925e-01
2.292317003011703491e-01
2.202626243233680725e-01
2.057473510503768921e-01
2.143191546201705933e-01
2.012845203280448914e-01
1.954347044229507446e-01
1.886346936225891113e-01
2.074114978313446045e-01
2.050615772604942322e-01
1.862411424517631531e-01
2.124380469322204590e-01
1.862867623567581177e-01
2.040205597877502441e-01
2.243556156754493713e-01
1.837726086378097534e-01
1.930013000965118408e-01
2.104112729430198669e-01
2.012626230716705322e-01
2.091879397630691528e-01
2.401743307709693909e-01
1.781651526689529419e-01
2.069864273071289062e-01
1.806820780038833618e-01
2.101736143231391907e-01
1.964877769351005554e-01
2.192082181572914124e-01
2.221492677927017212e-01
2.244225814938545227e-01
2.186414748430252075e-01
2.579230219125747681e-01
1.959084793925285339e-01
2.037275806069374084e-01
1.975138634443283081e-01
1.932056248188018799e-01
2.367429137229919434e-01
1.830795034766197205e-01
2.124366462230682373e-01
2.124155163764953613e-01
2.110604196786880493e-01
1.826624423265457153e-01
1.685055345296859741e-01
1.968326345086097717e-01
1.837051361799240112e-01
1.826282590627670288e-01
1.764361187815666199e-01
1.599910631775856018e-01
2.695463746786117554e-01
2.325949445366859436e-01
1.823478341102600098e-01
2.132569849491119385e-01
2.084782794117927551e-01
1.675799265503883362e-01
2.127964645624160767e-01
1.963090375065803528e-01
1.532797068357467651e-01
1.587190479040145874e-01
1.808067038655281067e-01
2.530914396047592163e-01
2.324727326631546021e-01
1.892933845520019531e-01
1.657141298055648804e-01
1.640786826610565186e-01
1.854673922061920166e-01
2.202264815568923950e-01
1.805820539593696594e-01
1.957631781697273254e-01
2.006166428327560425e-01
1.693100780248641968e-01
1.690009459853172302e-01
1.678328737616539001e-01
1.879227012395858765e-01
1.816802099347114563e-01
1.567366272211074829e-01
1.604250892996788025e-01
1.613517031073570251e-01
1.399503871798515320e-01
1.449398174881935120e-01
1.550637856125831604e-01
1.787174046039581299e-01
1.883234307169914246e-01
1.994045376777648926e-01
1.705768853425979614e-01
1.645510345697402954e-01
1.792673543095588684e-01
1.778528988361358643e-01
1.659123152494430542e-01
1.451231539249420166e-01
2.156516835093498230e-01
1.506009623408317566e-01
1.505397781729698181e-01
1.550525724887847900e-01
2.086919993162155151e-01
1.514145284891128540e-01
1.472144201397895813e-01
1.811231225728988647e-01
1.650608927011489868e-01
2.662922590970993042e-01
1.535913646221160889e-01
1.944174244999885559e-01
2.589424997568130493e-01
2.375839352607727051e-01
2.005112692713737488e-01
1.895315423607826233e-01
1.831102445721626282e-01
1.577672809362411499e-01
1.490572094917297363e-01
1.460529565811157227e-01
1.487471014261245728e-01
1.659050509333610535e-01
1.666160374879837036e-01
1.299345046281814575e-01
1.802542656660079956e-01
1.520144566893577576e-01
1.497093588113784790e-01
1.609219610691070557e-01
1.946337148547172546e-01
2.571410536766052246e-01
2.554467469453811646e-01
2.527991831302642822e-01
2.004251480102539062e-01
2.628311663866043091e-01
1.683171764016151428e-01
1.891623660922050476e-01
1.733593195676803589e-01
1.907719448208808899e-01
1.743048802018165588e-01
2.014327868819236755e-01
1.468194276094436646e-01
1.605956256389617920e-01
1.611208394169807434e-01
1.697256565093994141e-01
1.616896092891693115e-01
2.482812181115150452e-01
2.504442334175109863e-01
2.343544512987136841e-01
3.169150948524475098e-01
1.702298671007156372e-01
2.589819878339767456e-01
2.222031503915786743e-01
1.554478406906127930e-01
1.557723805308341980e-01
1.624259278178215027e-01
1.241787523031234741e-01
1.592378094792366028e-01
1.724048629403114319e-01
1.445884108543395996e-01
1.263034120202064514e-01
1.283118575811386108e-01
1.684500947594642639e-01
1.629434153437614441e-01
1.684993281960487366e-01
1.716300770640373230e-01
2.056572809815406799e-01
2.234482318162918091e-01
1.673012226819992065e-01
1.557306423783302307e-01
2.603646814823150635e-01
2.875914871692657471e-01
2.601913958787918091e-01
1.583757624030113220e-01
1.748932078480720520e-01
1.342340186238288879e-01
2.123882845044136047e-01
2.082017362117767334e-01
1.306008771061897278e-01
2.182212918996810913e-01
1.422279030084609985e-01
1.940502822399139404e-01
3.309205770492553711e-01
2.682907283306121826e-01
1.964279338717460632e-01
1.459733918309211731e-01
1.920296847820281982e-01
1.327442228794097900e-01
1.282587386667728424e-01
1.910619437694549561e-01
1.391853019595146179e-01
1.301235482096672058e-01
1.833888143301010132e-01
1.434348002076148987e-01
1.448998302221298218e-01
2.109237536787986755e-01
1.163644790649414062e-01
1.077203825116157532e-01
1.284021995961666107e-01
1.743476763367652893e-01
1.642649695277214050e-01
1.408670917153358459e-01
2.024451568722724915e-01
1.696106642484664917e-01
1.715627089142799377e-01
1.953991204500198364e-01
1.354721784591674805e-01
1.202038154006004333e-01
1.372966840863227844e-01
1.345700472593307495e-01
1.397847384214401245e-01
1.388151198625564575e-01
1.242613345384597778e-01
1.738747730851173401e-01
1.446292996406555176e-01
1.540492922067642212e-01
2.161560803651809692e-01
1.135928332805633545e-01
2.077821716666221619e-01
1.723143979907035828e-01
1.069762259721755981e-01
1.114852763712406158e-01
1.230295859277248383e-01
1.996353492140769958e-01
2.055850699543952942e-01
1.577696278691291809e-01
1.121273115277290344e-01
1.998435258865356445e-01
2.077315449714660645e-01
2.121488675475120544e-01
1.793001443147659302e-01
1.705447733402252197e-01
1.426405534148216248e-01
2.695166617631912231e-01
1.073257178068161011e-01
2.280403599143028259e-01
1.348028928041458130e-01
1.364085897803306580e-01
1.806055903434753418e-01
1.665953919291496277e-01
1.583300083875656128e-01
1.398512721061706543e-01
2.590134516358375549e-01
1.151343174278736115e-01
2.191859558224678040e-01
3.002507463097572327e-01
1.174883060157299042e-01
1.784648671746253967e-01
1.543236374855041504e-01
1.663283258676528931e-01
1.924968212842941284e-01
2.714478224515914917e-01
1.581942886114120483e-01
1.718658208847045898e-01
1.370956152677536011e-01
1.717346906661987305e-01
1.641949787735939026e-01
1.475177332758903503e-01
1.117566637694835663e-01
2.362729758024215698e-01
1.474555432796478271e-01
1.107278242707252502e-01
1.084171123802661896e-01
1.384555175900459290e-01
1.372276991605758667e-01
1.471362784504890442e-01
1.407919451594352722e-01
1.420415118336677551e-01
1.203387752175331116e-01
1.355430930852890015e-01
1.300827041268348694e-01
1.915224790573120117e-01
1.222656033933162689e-01
1.534265577793121338e-01
1.429753899574279785e-01
2.857756912708282471e-01
1.697466522455215454e-01
1.302158236503601074e-01
1.280739940702915192e-01
1.329767704010009766e-01
2.225537374615669250e-01
1.505564451217651367e-01
1.264765709638595581e-01
1.041867434978485107e-01
2.477814406156539917e-01
1.316813006997108459e-01
2.030049860477447510e-01
1.600976437330245972e-01
1.142644435167312622e-01
1.475298181176185608e-01
1.733299940824508667e-01
1.686937287449836731e-01
1.722125262022018433e-01
1.230642199516296387e-01
2.036897763609886169e-01
1.304622069001197815e-01
1.202296838164329529e-01
1.051447428762912750e-01
1.445614323019981384e-01
1.607769727706909180e-01
2.077829241752624512e-01
1.187571659684181213e-01
2.150250971317291260e-01
2.148989737033843994e-01
2.246493771672248840e-01
1.245008707046508789e-01
1.477515399456024170e-01
4.640473723411560059e-01
2.221674993634223938e-01
1.372389793395996094e-01
1.515786945819854736e-01
1.510896682739257812e-01
2.007158398628234863e-01
1.758528873324394226e-01
2.203922569751739502e-01
1.236869394779205322e-01
1.553815603256225586e-01
1.484002694487571716e-01
2.258915603160858154e-01
1.208278127014636993e-01
2.276933118700981140e-01
1.664260476827621460e-01
1.139390468597412109e-01
1.153972968459129333e-01
1.738395690917968750e-01
1.254548765718936920e-01
1.418021619319915771e-01
1.163238584995269775e-01
8.654501289129257202e-02
1.579839885234832764e-01
2.596528083086013794e-01
1.681430414319038391e-01
2.151317000389099121e-01
1.376996636390686035e-01
1.112615056335926056e-01
1.778355017304420471e-01
1.733620017766952515e-01
1.866668164730072021e-01
1.861360743641853333e-01
1.721523478627204895e-01
1.969209238886833191e-01
1.897540166974067688e-01
2.850326299667358398e-01
9.194374829530715942e-02
1.095681488513946533e-01
1.708854883909225464e-01
1.122611276805400848e-01
1.493924707174301147e-01
1.557092219591140747e-01
1.281745880842208862e-01
1.963737308979034424e-01
1.468872353434562683e-01
1.563364863395690918e-01
1.748115420341491699e-01
1.626238375902175903e-01
1.265561282634735107e-01
1.409333050251007080e-01
1.291528716683387756e-01
1.326335221529006958e-01
1.015408784151077271e-01
1.724762320518493652e-01
1.142932847142219543e-01
1.049164049327373505e-01
1.439869552850723267e-01
8.359798416495323181e-02
1.959731951355934143e-01
1.532810479402542114e-01
1.140607446432113647e-01
1.453781500458717346e-01
1.881453618407249451e-01
1.161336712539196014e-01
1.438775807619094849e-01
1.075232736766338348e-01
2.827262729406356812e-01
1.015369705855846405e-01
1.296557933092117310e-01
1.278912909328937531e-01
2.339878529310226440e-01
1.524923816323280334e-01
1.699251532554626465e-01
1.350607164204120636e-01
1.449735015630722046e-01
8.185571804642677307e-02
1.118726879358291626e-01
1.116579696536064148e-01
1.114574633538722992e-01
9.585553780198097229e-02
1.075361557304859161e-01
1.313244365155696869e-01
1.144319474697113037e-01
9.745284169912338257e-02
1.738062947988510132e-01
1.849857643246650696e-01
1.317372024059295654e-01
1.562811397016048431e-01
1.969912946224212646e-01
1.795623525977134705e-01
2.761512696743011475e-01
1.183352209627628326e-01
8.193057775497436523e-02
1.282545551657676697e-01
1.089097857475280762e-01
1.391700394451618195e-01
1.411123760044574738e-01
1.849600970745086670e-01
1.145483255386352539e-01
1.500623822212219238e-01
1.320844031870365143e-01
1.656586304306983948e-01
2.401366904377937317e-01
1.533715724945068359e-01
1.486164331436157227e-01
9.164264798164367676e-02
2.252623587846755981e-01
9.770949184894561768e-02
1.796579137444496155e-01
1.174832247197628021e-01
9.856541082262992859e-02
1.006913743913173676e-01
1.302248835563659668e-01
2.016212493181228638e-01
1.267254352569580078e-01
1.747405827045440674e-01
1.225583180785179138e-01
1.036347635090351105e-01
1.491131708025932312e-01
1.310496404767036438e-01
2.989549785852432251e-01
1.173065453767776489e-01
1.374878734350204468e-01
1.090847291052341461e-01
1.388660967350006104e-01
1.045255400240421295e-01
1.976731792092323303e-01
1.060759164392948151e-01
1.015450619161128998e-01
1.129316203296184540e-01
1.012391969561576843e-01
8.014383167028427124e-02
1.160033047199249268e-01
1.166854463517665863e-01
1.158459894359111786e-01
1.050471737980842590e-01
1.438842117786407471e-01
1.625990718603134155e-01
1.016256920993328094e-01
9.744121134281158447e-02
1.778451949357986450e-01
1.502933353185653687e-01
1.614611819386482239e-01
1.920281946659088135e-01
1.770664155483245850e-01
3.416134119033813477e-01
1.128113642334938049e-01
1.518255248665809631e-01
1.370197236537933350e-01
2.076840698719024658e-01
1.016993746161460876e-01
1.434113159775733948e-01
1.777538135647773743e-01
1.610443145036697388e-01
2.814589589834213257e-01
1.775569692254066467e-01
1.891779750585556030e-01
1.869410350918769836e-01
1.440151110291481018e-01
1.942155212163925171e-01
1.159066259860992432e-01
9.478904306888580322e-02
1.651328206062316895e-01
1.041619665920734406e-01
2.855706363916397095e-01
2.024269998073577881e-01
1.059283167123794556e-01
8.665281161665916443e-02
1.139039471745491028e-01
1.624784246087074280e-01
1.404181420803070068e-01
2.074684798717498779e-01
1.034681126475334167e-01
1.486665979027748108e-01
1.308767646551132202e-01
1.230062693357467651e-01
1.446433290839195251e-01
9.712153673171997070e-02
1.371363475918769836e-01
2.610801309347152710e-01
9.414619579911231995e-02
9.671512246131896973e-02
7.559006661176681519e-02
1.576710194349288940e-01
2.552851885557174683e-01
1.047995947301387787e-01
1.926757022738456726e-01
8.239363506436347961e-02
1.658424884080886841e-01
1.458059102296829224e-01
8.836281299591064453e-02
1.021004244685173035e-01
1.486524492502212524e-01
1.121642962098121643e-01
1.798625513911247253e-01
1.343939974904060364e-01
8.487571030855178833e-02
1.036450676620006561e-01
1.500839740037918091e-01
1.688487157225608826e-01
2.077597752213478088e-01
1.978390142321586609e-01
1.097335740923881531e-01
1.296787708997726440e-01
2.232668921351432800e-01
1.426771506667137146e-01
1.032695882022380829e-01
9.480197727680206299e-02
1.327613294124603271e-01
1.610888317227363586e-01
1.587638556957244873e-01
2.540063410997390747e-01
1.787663847208023071e-01
1.717195883393287659e-01
2.140708267688751221e-01
1.967688426375389099e-01
2.083774134516716003e-01
1.788478344678878784e-01
1.586780697107315063e-01
2.166721969842910767e-01
1.182081103324890137e-01
8.507446199655532837e-02
1.757028698921203613e-01
1.619448587298393250e-01
1.699180826544761658e-01
9.851917997002601624e-02
1.132805123925209045e-01
1.703278422355651855e-01
1.317802071571350098e-01
1.142102181911468506e-01
1.265879720449447632e-01
1.777186244726181030e-01
1.382426172494888306e-01
9.035820141434669495e-02
9.967100620269775391e-02
8.139827102422714233e-02
2.572119832038879395e-01
1.004529409110546112e-01
1.632648035883903503e-01
2.092711254954338074e-01
8.463153243064880371e-02
1.492823809385299683e-01
1.624521613121032715e-01
1.939387917518615723e-01
1.569964438676834106e-01
2.327134162187576294e-01
1.774283051490783691e-01
1.104253157973289490e-01
1.763156726956367493e-01
3.104503899812698364e-01
1.977343261241912842e-01
2.059783861041069031e-01
1.328794807195663452e-01
1.835665255784988403e-01
2.012473121285438538e-01
1.738824695348739624e-01
1.536877602338790894e-01
1.085652634501457214e-01
1.842166185379028320e-01
1.139098107814788818e-01
1.027960106730461121e-01
9.405483677983283997e-02
1.218893006443977356e-01
7.573191821575164795e-02
1.767780631780624390e-01
1.318598762154579163e-01
1.949656233191490173e-01
1.343264207243919373e-01
1.366718187928199768e-01
1.597745865583419800e-01
1.240140087902545929e-01
1.030663251876831055e-01
1.744450032711029053e-01
1.139123290777206421e-01
1.480231061577796936e-01
1.041614562273025513e-01
8.509271964430809021e-02
1.432667821645736694e-01
2.103263363242149353e-01
1.515045091509819031e-01
2.962476164102554321e-01
1.823704093694686890e-01
1.170273348689079285e-01
1.392189674079418182e-01
7.151608914136886597e-02
7.927454262971878052e-02
8.764284104108810425e-02
8.602228760719299316e-02
1.086207367479801178e-01
9.885696694254875183e-02
8.921543881297111511e-02
1.185012161731719971e-01
8.419872447848320007e-02
1.315784677863121033e-01
1.775531321763992310e-01
1.946717798709869385e-01
2.651056796312332153e-01
1.769273355603218079e-01
1.691689044237136841e-01
1.143740564584732056e-01
7.782676815986633301e-02
1.127992346882820129e-01
1.255818456411361694e-01
7.184880599379539490e-02
1.719850674271583557e-01
1.399870887398719788e-01
1.016964688897132874e-01
1.497571021318435669e-01
1.551839485764503479e-01
1.585891991853713989e-01
8.192598074674606323e-02
1.039513647556304932e-01
1.244445703923702240e-01
7.109217718243598938e-02
1.061959490180015564e-01
1.437729597091674805e-01
1.156745143234729767e-01
1.239233687520027161e-01
1.765354201197624207e-01
1.891196891665458679e-01
1.131338551640510559e-01
1.600215584039688110e-01
9.041115269064903259e-02
1.878750845789909363e-01
1.103189773857593536e-01
1.950188428163528442e-01
1.148736551403999329e-01
1.185436993837356567e-01
1.240246146917343140e-01
2.023756578564643860e-01
1.196665018796920776e-01
2.450944855809211731e-01
1.780662015080451965e-01
8.581761270761489868e-02
2.188249528408050537e-01
1.026467606425285339e-01
1.199043765664100647e-01
1.003260277211666107e-01
9.319017082452774048e-02
9.053595736622810364e-02
1.837735325098037720e-01
2.310719192028045654e-01
1.909092366695404053e-01
1.216813363134860992e-01
9.594132378697395325e-02
1.383633837103843689e-01
1.525856032967567444e-01
1.216239966452121735e-01
1.216210797429084778e-01
6.587185524404048920e-02
1.444960460066795349e-01
1.815186738967895508e-01
7.932136207818984985e-02
1.758472844958305359e-01
1.093635223805904388e-01
8.998773247003555298e-02
1.567181572318077087e-01
1.529944092035293579e-01
8.950455486774444580e-02
1.191584281623363495e-01
1.160254813730716705e-01
9.794656932353973389e-02
1.534600555896759033e-01
9.610225632786750793e-02
1.220111623406410217e-01
2.789627164602279663e-01
1.178371608257293701e-01
1.318268887698650360e-01
1.481512486934661865e-01
7.263556867837905884e-02
1.092646643519401550e-01
1.438365727663040161e-01
1.875631660223007202e-01
1.677677929401397705e-01
2.215437889099121094e-01
1.337002664804458618e-01
1.851192638278007507e-01
9.798080846667289734e-02
6.795750185847282410e-02
1.293493546545505524e-01
1.426022797822952271e-01
8.383025228977203369e-02
7.580647617578506470e-02
8.736455813050270081e-02
8.129284903407096863e-02
5.666513368487358093e-02
1.645354777574539185e-01
1.196004226803779602e-01
1.227134391665458679e-01
1.564411073923110962e-01
1.206053495407104492e-01
1.459868848323822021e-01
1.881131082773208618e-01
1.195142716169357300e-01
8.094673976302146912e-02
1.255998760461807251e-01
1.342927590012550354e-01
1.951909884810447693e-01
3.691219687461853027e-01
2.463225573301315308e-01
7.729742676019668579e-02
1.336815282702445984e-01
9.836604446172714233e-02
1.264370903372764587e-01
1.278893500566482544e-01
7.845540717244148254e-02
7.134382426738739014e-02
1.026367731392383575e-01
2.416498288512229919e-01
1.875774040818214417e-01
1.301329880952835083e-01
2.484496682882308960e-01
1.260803602635860443e-01
1.002596318721771240e-01
1.780744940042495728e-01
1.366638392210006714e-01
1.825753599405288696e-01
1.157371550798416138e-01
1.237428523600101471e-01
1.096407100558280945e-01
1.190026476979255676e-01
1.675611659884452820e-01
7.198123633861541748e-02
1.409004181623458862e-01
1.010903194546699524e-01
1.925596594810485840e-01
1.104218140244483948e-01
8.339358121156692505e-02
1.098846420645713806e-01
1.797052770853042603e-01
1.822482571005821228e-01
1.304710730910301208e-01
7.290828973054885864e-02
6.260696612298488617e-02
1.142564862966537476e-01
8.367085456848144531e-02
1.229068785905838013e-01
1.391780152916908264e-01
1.473369300365447998e-01
1.101176589727401733e-01
1.782452613115310669e-01
1.363295316696166992e-01
1.454428806900978088e-01
1.020288430154323578e-01
6.654578819870948792e-02
1.004932224750518799e-01
1.269411146640777588e-01
7.095405086874961853e-02
6.047686189413070679e-02
9.007008746266365051e-02
2.113228589296340942e-01
9.166511893272399902e-02
1.030337363481521606e-01
1.707183718681335449e-01
8.726170659065246582e-02
1.076079010963439941e-01
1.517243534326553345e-01
8.709157630801200867e-02
8.793250098824501038e-02
1.545661613345146179e-01
7.582266628742218018e-02
7.763990014791488647e-02
1.223822310566902161e-01
1.730652749538421631e-01
1.516669392585754395e-01
1.061195246875286102e-01
5.771068483591079712e-02
6.323208659887313843e-02
2.640643715858459473e-01
2.289280891418457031e-01
1.521648019552230835e-01
1.006061397492885590e-01
1.266255453228950500e-01
8.405097573995590210e-02
1.691765785217285156e-01
1.787356883287429810e-01
1.095779687166213989e-01
1.543772742152214050e-01
1.401085853576660156e-01
1.222470067441463470e-01
1.648587509989738464e-01
1.026796475052833557e-01
1.508283391594886780e-01
1.309007257223129272e-01
9.622769430279731750e-02
7.862452045083045959e-02
1.671618819236755371e-01
7.343746721744537354e-02
5.861460790038108826e-02
1.104816943407058716e-01
1.215060651302337646e-01
6.711127981543540955e-02
6.685822084546089172e-02
1.002626530826091766e-01
6.308205053210258484e-02
6.610216945409774780e-02
1.097135283052921295e-01
2.430725097656250000e-01
2.369601354002952576e-01
2.006391361355781555e-01
1.280234381556510925e-01
1.683026179671287537e-01
7.781690359115600586e-02
2.944364249706268311e-01
2.121224328875541687e-01
1.546888872981071472e-01
9.405347332358360291e-02
8.694237470626831055e-02
8.702614903450012207e-02
1.012883894145488739e-01
9.532607346773147583e-02
6.503039970993995667e-02
7.785942777991294861e-02
5.228781700134277344e-02
5.490436218678951263e-02
1.051145046949386597e-01
1.157152801752090454e-01
2.145197689533233643e-01
1.679180637001991272e-01
6.518337503075599670e-02
8.409668132662773132e-02
1.359648779034614563e-01
8.204109221696853638e-02
7.055142149329185486e-02
1.502676978707313538e-01
1.994217783212661743e-01
1.251292228698730469e-01
8.507540449500083923e-02
1.076923571527004242e-01
1.400223597884178162e-01
1.425249725580215454e-01
6.292222812771797180e-02
1.005945503711700439e-01
1.051607690751552582e-01
1.302466765046119690e-01
1.931181848049163818e-01
2.591467797756195068e-01
1.305073201656341553e-01
1.527523547410964966e-01
1.103853359818458557e-01
6.826636381447315216e-02
9.560433775186538696e-02
7.623919844627380371e-02
1.310182511806488037e-01
1.466921046376228333e-01
6.404298543930053711e-02
2.292266190052032471e-01
1.394859030842781067e-01
1.357646062970161438e-01
6.249737739562988281e-02
1.222941875457763672e-01
6.528868526220321655e-02
1.456211954355239868e-01
1.944087743759155273e-01
1.175487898290157318e-01
1.252554431557655334e-01
1.132561713457107544e-01
1.167338863015174866e-01
9.079181402921676636e-02
6.550576724112033844e-02
5.877220444381237030e-02
1.480627357959747314e-01
1.185757070779800415e-01
1.417431011795997620e-01
6.933562085032463074e-02
1.071873009204864502e-01
5.176674574613571167e-02
9.607581049203872681e-02
6.944775953888893127e-02
7.568410038948059082e-02
1.327421627938747406e-01
1.071429513394832611e-01
1.186815127730369568e-01
2.098269760608673096e-01
1.395821571350097656e-01
2.024771720170974731e-01
1.420812606811523438e-01
1.031789407134056091e-01
8.173997327685356140e-02
9.915553405880928040e-02
6.235389783978462219e-02
6.556149572134017944e-02
5.546936765313148499e-02
1.374612525105476379e-01
8.681379258632659912e-02
9.809200465679168701e-02
1.093198023736476898e-01
1.779848337173461914e-01
1.061420962214469910e-01
1.208357363939285278e-01
1.446511000394821167e-01
1.100593954324722290e-01
1.073345318436622620e-01
1.463844329118728638e-01
2.096885740756988525e-01
6.519315019249916077e-02
1.069582998752593994e-01
3.166902065277099609e-01
1.218678168952465057e-01
9.840667247772216797e-02
5.505705624818801880e-02
9.502022340893745422e-02
9.056365489959716797e-02
8.564215898513793945e-02
7.079703547060489655e-02
5.960589088499546051e-02
8.317583799362182617e-02
8.310170471668243408e-02
1.433367803692817688e-01
1.615703180432319641e-01
1.087283305823802948e-01
5.590801686048507690e-02
6.473684869706630707e-02
5.710637196898460388e-02
1.201252639293670654e-01
9.130110591650009155e-02
8.095267415046691895e-02
6.543685123324394226e-02
7.310817763209342957e-02
6.233102269470691681e-02
1.301700025796890259e-01
2.179692462086677551e-01
2.667220681905746460e-01
1.649798974394798279e-01
8.772072941064834595e-02
6.948683410882949829e-02
9.448767825961112976e-02
1.029183715581893921e-01
9.805660322308540344e-02
1.083897277712821960e-01
1.170607842504978180e-01
7.921575754880905151e-02
1.750426888465881348e-01
1.091583855450153351e-01
1.570882797241210938e-01
5.256348848342895508e-02
6.895497441291809082e-02
4.700903221964836121e-02
5.493935756385326385e-02
9.074700623750686646e-02
1.049171760678291321e-01
5.463443696498870850e-02
8.772467821836471558e-02
1.599548608064651489e-01
1.155984103679656982e-01
5.887885391712188721e-02
1.627243086695671082e-01
6.489772163331508636e-02
1.226349398493766785e-01
5.828325822949409485e-02
1.752394288778305054e-01
1.975642442703247070e-01
1.687867417931556702e-01
1.000421456992626190e-01
