3.970907032489776611e-01
3.973738849163055420e-01
3.992099612951278687e-01
4.050161391496658325e-01
4.080296605825424194e-01
3.916777074337005615e-01
3.563407659530639648e-01
3.141575306653976440e-01
2.780084013938903809e-01
2.500953450798988342e-01
2.323694527149200439e-01
2.206790894269943237e-01
2.117157429456710815e-01
2.047417312860488892e-01
1.985270678997039795e-01
1.928403601050376892e-01
1.874403953552246094e-01
1.821980476379394531e-01
1.765208840370178223e-01
1.718307435512542725e-01
1.673671305179595947e-01
1.627740040421485901e-01
1.584291011095046997e-01
1.542691588401794434e-01
1.505241096019744873e-01
1.472510024905204773e-01
1.428563296794891357e-01
1.394346803426742554e-01
1.361632645130157471e-01
1.326131299138069153e-01
1.297133192420005798e-01
1.259948387742042542e-01
1.226489096879959106e-01
1.196387670934200287e-01
1.168719865381717682e-01
1.135662496089935303e-01
1.101314462721347809e-01
1.080985888838768005e-01
1.047310344874858856e-01
1.026681102812290192e-01
9.963187202811241150e-02
9.663854166865348816e-02
9.403783828020095825e-02
9.168392419815063477e-02
8.965009450912475586e-02
8.746303617954254150e-02
8.533676713705062866e-02
8.272399753332138062e-02
8.078417554497718811e-02
7.810653746128082275e-02
7.635032758116722107e-02
7.413269579410552979e-02
7.223818451166152954e-02
7.035060599446296692e-02
6.872974708676338196e-02
6.748447939753532410e-02
6.513793021440505981e-02
6.356353312730789185e-02
6.174371019005775452e-02
6.028403900563716888e-02
5.864026583731174469e-02
5.715610459446907043e-02
5.591949261724948883e-02
5.432213284075260162e-02
5.327731929719448090e-02
5.155029334127902985e-02
5.012086033821105957e-02
4.872030578553676605e-02
4.728650301694869995e-02
4.614692367613315582e-02
4.525964520871639252e-02
4.341973178088665009e-02
4.261475056409835815e-02
4.127330332994461060e-02
4.055155441164970398e-02
3.915855661034584045e-02
3.825138509273529053e-02
3.744802810251712799e-02
3.670690581202507019e-02
3.572964854538440704e-02
3.446539863944053650e-02
3.371233679354190826e-02
3.276298008859157562e-02
3.209966607391834259e-02
3.133944422006607056e-02
3.075709007680416107e-02
2.963304053992033005e-02
2.905328758060932159e-02
2.847053203731775284e-02
2.776638604700565338e-02
2.696105092763900757e-02
2.661272138357162476e-02
2.584341727197170258e-02
2.555418107658624649e-02
2.469656988978385925e-02
2.391142584383487701e-02
2.373045682907104492e-02
2.322927862405776978e-02
2.254080213606357574e-02
2.203363459557294846e-02
2.160050347447395325e-02
2.143383026123046875e-02
2.064329013228416443e-02
2.027931343764066696e-02
1.973789744079113007e-02
1.947687566280364990e-02
1.891972310841083527e-02
1.859018020331859589e-02
1.814724970608949661e-02
1.770171150565147400e-02
1.747580710798501968e-02
1.712852902710437775e-02
1.682729460299015045e-02
1.640168949961662292e-02
1.630184613168239594e-02
1.585225947201251984e-02
1.556172780692577362e-02
1.527737081050872803e-02
1.502677798271179199e-02
1.482232986018061638e-02
1.448362413793802261e-02
1.413949113339185715e-02
1.396646536886692047e-02
1.371288858354091644e-02
1.346457283943891525e-02
1.308984775096178055e-02
1.285687787458300591e-02
1.268199179321527481e-02
1.241145888343453407e-02
1.211288664489984512e-02
1.191684883087873459e-02
1.187484990805387497e-02
1.165632251650094986e-02
1.136254752054810524e-02
1.113417744636535645e-02
1.098631555214524269e-02
1.083080563694238663e-02
1.067617628723382950e-02
1.059241220355033875e-02
1.025852654129266739e-02
1.012736000120639801e-02
1.000265218317508698e-02
9.938166011124849319e-03
9.652670472860336304e-03
9.513813070952892303e-03
9.367431979626417160e-03
9.253703523427248001e-03
9.118191897869110107e-03
8.993722964078187943e-03
8.872939273715019226e-03
8.636816404759883881e-03
8.562350180000066757e-03
8.385973982512950897e-03
8.362672291696071625e-03
8.230235893279314041e-03
8.057052269577980042e-03
7.919727824628353119e-03
7.884833030402660370e-03
7.780679035931825638e-03
7.628843886777758598e-03
7.605460472404956818e-03
7.468138588592410088e-03
7.353292545303702354e-03
7.283500162884593010e-03
7.232566829770803452e-03
7.057580864056944847e-03
6.974233314394950867e-03
6.862258538603782654e-03
6.733433576300740242e-03
6.749488878995180130e-03
6.644271314144134521e-03
6.477638613432645798e-03
6.451727356761693954e-03
6.324009271338582039e-03
6.312799174338579178e-03
6.213285261765122414e-03
6.042993627488613129e-03
6.049256538972258568e-03
5.996391875669360161e-03
5.903517361730337143e-03
5.874036345630884171e-03
5.762859014794230461e-03
5.672100465744733810e-03
5.610418738797307014e-03
5.523142404854297638e-03
5.534686846658587456e-03
5.432103294879198074e-03
5.327829625457525253e-03
5.300299264490604401e-03
5.235348595306277275e-03
5.138741107657551765e-03
5.139898043125867844e-03
5.064924247562885284e-03
5.005410406738519669e-03
4.931611008942127228e-03
4.898010985925793648e-03
4.848972894251346588e-03
4.803710617125034332e-03
4.723598249256610870e-03
4.636652534827589989e-03
4.599712323397397995e-03
4.610191332176327705e-03
4.527897806838154793e-03
4.483264405280351639e-03
4.444864578545093536e-03
4.423966165632009506e-03
4.342678003013134003e-03
4.320288076996803284e-03
4.296692321076989174e-03
4.238090245053172112e-03
4.185819765552878380e-03
4.140092991292476654e-03
4.148175707086920738e-03
4.009732278063893318e-03
4.009816562756896019e-03
3.988538635894656181e-03
3.948149736970663071e-03
3.861714270897209644e-03
3.862373065203428268e-03
3.814638359472155571e-03
3.790170536376535892e-03
3.731228527612984180e-03
3.745939233340322971e-03
3.663866082206368446e-03
3.664736635982990265e-03
3.577677183784544468e-03
3.587003564462065697e-03
3.517074510455131531e-03
3.493620664812624454e-03
3.491033101454377174e-03
3.439508611336350441e-03
3.382683265954256058e-03
3.377245622687041759e-03
3.387839067727327347e-03
3.327863407321274281e-03
3.263371530920267105e-03
3.256668918766081333e-03
3.208988346159458160e-03
3.169261734001338482e-03
3.165562753565609455e-03
3.137666266411542892e-03
3.107590600848197937e-03
3.056425950489938259e-03
3.054819884710013866e-03
3.048049984499812126e-03
2.997305709868669510e-03
2.965401392430067062e-03
2.957082819193601608e-03
2.904388820752501488e-03
2.903362270444631577e-03
2.878134255297482014e-03
2.844992093741893768e-03
2.825154457241296768e-03
2.826188574545085430e-03
2.794372383505105972e-03
2.739721792750060558e-03
2.717375406064093113e-03
2.709713182412087917e-03
2.680881996639072895e-03
2.673177048563957214e-03
2.656511031091213226e-03
2.629812341183423996e-03
2.601865795440971851e-03
2.574625541456043720e-03
2.567786024883389473e-03
2.554513397626578808e-03
2.505931537598371506e-03
2.495517255738377571e-03
2.488493686541914940e-03
2.463651704601943493e-03
2.405767794698476791e-03
2.408911008387804031e-03
2.411286812275648117e-03
2.359379548579454422e-03
2.358436584472656250e-03
2.342705731280148029e-03
2.319375402294099331e-03
2.309163101017475128e-03
2.287865267135202885e-03
2.265399554744362831e-03
2.245666575618088245e-03
2.241235459223389626e-03
2.224181895144283772e-03
2.202675561420619488e-03
2.182948286645114422e-03
2.179971314035356045e-03
2.141014439985156059e-03
2.131011569872498512e-03
2.107001841068267822e-03
2.110196161083877087e-03
2.085833810269832611e-03
2.068501897156238556e-03
2.072812756523489952e-03
2.035816782154142857e-03
2.020679647102952003e-03
2.019361592829227448e-03
2.003408153541386127e-03
1.992250909097492695e-03
1.974603161215782166e-03
1.956904889084398746e-03
1.949476718436926603e-03
1.937971741426736116e-03
1.901360345073044300e-03
1.908213482238352299e-03
1.873542205430567265e-03
1.868853578343987465e-03
1.852022716775536537e-03
1.845791703090071678e-03
1.842188474256545305e-03
1.813148031942546368e-03
1.801782636903226376e-03
1.793151022866368294e-03
1.795665419194847345e-03
1.770271745044738054e-03
1.766418223269283772e-03
1.765269436873495579e-03
1.739229541271924973e-03
1.722417073324322701e-03
1.729566254653036594e-03
1.711717690341174603e-03
1.706216542515903711e-03
1.688760472461581230e-03
1.670523197390139103e-03
1.671788631938397884e-03
1.650990976486355066e-03
1.629210717510432005e-03
1.637035340536385775e-03
1.624095020815730095e-03
1.605421653948724270e-03
1.603335666004568338e-03
1.588390732649713755e-03
1.579938281793147326e-03
1.564435311593115330e-03
1.556551665998995304e-03
1.535005576442927122e-03
1.532442285679280758e-03
1.524014805909246206e-03
1.515464275144040585e-03
1.497786608524620533e-03
1.495699281804263592e-03
1.497489982284605503e-03
1.483312342315912247e-03
1.467341789975762367e-03
1.454591983929276466e-03
1.455003628507256508e-03
1.437324739526957273e-03
1.425431808456778526e-03
1.409080112352967262e-03
1.417042687535285950e-03
1.410213182680308819e-03
1.406586496159434319e-03
1.397088868543505669e-03
1.376460772007703781e-03
1.370001526083797216e-03
1.376850879751145840e-03
1.345582772046327591e-03
1.344959659036248922e-03
1.348244491964578629e-03
1.326273311860859394e-03
1.336848130449652672e-03
1.316341804340481758e-03
1.314525958150625229e-03
1.298773975577205420e-03
1.295842463150620461e-03
1.285797217860817909e-03
1.278603100217878819e-03
1.272293739020824432e-03
1.258149510249495506e-03
1.259139738976955414e-03
1.240819226950407028e-03
1.251171343028545380e-03
1.225874468218535185e-03
1.231098256539553404e-03
1.223078230395913124e-03
1.209259673487395048e-03
1.218143617734313011e-03
1.190225884784013033e-03
1.201252569444477558e-03
1.195178949274122715e-03
1.183016574941575527e-03
1.172822900116443634e-03
1.160954183433204889e-03
1.152941316831856966e-03
1.153385383076965809e-03
1.143290370237082243e-03
1.132287026848644018e-03
1.129721640609204769e-03
1.129737705923616886e-03
1.121140085160732269e-03
1.117525564040988684e-03
1.108272350393235683e-03
1.097200787626206875e-03
1.098868786357343197e-03
1.092624501325190067e-03
1.085843890905380249e-03
1.079654961358755827e-03
1.071352569852024317e-03
1.061007962562143803e-03
1.070995931513607502e-03
1.052699517458677292e-03
1.044712902512401342e-03
1.038939924910664558e-03
1.042431336827576160e-03
1.030655752401798964e-03
1.022755808662623167e-03
1.027413527481257915e-03
1.019428193103522062e-03
1.010838139336556196e-03
1.014932291582226753e-03
9.988004458136856556e-04
9.863412124104797840e-04
9.905799524858593941e-04
9.875686955638229847e-04
9.789273608475923538e-04
9.718894434627145529e-04
9.660456562414765358e-04
9.677670313976705074e-04
9.590305562596768141e-04
9.502486791461706161e-04
9.565901127643883228e-04
9.390515915583819151e-04
9.420971036888659000e-04
9.318661177530884743e-04
9.262174717150628567e-04
9.249701979570090771e-04
9.165857918560504913e-04
9.158808388747274876e-04
9.131188271567225456e-04
9.100438328459858894e-04
9.065996273420751095e-04
8.972582290880382061e-04
8.865240379236638546e-04
8.842870593070983887e-04
8.860651578288525343e-04
8.849817677401006222e-04
8.804335666354745626e-04
8.719419711269438267e-04
8.627699571661651134e-04
8.643085602670907974e-04
8.564064919482916594e-04
8.509777544531971216e-04
8.474664646200835705e-04
8.414057665504515171e-04
8.387170382775366306e-04
8.358148043043911457e-04
8.239782764576375484e-04
8.231064421124756336e-04
8.193547546397894621e-04
8.261543698608875275e-04
8.155187824741005898e-04
8.061353873927146196e-04
8.133168448694050312e-04
8.081020205281674862e-04
8.002928225323557854e-04
8.001871756277978420e-04
7.835850410629063845e-04
7.878505857661366463e-04
7.804534980095922947e-04
7.744017930235713720e-04
7.770714873913675547e-04
7.706519681960344315e-04
7.771082455292344093e-04
7.618153758812695742e-04
7.565070118289440870e-04
7.535580080002546310e-04
7.497307960875332355e-04
7.494644960388541222e-04
7.440705376211553812e-04
7.405574433505535126e-04
7.373322732746601105e-04
7.415518630295991898e-04
7.339869625866413116e-04
7.301067234948277473e-04
7.268509361892938614e-04
7.306347542908042669e-04
7.152544276323169470e-04
7.204977155197411776e-04
7.156223873607814312e-04
7.136578205972909927e-04
7.059137569740414619e-04
7.025254890322685242e-04
6.990873371250927448e-04
7.045411039143800735e-04
6.955993303563445807e-04
6.882100133225321770e-04
6.907437928020954132e-04
6.865473696961998940e-04
6.792563654016703367e-04
6.783226272091269493e-04
6.738609517924487591e-04
6.710515590384602547e-04
6.752065673936158419e-04
6.729915621690452099e-04
6.579380424227565527e-04
6.628194823861122131e-04
6.595588056370615959e-04
6.561433256138116121e-04
6.504172633867710829e-04
6.439963472075760365e-04
6.470120279118418694e-04
6.422569276764988899e-04
6.334437639452517033e-04
6.361513515003025532e-04
6.353262870106846094e-04
6.348555907607078552e-04
6.225013639777898788e-04
6.196536996867507696e-04
6.317670049611479044e-04
6.227601552382111549e-04
6.154432194307446480e-04
6.178949261084198952e-04
6.090138340368866920e-04
6.137846212368458509e-04
6.130914553068578243e-04
6.067510403227061033e-04
5.991818616166710854e-04
6.003163871355354786e-04
5.976818792987614870e-04
5.986984178889542818e-04
5.946844466961920261e-04
5.868456792086362839e-04
5.788540001958608627e-04
5.835377378389239311e-04
5.845825944561511278e-04
5.799592763651162386e-04
5.750584241468459368e-04
5.760112544521689415e-04
5.762259825132787228e-04
5.736167076975107193e-04
5.659968301188200712e-04
5.638953298330307007e-04
5.628513463307172060e-04
5.620956071652472019e-04
5.581326549872756004e-04
5.511882191058248281e-04
5.542517756111919880e-04
5.547185719478875399e-04
5.433815531432628632e-04
5.434767517726868391e-04
5.440939567051827908e-04
5.403690738603472710e-04
5.417778738774359226e-04
5.380125658120959997e-04
5.270932451821863651e-04
5.369063874240964651e-04
5.295689334161579609e-04
5.291446577757596970e-04
5.322867073118686676e-04
5.239278543740510941e-04
5.194630066398531199e-04
5.150051729287952185e-04
5.156873667147010565e-04
5.134900857228785753e-04
5.194797704461961985e-04
5.126545729581266642e-04
5.106746393721550703e-04
5.104600568301975727e-04
5.017457297071814537e-04
4.972204915247857571e-04
4.997577925678342581e-04
4.959471407346427441e-04
4.943783569615334272e-04
4.939192294841632247e-04
4.912104050163179636e-04
4.941409861203283072e-04
4.851932753808796406e-04
4.907917755190283060e-04
4.886123351752758026e-04
4.843572969548404217e-04
4.803020856343209743e-04
4.781143506988883018e-04
4.734476242447271943e-04
4.685316671384498477e-04
4.737400449812412262e-04
4.684292944148182869e-04
4.680645361077040434e-04
4.646748857339844108e-04
4.640542319975793362e-04
4.667662578867748380e-04
4.654324729926884174e-04
4.578702937578782439e-04
4.611226031556725502e-04
4.543034301605075598e-04
4.533577885013073683e-04
4.577658110065385699e-04
4.523257084656506777e-04
4.471593274502083659e-04
4.467429534997791052e-04
4.396381991682574153e-04
4.436337039805948734e-04
4.407690867083147168e-04
4.441620403667911887e-04
4.353337571956217289e-04
4.380463797133415937e-04
4.294714308343827724e-04
4.316806880524381995e-04
4.344763874541968107e-04
4.269721976015716791e-04
4.269712808309122920e-04
4.235127271385863423e-04
4.267680487828329206e-04
4.205619625281542540e-04
4.294873942853882909e-04
4.230852355249226093e-04
4.180160030955448747e-04
4.168106388533487916e-04
4.135663766646757722e-04
4.148235893808305264e-04
4.110530426260083914e-04
4.110941372346132994e-04
4.066083929501473904e-04
4.101037629880011082e-04
4.049012495670467615e-04
3.993684367742389441e-04
4.001678607892245054e-04
4.056581965414807200e-04
4.033211589558050036e-04
3.983061615144833922e-04
3.956054715672507882e-04
3.929261874873191118e-04
3.975584404543042183e-04
3.931180399376899004e-04
3.895994450431317091e-04
3.908237267751246691e-04
3.870999062201008201e-04
3.832393122138455510e-04
3.842782607534900308e-04
3.869490465149283409e-04
3.833732043858617544e-04
3.781713894568383694e-04
3.818540571955963969e-04
3.745486756088212132e-04
3.747878799913451076e-04
3.762521228054538369e-04
3.732666955329477787e-04
3.698843065649271011e-04
3.740429528988897800e-04
3.724042180692777038e-04
3.682706446852535009e-04
3.656842454802244902e-04
3.708066942635923624e-04
3.630183055065572262e-04
3.611808497225865722e-04
3.617792972363531590e-04
3.596164751797914505e-04
3.620969364419579506e-04
3.536888543749228120e-04
3.573838039301335812e-04
3.508742665871977806e-04
3.535449359333142638e-04
3.526201471686363220e-04
3.528730303514748812e-04
3.484848857624456286e-04
3.476496494840830564e-04
3.467348433332517743e-04
3.475685953162610531e-04
3.455594851402565837e-04
3.465932386461645365e-04
3.509714006213471293e-04
3.397372493054717779e-04
3.402310685487464070e-04
3.389275079825893044e-04
3.370943159097805619e-04
3.347753081470727921e-04
3.386491735000163317e-04
3.343331482028588653e-04
3.333161439513787627e-04
3.324788413010537624e-04
3.293178888270631433e-04
3.291944449301809072e-04
3.278751973994076252e-04
3.294509369879961014e-04
3.261811652919277549e-04
3.246049454901367426e-04
3.240069490857422352e-04
3.229881840525195003e-04
3.220275684725493193e-04
3.218152269255369902e-04
3.184564848197624087e-04
3.163534565828740597e-04
3.154497535433620214e-04
3.180721396347507834e-04
3.172888536937534809e-04
3.162981156492605805e-04
3.143772773910313845e-04
3.081638278672471642e-04
3.065120981773361564e-04
3.090617392444983125e-04
3.095471765846014023e-04
3.079903835896402597e-04
3.086578508373349905e-04
3.047761128982529044e-04
3.040921001229435205e-04
3.041941090486943722e-04
3.048419457627460361e-04
2.997159754158928990e-04
3.026053891517221928e-04
2.973910159198567271e-04
2.940261911135166883e-04
2.961367426905781031e-04
2.936962555395439267e-04
2.922610729001462460e-04
2.950341149698942900e-04
2.956272219307720661e-04
2.969203633256256580e-04
2.881624968722462654e-04
2.915531658800318837e-04
2.868447627406567335e-04
2.884829445974901319e-04
2.866952418116852641e-04
2.889546012738719583e-04
2.846823335858061910e-04
2.812328748404979706e-04
2.853173646144568920e-04
2.827153803082183003e-04
2.789930149447172880e-04
2.797712804749608040e-04
2.780966751743108034e-04
2.783566014841198921e-04
2.769871207419782877e-04
2.780514041660353541e-04
2.767523983493447304e-04
2.742738142842426896e-04
2.758039918262511492e-04
2.716779272304847836e-04
2.721883065532892942e-04
2.716111484915018082e-04
2.715228474698960781e-04
2.676012518350034952e-04
2.679956814972683787e-04
2.664938801899552345e-04
2.639616286614909768e-04
2.641967003000900149e-04
2.664707280928269029e-04
2.620127197587862611e-04
2.624833141453564167e-04
2.627636131364852190e-04
2.639206068124622107e-04
2.606087073218077421e-04
2.606095076771453023e-04
2.573506062617525458e-04
2.576086262706667185e-04
2.579341817181557417e-04
2.533683727961033583e-04
2.591063530417159200e-04
2.536396787036210299e-04
2.553844242356717587e-04
2.520684793125838041e-04
2.516683452995494008e-04
2.518599503673613071e-04
2.498271496733650565e-04
2.483664429746568203e-04
2.485028380760923028e-04
2.477322268532589078e-04
2.479866088833659887e-04
2.451043546898290515e-04
2.446312573738396168e-04
2.454016212141141295e-04
2.451158943586051464e-04
2.400993107585236430e-04
2.437320217723026872e-04
2.429010128253139555e-04
2.413202819298021495e-04
2.396485579083673656e-04
2.359374047955498099e-04
2.378606295678764582e-04
2.342010920983739197e-04
2.352871306356973946e-04
2.360246435273438692e-04
2.344216336496174335e-04
2.329490744159556925e-04
2.333908996661193669e-04
2.321069841855205595e-04
2.331432478968054056e-04
2.300921914866194129e-04
2.294748846907168627e-04
2.333977536181919277e-04
2.270771074108779430e-04
2.290032571181654930e-04
2.257037922390736639e-04
2.282906789332628250e-04
2.264152572024613619e-04
2.222638868261128664e-04
2.248682285426184535e-04
2.234551866422407329e-04
2.206640638178214431e-04
2.204277989221736789e-04
2.207776997238397598e-04
2.190170198446139693e-04
2.172343956772238016e-04
2.189784427173435688e-04
2.197326102759689093e-04
2.180968149332329631e-04
2.197261928813531995e-04
2.142415833077393472e-04
2.167754646507091820e-04
2.144798709196038544e-04
2.150089712813496590e-04
2.135594477294944227e-04
2.154481553588993847e-04
2.129320710082538426e-04
2.113879818352870643e-04
2.136459661414846778e-04
2.108701883116737008e-04
2.106219690176658332e-04
2.106203683069907129e-04
2.069711918011307716e-04
2.081709608319215477e-04
2.078866236843168736e-04
2.069403271889314055e-04
2.076905584544874728e-04
2.027724622166715562e-04
2.066793385893106461e-04
2.052002673735842109e-04
2.047481684712693095e-04
2.022139960899949074e-04
2.031028561759740114e-04
2.004661801038309932e-04
2.014182100538164377e-04
2.005557689699344337e-04
1.998121369979344308e-04
2.009676536545157433e-04
1.991233293665573001e-04
1.977684223675169051e-04
1.966885538422502577e-04
1.962152527994476259e-04
1.980087326955981553e-04
1.969349104911088943e-04
1.947429045685566962e-04
1.922166993608698249e-04
1.971054007299244404e-04
1.910582068376243114e-04
1.936044282047078013e-04
1.933458697749301791e-04
1.918167472467757761e-04
1.917555637191981077e-04
1.899822236737236381e-04
1.912555526359938085e-04
1.902405783766880631e-04
1.905105309560894966e-04
1.882476935861632228e-04
1.877642062027007341e-04
1.853610228863544762e-04
1.873749279184266925e-04
1.872348657343536615e-04
1.846001541707664728e-04
1.838617536122910678e-04
1.843150748754851520e-04
1.824262872105464339e-04
1.834667200455442071e-04
1.841826888266950846e-04
1.837601157603785396e-04
1.847852618084289134e-04
1.804655985324643552e-04
1.811180773074738681e-04
1.792273251339793205e-04
1.790023379726335406e-04
1.782377585186623037e-04
1.778738078428432345e-04
1.787340443115681410e-04
1.792341136024333537e-04
1.769949158187955618e-04
1.759714214131236076e-04
1.780188031261786819e-04
1.745773697621189058e-04
1.749399089021608233e-04
1.745245390338823199e-04
1.733961689751595259e-04
1.740145889925770462e-04
1.735515470500104129e-04
1.711727600195445120e-04
1.744378096191212535e-04
1.698276755632832646e-04
1.707426636130549014e-04
1.703659509075805545e-04
1.703662637737579644e-04
1.704247406451031566e-04
1.671539212111383677e-04
1.684662929619662464e-04
1.674394952715374529e-04
1.682973088463768363e-04
1.658235050854273140e-04
1.663448783801868558e-04
1.675462553976103663e-04
1.651161510380916297e-04
1.651909478823654354e-04
1.651099082664586604e-04
1.619402173673734069e-04
1.656910681049339473e-04
1.639839756535366178e-04
1.649317637202329934e-04
1.620784387341700494e-04
1.602346746949478984e-04
1.609610553714446723e-04
1.619684626348316669e-04
1.587853039382025599e-04
1.601861149538308382e-04
1.598807066329754889e-04
1.599960669409483671e-04
1.570524254930205643e-04
1.605648940312676132e-04
1.577111106598749757e-04
1.564763369970023632e-04
1.568500301800668240e-04
1.580315656610764563e-04
1.559396332595497370e-04
1.564186168252490461e-04
1.530195440864190459e-04
1.542746031191200018e-04
1.539845980005338788e-04
1.519594516139477491e-04
1.551339009893126786e-04
1.522556412965059280e-04
1.518152348580770195e-04
1.517272030469030142e-04
1.529274377389810979e-04
1.520436926512047648e-04
1.492588344262912869e-04
1.502021113992668688e-04
1.497376724728383124e-04
1.500137441325932741e-04
1.496336481068283319e-04
1.464715169277042150e-04
1.510935326223261654e-04
1.477441401220858097e-04
1.485820685047656298e-04
1.452745564165525138e-04
1.497245029895566404e-04
1.465525056119076908e-04
1.471063224016688764e-04
1.452613432775251567e-04
1.449141127523034811e-04
1.449395131203345954e-04
1.436613310943357646e-04
1.428625037078745663e-04
1.429938565706834197e-04
1.418513274984434247e-04
1.423697322024963796e-04
1.404702416039071977e-04
1.412556157447397709e-04
1.414337166352197528e-04
1.419610489392653108e-04
1.396891530021093786e-04
1.414742000633850694e-04
1.393920974805951118e-04
1.396096704411320388e-04
1.389860408380627632e-04
1.360328169539570808e-04
1.395432991557754576e-04
1.384769857395440340e-04
1.375297360937111080e-04
1.390904217259958386e-04
1.378118904540315270e-04
1.363909905194304883e-04
1.357079599983990192e-04
1.343627882306464016e-04
1.343177500530146062e-04
1.349347294308245182e-04
1.362266048090532422e-04
1.356336288154125214e-04
1.344933771179057658e-04
1.324454642599448562e-04
1.335976630798541009e-04
1.313581306021660566e-04
1.327361023868434131e-04
1.307375350734218955e-04
1.327830104855820537e-04
1.301632655668072402e-04
1.321397139690816402e-04
1.316447596764191985e-04
1.303239914705045521e-04
1.298826973652467132e-04
1.293038876610808074e-04
1.289453939534723759e-04
1.274342066608369350e-04
1.287023915210738778e-04
1.285270045627839863e-04
1.256746691069565713e-04
1.282108860323205590e-04
1.267565239686518908e-04
1.269171916646882892e-04
1.267392508452758193e-04
1.268986306968145072e-04
1.262759906239807606e-04
1.262916703126393259e-04
1.270404463866725564e-04
1.263817248400300741e-04
1.229123663506470621e-04
1.244650993612594903e-04
1.247712934855371714e-04
1.225207888637669384e-04
1.206060296681243926e-04
1.245713428943417966e-04
1.230435445904731750e-04
1.214533549500629306e-04
1.218140569108072668e-04
1.213128380186390132e-04
1.212486167787574232e-04
1.226489330292679369e-04
1.205873704748228192e-04
1.202343337354250252e-04
