5.000000000000000278e-02
5.000000000000000278e-02
5.000000000000000278e-02
5.075000000000000344e-02
5.525000000000000050e-02
5.199999999999999761e-02
5.449999999999999983e-02
6.124999999999999889e-02
7.774999999999999967e-02
1.082499999999999990e-01
1.607500000000000040e-01
2.137499999999999956e-01
2.627499999999999836e-01
2.884999999999999787e-01
4.232500000000000151e-01
4.400000000000000022e-01
4.555000000000000160e-01
4.565000000000000169e-01
4.824999999999999845e-01
5.392500000000000071e-01
4.274999999999999911e-01
5.607499999999999707e-01
6.440000000000000169e-01
6.332499999999999796e-01
3.852499999999999813e-01
4.294999999999999929e-01
7.227500000000000036e-01
5.577499999999999680e-01
4.989999999999999991e-01
6.767499999999999627e-01
7.602499999999999813e-01
3.895000000000000129e-01
6.055000000000000382e-01
7.704999999999999627e-01
5.572500000000000231e-01
7.694999999999999618e-01
7.177499999999999991e-01
6.129999999999999893e-01
6.852500000000000258e-01
7.582499999999999796e-01
7.597500000000000364e-01
5.147500000000000409e-01
6.215000000000000524e-01
7.572499999999999787e-01
8.054999999999999938e-01
8.505000000000000338e-01
7.900000000000000355e-01
7.792499999999999982e-01
6.942500000000000338e-01
6.584999999999999742e-01
8.215000000000000080e-01
6.999999999999999556e-01
7.802499999999999991e-01
8.375000000000000222e-01
8.359999999999999654e-01
7.495000000000000551e-01
8.062500000000000222e-01
6.734999999999999876e-01
7.717500000000000471e-01
7.412499999999999645e-01
9.030000000000000249e-01
7.534999999999999476e-01
8.807500000000000329e-01
5.982499999999999485e-01
7.029999999999999583e-01
5.537499999999999645e-01
7.842500000000000027e-01
7.940000000000000391e-01
4.050000000000000266e-01
8.159999999999999476e-01
7.940000000000000391e-01
7.927499999999999547e-01
9.475000000000000089e-01
8.729999999999999982e-01
8.422500000000000542e-01
7.787500000000000533e-01
8.185000000000000053e-01
8.817500000000000338e-01
8.702499999999999680e-01
8.774999999999999467e-01
7.455000000000000515e-01
7.780000000000000249e-01
6.422499999999999876e-01
8.235000000000000098e-01
8.127499999999999725e-01
7.407500000000000195e-01
8.439999999999999725e-01
9.084999999999999742e-01
8.635000000000000453e-01
8.477500000000000036e-01
8.892499999999999849e-01
8.625000000000000444e-01
7.495000000000000551e-01
9.092500000000000027e-01
8.867500000000000382e-01
9.294999999999999929e-01
6.634999999999999787e-01
9.207499999999999574e-01
8.857500000000000373e-01
8.697500000000000231e-01
6.975000000000000089e-01
9.260000000000000453e-01
8.697500000000000231e-01
7.830000000000000293e-01
9.467499999999999805e-01
9.020000000000000240e-01
8.389999999999999680e-01
7.910000000000000364e-01
8.455000000000000293e-01
8.629999999999999893e-01
9.364999999999999991e-01
8.132500000000000284e-01
8.265000000000000124e-01
8.094999999999999973e-01
5.040000000000000036e-01
8.547500000000000098e-01
8.807500000000000329e-01
9.094999999999999751e-01
7.750000000000000222e-01
7.610000000000000098e-01
7.612499999999999822e-01
9.212500000000000133e-01
8.489999999999999769e-01
8.419999999999999707e-01
8.715000000000000524e-01
9.382500000000000284e-01
9.182500000000000107e-01
9.104999999999999760e-01
8.242500000000000382e-01
8.637500000000000178e-01
8.842499999999999805e-01
9.152500000000000080e-01
9.192500000000000115e-01
9.077499999999999458e-01
8.569999999999999840e-01
8.625000000000000444e-01
8.597500000000000142e-01
8.832499999999999796e-01
7.912500000000000089e-01
8.559999999999999831e-01
9.172500000000000098e-01
8.679999999999999938e-01
9.575000000000000178e-01
9.064999999999999725e-01
9.647499999999999964e-01
8.292500000000000426e-01
8.014999999999999902e-01
8.707500000000000240e-01
8.719999999999999973e-01
9.107499999999999485e-01
9.102500000000000036e-01
8.199999999999999512e-01
8.645000000000000462e-01
7.540000000000000036e-01
8.592499999999999583e-01
7.069999999999999618e-01
8.602499999999999591e-01
7.022500000000000409e-01
7.772499999999999964e-01
9.465000000000000080e-01
7.844999999999999751e-01
9.244999999999999885e-01
9.387499999999999734e-01
9.310000000000000497e-01
8.880000000000000115e-01
9.595000000000000195e-01
9.395000000000000018e-01
8.292500000000000426e-01
8.719999999999999973e-01
9.012499999999999956e-01
9.435000000000000053e-01
6.704999999999999849e-01
8.810000000000000053e-01
9.357499999999999707e-01
8.880000000000000115e-01
8.512499999999999512e-01
8.767500000000000293e-01
9.244999999999999885e-01
8.767500000000000293e-01
8.952499999999999902e-01
8.687500000000000222e-01
8.030000000000000471e-01
7.524999999999999467e-01
8.890000000000000124e-01
7.977499999999999591e-01
7.219999999999999751e-01
7.784999999999999698e-01
9.675000000000000266e-01
8.854999999999999538e-01
8.814999999999999503e-01
7.904999999999999805e-01
9.244999999999999885e-01
7.954999999999999849e-01
8.572499999999999565e-01
8.804999999999999494e-01
8.070000000000000506e-01
9.350000000000000533e-01
9.717500000000000027e-01
9.110000000000000320e-01
8.597500000000000142e-01
9.477499999999999813e-01
9.479999999999999538e-01
9.399999999999999467e-01
9.322500000000000231e-01
9.579999999999999627e-01
9.409999999999999476e-01
8.750000000000000000e-01
7.780000000000000249e-01
9.785000000000000364e-01
9.552500000000000435e-01
8.794999999999999485e-01
8.585000000000000409e-01
8.972499999999999920e-01
8.692499999999999671e-01
9.140000000000000346e-01
9.529999999999999583e-01
9.447499999999999787e-01
9.559999999999999609e-01
9.267499999999999627e-01
8.689999999999999947e-01
9.062500000000000000e-01
9.122500000000000053e-01
9.112500000000000044e-01
9.294999999999999929e-01
9.204999999999999849e-01
8.824999999999999512e-01
9.482500000000000373e-01
9.662500000000000533e-01
8.984999999999999654e-01
9.645000000000000240e-01
8.852499999999999813e-01
9.509999999999999565e-01
8.992499999999999938e-01
8.279999999999999583e-01
9.340000000000000524e-01
9.467499999999999805e-01
9.622500000000000497e-01
7.472499999999999698e-01
9.300000000000000488e-01
9.832499999999999574e-01
8.920000000000000151e-01
9.142500000000000071e-01
8.712499999999999689e-01
9.607499999999999929e-01
9.442500000000000338e-01
9.274999999999999911e-01
9.825000000000000400e-01
8.209999999999999520e-01
7.982500000000000151e-01
9.092500000000000027e-01
9.455000000000000071e-01
9.752499999999999503e-01
8.804999999999999494e-01
8.980000000000000204e-01
8.672499999999999654e-01
7.817499999999999449e-01
9.397499999999999742e-01
8.837500000000000355e-01
9.452500000000000346e-01
9.629999999999999671e-01
9.612500000000000488e-01
8.774999999999999467e-01
9.535000000000000142e-01
9.040000000000000258e-01
8.042500000000000204e-01
9.682500000000000551e-01
9.922499999999999654e-01
9.267499999999999627e-01
9.857500000000000151e-01
9.632500000000000506e-01
9.100000000000000311e-01
9.192500000000000115e-01
8.735000000000000542e-01
9.067499999999999449e-01
5.112499999999999822e-01
8.455000000000000293e-01
9.134999999999999787e-01
8.910000000000000142e-01
9.412500000000000311e-01
8.589999999999999858e-01
8.609999999999999876e-01
9.555000000000000160e-01
9.515000000000000124e-01
9.344999999999999973e-01
9.010000000000000231e-01
8.215000000000000080e-01
9.377499999999999725e-01
9.515000000000000124e-01
9.647499999999999964e-01
9.332500000000000240e-01
9.645000000000000240e-01
9.722499999999999476e-01
9.347499999999999698e-01
8.884999999999999565e-01
8.317499999999999893e-01
8.137499999999999734e-01
9.267499999999999627e-01
9.517499999999999849e-01
9.204999999999999849e-01
9.777500000000000080e-01
9.672500000000000542e-01
9.465000000000000080e-01
9.409999999999999476e-01
6.494999999999999662e-01
7.262499999999999512e-01
9.117499999999999494e-01
9.742499999999999494e-01
9.512500000000000400e-01
8.402500000000000524e-01
9.855000000000000426e-01
9.617499999999999938e-01
9.665000000000000258e-01
9.459999999999999520e-01
9.167499999999999538e-01
8.282500000000000417e-01
9.609999999999999654e-01
9.619999999999999662e-01
9.769999999999999796e-01
9.707500000000000018e-01
9.347499999999999698e-01
8.770000000000000018e-01
8.824999999999999512e-01
8.272500000000000409e-01
9.137499999999999512e-01
9.447499999999999787e-01
9.657499999999999973e-01
9.210000000000000409e-01
9.549999999999999600e-01
7.790000000000000258e-01
7.840000000000000302e-01
9.327499999999999680e-01
9.107499999999999485e-01
9.294999999999999929e-01
9.024999999999999689e-01
9.280000000000000471e-01
9.465000000000000080e-01
8.837500000000000355e-01
9.757500000000000062e-01
9.765000000000000346e-01
9.722499999999999476e-01
9.759999999999999787e-01
8.682499999999999662e-01
9.340000000000000524e-01
8.227499999999999813e-01
8.309999999999999609e-01
7.587500000000000355e-01
9.442500000000000338e-01
8.512499999999999512e-01
9.539999999999999591e-01
9.194999999999999840e-01
9.749999999999999778e-01
8.392500000000000515e-01
9.502500000000000391e-01
9.799999999999999822e-01
9.669999999999999707e-01
9.705000000000000293e-01
8.757500000000000284e-01
8.725000000000000533e-01
9.152500000000000080e-01
9.052499999999999991e-01
9.312500000000000222e-01
9.585000000000000187e-01
9.210000000000000409e-01
8.747500000000000275e-01
9.539999999999999591e-01
5.582500000000000240e-01
9.667499999999999982e-01
9.300000000000000488e-01
9.535000000000000142e-01
9.747500000000000053e-01
9.629999999999999671e-01
9.679999999999999716e-01
9.542500000000000426e-01
9.817500000000000115e-01
9.839999999999999858e-01
9.465000000000000080e-01
9.469999999999999529e-01
9.357499999999999707e-01
9.310000000000000497e-01
9.214999999999999858e-01
8.910000000000000142e-01
8.812499999999999778e-01
9.632500000000000506e-01
9.762499999999999512e-01
9.212500000000000133e-01
9.709999999999999742e-01
9.517499999999999849e-01
9.827500000000000124e-01
9.859999999999999876e-01
9.762499999999999512e-01
9.342500000000000249e-01
9.495000000000000107e-01
9.409999999999999476e-01
9.459999999999999520e-01
9.872499999999999609e-01
9.562500000000000444e-01
9.827500000000000124e-01
8.814999999999999503e-01
7.417500000000000204e-01
9.364999999999999991e-01
6.132499999999999618e-01
8.882499999999999840e-01
8.877500000000000391e-01
9.749999999999999778e-01
8.802499999999999769e-01
9.617499999999999938e-01
9.310000000000000497e-01
9.372500000000000275e-01
9.177499999999999547e-01
9.137499999999999512e-01
9.352500000000000258e-01
9.575000000000000178e-01
8.902499999999999858e-01
9.070000000000000284e-01
9.747500000000000053e-01
9.619999999999999662e-01
9.792499999999999538e-01
9.469999999999999529e-01
9.575000000000000178e-01
9.294999999999999929e-01
9.662500000000000533e-01
8.774999999999999467e-01
9.137499999999999512e-01
9.687500000000000000e-01
9.545000000000000151e-01
9.867500000000000160e-01
9.875000000000000444e-01
9.447499999999999787e-01
9.819999999999999840e-01
9.572500000000000453e-01
6.842500000000000249e-01
9.772499999999999520e-01
9.589999999999999636e-01
9.354999999999999982e-01
9.134999999999999787e-01
9.845000000000000417e-01
9.882499999999999618e-01
9.882499999999999618e-01
8.914999999999999591e-01
8.577500000000000124e-01
9.625000000000000222e-01
9.602500000000000480e-01
9.575000000000000178e-01
9.905000000000000471e-01
9.842499999999999583e-01
9.797500000000000098e-01
9.475000000000000089e-01
9.869999999999999885e-01
9.615000000000000213e-01
9.847500000000000142e-01
9.449999999999999512e-01
7.904999999999999805e-01
9.152500000000000080e-01
8.457500000000000018e-01
9.172500000000000098e-01
6.374999999999999556e-01
9.427499999999999769e-01
9.344999999999999973e-01
9.502500000000000391e-01
9.577499999999999902e-01
8.662499999999999645e-01
7.712499999999999911e-01
8.980000000000000204e-01
8.787500000000000311e-01
9.070000000000000284e-01
9.515000000000000124e-01
8.892499999999999849e-01
9.645000000000000240e-01
9.472500000000000364e-01
9.929999999999999938e-01
9.054999999999999716e-01
9.665000000000000258e-01
9.667499999999999982e-01
9.767500000000000071e-01
9.535000000000000142e-01
9.849999999999999867e-01
9.605000000000000204e-01
9.044999999999999707e-01
9.310000000000000497e-01
8.577500000000000124e-01
9.672500000000000542e-01
9.565000000000000169e-01
9.747500000000000053e-01
9.797500000000000098e-01
9.262500000000000178e-01
9.837500000000000133e-01
9.602500000000000480e-01
9.869999999999999885e-01
7.842500000000000027e-01
9.519999999999999574e-01
9.909999999999999920e-01
9.829999999999999849e-01
9.687500000000000000e-01
9.642500000000000515e-01
9.897500000000000187e-01
9.837500000000000133e-01
9.882499999999999618e-01
8.837500000000000355e-01
9.972499999999999698e-01
9.779999999999999805e-01
9.294999999999999929e-01
9.342500000000000249e-01
8.810000000000000053e-01
9.732499999999999485e-01
9.772499999999999520e-01
9.432500000000000329e-01
9.677499999999999991e-01
9.575000000000000178e-01
9.812499999999999556e-01
9.902499999999999636e-01
9.899999999999999911e-01
9.782499999999999529e-01
9.280000000000000471e-01
9.425000000000000044e-01
7.947499999999999565e-01
9.865000000000000435e-01
9.499999999999999556e-01
9.397499999999999742e-01
9.799999999999999822e-01
9.899999999999999911e-01
9.977500000000000258e-01
9.857500000000000151e-01
9.797500000000000098e-01
9.729999999999999760e-01
9.292500000000000204e-01
9.949999999999999956e-01
9.707500000000000018e-01
9.599999999999999645e-01
9.499999999999999556e-01
9.695000000000000284e-01
9.562500000000000444e-01
9.702499999999999458e-01
9.862499999999999600e-01
9.687500000000000000e-01
9.852499999999999591e-01
9.922499999999999654e-01
9.939999999999999947e-01
9.709999999999999742e-01
9.625000000000000222e-01
9.482500000000000373e-01
9.587499999999999911e-01
8.947500000000000453e-01
9.107499999999999485e-01
9.482500000000000373e-01
7.844999999999999751e-01
8.559999999999999831e-01
8.285000000000000142e-01
9.549999999999999600e-01
9.512500000000000400e-01
9.809999999999999831e-01
9.662500000000000533e-01
9.575000000000000178e-01
9.242500000000000160e-01
8.657500000000000195e-01
9.449999999999999512e-01
8.862499999999999822e-01
9.357499999999999707e-01
9.459999999999999520e-01
9.304999999999999938e-01
9.615000000000000213e-01
9.385000000000000009e-01
9.437499999999999778e-01
9.755000000000000338e-01
9.665000000000000258e-01
9.727500000000000036e-01
9.715000000000000302e-01
9.672500000000000542e-01
9.222500000000000142e-01
9.282500000000000195e-01
9.862499999999999600e-01
9.589999999999999636e-01
9.905000000000000471e-01
9.485000000000000098e-01
9.545000000000000151e-01
9.214999999999999858e-01
9.274999999999999911e-01
8.984999999999999654e-01
9.477499999999999813e-01
9.164999999999999813e-01
9.749999999999999778e-01
9.679999999999999716e-01
9.612500000000000488e-01
9.397499999999999742e-01
8.695000000000000506e-01
9.617499999999999938e-01
9.250000000000000444e-01
9.877500000000000169e-01
9.869999999999999885e-01
9.559999999999999609e-01
9.817500000000000115e-01
9.585000000000000187e-01
8.984999999999999654e-01
9.154999999999999805e-01
9.272500000000000187e-01
8.479999999999999760e-01
8.527500000000000080e-01
9.425000000000000044e-01
9.699999999999999734e-01
9.435000000000000053e-01
9.609999999999999654e-01
9.847500000000000142e-01
9.577499999999999902e-01
9.939999999999999947e-01
9.925000000000000488e-01
9.655000000000000249e-01
8.585000000000000409e-01
9.695000000000000284e-01
9.957500000000000240e-01
9.877500000000000169e-01
9.769999999999999796e-01
9.892499999999999627e-01
9.382500000000000284e-01
9.382500000000000284e-01
9.539999999999999591e-01
9.445000000000000062e-01
9.727500000000000036e-01
9.945000000000000506e-01
9.592500000000000471e-01
8.887500000000000400e-01
9.859999999999999876e-01
9.722499999999999476e-01
9.609999999999999654e-01
9.967500000000000249e-01
9.902499999999999636e-01
9.935000000000000497e-01
9.499999999999999556e-01
9.859999999999999876e-01
9.507499999999999840e-01
9.835000000000000409e-01
9.889999999999999902e-01
9.729999999999999760e-01
9.685000000000000275e-01
9.569999999999999618e-01
9.727500000000000036e-01
9.822499999999999565e-01
9.845000000000000417e-01
9.755000000000000338e-01
9.352500000000000258e-01
9.130000000000000338e-01
9.715000000000000302e-01
9.340000000000000524e-01
9.707500000000000018e-01
9.647499999999999964e-01
8.647500000000000187e-01
9.082500000000000018e-01
9.609999999999999654e-01
9.137499999999999512e-01
9.184999999999999831e-01
9.344999999999999973e-01
9.887500000000000178e-01
9.692499999999999449e-01
9.805000000000000382e-01
9.885000000000000453e-01
9.819999999999999840e-01
9.887500000000000178e-01
9.985000000000000542e-01
9.897500000000000187e-01
9.957500000000000240e-01
9.959999999999999964e-01
9.709999999999999742e-01
9.857500000000000151e-01
9.815000000000000391e-01
9.962499999999999689e-01
9.952499999999999680e-01
9.360000000000000542e-01
9.532500000000000417e-01
9.689999999999999725e-01
9.772499999999999520e-01
9.649999999999999689e-01
9.832499999999999574e-01
9.587499999999999911e-01
9.922499999999999654e-01
9.822499999999999565e-01
9.477499999999999813e-01
9.885000000000000453e-01
9.827500000000000124e-01
9.542500000000000426e-01
9.499999999999999556e-01
9.675000000000000266e-01
9.527499999999999858e-01
9.799999999999999822e-01
9.665000000000000258e-01
9.745000000000000329e-01
9.702499999999999458e-01
9.445000000000000062e-01
9.602500000000000480e-01
9.767500000000000071e-01
9.487499999999999822e-01
9.482500000000000373e-01
9.164999999999999813e-01
9.277499999999999636e-01
8.874999999999999556e-01
8.277499999999999858e-01
9.627499999999999947e-01
9.350000000000000533e-01
9.872499999999999609e-01
9.939999999999999947e-01
9.707500000000000018e-01
9.907500000000000195e-01
9.280000000000000471e-01
9.377499999999999725e-01
9.817500000000000115e-01
9.749999999999999778e-01
9.597499999999999920e-01
9.312500000000000222e-01
9.270000000000000462e-01
9.809999999999999831e-01
9.807500000000000107e-01
9.767500000000000071e-01
9.679999999999999716e-01
8.950000000000000178e-01
9.767500000000000071e-01
9.230000000000000426e-01
9.829999999999999849e-01
9.772499999999999520e-01
9.892499999999999627e-01
9.695000000000000284e-01
9.607499999999999929e-01
9.267499999999999627e-01
9.745000000000000329e-01
9.679999999999999716e-01
9.725000000000000311e-01
9.772499999999999520e-01
9.572500000000000453e-01
9.657499999999999973e-01
9.605000000000000204e-01
9.439999999999999503e-01
9.284999999999999920e-01
9.762499999999999512e-01
9.162500000000000089e-01
9.347499999999999698e-01
9.935000000000000497e-01
9.835000000000000409e-01
9.645000000000000240e-01
9.775000000000000355e-01
9.809999999999999831e-01
9.682500000000000551e-01
9.320000000000000506e-01
9.567499999999999893e-01
9.897500000000000187e-01
9.822499999999999565e-01
9.892499999999999627e-01
9.897500000000000187e-01
9.905000000000000471e-01
9.639999999999999680e-01
9.447499999999999787e-01
9.967500000000000249e-01
9.812499999999999556e-01
9.852499999999999591e-01
8.729999999999999982e-01
9.887500000000000178e-01
9.402500000000000302e-01
6.452499999999999902e-01
8.067499999999999671e-01
8.565000000000000391e-01
9.332500000000000240e-01
8.964999999999999636e-01
9.050000000000000266e-01
9.725000000000000311e-01
9.885000000000000453e-01
9.875000000000000444e-01
9.657499999999999973e-01
9.989999999999999991e-01
9.817500000000000115e-01
9.982499999999999707e-01
9.907500000000000195e-01
9.869999999999999885e-01
9.762499999999999512e-01
9.344999999999999973e-01
9.699999999999999734e-01
9.672500000000000542e-01
9.347499999999999698e-01
9.447499999999999787e-01
9.799999999999999822e-01
9.879999999999999893e-01
9.645000000000000240e-01
9.635000000000000231e-01
9.472500000000000364e-01
9.895000000000000462e-01
9.769999999999999796e-01
9.812499999999999556e-01
9.882499999999999618e-01
9.882499999999999618e-01
9.877500000000000169e-01
9.689999999999999725e-01
9.747500000000000053e-01
9.805000000000000382e-01
9.572500000000000453e-01
9.909999999999999920e-01
9.762499999999999512e-01
9.849999999999999867e-01
9.332500000000000240e-01
9.412500000000000311e-01
9.922499999999999654e-01
9.187499999999999556e-01
9.769999999999999796e-01
9.697500000000000009e-01
9.712499999999999467e-01
9.695000000000000284e-01
9.735000000000000320e-01
9.922499999999999654e-01
9.967500000000000249e-01
9.982499999999999707e-01
9.829999999999999849e-01
9.777500000000000080e-01
9.389999999999999458e-01
9.527499999999999858e-01
9.527499999999999858e-01
9.887500000000000178e-01
9.949999999999999956e-01
9.907500000000000195e-01
9.817500000000000115e-01
9.755000000000000338e-01
9.902499999999999636e-01
9.929999999999999938e-01
9.917500000000000204e-01
9.985000000000000542e-01
9.852499999999999591e-01
9.922499999999999654e-01
9.639999999999999680e-01
9.645000000000000240e-01
9.637499999999999956e-01
9.314999999999999947e-01
9.692499999999999449e-01
9.825000000000000400e-01
9.852499999999999591e-01
9.985000000000000542e-01
1.000000000000000000e+00
9.967500000000000249e-01
9.649999999999999689e-01
9.822499999999999565e-01
9.677499999999999991e-01
9.755000000000000338e-01
9.395000000000000018e-01
9.589999999999999636e-01
9.435000000000000053e-01
9.919999999999999929e-01
9.949999999999999956e-01
9.967500000000000249e-01
9.669999999999999707e-01
9.849999999999999867e-01
9.962499999999999689e-01
9.987500000000000266e-01
9.942499999999999671e-01
9.915000000000000480e-01
9.927500000000000213e-01
9.849999999999999867e-01
9.907500000000000195e-01
9.937500000000000222e-01
9.845000000000000417e-01
9.937500000000000222e-01
9.969999999999999973e-01
9.989999999999999991e-01
9.719999999999999751e-01
9.592500000000000471e-01
9.702499999999999458e-01
9.722499999999999476e-01
9.605000000000000204e-01
9.204999999999999849e-01
9.772499999999999520e-01
9.917500000000000204e-01
9.977500000000000258e-01
9.985000000000000542e-01
9.755000000000000338e-01
9.895000000000000462e-01
9.732499999999999485e-01
9.499999999999999556e-01
9.907500000000000195e-01
9.729999999999999760e-01
9.857500000000000151e-01
9.862499999999999600e-01
9.855000000000000426e-01
9.477499999999999813e-01
9.659999999999999698e-01
9.752499999999999503e-01
9.795000000000000373e-01
7.754999999999999671e-01
8.792499999999999760e-01
8.567500000000000115e-01
9.432500000000000329e-01
9.917500000000000204e-01
9.945000000000000506e-01
9.859999999999999876e-01
9.912499999999999645e-01
9.942499999999999671e-01
9.985000000000000542e-01
9.872499999999999609e-01
9.669999999999999707e-01
9.405000000000000027e-01
9.915000000000000480e-01
9.672500000000000542e-01
9.857500000000000151e-01
9.875000000000000444e-01
9.932499999999999662e-01
9.797500000000000098e-01
9.532500000000000417e-01
9.825000000000000400e-01
9.847500000000000142e-01
9.965000000000000524e-01
9.869999999999999885e-01
9.877500000000000169e-01
9.789999999999999813e-01
9.802499999999999547e-01
9.692499999999999449e-01
9.919999999999999929e-01
9.892499999999999627e-01
9.962499999999999689e-01
9.987500000000000266e-01
9.969999999999999973e-01
9.969999999999999973e-01
9.705000000000000293e-01
9.985000000000000542e-01
9.762499999999999512e-01
9.942499999999999671e-01
9.895000000000000462e-01
9.705000000000000293e-01
9.849999999999999867e-01
9.965000000000000524e-01
9.902499999999999636e-01
9.945000000000000506e-01
9.912499999999999645e-01
9.837500000000000133e-01
9.669999999999999707e-01
9.799999999999999822e-01
9.637499999999999956e-01
9.805000000000000382e-01
9.842499999999999583e-01
9.725000000000000311e-01
9.797500000000000098e-01
9.389999999999999458e-01
9.622500000000000497e-01
9.585000000000000187e-01
9.947500000000000231e-01
9.475000000000000089e-01
9.737500000000000044e-01
9.549999999999999600e-01
9.477499999999999813e-01
9.725000000000000311e-01
9.565000000000000169e-01
9.772499999999999520e-01
9.825000000000000400e-01
9.585000000000000187e-01
9.719999999999999751e-01
9.565000000000000169e-01
9.495000000000000107e-01
9.569999999999999618e-01
9.465000000000000080e-01
9.184999999999999831e-01
9.300000000000000488e-01
9.632500000000000506e-01
9.252500000000000169e-01
9.902499999999999636e-01
9.959999999999999964e-01
9.879999999999999893e-01
9.194999999999999840e-01
9.839999999999999858e-01
9.792499999999999538e-01
9.849999999999999867e-01
9.725000000000000311e-01
9.485000000000000098e-01
9.685000000000000275e-01
9.817500000000000115e-01
9.977500000000000258e-01
9.857500000000000151e-01
9.549999999999999600e-01
9.705000000000000293e-01
9.837500000000000133e-01
9.957500000000000240e-01
1.000000000000000000e+00
9.889999999999999902e-01
9.887500000000000178e-01
9.967500000000000249e-01
9.882499999999999618e-01
9.939999999999999947e-01
9.975000000000000533e-01
9.957500000000000240e-01
9.932499999999999662e-01
9.902499999999999636e-01
9.919999999999999929e-01
7.670000000000000151e-01
8.645000000000000462e-01
9.799999999999999822e-01
9.692499999999999449e-01
9.779999999999999805e-01
9.805000000000000382e-01
9.885000000000000453e-01
9.942499999999999671e-01
9.837500000000000133e-01
9.965000000000000524e-01
9.997500000000000275e-01
9.979999999999999982e-01
9.907500000000000195e-01
9.997500000000000275e-01
9.882499999999999618e-01
9.799999999999999822e-01
9.967500000000000249e-01
9.947500000000000231e-01
9.862499999999999600e-01
9.929999999999999938e-01
9.769999999999999796e-01
9.872499999999999609e-01
