1.004721681276957268e+00
1.042450229326884026e+00
9.863350391387939453e-01
8.662514487902323035e-01
7.106762131055196496e-01
6.138728658358255652e-01
5.971082846323648718e-01
5.648600856463114050e-01
5.984262228012084961e-01
6.043026049931844446e-01
6.313706239064534875e-01
6.551006436347961426e-01
6.646192669868469238e-01
6.993112166722615930e-01
6.786174376805623742e-01
6.998538970947265625e-01
6.920839746793111535e-01
7.148301800092061731e-01
6.938896377881368371e-01
7.361899415651956824e-01
7.211137612660726282e-01
7.325049837430318567e-01
7.461577256520589563e-01
7.435209353764852258e-01
7.342923084894815711e-01
7.376318772633870813e-01
7.554015914599100379e-01
7.549740672111511230e-01
7.566815614700317383e-01
7.885739008585611609e-01
7.391654650370279578e-01
7.688272794087728235e-01
7.796862920125325891e-01
7.784276405970255164e-01
7.637531956036885950e-01
7.889112432797750207e-01
7.890643278757730750e-01
7.892070015271505090e-01
8.000468214352925989e-01
7.786095539728800086e-01
8.074378967285156250e-01
7.933431069056192664e-01
7.793292800585428504e-01
8.377910852432250977e-01
7.957929372787475586e-01
8.010802865028381348e-01
8.222870031992594031e-01
8.250016371409097937e-01
8.147022326787313196e-01
8.080741167068481445e-01
8.237602114677429199e-01
8.297735055287679407e-01
8.362262845039367676e-01
8.366330464680989953e-01
8.354553580284118652e-01
8.348979155222574500e-01
8.389526208241780969e-01
8.370482921600341797e-01
8.332282304763793945e-01
8.373055458068847656e-01
8.413356741269429895e-01
8.520789941151937219e-01
8.454229434331258508e-01
8.540153702100118371e-01
8.534422119458516809e-01
8.509115576744079590e-01
8.615197141965230676e-01
8.756683270136514929e-01
8.749031821886698035e-01
8.599298993746439246e-01
8.642544945081075403e-01
8.733543952306112024e-01
8.786638180414835242e-01
8.525908788045247766e-01
8.637404441833496094e-01
8.742098013559976843e-01
8.768638372421264648e-01
8.713529507319132117e-01
8.834966421127319336e-01
8.685832420984903601e-01
8.690196275711059570e-01
8.942811886469522742e-01
8.858734369277954102e-01
8.725985884666442871e-01
8.845693667729696008e-01
8.879801432291666297e-01
8.889762560526529578e-01
8.904220263163248328e-01
8.898989756902059289e-01
8.926875591278076172e-01
8.985332647959390906e-01
8.885491291681925086e-01
8.969933787981668738e-01
8.963449994723001746e-01
8.912284970283508301e-01
9.017130931218465539e-01
9.038170377413431433e-01
8.996541102727254602e-01
9.028248190879821777e-01
9.167403777440389367e-01
9.185672203699747351e-01
9.078167279561361047e-01
9.089749654134114953e-01
9.154466589291890832e-01
9.197751681009928015e-01
9.192110101381937293e-01
9.178688923517862586e-01
9.197687307993570593e-01
9.208844105402628211e-01
9.230385025342305871e-01
9.265205860137939453e-01
9.303502043088277551e-01
9.268227219581604004e-01
9.296050270398458215e-01
9.243260423342386511e-01
9.279739061991373328e-01
9.317506353060404090e-01
9.327024817466735840e-01
9.184048175811767578e-01
9.350181023279825476e-01
9.531919558842977258e-01
9.112840096155802039e-01
9.280831019083658484e-01
9.958102305730184289e-01
9.417785207430521277e-01
9.024664759635925293e-01
9.385353724161783484e-01
9.596632321675618860e-01
9.561979174613952637e-01
9.570742646853128699e-01
9.588997761408487586e-01
9.384074608484903601e-01
9.377174973487854004e-01
9.548971255620321008e-01
9.485976099967956543e-01
9.526683886845906946e-01
9.516036907831827429e-01
9.515294035275777551e-01
9.687255819638570520e-01
9.687160253524780273e-01
9.663060903549194336e-01
9.573511282602945593e-01
9.580135544141133996e-01
9.432782332102457312e-01
9.455939928690592078e-01
9.650924603144327429e-01
9.630237817764282227e-01
9.610446890195211145e-01
9.839350382486978797e-01
9.795932173728942871e-01
9.734736680984497070e-01
9.645667076110839844e-01
9.642713268597921106e-01
9.660108486811319617e-01
9.693984587987264367e-01
9.720931251843770715e-01
9.770813584327697754e-01
9.776102701822916297e-01
9.808850685755411414e-01
9.553901155789693567e-01
9.514079093933105469e-01
9.700682560602823523e-01
9.850088159243265418e-01
9.838063319524129602e-01
9.754889011383056641e-01
9.892484347025553015e-01
9.847676555315653113e-01
9.814661343892415735e-01
9.774451057116190222e-01
9.836935003598531457e-01
9.825093547503153113e-01
9.931840101877847937e-01
9.889037807782491418e-01
9.849640329678853723e-01
9.846362868944803504e-01
9.914962848027547571e-01
9.959760506947835657e-01
9.972639878590902063e-01
9.940684636433919641e-01
9.884890516599019739e-01
9.885697563489278528e-01
1.000308672587076897e+00
1.010007103284199959e+00
1.001068592071533203e+00
1.003907243410746331e+00
9.966614047686258582e-01
1.000740488370259529e+00
9.978877305984497070e-01
9.924086531003316614e-01
9.997568726539611816e-01
1.004321813583374023e+00
1.001958131790161133e+00
1.001097877820332771e+00
9.967037041982015344e-01
1.001184384028116936e+00
1.001283546288808113e+00
1.007818420728047615e+00
1.010583062966664558e+00
1.014131168524424309e+00
1.008356809616088867e+00
1.002564489841461182e+00
1.012833654880523682e+00
1.018292586008707756e+00
1.016796668370564705e+00
1.009201606114705330e+00
1.016236126422882080e+00
1.005112489064534431e+00
1.002910494804382324e+00
1.005597611268361335e+00
1.012290378411610847e+00
1.011073589324951172e+00
1.013116459051768059e+00
1.022601664066314697e+00
1.031792521476745605e+00
1.015891035397847419e+00
1.001725018024444580e+00
1.019222319126129150e+00
1.018976608912150139e+00
1.012429138024647957e+00
1.012931545575459724e+00
1.021064837773640877e+00
1.024982849756876702e+00
1.029106100400288826e+00
1.031782428423563713e+00
1.020198702812194824e+00
1.020046790440877205e+00
1.026709238688151116e+00
1.020242631435394287e+00
1.025154431660969978e+00
1.022225896517435784e+00
1.026144127051035637e+00
1.021545211474100823e+00
1.017555594444274902e+00
1.023668766021728516e+00
1.026876608530680413e+00
1.033416708310445076e+00
1.034123857816060310e+00
1.037246127923329597e+00
1.034253815809885735e+00
1.027394970258076912e+00
1.027719418207804436e+00
1.034488479296366448e+00
1.032704989115397209e+00
1.033262332280476814e+00
1.040716926256815666e+00
1.040060242017110115e+00
1.038586934407552009e+00
1.034615596135457283e+00
1.042252739270528084e+00
1.043509642283121819e+00
1.051408847173054939e+00
1.047358910242716545e+00
1.030692776044209724e+00
1.037579079469044929e+00
1.048098842302958245e+00
1.047234416007995605e+00
1.049049079418182373e+00
1.039868394533793206e+00
1.043330013751983643e+00
1.038311600685119629e+00
1.033099373181660896e+00
1.035564104715983147e+00
1.042481501897176033e+00
1.042258679866790771e+00
1.035083850224812752e+00
1.033765912055969238e+00
1.033433218797047859e+00
1.030297676722208733e+00
1.033659100532531738e+00
1.045609712600708008e+00
1.045456171035766602e+00
1.042346596717834473e+00
1.046466529369354248e+00
1.043803493181864495e+00
1.056113700071970696e+00
1.052150249481201172e+00
1.046554207801818848e+00
1.051480293273925781e+00
1.047012209892272949e+00
1.053343256314595466e+00
1.044549504915873284e+00
1.040170272191365486e+00
1.054265141487121582e+00
1.054036120573679680e+00
1.051421443621317620e+00
1.046389420827229744e+00
1.054684559504191155e+00
1.053848187128702873e+00
1.052457928657531738e+00
1.052756130695343018e+00
1.050713141759236580e+00
1.056273341178894043e+00
1.060292164484659905e+00
1.061232725779215569e+00
1.061717053254445320e+00
1.060634493827819824e+00
1.054960171381632561e+00
1.055500030517578125e+00
1.052870194117228264e+00
1.055577198664347405e+00
1.059669256210327148e+00
1.055117587248484368e+00
1.051030993461608887e+00
1.046267827351887947e+00
1.057983358701070076e+00
1.056757092475891113e+00
1.055687069892883301e+00
1.057153443495432610e+00
1.064839541912078857e+00
1.061327974001566643e+00
1.066194017728169685e+00
1.063267250855763679e+00
1.064428091049194336e+00
1.064648389816284180e+00
1.054404954115549797e+00
1.064837137858072991e+00
1.067623535792032952e+00
1.057441333929697747e+00
1.057347337404886956e+00
1.063328703244527107e+00
1.069141864776611328e+00
1.067122737566630120e+00
1.064048727353413826e+00
1.063044567902882820e+00
1.062453607718149895e+00
1.064276615778605217e+00
1.067025462786356682e+00
1.064241151014963860e+00
1.062453667322794670e+00
1.070804615815480476e+00
1.066960732142130608e+00
1.060549378395080566e+00
1.065254092216491699e+00
1.064736763636271233e+00
1.067162871360778809e+00
1.064122756322224861e+00
1.066615422566731697e+00
1.063312470912933350e+00
1.067919890085856194e+00
1.064924796422322517e+00
1.068346858024597168e+00
1.065941373507181877e+00
1.062764028708140129e+00
1.054426550865173340e+00
1.060480157534281487e+00
1.061129271984100342e+00
1.063087066014607673e+00
1.068764845530192131e+00
1.055982251962025886e+00
1.061415414015452141e+00
1.063463608423868889e+00
1.066324512163798088e+00
1.070953090985615974e+00
1.072339336077372307e+00
1.068908492724100823e+00
1.061905026435852051e+00
1.056358913580576653e+00
1.065616726875305176e+00
1.056635737419128418e+00
1.058626433213551765e+00
1.060783942540486580e+00
1.071863015492757087e+00
1.064932862917582268e+00
1.074367006619771248e+00
1.071516374746958489e+00
1.078841567039489746e+00
1.080564161141713386e+00
1.073453783988952637e+00
1.082409143447875977e+00
1.081594427426656013e+00
1.081562399864196777e+00
1.078972697257995605e+00
1.068054258823394775e+00
1.072531421979268318e+00
1.067598501841227288e+00
1.073126395543416267e+00
1.070644915103912354e+00
1.079524715741475349e+00
1.077359378337860107e+00
1.076685190200805664e+00
1.070018688837687248e+00
1.071509599685668945e+00
1.078311463197072273e+00
1.074279189109802246e+00
1.068642338116963630e+00
1.071581125259399414e+00
1.077788074811299568e+00
1.076278408368428474e+00
1.078391512235005623e+00
1.082636475563049316e+00
1.079632898171742683e+00
1.077813347180684334e+00
1.080081542332967048e+00
1.078909317652384514e+00
1.080937107404073005e+00
1.088461935520172119e+00
1.091727018356323242e+00
1.081204056739807129e+00
1.080596367518107170e+00
1.088523149490356445e+00
1.086424827575683594e+00
1.083448926607767815e+00
1.078343550364176506e+00
1.086050868034362793e+00
1.085672537485758538e+00
1.082059065500895256e+00
1.088403304417927986e+00
1.090737382570902581e+00
1.082909385363260979e+00
1.083884557088216072e+00
1.084392110506693596e+00
1.088360766569773430e+00
1.084352612495422363e+00
1.079260190327962166e+00
1.081198453903198242e+00
1.080462773640950447e+00
1.077515959739685059e+00
1.081104675928751702e+00
1.075794458389282227e+00
1.086851716041564941e+00
1.080747365951538086e+00
1.083130995432535881e+00
1.082940359910329109e+00
1.089041431744893318e+00
1.088267564773559570e+00
1.086810072263081794e+00
1.091431339581807380e+00
1.090310414632161384e+00
1.087915698687235588e+00
1.090109507242838616e+00
1.091305414835612053e+00
1.086591800053914314e+00
1.086935917536417717e+00
1.079604665438334221e+00
1.085956414540608650e+00
1.087399403254191155e+00
1.090532064437866211e+00
1.091772357622782463e+00
1.083112239837646484e+00
1.080384254455566406e+00
1.087581634521484375e+00
1.090859651565551758e+00
1.088903625806172615e+00
1.085210084915161133e+00
1.077536702156066895e+00
1.076633552710215325e+00
1.081959207852681404e+00
1.086960991223653084e+00
1.082769076029459709e+00
1.081298669179280525e+00
1.083691755930582756e+00
1.083693345387776619e+00
1.081656893094380623e+00
1.075678785641988044e+00
1.087048490842183357e+00
1.082319676876068115e+00
1.086623032887776619e+00
1.089328606923421150e+00
1.085718075434366936e+00
1.089235385258992439e+00
1.087190290292104011e+00
1.083274920781453377e+00
1.091642419497172112e+00
1.087960362434387207e+00
1.081753253936767578e+00
1.081650972366333008e+00
1.082532564798990959e+00
1.081284701824188232e+00
1.084314743677775139e+00
1.088200489679972405e+00
1.082395871480305916e+00
1.088746229807535881e+00
1.081193129221598381e+00
1.081300497055053711e+00
1.081190586090087891e+00
1.081721405188242668e+00
1.079889138539632087e+00
1.085285822550455803e+00
1.087631106376647949e+00
1.079171816507975334e+00
1.087211290995280022e+00
1.086100816726684570e+00
1.083750645319620842e+00
1.078826049963633293e+00
1.077392776807149177e+00
1.082194487253824944e+00
1.083024700482686287e+00
1.080694158871968513e+00
1.085660894711812263e+00
1.081420381863911873e+00
1.082363009452819824e+00
1.082582871119181389e+00
1.087065378824869866e+00
1.087735772132873535e+00
1.081400752067565918e+00
1.086192210515340095e+00
1.093822121620178223e+00
1.082133988539377922e+00
1.083079179128010994e+00
1.077332456906636482e+00
1.084571361541748047e+00
1.086328824361165291e+00
1.083167751630147224e+00
1.084320147832234627e+00
1.086698929468790764e+00
1.087677836418151855e+00
1.085537830988566155e+00
1.085289001464843750e+00
1.077949722607930427e+00
1.083581646283467537e+00
1.081028143564860100e+00
1.087183237075805664e+00
1.088218530019124275e+00
1.077134490013122559e+00
1.082943240801493401e+00
1.086838066577911377e+00
1.082681218783060784e+00
1.086423635482788086e+00
1.082284053166707283e+00
1.089155276616414314e+00
1.088013807932535881e+00
1.084717353185017830e+00
1.078090906143188477e+00
1.076808889706929451e+00
1.081615845362345452e+00
1.082206527392069573e+00
1.079804658889770508e+00
1.091041008631388420e+00
1.090148289998372322e+00
1.084682742754618401e+00
1.078564683596293206e+00
1.076409161090850830e+00
1.079378445943196541e+00
1.089236537615458245e+00
1.089903950691223145e+00
1.087463935216267830e+00
1.092402060826619392e+00
1.085416913032531738e+00
1.085008700688679939e+00
1.084375659624735588e+00
1.090710759162902832e+00
1.079180479049682617e+00
1.089075843493143791e+00
1.093054612477620369e+00
1.087085485458374023e+00
1.082252383232116699e+00
1.082847913106282478e+00
1.085300405820210701e+00
1.095368663469950432e+00
1.093009432156880623e+00
1.093745072682698494e+00
1.091217001279195076e+00
1.091530362764994377e+00
1.092001676559448242e+00
1.088959852854410881e+00
1.086272199948628669e+00
1.086339910825093513e+00
1.083892305692036873e+00
1.082487861315409416e+00
1.087079286575317383e+00
1.087025682131449456e+00
1.089488466580708748e+00
1.088846445083618164e+00
1.090604464213053459e+00
1.085669398307800293e+00
1.084541281064351326e+00
1.087907870610554939e+00
1.082431515057881599e+00
1.090411980946858650e+00
1.093043684959411621e+00
1.087944308916727776e+00
1.080221374829610115e+00
1.086742202440897698e+00
1.083518981933593750e+00
1.085358619689941406e+00
1.086621165275573730e+00
1.094386776288350349e+00
1.086290160814921135e+00
1.095210989316304451e+00
1.085488398869832283e+00
1.090689579645792717e+00
1.082397500673929924e+00
1.080161253611246819e+00
1.083472847938537598e+00
1.088367859522501702e+00
1.091153105099995857e+00
1.095322608947753906e+00
1.092213133970896477e+00
1.091125170389811272e+00
1.089922229448954338e+00
1.092772463957468743e+00
1.089185277620951409e+00
1.091862003008524651e+00
1.086726109186808342e+00
1.097652435302734375e+00
1.096729874610900879e+00
1.092377742131551033e+00
1.093252539634704590e+00
1.100217978159586663e+00
1.097339709599812752e+00
1.103890697161356682e+00
1.096460541089375740e+00
1.102019627888997322e+00
1.091033101081848145e+00
1.088682095209757561e+00
1.100142955780029297e+00
1.100923776626586914e+00
1.102754871050516838e+00
1.104060133298238044e+00
1.103424986203511482e+00
1.100656032562255859e+00
1.100399374961853027e+00
1.106834053993225098e+00
1.105577786763509041e+00
1.099725763003031487e+00
1.097479979197184319e+00
1.077652970949808831e+00
1.085348645846049065e+00
1.101274053255717034e+00
1.106309970219929939e+00
1.095578034718831306e+00
1.084722797075907463e+00
1.084207137425740486e+00
1.092178662618001228e+00
1.091804822285969978e+00
1.094654401143391853e+00
1.111857692400614495e+00
1.106054902076721191e+00
1.100256840387980217e+00
1.105235139528910393e+00
1.112160881360371834e+00
1.102065801620483398e+00
1.102661530176798577e+00
1.100180705388386970e+00
1.106017470359802246e+00
1.103126287460327148e+00
1.105124751726786370e+00
1.104555010795593262e+00
1.103181759516398186e+00
1.102577249209086174e+00
1.101042628288269043e+00
1.100968400637308831e+00
1.112312833468119377e+00
1.116801420847574944e+00
1.102414766947428459e+00
1.096898595492045159e+00
1.089923620223999023e+00
1.107124447822570801e+00
1.124915361404418945e+00
1.133519570032755608e+00
1.130022843678792244e+00
1.118224024772644043e+00
1.118526379267374748e+00
1.118808507919311523e+00
1.101011633872985840e+00
1.113819638888041252e+00
1.113309423128763909e+00
1.114499251047770256e+00
1.117605408032735115e+00
1.124802192052205330e+00
1.123141487439473396e+00
1.124997774759928459e+00
1.121430953343709236e+00
1.131675958633422852e+00
1.134073654810587639e+00
1.120048125584920173e+00
1.117465138435363770e+00
1.088484923044840569e+00
1.103490829467773438e+00
1.120527148246765137e+00
1.134841680526733398e+00
1.127559622128804451e+00
1.122805992762247795e+00
1.118521730105082268e+00
1.122963984807332283e+00
1.137122869491577148e+00
1.137452324231465584e+00
1.132371902465820312e+00
1.129191001256306892e+00
1.120566606521606445e+00
1.112585862477620369e+00
1.133776903152465820e+00
1.148899793624877930e+00
1.132243514060974121e+00
1.137664079666137695e+00
1.139327287673950195e+00
1.140654524167378669e+00
1.148895740509033203e+00
1.140859921773274666e+00
1.136897563934326172e+00
1.134251554807027107e+00
1.150509119033813477e+00
1.137613813082377190e+00
1.148255983988444084e+00
1.156749208768208748e+00
1.157804250717163086e+00
1.155730168024698967e+00
1.146621624628702873e+00
1.142508784929911370e+00
1.157099684079488044e+00
1.164983789126078362e+00
1.157921910285949707e+00
1.149479190508524651e+00
1.154947121938069587e+00
1.151521404584248787e+00
1.160717884699503655e+00
1.155283172925313240e+00
1.154400547345479255e+00
1.160188078880310059e+00
1.158041993776957268e+00
1.165294130643208748e+00
1.149153749148051018e+00
1.156576871871948242e+00
1.164112329483032227e+00
1.134382088979085212e+00
1.144433140754699707e+00
1.181132634480794197e+00
1.161025842030843025e+00
1.148342967033386230e+00
1.166857560475667244e+00
1.176957686742146736e+00
1.184070746103922600e+00
1.157402833302815681e+00
1.155814051628112793e+00
1.150643110275268555e+00
1.168630679448445564e+00
1.169093966484069824e+00
1.164772232373555427e+00
1.144886652628580803e+00
1.174806753794352288e+00
1.186050335566202873e+00
1.194273312886555916e+00
1.179607907931010002e+00
1.168799320856730217e+00
1.177970767021179199e+00
1.198371887207031250e+00
1.185245037078857422e+00
1.186473369598388672e+00
1.175791740417480469e+00
1.179198900858561272e+00
1.168883522351582771e+00
1.177783926328023201e+00
1.188644965489705330e+00
1.174315134684244866e+00
1.198836962381998772e+00
1.177457094192504883e+00
1.185524582862854004e+00
1.196182767550150627e+00
1.191296259562174553e+00
1.185492793718973870e+00
1.192274173100789314e+00
1.194413264592488533e+00
1.189374963442484612e+00
1.194131811459859138e+00
1.201646526654561287e+00
1.194646954536437988e+00
1.204134861628214592e+00
1.216110587120056152e+00
1.211924950281779045e+00
1.215616981188456291e+00
1.205993334452311272e+00
1.205590089162190681e+00
1.224308570226033455e+00
1.218338251113891602e+00
1.205577333768208748e+00
1.210488557815551758e+00
1.215957999229431152e+00
1.199468533198038811e+00
1.196247140566508049e+00
1.213748137156168694e+00
1.210219740867614746e+00
1.223827521006266350e+00
1.218864361445109123e+00
1.195379495620727539e+00
1.181582371393839592e+00
1.221320430437723870e+00
1.200872381528218513e+00
1.222890814145406013e+00
1.240237514177958245e+00
1.227440277735392327e+00
1.210017959276835198e+00
1.209651708602905273e+00
1.223862250645955330e+00
1.231348991394042969e+00
1.240960399309794182e+00
1.227400581041971916e+00
1.215068022410074944e+00
1.220204234123229980e+00
1.228493571281433105e+00
1.242993593215942383e+00
1.233854770660400391e+00
1.239831328392028809e+00
1.241439421971638923e+00
1.241884907086690193e+00
1.246320088704427009e+00
1.231560269991556877e+00
1.225265065828959221e+00
1.226480801900227791e+00
1.225805242856343513e+00
1.268999576568603516e+00
1.243772308031718010e+00
1.232230265935261970e+00
1.242379506429036384e+00
1.243967413902282715e+00
1.253682176272074456e+00
1.212267875671386719e+00
1.270599603652954102e+00
1.291635195414225334e+00
1.279467940330505371e+00
1.256258726119995117e+00
1.257388075192769294e+00
1.246481180191040039e+00
1.235382040341695076e+00
1.241717378298441643e+00
1.268488168716430664e+00
1.274258732795715332e+00
1.265709956487019783e+00
1.245960791905720955e+00
1.243703722953796387e+00
1.272613962491353279e+00
1.299088756243387932e+00
1.331171711285908943e+00
1.312452197074890137e+00
1.310209631919860840e+00
1.279285748799641853e+00
1.275121450424194336e+00
1.296956380208333259e+00
1.299002647399902344e+00
1.287930091222127205e+00
1.278558731079101562e+00
1.279213468233744377e+00
1.284395774205525642e+00
1.286313335100809807e+00
1.289409836133321052e+00
1.234955271085103279e+00
1.280876398086547852e+00
1.271481116612752205e+00
1.259979605674743652e+00
1.236712694168090820e+00
1.273721019426981682e+00
1.308645168940226311e+00
1.281709313392639160e+00
1.272734483083089119e+00
1.312612493832906013e+00
1.317219813664754158e+00
1.261294285456339592e+00
1.260545293490092034e+00
1.298582077026367188e+00
1.304948170979817634e+00
1.311896880467732673e+00
1.302935163180033440e+00
1.303412079811096191e+00
1.302702029546101814e+00
1.260667562484741211e+00
1.396450440088907952e+00
1.426256593068440814e+01
8.866948445638021425e+00
6.762745380401611328e+00
5.788819630940754912e+00
5.353499094645182588e+00
5.057482878367106416e+00
4.902890920639038086e+00
4.706009626388549805e+00
4.529709259668986299e+00
4.385195573170979522e+00
4.215238491694132783e+00
4.052614370981852510e+00
3.881073713302612305e+00
3.734594265619913589e+00
3.594791730244954575e+00
3.426587263743082534e+00
3.270073095957438003e+00
3.120464563369750977e+00
2.988837242126464844e+00
2.860419670740763198e+00
2.748623291651407730e+00
2.626174807548522949e+00
2.508618950843811035e+00
2.428586324055989731e+00
2.305584629376729477e+00
2.189727306365966797e+00
2.098073720932006836e+00
2.007446090380350601e+00
1.905846913655598884e+00
1.808613538742065430e+00
1.705850203831990486e+00
1.623082439104716057e+00
1.547504742940266853e+00
1.489088217417399163e+00
1.415158669153849358e+00
1.345977266629536873e+00
1.300339102745056152e+00
1.249679366747538323e+00
1.201206088066101074e+00
1.152477641900380378e+00
1.117004632949829102e+00
1.082162578900655037e+00
1.054942886034647698e+00
1.034134984016418457e+00
1.014125982920328850e+00
1.003157079219818115e+00
9.896023273468017578e-01
9.772285223007202148e-01
9.570554693539937707e-01
9.427436192830404016e-01
9.180440902709960938e-01
9.049586057662963867e-01
8.940275510152181360e-01
8.896298011144002649e-01
8.776597380638122559e-01
8.681082129478454590e-01
8.626810113588968543e-01
8.545284271240234375e-01
8.439942995707193640e-01
8.378787040710449219e-01
8.358765840530395508e-01
8.251007994016011926e-01
8.176755905151367188e-01
8.148558735847473145e-01
8.098832567532857629e-01
8.041787544886270789e-01
7.938925027847290039e-01
7.923174897829691199e-01
7.854653795560201379e-01
7.856673598289489746e-01
7.756773432095845910e-01
7.716544667879740027e-01
7.753092447916666297e-01
7.659978667894998816e-01
7.562802433967590332e-01
7.539002100626627234e-01
7.447608908017476770e-01
7.418866356213887903e-01
7.409126162528991699e-01
7.350795666376749304e-01
7.398280700047811242e-01
7.274171511332193640e-01
7.349725961685180664e-01
7.246596614519754675e-01
7.177658478418985633e-01
7.134315172831217078e-01
7.089776198069254187e-01
7.053769032160440711e-01
7.047975262006124231e-01
7.009204626083374023e-01
7.013815442721048621e-01
6.949204405148824426e-01
6.880302230517069129e-01
6.832404931386312219e-01
6.850120623906453821e-01
6.824643611907958984e-01
6.750534176826477051e-01
6.771865685780843469e-01
6.696282227834066125e-01
6.696975827217102051e-01
6.619290312131246301e-01
6.646818717320760461e-01
6.593370040257772180e-01
6.606707374254862097e-01
6.591942509015401575e-01
6.602323055267333984e-01
6.570833325386047363e-01
6.536903381347656250e-01
6.522350907325744629e-01
6.482316056887308386e-01
6.420584321022033691e-01
6.445114215215047571e-01
6.480935811996459961e-01
6.422729690869649621e-01
6.416897773742675781e-01
6.367912093798319129e-01
6.333398024241129187e-01
6.344627539316812781e-01
6.283003489176431922e-01
6.270484725634256629e-01
6.243671377499898645e-01
6.251880725224813196e-01
6.220530271530151367e-01
6.200775702794393274e-01
6.201461156209310266e-01
6.187335352102915076e-01
6.163952350616455078e-01
6.139649351437886926e-01
6.160323222478231164e-01
6.136144797007242468e-01
6.150220235188802453e-01
6.098675727844238281e-01
6.101057728131612512e-01
6.118909219900766638e-01
6.104619304339090613e-01
6.055042346318563196e-01
6.102871994177500037e-01
6.079903443654378625e-01
6.017334163188934326e-01
6.021946668624877930e-01
5.980620582898458215e-01
5.998617808024088172e-01
5.973173379898071289e-01
5.980605085690816614e-01
6.016909976800283166e-01
6.018634239832559851e-01
