3.756168335676193237e-01
3.370608463883399963e-01
3.134192004799842834e-01
2.952811159193515778e-01
2.799300178885459900e-01
2.661884129047393799e-01
2.536376304924488068e-01
2.420933619141578674e-01
2.311038319021463394e-01
2.211120687425136566e-01
2.116639111191034317e-01
2.025277651846408844e-01
1.941563077270984650e-01
1.862734258174896240e-01
1.784621793776750565e-01
1.711206082254648209e-01
1.641292478889226913e-01
1.574152931571006775e-01
1.510841771960258484e-01
1.452068313956260681e-01
1.389218717813491821e-01
1.326709855347871780e-01
1.273368168622255325e-01
1.221802094951272011e-01
1.169145787134766579e-01
1.123658213764429092e-01
1.072561535984277725e-01
1.028411164879798889e-01
9.813622198998928070e-02
9.401136916130781174e-02
8.963856939226388931e-02
8.596706669777631760e-02
8.242707047611474991e-02
7.841091044247150421e-02
7.461849506944417953e-02
7.095078472048044205e-02
6.809641607105731964e-02
6.473739817738533020e-02
6.220282940194010735e-02
5.916962632909417152e-02
5.650281999260187149e-02
5.364585481584072113e-02
5.179235199466347694e-02
4.884035885334014893e-02
4.627107223495841026e-02
4.393143951892852783e-02
4.151116311550140381e-02
4.016958316788077354e-02
3.833183133974671364e-02
3.614959027618169785e-02
3.505834797397255898e-02
3.320571035146713257e-02
3.169281687587499619e-02
3.003503265790641308e-02
2.883188310079276562e-02
2.699442370794713497e-02
2.581428992561995983e-02
2.485364675521850586e-02
2.369210752658545971e-02
2.249571378342807293e-02
2.148332679644227028e-02
2.099456265568733215e-02
1.949304458685219288e-02
1.892999419942498207e-02
1.792630227282643318e-02
1.734334090724587440e-02
1.642512693069875240e-02
1.603768486529588699e-02
1.556615508161485195e-02
1.460516930092126131e-02
1.404736784752458334e-02
1.340798020828515291e-02
1.308827439788728952e-02
1.251471519935876131e-02
1.211401738692075014e-02
1.187217398546636105e-02
1.135328062810003757e-02
1.076472387649118900e-02
1.041925174649804831e-02
1.011209923308342695e-02
9.810704737901687622e-03
9.479808970354497433e-03
9.234023164026439190e-03
8.806549361906945705e-03
8.586420910432934761e-03
8.116774959489703178e-03
7.871185545809566975e-03
7.476764731109142303e-03
7.446037954650819302e-03
7.342768542002886534e-03
6.878985150251537561e-03
6.708430184517055750e-03
6.473785382695496082e-03
6.375273398589342833e-03
6.101461534854024649e-03
6.043874425813555717e-03
5.810201691929250956e-03
5.542638478800654411e-03
5.418701388407498598e-03
5.307505722157657146e-03
5.362151365261524916e-03
5.107112752739340067e-03
4.956389253493398428e-03
4.820348694920539856e-03
4.557002102956175804e-03
4.452948691323399544e-03
4.445426631718873978e-03
4.410474852193146944e-03
4.374755430035293102e-03
4.231373488437384367e-03
4.024704976473003626e-03
3.893466986482962966e-03
3.928674617782235146e-03
3.802380233537405729e-03
3.687574906507506967e-03
3.644450684078037739e-03
3.505336237139999866e-03
3.365994605701416731e-03
3.384599811397492886e-03
3.195797675289213657e-03
3.149705851683393121e-03
3.052172192838042974e-03
2.961928374134004116e-03
2.961006161058321595e-03
2.901356754591688514e-03
2.843240159563720226e-03
2.834246464772149920e-03
2.711082372115924954e-03
2.723516226978972554e-03
2.584669826319441199e-03
2.569018339272588491e-03
2.518207998946309090e-03
2.437587594613432884e-03
2.414825634332373738e-03
2.300184336490929127e-03
2.293085999554023147e-03
2.302901411894708872e-03
2.181915740948170424e-03
2.190061844885349274e-03
2.134039532393217087e-03
2.050110313575714827e-03
2.032612479524686933e-03
1.967122021596878767e-03
1.967340998817235231e-03
1.957072498043999076e-03
1.946470583789050579e-03
1.897645881399512291e-03
1.861911063315346837e-03
1.830353648983873427e-03
1.779971498763188720e-03
1.742799126077443361e-03
1.714787140372209251e-03
1.648520003072917461e-03
1.670951969572342932e-03
1.634264306630939245e-03
1.576879236381500959e-03
1.579402989591471851e-03
1.517656462965533137e-03
1.545887367683462799e-03
1.479856640798971057e-03
1.495639662607572973e-03
1.472339106840081513e-03
1.449968025553971529e-03
1.443015804397873580e-03
1.360825161100365222e-03
1.392406164086423814e-03
1.351218219497241080e-03
1.302551667322404683e-03
1.296598333283327520e-03
1.274109396035782993e-03
1.290320986299775541e-03
1.280289579881355166e-03
1.218991805217228830e-03
1.198813668452203274e-03
1.193777963635511696e-03
1.143729910836555064e-03
1.136864564614370465e-03
1.111343372031114995e-03
1.116641928092576563e-03
1.097762884455733001e-03
1.097073749406263232e-03
1.078552551916800439e-03
1.056281063938513398e-03
1.017677073832601309e-03
1.029332335747312754e-03
1.018919021589681506e-03
1.012015141895972192e-03
9.707956924103200436e-04
9.806438683881424367e-04
9.825568995438516140e-04
9.163387730950489640e-04
9.158724569715559483e-04
9.128572128247469664e-04
9.280679369112476707e-04
8.794288223725743592e-04
8.807244084891863167e-04
8.500702970195561647e-04
8.623817557236179709e-04
8.493939822074025869e-04
8.399112193728797138e-04
8.414021940552629530e-04
8.114309603115543723e-04
8.027723160921595991e-04
7.954867323860526085e-04
7.555229749414138496e-04
7.644455399713478982e-04
8.117689503706060350e-04
7.697040346101857722e-04
7.832420305931009352e-04
7.787599533912725747e-04
7.406598888337612152e-04
7.205215224530547857e-04
6.959548554732464254e-04
7.023858197499066591e-04
7.066165635478682816e-04
6.794841901864856482e-04
6.933835757081396878e-04
6.768172388547100127e-04
6.831095888628624380e-04
6.810487175243906677e-04
6.544864518218673766e-04
6.347765884129330516e-04
6.289869852480478585e-04
6.184871599543839693e-04
6.205212266650050879e-04
6.016370753059163690e-04
5.951688581262715161e-04
5.714297149097546935e-04
5.812951276311650872e-04
5.935762092121876776e-04
5.719100736314430833e-04
5.616113630821928382e-04
5.611685701296664774e-04
5.591642111539840698e-04
5.391605154727585614e-04
5.330103158485144377e-04
5.509175462066195905e-04
5.369380742195062339e-04
5.285179649945348501e-04
5.078955946373753250e-04
5.087397366878576577e-04
5.036110342189203948e-04
4.936840850859880447e-04
4.870707889494951814e-04
4.910758179903496057e-04
4.749023828480858356e-04
4.835364234168082476e-04
4.682578619394917041e-04
4.667226530727930367e-04
4.617202612280379981e-04
4.568080148601438850e-04
4.623000750143546611e-04
4.575137900246772915e-04
4.434030306583736092e-04
4.334649747761432081e-04
4.426338855409994721e-04
4.240398084220942110e-04
4.257487889844924212e-04
4.199014110781718045e-04
4.158460324106272310e-04
4.149448068346828222e-04
4.155666538281366229e-04
4.135445087740663439e-04
4.237935099808964878e-04
4.057220176036935300e-04
3.984636641689576209e-04
3.914562003046739846e-04
4.000585904577746987e-04
3.793880750890821218e-04
3.865461185341700912e-04
3.845601822831667960e-04
3.692230238812044263e-04
3.764019784284755588e-04
3.595389207475818694e-04
3.724591333593707532e-04
3.618134069256484509e-04
3.608078259276226163e-04
3.610900785133708268e-04
3.392636317585129291e-04
3.454184989095665514e-04
3.440001637500245124e-04
3.383651492185890675e-04
3.294201596872881055e-04
3.384720694157294929e-04
3.286518258391879499e-04
3.267993743065744638e-04
3.210553732060361654e-04
3.238678255002014339e-04
3.218034471501596272e-04
3.133568789053242654e-04
3.202861589670646936e-04
3.111489932052791119e-04
3.078734771406743675e-04
3.119083776255138218e-04
2.955308882519602776e-04
2.964532541227526963e-04
3.036031084775459021e-04
2.863427580450661480e-04
3.033456559933256358e-04
2.851337994798086584e-04
2.786161967378575355e-04
2.901976695284247398e-04
2.807948985719121993e-04
2.869959716917946935e-04
2.873076591640710831e-04
2.820339359459467232e-04
2.740777672443073243e-04
2.730621636146679521e-04
2.637979596329387277e-04
2.583043296908726916e-04
2.585165275377221406e-04
2.546817668189760298e-04
2.719941549003124237e-04
2.712036693992558867e-04
2.550508979766163975e-04
2.596437989268451929e-04
2.510475569579284638e-04
2.403233484074007720e-04
2.450318315823096782e-04
2.376836018811445683e-04
2.399326549493707716e-04
2.404225215286714956e-04
2.349611877434654161e-04
2.310763065906940028e-04
2.388387601968133822e-04
2.378213157498976216e-04
2.254046848975121975e-04
2.257427622680552304e-04
2.290899828949477524e-04
2.214896758232498541e-04
2.285206774104153737e-04
2.225607931904960424e-04
2.142832217941759154e-04
2.175426598114427179e-04
2.227439708804013208e-04
2.194348289776826277e-04
2.135107988578965887e-04
2.168498449464095756e-04
2.125380487996153533e-04
2.165065052395220846e-04
2.055943405139259994e-04
2.064513100776821375e-04
2.020002102653961629e-04
1.986950446735136211e-04
2.008553401537938043e-04
1.993610112549504265e-04
1.989465545193525031e-04
1.961473280971404165e-04
1.909012007672572508e-04
1.901834129967028275e-04
1.855834943853551522e-04
1.955637981154723093e-04
1.823546153900679201e-04
1.897490892588393763e-04
1.832644920796155930e-04
1.916532546601956710e-04
1.790483020158717409e-04
1.895710265671368688e-04
1.810880858101882041e-04
1.780788170435698703e-04
1.693742287898203358e-04
1.677705167821841314e-04
1.736625090416055173e-04
1.755109296937007457e-04
1.791067807062063366e-04
1.699680906313005835e-04
1.735946625558426604e-04
1.748668382788309827e-04
1.673687711445381865e-04
1.656725271459436044e-04
1.664474275457905605e-04
1.689128494035685435e-04
1.638604553590994328e-04
1.681375324551481754e-04
1.606569276191294193e-04
1.575433052494190633e-04
1.561414883326506242e-04
1.511559494247194380e-04
1.603737182449549437e-04
1.493362851761048660e-04
1.523974788142368197e-04
1.612406595086213201e-04
1.496364584454568103e-04
1.520550540590193123e-04
1.485645243519684300e-04
1.572350956848822534e-04
1.517943292128620669e-04
1.479966322222026065e-04
1.497272278356831521e-04
1.403941078024217859e-04
1.472659278078936040e-04
1.436186284990981221e-04
1.407356776326196268e-04
1.385772957291919738e-04
1.374998755636624992e-04
1.345953060081228614e-04
1.373606883134925738e-04
1.353237512375926599e-04
1.331914882030105218e-04
1.356006177957169712e-04
1.314065048063639551e-04
1.306097656197380275e-04
1.266398867301177233e-04
1.298643392146914266e-04
1.383021481160540134e-04
1.280454089283011854e-04
1.326925603279960342e-04
1.277225910598644987e-04
1.264487291336990893e-04
1.205670987474150024e-04
1.227452376042492688e-04
1.225521027663489804e-04
1.203966912726173177e-04
1.279952593904454261e-04
1.247988639079267159e-04
1.202016383103909902e-04
1.264419988729059696e-04
1.219634632434463128e-04
1.183783479064004496e-04
1.145341439041658305e-04
1.183914519060635939e-04
1.157937867901637219e-04
1.132316647272091359e-04
1.138294646807480603e-04
1.123192705563269556e-04
1.128562535086530261e-04
1.131182352764881216e-04
1.097099138860357925e-04
1.092700777007848956e-04
1.070691423592506908e-04
1.124042073570308276e-04
1.062418214132776484e-04
1.048664253175957128e-04
1.063699482983793132e-04
1.108561473301961087e-04
1.098505363188451156e-04
1.047458645189180970e-04
1.058564603226841427e-04
1.032210084304097109e-04
1.021364123516832478e-04
9.972061070584459230e-05
1.027172211252036504e-04
1.004615096462657675e-04
1.046013476297957823e-04
9.893636888591572642e-05
1.000748206934076734e-04
9.901457997329998761e-05
9.815177963901078328e-05
1.028919668897287920e-04
9.855585540208267048e-05
9.527475685899844393e-05
9.854612108028959483e-05
9.170073008135659620e-05
9.508333459962159395e-05
9.484297606832114980e-05
9.165398205368546769e-05
9.169362874672515318e-05
9.152496568276546896e-05
9.120996492129052058e-05
9.211909855366684496e-05
8.976845310826320201e-05
9.219743787980405614e-05
9.271456110582221299e-05
8.855691885401029140e-05
8.880127279553562403e-05
8.401085960940690711e-05
8.581626752857118845e-05
8.977715515356976539e-05
8.356549915333744138e-05
8.314204478665487841e-05
8.487995091854827479e-05
8.041540149861248210e-05
8.567703298467677087e-05
8.525244811607990414e-05
8.198773866752162576e-05
8.534160224371589720e-05
8.310055363835999742e-05
8.029622949834447354e-05
7.879652821429772303e-05
7.745977472950471565e-05
7.985048432601615787e-05
8.209573570638895035e-05
7.767346505715977401e-05
8.015288312890334055e-05
7.991612710611661896e-05
7.444004131684778258e-05
7.419356825266731903e-05
7.526191075157839805e-05
7.826348337403032929e-05
7.386433480860432610e-05
7.316324627026915550e-05
7.664180975552881137e-05
7.559342157037463039e-05
7.557965000160038471e-05
7.542130515503231436e-05
7.552011265943292528e-05
7.146852658479474485e-05
7.023422404017765075e-05
7.274128438439220190e-05
7.127208482415881008e-05
6.826032768003642559e-05
6.941965693840757012e-05
7.022557565505849198e-05
7.394619387923739851e-05
6.979301906540058553e-05
6.737531384715111926e-05
6.582483274542028084e-05
6.831872815382666886e-05
6.661081170022953302e-05
6.604510599572677165e-05
6.471665619756095111e-05
6.615831625822465867e-05
6.663617796220933087e-05
6.863625822006724775e-05
6.793762622692156583e-05
6.390043108694953844e-05
6.571872836502734572e-05
6.365364788507577032e-05
6.164415117382304743e-05
6.378299394782516174e-05
6.417175336537184194e-05
6.246225257200421765e-05
6.406898046407150105e-05
6.228035772437578999e-05
6.230181088540120982e-05
6.133002807473530993e-05
6.149766613816609606e-05
6.059409952285932377e-05
5.987827807985013351e-05
5.780982974101789296e-05
6.068398033676203340e-05
5.955402139079524204e-05
5.879152104171225801e-05
5.805219598187250085e-05
5.793184345748159103e-05
5.761354168498655781e-05
5.765145533587201498e-05
5.834525427417247556e-05
5.657329029418178834e-05
5.790706336483708583e-05
5.696749985872884281e-05
5.544191162698552944e-05
5.677986746377428062e-05
5.509792572411242872e-05
5.349927323550218716e-05
5.471511803989415057e-05
5.256885242488351651e-05
5.280699542709044181e-05
5.179569370739045553e-05
5.287601288728183135e-05
5.554525660045328550e-05
5.447565808935905807e-05
5.283244991005631164e-05
5.175687783776083961e-05
5.258177543510100804e-05
5.246143018666771241e-05
5.202895863476442173e-05
5.168959978618659079e-05
5.305955983203602955e-05
5.318567627909942530e-05
5.059353179603931494e-05
4.966520464222412556e-05
5.000486135031678714e-05
4.860576063947519287e-05
4.792540676135104150e-05
4.837206370211788453e-05
4.973711656930390745e-05
4.948662035531015135e-05
4.837524238610058092e-05
4.909650306217372417e-05
4.860908484261017293e-05
4.891577054877416231e-05
5.021498554924619384e-05
4.523041479842504486e-05
4.865743312620907091e-05
4.840304245590232313e-05
4.661760931412572972e-05
4.585899296216666698e-05
4.713606813311344013e-05
4.653404448617948219e-05
4.547896605799905956e-05
4.461554635781794786e-05
4.593585526890819892e-05
4.429273212736006826e-05
4.368266627352568321e-05
4.604516470863018185e-05
4.256184865880641155e-05
4.329236480771214701e-05
4.491677464102394879e-05
4.303360856283688918e-05
4.247275501256808639e-05
4.339882161730201915e-05
4.304083995521068573e-05
4.149392088947934099e-05
4.255964904587017372e-05
4.221034350848640315e-05
4.529001625996897928e-05
4.072697811352554709e-05
4.020969436169252731e-05
4.116712352697504684e-05
4.125346640648785979e-05
4.179921779723372310e-05
3.913992577508906834e-05
4.102277534911991097e-05
4.089479944013874047e-05
3.894315659636049531e-05
3.987273021266446449e-05
3.891701135216862895e-05
3.775297000174759887e-05
3.947071172660798766e-05
3.733265702976495959e-05
3.763343784157768823e-05
3.904319692082935944e-05
4.013941861558123492e-05
4.128959972149459645e-05
3.802679066211567260e-05
3.700227716763038188e-05
3.530232061166316271e-05
3.804819561992189847e-05
3.668673934953403659e-05
3.633768710642470978e-05
3.885191335939452983e-05
3.875071070069679990e-05
3.698430145959719084e-05
3.672035973067977466e-05
3.621868063419242390e-05
3.534992220011190511e-05
3.695575696838204749e-05
3.596029500840813853e-05
3.618324672061135061e-05
3.493863550829701126e-05
3.515113212415599264e-05
3.355344688316108659e-05
3.549492566889966838e-05
3.278956728536286391e-05
3.486657169560203329e-05
3.428749323575175367e-05
3.293077952548628673e-05
3.299256627542490605e-05
3.278340068391116802e-05
3.218154961359687150e-05
3.365325642334937584e-05
3.435110966165666468e-05
3.248863504268229008e-05
3.479849624454800505e-05
3.316800257380236872e-05
3.407532040000660345e-05
3.104413008259143680e-05
3.247176073273294605e-05
3.379279223736375570e-05
3.322755378576403018e-05
3.179510281370312441e-05
3.211435478078783490e-05
3.167338172715972178e-05
3.278240910731256008e-05
3.093108307439251803e-05
3.086441688537888695e-05
2.965366934404300991e-05
3.009629949701775331e-05
2.892258271458558738e-05
3.041016566385223996e-05
2.890468613259145059e-05
3.015317793142457958e-05
2.944827019746298902e-05
2.898726461353362538e-05
2.956362050099414773e-05
2.912612103500578087e-05
3.003272354362707119e-05
2.844334380824875552e-05
2.802073618113354314e-05
2.775498160190181807e-05
2.820616373355733231e-05
2.945220512629020959e-05
2.764893861240125261e-05
2.819893074956780765e-05
2.892898100981255993e-05
2.876067105717083905e-05
2.810699834299157374e-05
2.732110056058445480e-05
2.734006807258992922e-05
2.854973467947274912e-05
2.837042006831325125e-05
2.860312952179810964e-05
2.752859359134163242e-05
2.703932432268629782e-05
2.652635521371848881e-05
2.681713135643803980e-05
2.709619866436696611e-05
2.684813421183207538e-05
2.606848920549964532e-05
2.760575011961918790e-05
2.568515128587023355e-05
2.583729474281426519e-05
2.680678244360024109e-05
2.588772213130141608e-05
2.485494383108743932e-05
2.680294869605859276e-05
2.478068404343503062e-05
2.515259529900504276e-05
2.449923363201378379e-05
2.459722918501938693e-05
2.506133091628726106e-05
2.402310042270983104e-05
2.473537324476637878e-05
2.361008887419302482e-05
2.608071667964395601e-05
2.535560133765102364e-05
2.278633110108785331e-05
2.308436751263798214e-05
2.352755063839140348e-05
2.355934771003376227e-05
2.375846747781906743e-05
2.386200935688975733e-05
2.314597372787829954e-05
2.332565941287612077e-05
2.356554409743694123e-05
2.288653718096611556e-05
2.253593174827983603e-05
2.311903404006443452e-05
2.252422382298391312e-05
2.308369721504277550e-05
2.131547626049723476e-05
2.241846027573046740e-05
2.113791924784891307e-05
2.187788300034299027e-05
2.189578344768960960e-05
2.297117816851823591e-05
2.241396873614576180e-05
2.161126485589193180e-05
2.109234128511161543e-05
2.291437544954533223e-05
2.162062378374685068e-05
2.121946135957841761e-05
2.191086196035030298e-05
2.014896767832397018e-05
2.168030300708778668e-05
2.172113386222918052e-05
2.180749606850440614e-05
2.072059214697219431e-05
2.075247448374284431e-05
2.020123520196648315e-05
2.048518740593863185e-05
2.042159212578553706e-05
2.036321757259429432e-05
2.071159042316139676e-05
2.044013785962306429e-05
2.005720648412534501e-05
1.983050560738774948e-05
2.067216428258689120e-05
2.022502258114400320e-05
1.934050783347629476e-05
1.965528463188093156e-05
2.064613590846420266e-05
2.112782885888009332e-05
2.005434839702502359e-05
1.953433252310787793e-05
1.898659479593334254e-05
1.957069503077946138e-05
1.868656659098633099e-05
1.875432712949987035e-05
1.940479319273435976e-05
1.916383416755707003e-05
1.794136233002063818e-05
1.848365695877873804e-05
1.856087033047515433e-05
1.807313356039230712e-05
1.904374880723480601e-05
1.913087385219114367e-05
1.924595449054322671e-05
1.782635126801324077e-05
1.778303953869908582e-05
1.734723741719790269e-05
1.836780961639306042e-05
1.749397722505818820e-05
1.728828829072881490e-05
1.756947813191800378e-05
1.755290622895699926e-05
1.817944257709314115e-05
1.930599592014914379e-05
1.781085734364751261e-05
1.748792465150472708e-05
1.733682370286260266e-05
1.737751790642505512e-05
1.701342603155353572e-05
1.708053559923428111e-05
1.695358719189243857e-05
1.726743334984348621e-05
1.728016866309189936e-05
1.672668258834164590e-05
1.664369983700453304e-05
1.670247468155139359e-05
1.765949514265230391e-05
1.653004164836602286e-05
1.557543089347745990e-05
1.606057401204452617e-05
1.707176215859362856e-05
1.599534039087302517e-05
1.658514202063088305e-05
1.581447179432871053e-05
1.536260742796002887e-05
1.596339120624179486e-05
1.692901355454523582e-05
1.574422958583454601e-05
1.633546366974769626e-05
1.767084268067264929e-05
1.537737000489869388e-05
1.526562425624433672e-05
1.536625188691687072e-05
1.583780954206304159e-05
1.488002953919931315e-05
1.467525555653992342e-05
1.510431525275635067e-05
1.498983874625992030e-05
1.480158562117139809e-05
1.510687854988645995e-05
1.456131849408848211e-05
1.506983630861213896e-05
1.511301786649710266e-05
1.520999251169996569e-05
1.465786294829740655e-05
1.371158032270614058e-05
1.414236066921148449e-05
1.482749746628542198e-05
1.457475082133896649e-05
1.463638113818888087e-05
1.400216262936737621e-05
1.393838442709238734e-05
1.394036053170566447e-05
1.395640344981075032e-05
1.427771883300010813e-05
1.410804202350846026e-05
1.391752857671235688e-05
1.412773019637825200e-05
1.387692441312537994e-05
1.336378932137449738e-05
1.386604435538174585e-05
1.421728143213840667e-05
1.333315890406083781e-05
1.336453624389832839e-05
1.341613528893503826e-05
1.299839902912935941e-05
1.332956651367567247e-05
1.258057272934820503e-05
1.333408636128297076e-05
1.343780331808375195e-05
1.268060248094116105e-05
1.327492293512477772e-05
1.270789005047845421e-05
1.294653475270024501e-05
1.315231838816544041e-05
1.285423400076979306e-05
1.242972268755693221e-05
1.261774616523325676e-05
1.296421828556049149e-05
1.229380097811372252e-05
1.284002314605459105e-05
1.300995131714444142e-05
1.274345140700461343e-05
1.202223882046382641e-05
1.202501800889876904e-05
1.235873048699431820e-05
1.259607915926608257e-05
1.189267732115695253e-05
1.167565915238810703e-05
1.243244309989677276e-05
1.179528044303879142e-05
1.232727663591504097e-05
1.314189444201474544e-05
1.212385734561394202e-05
1.175832960598199861e-05
1.158103498255513841e-05
1.122900141581339994e-05
1.162675710020266706e-05
1.185517066915053874e-05
1.235318040926358663e-05
1.154184531060309382e-05
1.138710786108276807e-05
1.152876632204424823e-05
1.143166946349083446e-05
1.184011864552303450e-05
1.130205896515690256e-05
1.098040434044378344e-05
1.151296055468264967e-05
1.113894506943324814e-05
1.164148466159531381e-05
1.159298949460207950e-05
1.108292531171173323e-05
1.127968948821944650e-05
1.077369392987748142e-05
1.092129787139128894e-05
1.101485838717053412e-05
1.054262929756077938e-05
1.076990520232357085e-05
1.148677279161347542e-05
1.076546436706848908e-05
1.073520297723007388e-05
1.070810856163006974e-05
1.124232130678137764e-05
1.031933220474456903e-05
1.046772592872002861e-05
1.058961822764103999e-05
1.127047835325356573e-05
1.056795065323967719e-05
1.074167482784105232e-05
1.045807937316567404e-05
1.051796141382510541e-05
1.014296344692411367e-05
1.100178087654057890e-05
1.025228425532986876e-05
1.002120222892699530e-05
9.945510100806131959e-06
9.852770858742587734e-06
1.032848831528099254e-05
9.526274766358255874e-06
9.970502560463501140e-06
9.891869012790266424e-06
9.361969432575278915e-06
9.445009709452278912e-06
1.010389655675680842e-05
9.507577260592370294e-06
1.048031208483735099e-05
9.142017916019540280e-06
9.949392733688000590e-06
9.607095876162929926e-06
1.008725644169317093e-05
9.555747965350747108e-06
1.003074532945902320e-05
9.295703875977778807e-06
9.342696898784197401e-06
9.699187899059324991e-06
9.568856398800562602e-06
9.250447419617557898e-06
9.323206427325203549e-06
9.782538199942791834e-06
9.504079571343027055e-06
9.277682465835823677e-06
9.678258834355801810e-06
9.448399055145273451e-06
9.433716513740364462e-06
9.352347660751547664e-06
9.545175544189987704e-06
9.626625683267775457e-06
1.076956311862886650e-05
9.630112231207021978e-06
8.632274330011568964e-06
8.730621061658894178e-06
8.685001716912665870e-06
8.418554330091865268e-06
8.253598252849769779e-06
8.794191671768203378e-06
8.825028430692327674e-06
8.356386445029784227e-06
8.248362746599013917e-06
8.621674851383431815e-06
8.754922987463942263e-06
8.263560800969571574e-06
8.407679956690117251e-06
8.305402843689080328e-06
8.577607445658941288e-06
8.372700904146768153e-06
8.354553870049130637e-06
8.069640500707464525e-06
8.465448331662628334e-06
8.170844978394598002e-06
8.171750891960982699e-06
8.339285727743117604e-06
8.458803165467543295e-06
8.131589879667444620e-06
7.625056525739637436e-06
8.139580756960640429e-06
8.161822734109591693e-06
8.514464525433140807e-06
7.905579934686102206e-06
7.694113151046622079e-06
8.168627459781419020e-06
7.493886414522421546e-06
7.632712708982580807e-06
7.491320104691112647e-06
7.644141589935316006e-06
7.921273265765194083e-06
7.740503178865765221e-06
7.704417498644033913e-06
7.590354812236910220e-06
7.805193490639794618e-06
7.448356086570129264e-06
7.725999523700011196e-06
7.421900704684958328e-06
7.125315619305183645e-06
8.249700158557971008e-06
7.565616385818429990e-06
7.242802212203969248e-06
7.755531328257347923e-06
7.313148728371743346e-06
7.616718676217715256e-06
7.494290116483171005e-06
7.359212361279787729e-06
7.446337747296638554e-06
7.536375505878822878e-06
7.044629398933466291e-06
7.357926961049088277e-06
7.595303827656607609e-06
