6.805615872144699097e-01
6.502852365374565125e-01
6.354680433869361877e-01
6.245639100670814514e-01
6.152985692024230957e-01
6.073287278413772583e-01
6.003156900405883789e-01
5.940044224262237549e-01
5.880520790815353394e-01
5.824616774916648865e-01
5.773153081536293030e-01
5.723824501037597656e-01
5.676254555583000183e-01
5.630550310015678406e-01
5.584424659609794617e-01
5.540141388773918152e-01
5.496075227856636047e-01
5.451892092823982239e-01
5.409510731697082520e-01
5.365811660885810852e-01
5.321460366249084473e-01
5.278219282627105713e-01
5.231831446290016174e-01
5.189710408449172974e-01
5.149655789136886597e-01
5.116978883743286133e-01
5.074381157755851746e-01
5.032735541462898254e-01
4.996882490813732147e-01
4.958563931286334991e-01
4.931374378502368927e-01
4.893662594258785248e-01
4.853787198662757874e-01
4.829586446285247803e-01
4.805659241974353790e-01
4.781944267451763153e-01
4.740637727081775665e-01
4.700933918356895447e-01
4.670265652239322662e-01
4.649284966289997101e-01
4.624792896211147308e-01
4.604181721806526184e-01
4.570744708180427551e-01
4.539459533989429474e-01
4.516296982765197754e-01
4.499427601695060730e-01
4.474796094000339508e-01
4.439731761813163757e-01
4.417276643216609955e-01
4.405867755413055420e-01
4.370248503983020782e-01
4.344088099896907806e-01
4.323403611779212952e-01
4.307752735912799835e-01
4.286871328949928284e-01
4.266205467283725739e-01
4.250058941543102264e-01
4.233851544559001923e-01
4.206854738295078278e-01
4.185357019305229187e-01
4.178048707544803619e-01
4.147756956517696381e-01
4.128389544785022736e-01
4.111002199351787567e-01
4.097215272486209869e-01
4.077212847769260406e-01
4.067384526133537292e-01
4.059593863785266876e-01
4.037525057792663574e-01
4.023926183581352234e-01
4.012949392199516296e-01
3.978100642561912537e-01
3.963342420756816864e-01
3.932238481938838959e-01
3.935862332582473755e-01
3.922284170985221863e-01
3.917947486042976379e-01
3.929708562791347504e-01
3.896788358688354492e-01
3.868375159800052643e-01
3.845772780478000641e-01
3.838393017649650574e-01
3.859175667166709900e-01
3.827967904508113861e-01
3.795913904905319214e-01
3.776056878268718719e-01
3.761766478419303894e-01
3.744543381035327911e-01
3.741422481834888458e-01
3.751510046422481537e-01
3.728153407573699951e-01
3.705315068364143372e-01
3.681871816515922546e-01
3.681227378547191620e-01
3.673937767744064331e-01
3.654351606965065002e-01
3.639079146087169647e-01
3.635439015924930573e-01
3.638098761439323425e-01
3.635950759053230286e-01
3.626410402357578278e-01
3.624695539474487305e-01
3.579493276774883270e-01
3.566217422485351562e-01
3.556362241506576538e-01
3.563053719699382782e-01
3.543116822838783264e-01
3.532726541161537170e-01
3.517317585647106171e-01
3.515175655484199524e-01
3.520366065204143524e-01
3.519590459764003754e-01
3.486492782831192017e-01
3.471811115741729736e-01
3.456405028700828552e-01
3.442551009356975555e-01
3.450133129954338074e-01
3.433045372366905212e-01
3.450135216116905212e-01
3.435731716454029083e-01
3.448474444448947906e-01
3.424379155039787292e-01
3.402469642460346222e-01
3.403952233493328094e-01
3.393102847039699554e-01
3.394716233015060425e-01
3.367387615144252777e-01
3.346946388483047485e-01
3.338132612407207489e-01
3.343475945293903351e-01
3.333307094871997833e-01
3.327707648277282715e-01
3.333640955388545990e-01
3.307242915034294128e-01
3.321166895329952240e-01
3.300679363310337067e-01
3.287121765315532684e-01
3.286426812410354614e-01
3.273734785616397858e-01
3.270354196429252625e-01
3.279280923306941986e-01
3.267827332019805908e-01
3.258635997772216797e-01
3.258697055280208588e-01
3.263806365430355072e-01
3.254903219640254974e-01
3.249304741621017456e-01
3.236826322972774506e-01
3.230050317943096161e-01
3.206113204360008240e-01
3.197216950356960297e-01
3.215484768152236938e-01
3.197205476462841034e-01
3.163547702133655548e-01
3.153681866824626923e-01
3.156455866992473602e-01
3.152139708399772644e-01
3.155016563832759857e-01
3.169855438172817230e-01
3.150909766554832458e-01
3.144526369869709015e-01
3.145681247115135193e-01
3.129197843372821808e-01
3.155584372580051422e-01
3.127973638474941254e-01
3.118946589529514313e-01
3.124838396906852722e-01
3.122315965592861176e-01
3.100410439074039459e-01
3.093863166868686676e-01
3.112736381590366364e-01
3.097426220774650574e-01
3.077880069613456726e-01
3.099527731537818909e-01
3.100003749132156372e-01
3.080832511186599731e-01
3.051641993224620819e-01
3.047124482691287994e-01
3.052606917917728424e-01
3.047683089971542358e-01
3.042025081813335419e-01
3.047719448804855347e-01
3.051786050200462341e-01
3.048350177705287933e-01
3.050778023898601532e-01
3.083460144698619843e-01
3.038245141506195068e-01
3.009203299880027771e-01
3.008289374411106110e-01
3.039678931236267090e-01
3.001944795250892639e-01
3.001786731183528900e-01
2.969742231070995331e-01
2.979141473770141602e-01
3.024616166949272156e-01
2.994359731674194336e-01
2.974553778767585754e-01
2.941558733582496643e-01
2.959962785243988037e-01
2.954484112560749054e-01
2.967664189636707306e-01
2.952181659638881683e-01
2.935498543083667755e-01
2.945104129612445831e-01
2.940754443407058716e-01
2.924106083810329437e-01
2.922771275043487549e-01
2.921239100396633148e-01
2.937147989869117737e-01
2.929427810013294220e-01
2.918015643954277039e-01
2.923109345138072968e-01
2.932232841849327087e-01
2.931565828621387482e-01
2.956313416361808777e-01
2.907740585505962372e-01
2.892396152019500732e-01
2.880243435502052307e-01
2.878198362886905670e-01
2.921024188399314880e-01
2.907894141972064972e-01
2.867775559425354004e-01
2.887918800115585327e-01
2.902287431061267853e-01
2.878320477902889252e-01
2.869676686823368073e-01
2.860570214688777924e-01
2.894070111215114594e-01
2.872944325208663940e-01
2.836235426366329193e-01
2.848656401038169861e-01
2.856639139354228973e-01
2.829766571521759033e-01
2.853556610643863678e-01
2.820555716753005981e-01
2.805716767907142639e-01
2.823142707347869873e-01
2.809659577906131744e-01
2.790655121207237244e-01
2.812311574816703796e-01
2.829943224787712097e-01
2.810916975140571594e-01
2.839838787913322449e-01
2.827741913497447968e-01
2.781194001436233521e-01
2.790299728512763977e-01
2.786251567304134369e-01
2.769418694078922272e-01
2.806835062801837921e-01
2.791801244020462036e-01
2.779378555715084076e-01
2.780326567590236664e-01
2.793282754719257355e-01
2.764645554125308990e-01
2.741885036230087280e-01
2.729965634644031525e-01
2.756860218942165375e-01
2.771833539009094238e-01
2.777423709630966187e-01
2.769856713712215424e-01
2.744248993694782257e-01
2.726424224674701691e-01
2.746844179928302765e-01
2.734454609453678131e-01
2.731792293488979340e-01
2.743004262447357178e-01
2.728099487721920013e-01
2.733395881950855255e-01
2.751325033605098724e-01
2.731568813323974609e-01
2.724225223064422607e-01
2.753212340176105499e-01
2.724213339388370514e-01
2.752973958849906921e-01
2.762967273592948914e-01
2.709419168531894684e-01
2.712714709341526031e-01
2.687807716429233551e-01
2.697666995227336884e-01
2.726171500980854034e-01
2.730751298367977142e-01
2.721392922103404999e-01
2.717817723751068115e-01
2.694576755166053772e-01
2.732982113957405090e-01
2.741636782884597778e-01
2.710738144814968109e-01
2.709907479584217072e-01
2.674877271056175232e-01
2.697891741991043091e-01
2.740044184029102325e-01
2.698319368064403534e-01
2.683744989335536957e-01
2.673976384103298187e-01
2.693227715790271759e-01
2.646568231284618378e-01
2.691527493298053741e-01
2.694907858967781067e-01
2.680148668587207794e-01
2.708287537097930908e-01
2.705574072897434235e-01
2.653552331030368805e-01
2.674325406551361084e-01
2.654327005147933960e-01
2.658576667308807373e-01
2.683664448559284210e-01
2.633256316184997559e-01
2.630031071603298187e-01
2.649416923522949219e-01
2.626032717525959015e-01
2.646679170429706573e-01
2.675673551857471466e-01
2.640688680112361908e-01
2.644256241619586945e-01
2.640988565981388092e-01
2.642089650034904480e-01
2.649698890745639801e-01
2.618399970233440399e-01
2.641492262482643127e-01
2.648265101015567780e-01
2.622135803103446960e-01
2.638414911925792694e-01
2.631175220012664795e-01
2.625829651951789856e-01
2.620079256594181061e-01
2.606737576425075531e-01
2.628169097006320953e-01
2.608942762017250061e-01
2.593846283853054047e-01
2.584310285747051239e-01
2.567308209836483002e-01
2.567440159618854523e-01
2.603377513587474823e-01
2.569634392857551575e-01
2.615847140550613403e-01
2.595320343971252441e-01
2.591048479080200195e-01
2.584063746035099030e-01
2.577435635030269623e-01
2.591231279075145721e-01
2.590282112360000610e-01
2.556125111877918243e-01
2.557826675474643707e-01
2.567679472267627716e-01
2.562917768955230713e-01
2.592693381011486053e-01
2.587156593799591064e-01
2.592048943042755127e-01
2.559317536652088165e-01
2.568197622895240784e-01
2.576995939016342163e-01
2.580626383423805237e-01
2.597679123282432556e-01
2.556263916194438934e-01
2.538442779332399368e-01
2.530904617160558701e-01
2.548484802246093750e-01
2.541694603860378265e-01
2.528488282114267349e-01
2.538534477353096008e-01
2.529684454202651978e-01
2.527685798704624176e-01
2.499076537787914276e-01
2.503429651260375977e-01
2.552616074681282043e-01
2.544597759842872620e-01
2.545191422104835510e-01
2.547782585024833679e-01
2.543382346630096436e-01
2.520380951464176178e-01
2.530603036284446716e-01
2.518728319555521011e-01
2.518650088459253311e-01
2.543503381311893463e-01
2.561293505132198334e-01
2.534792590886354446e-01
2.538947425782680511e-01
2.527464609593153000e-01
2.511139344424009323e-01
2.505612205713987350e-01
2.537213992327451706e-01
2.521123830229043961e-01
2.499882169067859650e-01
2.491709850728511810e-01
2.501954361796379089e-01
2.477321960031986237e-01
2.482468802481889725e-01
2.486988417804241180e-01
2.479413226246833801e-01
2.489540986716747284e-01
2.503663636744022369e-01
2.502787858247756958e-01
2.486823573708534241e-01
2.475949004292488098e-01
2.488412987440824509e-01
2.466457393020391464e-01
2.501409128308296204e-01
2.502374313771724701e-01
2.462307363748550415e-01
2.461937796324491501e-01
2.452793084084987640e-01
2.466700412333011627e-01
2.456981744617223740e-01
2.449503410607576370e-01
2.463510651141405106e-01
2.454963866621255875e-01
2.450402490794658661e-01
2.454557623714208603e-01
2.477092165499925613e-01
2.469573244452476501e-01
2.453669328242540359e-01
2.452768608927726746e-01
2.438949085772037506e-01
2.431970611214637756e-01
2.434172481298446655e-01
2.481554448604583740e-01
2.451349105685949326e-01
2.444323133677244186e-01
2.490401305258274078e-01
2.438785973936319351e-01
2.427049539983272552e-01
2.408337239176034927e-01
2.426953352987766266e-01
2.446270808577537537e-01
2.412233222275972366e-01
2.423759363591670990e-01
2.474339418113231659e-01
2.454703021794557571e-01
2.443051561713218689e-01
2.421043068170547485e-01
2.428615149110555649e-01
2.420420572161674500e-01
2.426836099475622177e-01
2.435783110558986664e-01
2.447319589555263519e-01
2.457801960408687592e-01
2.428097128868103027e-01
2.423533909022808075e-01
2.426972016692161560e-01
2.439767606556415558e-01
2.421290017664432526e-01
2.449177838861942291e-01
2.449199985712766647e-01
2.439026534557342529e-01
2.419793847948312759e-01
2.399047650396823883e-01
2.389815077185630798e-01
2.411327492445707321e-01
2.402355317026376724e-01
2.390450090169906616e-01
2.392828743904829025e-01
2.410215232521295547e-01
2.469630073755979538e-01
2.434322983026504517e-01
2.417728379368782043e-01
2.392681427299976349e-01
2.393551431596279144e-01
2.403034549206495285e-01
2.382253464311361313e-01
2.381868325173854828e-01
2.439049314707517624e-01
2.472403142601251602e-01
2.425375878810882568e-01
2.389348577708005905e-01
2.358818091452121735e-01
2.379154972732067108e-01
2.365328762680292130e-01
2.390802111476659775e-01
2.380782030522823334e-01
2.380923610180616379e-01
2.406435925513505936e-01
2.439469154924154282e-01
2.426822222769260406e-01
2.369565125554800034e-01
2.354104928672313690e-01
2.393398098647594452e-01
2.378005925565958023e-01
2.357414402067661285e-01
2.362465262413024902e-01
2.385865226387977600e-01
2.392487209290266037e-01
2.343718092888593674e-01
2.363228891044855118e-01
2.386652100831270218e-01
2.388793192803859711e-01
2.369893305003643036e-01
2.409480176866054535e-01
2.343592420220375061e-01
2.334961704909801483e-01
2.331269010901451111e-01
2.323038708418607712e-01
2.341580130159854889e-01
2.375069055706262589e-01
2.372003234922885895e-01
2.346778064966201782e-01
2.319748196750879288e-01
2.313978560268878937e-01
2.326606120914220810e-01
2.327666003257036209e-01
2.332791741937398911e-01
2.351563666015863419e-01
2.341019865125417709e-01
2.315863240510225296e-01
2.316540721803903580e-01
2.332680877298116684e-01
2.368308641016483307e-01
2.385870851576328278e-01
2.334387321025133133e-01
2.325492128729820251e-01
2.331873700022697449e-01
2.324563134461641312e-01
2.306501120328903198e-01
2.327134404331445694e-01
2.332512605935335159e-01
2.312278617173433304e-01
2.304079961031675339e-01
2.301957327872514725e-01
2.322231642901897430e-01
2.313667535781860352e-01
2.334548477083444595e-01
2.354921847581863403e-01
2.403759602457284927e-01
2.354895081371068954e-01
2.301645800471305847e-01
2.301412187516689301e-01
2.369090970605611801e-01
2.413147110491991043e-01
2.371474504470825195e-01
2.341471184045076370e-01
2.354903370141983032e-01
2.350802645087242126e-01
2.284685987979173660e-01
2.275831140577793121e-01
2.275341656059026718e-01
2.283925060182809830e-01
2.317823953926563263e-01
2.295855265110731125e-01
2.303553763777017593e-01
2.328401524573564529e-01
2.297040726989507675e-01
2.280986551195383072e-01
2.307500913739204407e-01
2.304893974214792252e-01
2.287212032824754715e-01
2.303548958152532578e-01
2.327041104435920715e-01
2.302133142948150635e-01
2.318893484771251678e-01
2.291507031768560410e-01
2.301303651183843613e-01
2.269083280116319656e-01
2.278569824993610382e-01
2.282153684645891190e-01
2.300490699708461761e-01
2.336332164704799652e-01
2.321077287197113037e-01
2.307629026472568512e-01
2.294595260173082352e-01
2.277148645371198654e-01
2.288162447512149811e-01
2.288099844008684158e-01
2.272906359285116196e-01
2.253396250307559967e-01
2.333054859191179276e-01
2.322590984404087067e-01
2.324954103678464890e-01
2.311067488044500351e-01
2.295038849115371704e-01
2.278753537684679031e-01
2.302010282874107361e-01
2.252235375344753265e-01
2.282401602715253830e-01
2.259636893868446350e-01
2.267179898917675018e-01
2.256472855806350708e-01
2.255013808608055115e-01
2.264938335865736008e-01
2.295504026114940643e-01
2.302828840911388397e-01
2.253100164234638214e-01
2.254783399403095245e-01
2.280114833265542984e-01
2.318469788879156113e-01
2.265069764107465744e-01
2.271628640592098236e-01
2.288617324084043503e-01
2.276288326829671860e-01
2.260604389011859894e-01
2.298846375197172165e-01
2.241520714014768600e-01
2.284895684570074081e-01
2.261814381927251816e-01
2.254660073667764664e-01
2.252927459776401520e-01
2.248064223676919937e-01
2.235219925642013550e-01
2.257949616760015488e-01
2.245550453662872314e-01
2.235941383987665176e-01
2.260755170136690140e-01
2.257248163223266602e-01
2.247075941413640976e-01
2.230567317456007004e-01
2.229148745536804199e-01
2.243887577205896378e-01
2.235276512801647186e-01
2.227114271372556686e-01
2.238145638257265091e-01
2.299837358295917511e-01
2.270871084183454514e-01
2.253589443862438202e-01
2.254989575594663620e-01
2.239193115383386612e-01
2.255008574575185776e-01
2.239429168403148651e-01
2.281554713845252991e-01
2.266564872115850449e-01
2.259983681142330170e-01
2.275854423642158508e-01
2.244445979595184326e-01
2.234740592539310455e-01
2.221157271414995193e-01
2.212295979261398315e-01
2.246702108532190323e-01
2.268722951412200928e-01
2.254223935306072235e-01
2.267177999019622803e-01
2.278009336441755295e-01
2.288376111537218094e-01
2.233481295406818390e-01
2.232459168881177902e-01
2.180996611714363098e-01
2.212354615330696106e-01
2.208437751978635788e-01
2.214676309376955032e-01
2.218499761074781418e-01
2.207626495510339737e-01
2.187009137123823166e-01
2.185879815369844437e-01
2.180977668613195419e-01
2.188702896237373352e-01
2.198092378675937653e-01
2.235432974994182587e-01
2.223631646484136581e-01
2.245869934558868408e-01
2.264811359345912933e-01
2.273868862539529800e-01
2.248262614011764526e-01
2.251523844897747040e-01
2.221465576440095901e-01
2.241485510021448135e-01
2.239313814789056778e-01
2.208148650825023651e-01
2.220842093229293823e-01
2.198770809918642044e-01
2.242476679384708405e-01
2.205058634281158447e-01
2.187533173710107803e-01
2.159681878983974457e-01
2.182215545326471329e-01
2.238256651908159256e-01
2.179996613413095474e-01
2.189328577369451523e-01
2.204386629164218903e-01
2.251573819667100906e-01
2.214456722140312195e-01
2.185385618358850479e-01
2.175772264599800110e-01
2.202220428735017776e-01
2.193709798157215118e-01
2.176292333751916885e-01
2.223535422235727310e-01
2.264829836785793304e-01
2.216882780194282532e-01
2.196291275322437286e-01
2.150112111121416092e-01
2.164340130984783173e-01
2.260893154889345169e-01
2.277514096349477768e-01
2.277423590421676636e-01
2.237392310053110123e-01
2.175494600087404251e-01
2.179723102599382401e-01
2.173812463879585266e-01
2.171816769987344742e-01
2.156369928270578384e-01
2.198847457766532898e-01
2.226022910326719284e-01
2.189563289284706116e-01
2.185919489711523056e-01
2.175318822264671326e-01
2.214174494147300720e-01
2.231552619487047195e-01
2.224622424691915512e-01
2.158314902335405350e-01
2.190262340009212494e-01
2.155484668910503387e-01
2.187365982681512833e-01
2.199750207364559174e-01
2.173123154789209366e-01
2.235376015305519104e-01
2.187364082783460617e-01
2.209646217525005341e-01
2.220535203814506531e-01
2.193002942949533463e-01
2.222737390547990799e-01
2.172872256487607956e-01
2.161169536411762238e-01
2.161099854856729507e-01
2.188855912536382675e-01
2.144872546195983887e-01
2.152179535478353500e-01
2.161334808915853500e-01
2.149152103811502457e-01
2.148175537586212158e-01
2.146336846053600311e-01
2.162885200232267380e-01
2.181017920374870300e-01
2.154804132878780365e-01
2.165551278740167618e-01
2.216591313481330872e-01
2.227203268557786942e-01
2.238249871879816055e-01
2.196271046996116638e-01
2.183954697102308273e-01
2.163009308278560638e-01
2.153355460613965988e-01
2.166154161095619202e-01
2.182976473122835159e-01
2.149148881435394287e-01
2.144032549113035202e-01
2.150504905730485916e-01
2.107881680130958557e-01
2.107771690934896469e-01
2.113215979188680649e-01
2.125542480498552322e-01
2.147802151739597321e-01
2.145499978214502335e-01
2.140603419393301010e-01
2.147758714854717255e-01
2.172461971640586853e-01
2.135391477495431900e-01
2.118073645979166031e-01
2.149133291095495224e-01
2.128432970494031906e-01
2.100185677409172058e-01
2.116713579744100571e-01
2.167372256517410278e-01
2.165637537837028503e-01
2.127666361629962921e-01
2.141388915479183197e-01
2.132163029164075851e-01
2.141584623605012894e-01
2.116989865899085999e-01
2.113906238228082657e-01
2.148791551589965820e-01
2.143830396234989166e-01
2.130395229905843735e-01
2.098230626434087753e-01
2.131683789193630219e-01
2.157806586474180222e-01
2.113604936748743057e-01
2.154352739453315735e-01
2.139662299305200577e-01
2.161398343741893768e-01
2.201113346964120865e-01
2.158114593476057053e-01
2.121766973286867142e-01
2.147248517721891403e-01
2.112908661365509033e-01
2.126364763826131821e-01
2.113105617463588715e-01
2.142475713044404984e-01
2.135132830590009689e-01
2.169898543506860733e-01
2.152530867606401443e-01
2.200096435844898224e-01
2.223332878202199936e-01
2.220725268125534058e-01
2.196297254413366318e-01
2.129028495401144028e-01
2.099980805069208145e-01
2.130375187844038010e-01
2.113783471286296844e-01
2.129932604730129242e-01
2.121131289750337601e-01
2.113937307149171829e-01
2.127846665680408478e-01
2.130429428070783615e-01
2.127378284931182861e-01
2.106459904462099075e-01
2.118285875767469406e-01
2.103277426213026047e-01
2.141789849847555161e-01
2.134465910494327545e-01
2.091949265450239182e-01
2.078300397843122482e-01
2.111042179167270660e-01
2.111244797706604004e-01
2.117526866495609283e-01
2.135388255119323730e-01
2.112165130674839020e-01
2.159702759236097336e-01
2.130264434963464737e-01
2.098861429840326309e-01
2.080005370080471039e-01
2.090238966047763824e-01
2.105772420763969421e-01
2.120123095810413361e-01
2.136333882808685303e-01
2.121459580957889557e-01
2.134010531008243561e-01
2.101080063730478287e-01
2.078534774482250214e-01
2.085307650268077850e-01
2.096224352717399597e-01
2.100075315684080124e-01
2.135495021939277649e-01
2.140021622180938721e-01
2.160638626664876938e-01
2.098742723464965820e-01
2.099219076335430145e-01
2.088004648685455322e-01
2.118913754820823669e-01
2.101031932979822159e-01
2.097562905400991440e-01
2.079739067703485489e-01
2.081685271114110947e-01
2.065873425453901291e-01
2.095803674310445786e-01
2.176519706845283508e-01
2.213139384984970093e-01
2.128447871655225754e-01
2.112887352705001831e-01
2.093017064034938812e-01
2.115283403545618057e-01
2.112541813403367996e-01
2.066910304129123688e-01
2.052006218582391739e-01
2.062251567840576172e-01
2.108632531017065048e-01
2.119491472840309143e-01
2.079336587339639664e-01
2.101666983217000961e-01
2.073234245181083679e-01
2.093852590769529343e-01
2.112091109156608582e-01
2.099761292338371277e-01
2.102868445217609406e-01
2.085581533610820770e-01
2.107623089104890823e-01
2.163204383105039597e-01
2.103414908051490784e-01
2.105119619518518448e-01
2.106700427830219269e-01
2.097901348024606705e-01
2.071591168642044067e-01
2.085487470030784607e-01
2.146326806396245956e-01
2.125362921506166458e-01
2.149358782917261124e-01
2.096950374543666840e-01
2.171148322522640228e-01
2.114133816212415695e-01
2.103086654096841812e-01
2.081343699246644974e-01
2.075672056525945663e-01
2.092381138354539871e-01
2.113908324390649796e-01
2.092783804982900620e-01
2.087135352194309235e-01
2.091597821563482285e-01
2.109840642660856247e-01
2.077111676335334778e-01
2.080552447587251663e-01
2.100975196808576584e-01
2.104155458509922028e-01
2.089665792882442474e-01
2.083308920264244080e-01
2.071609087288379669e-01
2.079286240041255951e-01
2.030985057353973389e-01
2.076289001852273941e-01
2.069585453718900681e-01
2.059153765439987183e-01
2.070799190551042557e-01
2.078242953866720200e-01
2.067284956574440002e-01
2.090771161019802094e-01
2.054437045007944107e-01
2.071322612464427948e-01
2.051915377378463745e-01
2.096115443855524063e-01
2.078093588352203369e-01
2.141134347766637802e-01
2.132739126682281494e-01
2.203331496566534042e-01
2.181821819394826889e-01
2.082027420401573181e-01
2.064023483544588089e-01
2.072040960192680359e-01
