5.894736842105263372e-03
9.276315789473684598e-03
9.921052631578946776e-03
1.039473684210526390e-02
1.178947368421052674e-02
1.303947368421052612e-02
1.439473684210526398e-02
1.576315789473684351e-02
1.648684210526315738e-02
1.760526315789473842e-02
1.807894736842105207e-02
1.859210526315789591e-02
1.903947368421052624e-02
1.967105263157894676e-02
1.994736842105263031e-02
2.093421052631578780e-02
1.988157894736842027e-02
2.085526315789473784e-02
2.160526315789473850e-02
2.046052631578947414e-02
2.181578947368421201e-02
2.169736842105263186e-02
2.088157894736842116e-02
2.199999999999999872e-02
2.239473684210526241e-02
2.172368421052631518e-02
2.178947368421052522e-02
2.268421052631578935e-02
2.330263157894736994e-02
2.276315789473684278e-02
2.273684210526315946e-02
2.244736842105263253e-02
2.417105263157894729e-02
2.486842105263157784e-02
2.511842105263157807e-02
2.481578947368421120e-02
2.372368421052631696e-02
2.509210526315789475e-02
2.618421052631578899e-02
2.655263157894736936e-02
2.486842105263157784e-02
2.757894736842105357e-02
2.756578947368421018e-02
2.803947368421052730e-02
2.672368421052631615e-02
2.784210526315789372e-02
2.850000000000000103e-02
2.614473684210526228e-02
2.873684210526315785e-02
2.769736842105263025e-02
2.756578947368421018e-02
2.948684210526315852e-02
2.868421052631578774e-02
2.957894736842105188e-02
3.013157894736842243e-02
3.071052631578947284e-02
3.135526315789474022e-02
3.080263157894736967e-02
2.977631578947368546e-02
3.189473684210526044e-02
3.044736842105263269e-02
3.057894736842105277e-02
2.992105263157894893e-02
3.140789473684210686e-02
3.231578947368420746e-02
3.225000000000000089e-02
3.251315789473684104e-02
3.182894736842105388e-02
3.247368421052631432e-02
3.294736842105263491e-02
3.327631578947368163e-02
3.198684210526316074e-02
3.319736842105262820e-02
3.276315789473684126e-02
3.222368421052631410e-02
3.250000000000000111e-02
3.380263157894736886e-02
3.528947368421052333e-02
3.469736842105262953e-02
3.409210526315789580e-02
3.394736842105262886e-02
3.685526315789473817e-02
3.552631578947368363e-02
3.602631578947368407e-02
3.527631578947368340e-02
3.551315789473684370e-02
3.702631578947368496e-02
3.706578947368421167e-02
3.726315789473684525e-02
3.798684210526315913e-02
3.631578947368421101e-02
3.578947368421052377e-02
3.747368421052631876e-02
3.876315789473683965e-02
3.634210526315789780e-02
3.857894736842105293e-02
3.735526315789473861e-02
3.728947368421052511e-02
3.785526315789473906e-02
4.015789473684210770e-02
3.873684210526315980e-02
3.905263157894736659e-02
3.896052631578947323e-02
3.814473684210526599e-02
3.831578947368421278e-02
4.155263157894736881e-02
4.114473684210526172e-02
3.881578947368421323e-02
3.803947368421052577e-02
3.824999999999999928e-02
3.998684210526316091e-02
4.013157894736842091e-02
4.148684210526315530e-02
4.128947368421052866e-02
4.136842105263158209e-02
4.143421052631578866e-02
4.253947368421052977e-02
4.256578947368420962e-02
4.035526315789473434e-02
4.122368421052631515e-02
4.122368421052631515e-02
4.176315789473684231e-02
4.198684210526315574e-02
4.184210526315789574e-02
4.182894736842105582e-02
4.231578947368420940e-02
4.323684210526315685e-02
4.353947368421052372e-02
4.426315789473684453e-02
4.272368421052631648e-02
4.261842105263157626e-02
4.399999999999999745e-02
4.317105263157895029e-02
4.284210526315789663e-02
4.452631578947368468e-02
4.474999999999999811e-02
4.359210526315789730e-02
4.227631578947368268e-02
4.261842105263157626e-02
4.368421052631579066e-02
4.394736842105263080e-02
4.592105263157894579e-02
4.543421052631579221e-02
4.523684210526315863e-02
4.463157894736841796e-02
4.630263157894736609e-02
4.464473684210526483e-02
4.464473684210526483e-02
4.693421052631578660e-02
4.736842105263158048e-02
4.860526315789473473e-02
4.628947368421052616e-02
4.727631578947368712e-02
4.769736842105263414e-02
4.718421052631578683e-02
4.468421052631579155e-02
4.592105263157894579e-02
4.702631578947368690e-02
4.857894736842105488e-02
5.023684210526315613e-02
4.868421052631578816e-02
4.731578947368421384e-02
4.636842105263157959e-02
4.885526315789473495e-02
4.826315789473684115e-02
4.882894736842105510e-02
4.947368421052631554e-02
5.103947368421052344e-02
5.163157894736842418e-02
4.975000000000000255e-02
5.101315789473684359e-02
4.919736842105262853e-02
5.140789473684210381e-02
4.985526315789473584e-02
5.196052631578947090e-02
5.174999999999999739e-02
4.948684210526315547e-02
5.000000000000000278e-02
5.221052631578947112e-02
5.292105263157894507e-02
5.327631578947368551e-02
5.027631578947368285e-02
5.277631578947368507e-02
5.385526315789473939e-02
5.536842105263158065e-02
5.438157894736841969e-02
5.414473684210526633e-02
5.664473684210526161e-02
5.543421052631578722e-02
5.367105263157894574e-02
5.742105263157894907e-02
5.805263157894736958e-02
5.531578947368420707e-02
5.282894736842105171e-02
5.455263157894736648e-02
5.680263157894736847e-02
5.767105263157894929e-02
5.706578947368420862e-02
5.342105263157894551e-02
5.842105263157894995e-02
5.689473684210526183e-02
5.980263157894737114e-02
5.996052631578947106e-02
5.911842105263157704e-02
5.959210526315789763e-02
5.938157894736842413e-02
5.989473684210526450e-02
5.926315789473684398e-02
6.152631578947368590e-02
6.026315789473684487e-02
5.628947368421052810e-02
5.747368421052631571e-02
5.819736842105262958e-02
6.115789473684210553e-02
5.850000000000000339e-02
6.023684210526315808e-02
6.176315789473683926e-02
6.286842105263157343e-02
6.142105263157894568e-02
6.369736842105262753e-02
6.269736842105262664e-02
6.615789473684210997e-02
5.884210526315789697e-02
6.144736842105263247e-02
6.421052631578946790e-02
6.303947368421052022e-02
6.526315789473684237e-02
6.561842105263157587e-02
6.280263157894737380e-02
6.480263157894736170e-02
6.219736842105263314e-02
6.625000000000000333e-02
6.763157894736841758e-02
6.767105263157895123e-02
6.565789473684210953e-02
6.339473684210526760e-02
6.527631578947368229e-02
6.428947368421052133e-02
6.514473684210526916e-02
6.934210526315789935e-02
7.013157894736841980e-02
6.959210526315789958e-02
7.057894736842104666e-02
7.124999999999999389e-02
6.880263157894736525e-02
6.715789473684211086e-02
6.964473684210525928e-02
7.309210526315788881e-02
6.897368421052631204e-02
6.897368421052631204e-02
7.146052631578947434e-02
7.118421052631579427e-02
7.381578947368420962e-02
6.801315789473684481e-02
6.939473684210525906e-02
7.217105263157894135e-02
7.336842105263158276e-02
6.943421052631579271e-02
7.022368421052631315e-02
7.202631578947368829e-02
7.634210526315789169e-02
7.367105263157894268e-02
7.260526315789474217e-02
7.302631578947368918e-02
7.472368421052631715e-02
7.498684210526315730e-02
7.186842105263158142e-02
7.355263157894736947e-02
7.465789473684210364e-02
7.561842105263158476e-02
7.182894736842104777e-02
7.771052631578947989e-02
7.785526315789473295e-02
7.411842105263158342e-02
7.505263157894737081e-02
7.197368421052631471e-02
7.318421052631579604e-02
7.796052631578948011e-02
7.992105263157894823e-02
7.927631578947368085e-02
7.913157894736842779e-02
7.678947368421053243e-02
7.531578947368421095e-02
7.821052631578948033e-02
7.739473684210526616e-02
8.159210526315789636e-02
7.994736842105262808e-02
8.115789473684210942e-02
7.953947368421052100e-02
7.848684210526316041e-02
8.334210526315789791e-02
8.278947368421052388e-02
7.859210526315789369e-02
8.047368421052632226e-02
8.417105263157895201e-02
8.432894736842105887e-02
8.051315789473684204e-02
8.130263157894736248e-02
8.686842105263158087e-02
8.584210526315790013e-02
8.384210526315789835e-02
8.519736842105263275e-02
8.244736842105263031e-02
8.375000000000000500e-02
8.332894736842105798e-02
8.468421052631579238e-02
8.378947368421052477e-02
8.426315789473684537e-02
8.726315789473684803e-02
8.585526315789474006e-02
8.156578947368421650e-02
8.498684210526315230e-02
8.773684210526315475e-02
8.403947368421052500e-02
8.656578947368420707e-02
8.605263157894736670e-02
8.213157894736841658e-02
8.285526315789473739e-02
8.927631578947368973e-02
9.202631578947367830e-02
9.248684210526315896e-02
8.998684210526315674e-02
9.086842105263158442e-02
8.530263157894736603e-02
8.984210526315788981e-02
8.553947368421052633e-02
8.605263157894736670e-02
9.063157894736842413e-02
9.410526315789473351e-02
9.213157894736842546e-02
8.840789473684210198e-02
9.222368421052631882e-02
9.051315789473683704e-02
9.235526315789473195e-02
9.044736842105263741e-02
9.484210526315789425e-02
9.451315789473684059e-02
9.386842105263157321e-02
9.310526315789473262e-02
9.485526315789473417e-02
9.302631578947367919e-02
9.122368421052631793e-02
9.206578947368421195e-02
9.660526315789473573e-02
9.353947368421051956e-02
9.244736842105262531e-02
9.011842105263158376e-02
9.268421052631578561e-02
9.580263157894737536e-02
9.542105263157894812e-02
9.922368421052631116e-02
9.573684210526316185e-02
9.273684210526315919e-02
9.011842105263158376e-02
9.476315789473684081e-02
9.619736842105262864e-02
9.952631578947368496e-02
9.534210526315789469e-02
9.689473684210526960e-02
9.061842105263158420e-02
9.742105263157894990e-02
1.004868421052631522e-01
1.014078947368420996e-01
1.029342105263157947e-01
1.008026315789473659e-01
1.053421052631578897e-01
1.019473684210526337e-01
1.043157894736842090e-01
1.032763157894736883e-01
9.580263157894737536e-02
9.623684210526316229e-02
9.644736842105262886e-02
1.000657894736842052e-01
9.728947368421052289e-02
1.043157894736842090e-01
1.058026315789473704e-01
1.038157894736842085e-01
1.013815789473684198e-01
1.059210526315789436e-01
1.040657894736842087e-01
1.074473684210526248e-01
1.069078947368421045e-01
1.033026315789473681e-01
1.039078947368421019e-01
1.002236842105263120e-01
1.043026315789473690e-01
1.010921052631578998e-01
9.980263157894736503e-02
1.010921052631578998e-01
1.049605263157894763e-01
1.016447368421052599e-01
1.050526315789473697e-01
1.066315789473684245e-01
1.096578947368421070e-01
1.106315789473684141e-01
1.119736842105263225e-01
1.077763157894736784e-01
1.075789473684210518e-01
1.102894736842105206e-01
1.103552631578947341e-01
1.124605263157894691e-01
1.130789473684210567e-01
1.112368421052631617e-01
1.123026315789473623e-01
1.096184210526315733e-01
1.104605263157894673e-01
1.076447368421052653e-01
1.106710526315789478e-01
1.123289473684210560e-01
1.107236842105263214e-01
1.085789473684210527e-01
1.091447368421052666e-01
1.101447368421052675e-01
1.096447368421052670e-01
1.120263157894736822e-01
1.105263157894736809e-01
1.075657894736842118e-01
1.144078947368421112e-01
1.102500000000000008e-01
1.126447368421052697e-01
1.155131578947368454e-01
1.156315789473684186e-01
1.159078947368420986e-01
1.168026315789473663e-01
1.108552631578947345e-01
1.117631578947368420e-01
1.143815789473684175e-01
1.187763157894736882e-01
1.158815789473684188e-01
1.184473684210526345e-01
1.136973684210526303e-01
1.121184210526315755e-01
1.152631578947368451e-01
1.145394736842105243e-01
1.148684210526315780e-01
1.095526315789473737e-01
1.085789473684210527e-01
1.103684210526315740e-01
1.165526315789473660e-01
1.178026315789473671e-01
1.209736842105263166e-01
1.203421052631578891e-01
1.217236842105263173e-01
1.219736842105263175e-01
1.212894736842105303e-01
1.223157894736842111e-01
1.221184210526315844e-01
1.183157894736842075e-01
1.199605263157894758e-01
1.213947368421052636e-01
1.170657894736842064e-01
1.184342105263157946e-01
1.169473684210526332e-01
1.178815789473684206e-01
1.203552631578947429e-01
1.178684210526315806e-01
1.237105263157894791e-01
1.200526315789473691e-01
1.198289473684210488e-01
1.208815789473684232e-01
1.224342105263157843e-01
1.248815789473684268e-01
1.284473684210526434e-01
1.296315789473684310e-01
1.267105263157894679e-01
1.243289473684210528e-01
1.213157894736842102e-01
1.238684210526315721e-01
1.230921052631578916e-01
1.240263157894736790e-01
1.223289473684210510e-01
1.291447368421052566e-01
1.288157894736842168e-01
1.298157894736842177e-01
1.297763157894736841e-01
1.313289473684210451e-01
1.241052631578947324e-01
1.236052631578947320e-01
1.212236842105263168e-01
1.281710526315789356e-01
1.313815789473684326e-01
1.284473684210526434e-01
1.245921052631578929e-01
1.331184210526315803e-01
1.323026315789473661e-01
1.320131578947368323e-01
1.283552631578947500e-01
1.271052631578947489e-01
1.317894736842105397e-01
1.294342105263157905e-01
1.327763157894736867e-01
1.276710526315789351e-01
1.260263157894736807e-01
1.220131578947368373e-01
1.253552631578947474e-01
1.256184210526315737e-01
1.309605263157894717e-01
1.305657894736842184e-01
1.306447368421052579e-01
1.288026315789473630e-01
1.314078947368421124e-01
1.326842105263157934e-01
1.280657894736842162e-01
1.318157894736842195e-01
1.345131578947368345e-01
1.351052631578947283e-01
1.341052631578947274e-01
1.382894736842105177e-01
1.337236842105263279e-01
1.390000000000000124e-01
1.360526315789473695e-01
1.386447368421052651e-01
1.326973684210526194e-01
1.325000000000000067e-01
1.355000000000000093e-01
1.359605263157894761e-01
1.279210526315789354e-01
1.347105263157894750e-01
1.369605263157894770e-01
1.402500000000000135e-01
1.351710526315789418e-01
1.344605263157894748e-01
1.321578947368421131e-01
1.364868421052631564e-01
1.420921052631579085e-01
1.413157894736842002e-01
1.304868421052631511e-01
1.301710526315789374e-01
1.414868421052631609e-01
1.393421052631579060e-01
1.347763157894736885e-01
1.401973684210526261e-01
1.427368421052631620e-01
1.410394736842105201e-01
1.381973684210526243e-01
1.407763157894736938e-01
1.475394736842105259e-01
1.466842105263157781e-01
1.428947368421052688e-01
1.406710526315789467e-01
1.361842105263157965e-01
1.382763157894736916e-01
1.335526315789473673e-01
1.374736842105263035e-01
1.375921052631579045e-01
1.381447368421052646e-01
1.400789473684210529e-01
1.434605263157894828e-01
1.424342105263158020e-01
1.471315789473684188e-01
1.422631578947368414e-01
1.452499999999999902e-01
1.463157894736842046e-01
1.423289473684210549e-01
1.414736842105263070e-01
1.433157894736842020e-01
1.422105263157894817e-01
1.423684210526315885e-01
1.513947368421052764e-01
1.477105263157894866e-01
1.520131578947368500e-01
1.475394736842105259e-01
1.426973684210526283e-01
1.458947368421052715e-01
1.443684210526315903e-01
1.485657894736842066e-01
1.450657894736842035e-01
1.479342105263157792e-01
1.419999999999999873e-01
1.455263157894736981e-01
1.464342105263157778e-01
1.467499999999999916e-01
1.467499999999999916e-01
1.518157894736842095e-01
1.479999999999999927e-01
1.462236842105263113e-01
1.448552631578947369e-01
1.468684210526315925e-01
1.538947368421052508e-01
1.540526315789473577e-01
1.493552631578947409e-01
1.492368421052631677e-01
1.481052631578947398e-01
1.426973684210526283e-01
1.368157894736842239e-01
1.430526315789473757e-01
1.489342105263157801e-01
1.560394736842105334e-01
1.537631578947368516e-01
1.508289473684210624e-01
1.508815789473684221e-01
1.445789473684210569e-01
1.470921052631578851e-01
1.425789473684210551e-01
1.463026315789473786e-01
1.498815789473684212e-01
1.543026315789473579e-01
1.543157894736842117e-01
1.503421052631578880e-01
1.474078947368420989e-01
1.533815789473684243e-01
1.613421052631578978e-01
1.572368421052631471e-01
1.560789473684210393e-01
1.550394736842105325e-01
1.564210526315789607e-01
1.521052631578947434e-01
1.590000000000000024e-01
1.594868421052631491e-01
1.609605263157894706e-01
1.608815789473684310e-01
1.529736842105263173e-01
1.483421052631578863e-01
1.548684210526315719e-01
1.522236842105263166e-01
1.490394736842105272e-01
1.465921052631578847e-01
1.554473684210526396e-01
1.615526315789473644e-01
1.579605263157894679e-01
1.621842105263157918e-01
1.558947368421052526e-01
1.533157894736842108e-01
1.553815789473684261e-01
1.566315789473684272e-01
1.584473684210526423e-01
1.641842105263157936e-01
1.626052631578947250e-01
1.612105263157894708e-01
1.612105263157894708e-01
1.633289473684210458e-01
1.626184210526315788e-01
1.499999999999999944e-01
1.508157894736842086e-01
1.544473684210526387e-01
1.549736842105263190e-01
1.564078947368421069e-01
1.556710526315789600e-01
1.607763157894736838e-01
1.602763157894736834e-01
1.629868421052631522e-01
1.605921052631578971e-01
1.540394736842105317e-01
1.642500000000000071e-01
1.611184210526315774e-01
1.616842105263157914e-01
1.632763157894736861e-01
1.654868421052631544e-01
1.679078947368421171e-01
1.653157894736842215e-01
1.651973684210526205e-01
1.531184210526315703e-01
1.600789473684210429e-01
1.586052631578947492e-01
1.611447368421052573e-01
1.652236842105263281e-01
1.631842105263157927e-01
1.623815789473684323e-01
1.627105263157894721e-01
1.653815789473684073e-01
1.671315789473684088e-01
1.693157894736841973e-01
1.563421052631578934e-01
1.615131578947368307e-01
1.617368421052631511e-01
1.647105263157894739e-01
1.626973684210526183e-01
1.540131578947368518e-01
1.616973684210526452e-01
1.692763157894736914e-01
1.709868421052631593e-01
1.654473684210526208e-01
1.660131578947368347e-01
1.746315789473684155e-01
1.728026315789473744e-01
1.707105263157894792e-01
1.691842105263157980e-01
1.699605263157894786e-01
1.644736842105263275e-01
1.702500000000000124e-01
1.646973684210526201e-01
1.734605263157894817e-01
1.711973684210526259e-01
1.736447368421052684e-01
1.734868421052631615e-01
1.637894736842105126e-01
1.710921052631579065e-01
1.703684210526315856e-01
1.680131578947368365e-01
1.703552631578947318e-01
1.699605263157894786e-01
1.655000000000000082e-01
1.662368421052631551e-01
1.684342105263157974e-01
1.748947368421052695e-01
1.758947368421052704e-01
1.782236842105263119e-01
1.749868421052631628e-01
1.798289473684210604e-01
1.727499999999999869e-01
1.728026315789473744e-01
1.628026315789473655e-01
1.621184210526315783e-01
1.687631578947368372e-01
1.697894736842105179e-01
1.670921052631579029e-01
1.730526315789473746e-01
1.789999999999999925e-01
1.802368421052631675e-01
1.785657894736842055e-01
1.726447368421052675e-01
1.754868421052631633e-01
1.715657894736841993e-01
1.728421052631579080e-01
1.734342105263158018e-01
1.748552631578947358e-01
1.816710526315789553e-01
1.741184210526315890e-01
1.680131578947368365e-01
1.606184210526315770e-01
1.621447368421052582e-01
1.664736842105263293e-01
1.705526315789473724e-01
1.711973684210526259e-01
1.766578947368420971e-01
1.850394736842105314e-01
1.823157894736842088e-01
1.791447368421052733e-01
1.782368421052631657e-01
1.824605263157894619e-01
1.845789473684210646e-01
1.837631578947368505e-01
1.812236842105263146e-01
1.769736842105263108e-01
1.834342105263157829e-01
1.777236842105263115e-01
1.767763157894736981e-01
1.762763157894736976e-01
1.741052631578947352e-01
1.832236842105263164e-01
1.829736842105263162e-01
1.772368421052631648e-01
1.815526315789473821e-01
1.828947368421052766e-01
1.777631578947368451e-01
1.683421052631579040e-01
1.844999999999999973e-01
1.814868421052631686e-01
1.837894736842105303e-01
1.849736842105263179e-01
1.839473684210526372e-01
1.790789473684210598e-01
1.838815789473684237e-01
1.892105263157894679e-01
1.839999999999999969e-01
1.797236842105263133e-01
1.801315789473684204e-01
1.793421052631578860e-01
1.864210526315789596e-01
1.861710526315789593e-01
1.843684210526315703e-01
1.823947368421052762e-01
1.875000000000000000e-01
1.852368421052631442e-01
1.835657894736842100e-01
1.756842105263157761e-01
1.849999999999999978e-01
1.783947368421052726e-01
1.778421052631578847e-01
1.848421052631578909e-01
1.922763157894736841e-01
1.837763157894736765e-01
1.834210526315789569e-01
1.858289473684210658e-01
1.905657894736842162e-01
1.911315789473684301e-01
1.918947368421052568e-01
1.880394736842105341e-01
1.881710526315789611e-01
1.857763157894736783e-01
1.834078947368421031e-01
1.821973684210526356e-01
1.838026315789473564e-01
1.900394736842105359e-01
1.818289473684210622e-01
1.809605263157894606e-01
1.847105263157894639e-01
1.847236842105263177e-01
1.912368421052631495e-01
1.918947368421052568e-01
1.909342105263157896e-01
1.961184210526315808e-01
1.927236842105263248e-01
1.916842105263157903e-01
1.958157894736842208e-01
1.861578947368421055e-01
1.930526315789473646e-01
1.899473684210526425e-01
1.910394736842105368e-01
1.939736842105263259e-01
1.963026315789473675e-01
1.842236842105263173e-01
1.855921052631578916e-01
1.889605263157894677e-01
1.865789473684210664e-01
1.974605263157894752e-01
1.911710526315789360e-01
1.903157894736842159e-01
1.917105263157894701e-01
1.918815789473684308e-01
1.912105263157894697e-01
1.853684210526315712e-01
1.953157894736842204e-01
1.926184210526315777e-01
1.818552631578947421e-01
1.876447368421052531e-01
1.895789473684210413e-01
1.853026315789473577e-01
1.838815789473684237e-01
1.840657894736842104e-01
1.842368421052631711e-01
1.900526315789473619e-01
1.881578947368421073e-01
1.854736842105263184e-01
1.937763157894736854e-01
1.915526315789473633e-01
1.958157894736842208e-01
1.907763157894736827e-01
1.933815789473684321e-01
1.912105263157894697e-01
1.875263157894736799e-01
1.965526315789473677e-01
1.970000000000000084e-01
1.941710526315789387e-01
2.064342105263157756e-01
2.067236842105263095e-01
2.038157894736842002e-01
1.968552631578947276e-01
2.036973684210526270e-01
2.013552631578947316e-01
2.018421052631579060e-01
1.956578947368421140e-01
1.879868421052631466e-01
1.944736842105263264e-01
2.020394736842105188e-01
1.941842105263157925e-01
1.951973684210526194e-01
1.883421052631578940e-01
1.861842105263157854e-01
1.846184210526315705e-01
1.887236842105263213e-01
1.995657894736842242e-01
2.005921052631579049e-01
2.014605263157894788e-01
2.010131578947368380e-01
2.001184210526315843e-01
1.977763157894736890e-01
1.953684210526315801e-01
1.993157894736842239e-01
1.931710526315789378e-01
1.973157894736842222e-01
2.027631578947368396e-01
1.986842105263157965e-01
2.003552631578947307e-01
1.979473684210526219e-01
1.900000000000000022e-01
2.047894736842105212e-01
2.049078947368420944e-01
2.004473684210526241e-01
1.987894736842105159e-01
1.955921052631579005e-01
2.035394736842105201e-01
1.991184210526315834e-01
2.017500000000000127e-01
2.034868421052631604e-01
2.007236842105263042e-01
2.057631578947368423e-01
2.023815789473684124e-01
2.008421052631579051e-01
2.026578947368420924e-01
2.057236842105263086e-01
2.062499999999999889e-01
1.934605263157894717e-01
1.972894736842105146e-01
2.026710526315789462e-01
2.098289473684210593e-01
2.069999999999999896e-01
2.060921052631578820e-01
1.993552631578947298e-01
1.990789473684210498e-01
1.995131578947368367e-01
2.026052631578947327e-01
1.992894736842105163e-01
2.037368421052631606e-01
2.045657894736842008e-01
2.064605263157894832e-01
2.067763157894736969e-01
2.094210526315789522e-01
2.055657894736842017e-01
2.047763157894736952e-01
2.058684210526315894e-01
1.983815789473684088e-01
1.982631578947368356e-01
1.902368421052631486e-01
2.030657894736841995e-01
1.988552631578947294e-01
2.076447368421052708e-01
2.055526315789473757e-01
2.118684210526315670e-01
2.044473684210526276e-01
1.986447368421052628e-01
2.077894736842105239e-01
2.117368421052631677e-01
2.103684210526315657e-01
2.151052631578947438e-01
2.093289473684210589e-01
2.119473684210526343e-01
2.094078947368420984e-01
2.060131578947368425e-01
2.064473684210526294e-01
2.134078947368421020e-01
2.116842105263157803e-01
2.078026315789473777e-01
2.085921052631578843e-01
1.986447368421052628e-01
2.034210526315789469e-01
2.041052631578947341e-01
2.092105263157894857e-01
2.120657894736842075e-01
2.144736842105263164e-01
2.098552631578947392e-01
2.065657894736842026e-01
2.099078947368420989e-01
2.071315789473684166e-01
2.151315789473684237e-01
2.090921052631578847e-01
2.056315789473684152e-01
2.096973684210526323e-01
2.105789473684210600e-01
2.047763157894736952e-01
2.137763157894736754e-01
2.116315789473684206e-01
2.075131578947368438e-01
2.073815789473684168e-01
2.114473684210526339e-01
2.021842105263157996e-01
1.976710526315789418e-01
2.055263157894736958e-01
2.167499999999999982e-01
2.161315789473684246e-01
2.161578947368421044e-01
2.146578947368421031e-01
2.136184210526315685e-01
2.149999999999999967e-01
2.170921052631578918e-01
2.193157894736842140e-01
2.188947368421052531e-01
2.081315789473684175e-01
2.055657894736842017e-01
2.055394736842105219e-01
2.127499999999999947e-01
2.234210526315789369e-01
2.111973684210526336e-01
2.181973684210526399e-01
2.112499999999999933e-01
2.193684210526315737e-01
2.194473684210526410e-01
2.223552631578947503e-01
2.180657894736842128e-01
2.138157894736842091e-01
2.215131578947368285e-01
2.176052631578947461e-01
2.245657894736842186e-01
2.241052631578947241e-01
2.248026315789473650e-01
2.224210526315789360e-01
2.172763157894736785e-01
2.178552631578947463e-01
2.220263157894736827e-01
2.173552631578947458e-01
2.136052631578947425e-01
2.128552631578947418e-01
2.126973684210526350e-01
2.175657894736842124e-01
2.152105263157894632e-01
2.266184210526315801e-01
2.222763157894736830e-01
2.222105263157894695e-01
2.183026315789473593e-01
2.206578947368421084e-01
2.233157894736842175e-01
2.219078947368421095e-01
2.162105263157894641e-01
2.181842105263157860e-01
2.198684210526315741e-01
2.193947368421052535e-01
2.258684210526315794e-01
2.229473684210526441e-01
2.126842105263157812e-01
2.179473684210526396e-01
2.171578947368421053e-01
2.223421052631578965e-01
2.189342105263157867e-01
2.095263157894736716e-01
2.201578947368421080e-01
2.206447368421052546e-01
2.241710526315789376e-01
2.190526315789473599e-01
2.191578947368421071e-01
2.193421052631578938e-01
2.208684210526315750e-01
2.223947368421052562e-01
2.202368421052631475e-01
2.141184210526315690e-01
2.197368421052631471e-01
2.237894736842105381e-01
2.242105263157894712e-01
2.234868421052631504e-01
2.285131578947368347e-01
2.228552631578947507e-01
2.306973684210526232e-01
2.211973684210526425e-01
2.268684210526315803e-01
2.100394736842105259e-01
2.106315789473684197e-01
2.091184210526315923e-01
2.086710526315789516e-01
2.135526315789473550e-01
2.245921052631578985e-01
2.244605263157894715e-01
2.277763157894736878e-01
2.295000000000000095e-01
2.279078947368421149e-01
2.235921052631578976e-01
2.259078947368421131e-01
2.211447368421052551e-01
2.273947368421052606e-01
2.267105263157894735e-01
2.157236842105263175e-01
2.211052631578947492e-01
2.187763157894736799e-01
2.242631578947368309e-01
2.225657894736842168e-01
2.295526315789473693e-01
2.140789473684210631e-01
2.173157894736842122e-01
2.186973684210526403e-01
2.211578947368421089e-01
2.087894736842105248e-01
2.129736842105263150e-01
2.220394736842105365e-01
2.335526315789473728e-01
2.328815789473684117e-01
2.272105263157894739e-01
2.253815789473684328e-01
2.274605263157894741e-01
2.340789473684210531e-01
2.311578947368421177e-01
2.303947368421052633e-01
2.303684210526315834e-01
2.286578947368421155e-01
2.295921052631579029e-01
2.305789473684210500e-01
2.297368421052631560e-01
2.315526315789473710e-01
2.361184210526315885e-01
2.350526315789473741e-01
2.362894736842105214e-01
2.351447368421052675e-01
2.338684210526315865e-01
2.357368421052631613e-01
2.328289473684210520e-01
2.297631578947368358e-01
2.252236842105263259e-01
2.183289473684210391e-01
2.294868421052631557e-01
2.300000000000000100e-01
2.260657894736842199e-01
2.225263157894736832e-01
2.327236842105263048e-01
2.312631578947368372e-01
2.398157894736842044e-01
2.318552631578947310e-01
2.374473684210526292e-01
2.360263157894736952e-01
2.302894736842105161e-01
2.295657894736842231e-01
2.231710526315789367e-01
2.241578947368421115e-01
2.254868421052631522e-01
2.267368421052631533e-01
2.269078947368421140e-01
2.285394736842105146e-01
2.325789473684210518e-01
2.319868421052631580e-01
2.386842105263157765e-01
2.369868421052631624e-01
2.367763157894736958e-01
2.321842105263157985e-01
2.303421052631579036e-01
2.242105263157894712e-01
2.286447368421052617e-01
2.356973684210526276e-01
2.381184210526315903e-01
2.371842105263158029e-01
2.431973684210526343e-01
2.449868421052631695e-01
2.395394736842105243e-01
2.357368421052631613e-01
2.414210526315789529e-01
2.397499999999999909e-01
2.310263157894736907e-01
2.245394736842105388e-01
2.308947368421052637e-01
2.411052631578947392e-01
2.350789473684210540e-01
2.238552631578947238e-01
2.263421052631579000e-01
2.401184210526315921e-01
2.357105263157894814e-01
2.351710526315789473e-01
2.341842105263158003e-01
2.427105263157894599e-01
2.341578947368420927e-01
2.362105263157894819e-01
2.295789473684210491e-01
2.319868421052631580e-01
2.374999999999999889e-01
2.333157894736841986e-01
2.325263157894736921e-01
2.334868421052631593e-01
2.334473684210526256e-01
2.407236842105263119e-01
2.396973684210526312e-01
2.339210526315789462e-01
2.386710526315789505e-01
2.451052631578947427e-01
2.445657894736842086e-01
2.487894736842105325e-01
2.431842105263157805e-01
2.479210526315789587e-01
2.384605263157894839e-01
2.404473684210526319e-01
2.316184210526315845e-01
2.330526315789473724e-01
2.381052631578947365e-01
2.324473684210526248e-01
2.420394736842105265e-01
2.367894736842105219e-01
2.266842105263157936e-01
2.429078947368421004e-01
2.443421052631578883e-01
2.448684210526315685e-01
2.400657894736842046e-01
2.421842105263157796e-01
2.422105263157894872e-01
2.305394736842105163e-01
2.431578947368421006e-01
2.431315789473684208e-01
2.443421052631578883e-01
2.476447368421052508e-01
2.524473684210526425e-01
2.473421052631578909e-01
2.393684210526315914e-01
2.361315789473684146e-01
2.402368421052631653e-01
2.489342105263157856e-01
2.419078947368420995e-01
2.489868421052631453e-01
2.481052631578947454e-01
2.324736842105263046e-01
2.301578947368421169e-01
2.396315789473684177e-01
2.411447368421052728e-01
2.341052631578947330e-01
2.537631578947368571e-01
2.475394736842105314e-01
2.392105263157894846e-01
2.425131578947368471e-01
2.434999999999999942e-01
2.459342105263157829e-01
2.522499999999999742e-01
2.465921052631578902e-01
2.512631578947368549e-01
2.466184210526315701e-01
2.458026315789473559e-01
2.483026315789473581e-01
2.526578947368420813e-01
2.421052631578947401e-01
2.442763157894736747e-01
2.431447368421052746e-01
2.476052631578947449e-01
2.484473684210526390e-01
2.497894736842105334e-01
2.469999999999999973e-01
2.386710526315789505e-01
2.512499999999999734e-01
2.496710526315789602e-01
2.485657894736842122e-01
2.502894736842105061e-01
2.498157894736842133e-01
2.485657894736842122e-01
2.526447368421052553e-01
2.445657894736842086e-01
2.405394736842105252e-01
2.321315789473684110e-01
2.297500000000000098e-01
2.245657894736842186e-01
2.460657894736842100e-01
2.499078947368421066e-01
2.449999999999999956e-01
2.523289473684210416e-01
2.469736842105263175e-01
2.480394736842105319e-01
2.477368421052631442e-01
2.551710526315789651e-01
2.560263157894736574e-01
2.595921052631579018e-01
2.474078947368421044e-01
2.513552631578947483e-01
2.418815789473684197e-01
2.483026315789473581e-01
2.480131578947368520e-01
2.518552631578947487e-01
2.479473684210526385e-01
2.527368421052631486e-01
2.579868421052631811e-01
2.528552631578947496e-01
2.512105263157894952e-01
2.437236842105263146e-01
2.507894736842105066e-01
2.544868421052631779e-01
2.504342105263158147e-01
2.528289473684210420e-01
2.442631578947368487e-01
2.499868421052631462e-01
2.525921052631578956e-01
2.486710526315789593e-01
2.495526315789473593e-01
2.430789473684210611e-01
2.527499999999999747e-01
2.466447368421052500e-01
2.419736842105263130e-01
2.484342105263157852e-01
2.509342105263158151e-01
2.515394736842105350e-01
2.377105263157894832e-01
2.423289473684210604e-01
2.437236842105263146e-01
2.439736842105263148e-01
2.570526315789473659e-01
2.493684210526315725e-01
2.601842105263157956e-01
2.630657894736841973e-01
2.576184210526315521e-01
2.530000000000000027e-01
2.561184210526316063e-01
2.641052631578947318e-01
2.544210526315789367e-01
2.556842105263157916e-01
2.584605263157894739e-01
2.550789473684210718e-01
2.450526315789473553e-01
2.500657894736841858e-01
2.511973684210526137e-01
2.613026315789473419e-01
2.649605263157894797e-01
2.646710526315789735e-01
2.564210526315789385e-01
2.558684210526315783e-01
2.408552631578947389e-01
2.543552631578947509e-01
2.616184210526315557e-01
2.536710526315789638e-01
2.563947368421052864e-01
2.534342105263157618e-01
2.569473684210526465e-01
2.634342105263157707e-01
2.639605263157894788e-01
2.599473684210526492e-01
2.488026315789473586e-01
2.541184210526316045e-01
2.436315789473684212e-01
2.507236842105263208e-01
2.522236842105263221e-01
2.551842105263157912e-01
2.573026315789473939e-01
2.570263157894736583e-01
2.663815789473684137e-01
2.564605263157894721e-01
2.472368421052631715e-01
2.564736842105262982e-01
2.624210526315789438e-01
2.569605263157894726e-01
2.625657894736841969e-01
2.568552631578947532e-01
2.588421052631578734e-01
2.535789473684210704e-01
2.627499999999999836e-01
2.604473684210526496e-01
2.641842105263157992e-01
2.572105263157895005e-01
2.675394736842105492e-01
2.613026315789473419e-01
2.633026315789473437e-01
2.671447368421052682e-01
2.720000000000000195e-01
2.653289473684210531e-01
2.581184210526315526e-01
2.498815789473684268e-01
2.556447368421052579e-01
2.561315789473684323e-01
2.534210526315789358e-01
2.605921052631579027e-01
2.601315789473684359e-01
2.685789473684210282e-01
2.614605263157894766e-01
2.588815789473684070e-01
2.704210526315789509e-01
2.591447368421052611e-01
2.593815789473684075e-01
2.581315789473684341e-01
2.671315789473684421e-01
2.590131578947368340e-01
2.664868421052631331e-01
2.639736842105263048e-01
2.470921052631578907e-01
2.520657894736841875e-01
2.650657894736841991e-01
2.643421052631578783e-01
2.661842105263158009e-01
2.640921052631579058e-01
2.528026315789473899e-01
2.547105263157894983e-01
2.646447368421052659e-01
2.701184210526315632e-01
2.730657894736842062e-01
2.671052631578947345e-01
2.674736842105263079e-01
2.592236842105263284e-01
2.603947368421052899e-01
2.621315789473684377e-01
2.532894736842105088e-01
2.623684210526315841e-01
2.637105263157894508e-01
2.671578947368420942e-01
2.708815789473684177e-01
2.707894736842105243e-01
2.637236842105263324e-01
2.657631578947368678e-01
2.604473684210526496e-01
2.597236842105263288e-01
2.656447368421052668e-01
2.632894736842105177e-01
2.596973684210526212e-01
2.642368421052631589e-01
2.684078947368421231e-01
2.754868421052631411e-01
2.739342105263157801e-01
2.671578947368420942e-01
2.620394736842105443e-01
2.609473684210526501e-01
2.616315789473684372e-01
2.681842105263158027e-01
2.687499999999999889e-01
2.711578947368420978e-01
2.719473684210526043e-01
2.691184210526315623e-01
2.695657894736842031e-01
2.754210526315789553e-01
2.766052631578947429e-01
2.629868421052631855e-01
2.656578947368420929e-01
2.665526315789473744e-01
2.704210526315789509e-01
2.736447368421052739e-01
2.629736842105263039e-01
2.678815789473684150e-01
2.633815789473684110e-01
2.768552631578947154e-01
2.751315789473683937e-01
2.633026315789473437e-01
2.598815789473684079e-01
2.633947368421052371e-01
2.660526315789473739e-01
2.703421052631578836e-01
2.791578947368421049e-01
2.679342105263157747e-01
2.675921052631579089e-01
2.699605263157894841e-01
2.647368421052631593e-01
2.702105263157894566e-01
2.752894736842105283e-01
2.692763157894736969e-01
2.708289473684210580e-01
2.657105263157894526e-01
2.640131578947368385e-01
2.657499999999999862e-01
2.723684210526315930e-01
2.747763157894737018e-01
2.781447368421052779e-01
2.696447368421052704e-01
2.675394736842105492e-01
2.696315789473684443e-01
2.760000000000000231e-01
2.699078947368421244e-01
2.706578947368420973e-01
2.766578947368421026e-01
2.639868421052631309e-01
2.672236842105263355e-01
2.716842105263158058e-01
2.739342105263157801e-01
2.721447368421052726e-01
2.805657894736842128e-01
2.768289473684210633e-01
2.685000000000000164e-01
2.539078947368421102e-01
2.662499999999999867e-01
2.798552631578947181e-01
2.777894736842105305e-01
2.689473684210526572e-01
2.675921052631579089e-01
2.774868421052631429e-01
2.757631578947368212e-01
2.790131578947368518e-01
2.741842105263158080e-01
2.692236842105263372e-01
2.669868421052631335e-01
2.634736842105263044e-01
2.697894736842105234e-01
2.727105263157894588e-01
2.733289473684210602e-01
2.681184210526315614e-01
2.593684210526315814e-01
2.588026315789473952e-01
2.696184210526315628e-01
2.722631578947368181e-01
2.745921052631579151e-01
2.861052631578947514e-01
2.861710526315789371e-01
2.778157894736842382e-01
2.684078947368421231e-01
2.650394736842105470e-01
2.700263157894736699e-01
2.763421052631578889e-01
2.753684210526315956e-01
2.785394736842105035e-01
2.702631578947368163e-01
2.604210526315789420e-01
2.737368421052631673e-01
2.727763157894737001e-01
2.752894736842105283e-01
2.554473684210526452e-01
2.696447368421052704e-01
2.787631578947368238e-01
2.798947368421052517e-01
2.771447368421052770e-01
2.668421052631578805e-01
2.749342105263157809e-01
2.694605263157894837e-01
2.696315789473684443e-01
2.707368421052631646e-01
2.842500000000000027e-01
2.782105263157894637e-01
2.706973684210526310e-01
2.643421052631578783e-01
2.715131578947368451e-01
2.683684210526315894e-01
2.770789473684210358e-01
2.762236842105263435e-01
2.806184210526315725e-01
2.666052631578947341e-01
2.775921052631579178e-01
2.755263157894736747e-01
2.795921052631579196e-01
2.795921052631579196e-01
2.729736842105263128e-01
2.754342105263157814e-01
2.755000000000000226e-01
2.791578947368421049e-01
2.808684210526316005e-01
2.810263157894736796e-01
2.720394736842105532e-01
2.825789473684210407e-01
2.867500000000000049e-01
2.780921052631579182e-01
2.777368421052631708e-01
2.790921052631579191e-01
2.781710526315789300e-01
2.816842105263158147e-01
2.860526315789473917e-01
2.835921052631578676e-01
2.806184210526315725e-01
2.825394736842105070e-01
2.833815789473684288e-01
2.805394736842105052e-01
2.731447368421052735e-01
2.755263157894736747e-01
2.640394736842105461e-01
2.696578947368420964e-01
2.836052631578947492e-01
2.844868421052631491e-01
2.847500000000000031e-01
2.851973684210526438e-01
2.807236842105262919e-01
2.784868421052631438e-01
2.879078947368420849e-01
2.865526315789473921e-01
2.878684210526315512e-01
2.947105263157894783e-01
2.899473684210526203e-01
2.871184210526315783e-01
2.734605263157894872e-01
2.770789473684210358e-01
2.749868421052631406e-01
2.804868421052631455e-01
2.793684210526315992e-01
2.781447368421052779e-01
2.765526315789473832e-01
2.816578947368421071e-01
2.779210526315789576e-01
2.862105263157894708e-01
2.861315789473684035e-01
2.802368421052631731e-01
2.835921052631578676e-01
2.796842105263158129e-01
2.822236842105262933e-01
2.869868421052631513e-01
2.891052631578947540e-01
2.783421052631578907e-01
2.800921052631579200e-01
2.832763157894737094e-01
2.810000000000000275e-01
2.780526315789473846e-01
2.889210526315789673e-01
2.936842105263157698e-01
2.852763157894737112e-01
2.894868421052631535e-01
2.864736842105263248e-01
2.768552631578947154e-01
2.673157894736842288e-01
2.665657894736842004e-01
2.818815789473684275e-01
2.967236842105263062e-01
2.906710526315789411e-01
2.911710526315789416e-01
2.860263157894736841e-01
2.841842105263158169e-01
2.887368421052631806e-01
2.937894736842105448e-01
2.898026315789473673e-01
2.949210526315789727e-01
2.910526315789473961e-01
2.937236842105263035e-01
2.912500000000000089e-01
2.863815789473684315e-01
2.824605263157894952e-01
2.821052631578947478e-01
2.801052631578947461e-01
2.908026315789473681e-01
2.981710526315789478e-01
2.840657894736842159e-01
2.821973684210526412e-01
2.835394736842105079e-01
2.836184210526315752e-01
2.836973684210526425e-01
2.867894736842105385e-01
2.937105263157894774e-01
2.908421052631579018e-01
2.906184210526315814e-01
2.916842105263157681e-01
2.897894736842105412e-01
2.896447368421052881e-01
2.857368421052631779e-01
2.861052631578947514e-01
2.822368421052631748e-01
2.795657894736842120e-01
2.798289473684210660e-01
2.838026315789473619e-01
2.754210526315789553e-01
2.876052631578947527e-01
2.981447368421052402e-01
2.870921052631578707e-01
2.965657894736842271e-01
2.990789473684210553e-01
2.887236842105262991e-01
2.937368421052631851e-01
2.901578947368421146e-01
2.979605263157894535e-01
2.935789473684210504e-01
2.969868421052631602e-01
2.902894736842105416e-01
2.969473684210526265e-01
2.905789473684210478e-01
2.835789473684210416e-01
2.958157894736841986e-01
2.887236842105262991e-01
2.960131578947368669e-01
2.980526315789473468e-01
2.790394736842105039e-01
2.818552631578947198e-01
2.884473684210526190e-01
3.015131578947368163e-01
2.954605263157894512e-01
2.904999999999999805e-01
2.904210526315789687e-01
2.879342105263157925e-01
2.890263157894736867e-01
2.848026315789473628e-01
2.858289473684210713e-01
2.836184210526315752e-01
2.873815789473684323e-01
2.930263157894736903e-01
2.915526315789473411e-01
2.853289473684210709e-01
2.752499999999999947e-01
2.829473684210526141e-01
2.888684210526315521e-01
2.798815789473684257e-01
2.847236842105262955e-01
2.915394736842105150e-01
2.897236842105262999e-01
2.981315789473684141e-01
2.915131578947368629e-01
2.874078947368420844e-01
2.872105263157894717e-01
2.920263157894736894e-01
2.907368421052631824e-01
2.953947368421052655e-01
2.925263157894736898e-01
2.915921052631578747e-01
2.985789473684210549e-01
2.943947368421052646e-01
2.855131578947368576e-01
2.755789473684210344e-01
2.775131578947368505e-01
2.837500000000000022e-01
2.900789473684210473e-01
2.912105263157894752e-01
2.900394736842105137e-01
2.939078947368420902e-01
2.970394736842105199e-01
3.033157894736842053e-01
2.913421052631579022e-01
2.908421052631579018e-01
2.927368421052631842e-01
2.937105263157894774e-01
3.005263157894736969e-01
2.949342105263157987e-01
2.993421052631579093e-01
2.917368421052631833e-01
2.978684210526315601e-01
2.979078947368420938e-01
3.007236842105263097e-01
2.989078947368420947e-01
3.015526315789473499e-01
2.978684210526315601e-01
2.970789473684210535e-01
2.962763157894736654e-01
3.039999999999999925e-01
3.046447368421052460e-01
2.955394736842105186e-01
3.001710526315789496e-01
3.005526315789473490e-01
2.909210526315789691e-01
2.990131578947368696e-01
2.937105263157894774e-01
2.976184210526315876e-01
2.930657894736842239e-01
2.937763157894736632e-01
3.000131578947368149e-01
2.868289473684210722e-01
2.851447368421052841e-01
2.863026315789473641e-01
3.058421052631579151e-01
3.091315789473684239e-01
2.999078947368420955e-01
3.068684210526315681e-01
2.971052631578947612e-01
2.958026315789473726e-01
3.036710526315789527e-01
2.921710526315789425e-01
2.983815789473684421e-01
2.966973684210526541e-01
3.044736842105263408e-01
3.012631578947368438e-01
2.998289473684210282e-01
2.956973684210526532e-01
3.040921052631578858e-01
3.039473684210526327e-01
2.948684210526315574e-01
2.812500000000000000e-01
2.906710526315789411e-01
2.915921052631578747e-01
2.921578947368421164e-01
2.950131578947368660e-01
3.078421052631579169e-01
3.027236842105263115e-01
2.975131578947368682e-01
2.926315789473684092e-01
2.948026315789473717e-01
3.061052631578947136e-01
3.072631578947368491e-01
3.131447368421052535e-01
3.081447368421052491e-01
3.104605263157894646e-01
3.123026315789473872e-01
2.989210526315789207e-01
3.008947368421052704e-01
2.954868421052631589e-01
2.984342105263158018e-01
3.025657894736842324e-01
3.045789473684210602e-01
2.951578947368421191e-01
3.005263157894736969e-01
2.974736842105263346e-01
3.064868421052631686e-01
3.080394736842105297e-01
3.072236842105263155e-01
3.105657894736841840e-01
3.006578947368421240e-01
3.029736842105263395e-01
2.988421052631579089e-01
3.023684210526315641e-01
3.010921052631578831e-01
3.122500000000000275e-01
3.079342105263158103e-01
3.019999999999999907e-01
3.113157894736842124e-01
3.003684210526315623e-01
2.937763157894736632e-01
2.935657894736842244e-01
3.086710526315789571e-01
3.086842105263157832e-01
3.101315789473684248e-01
3.005921052631578827e-01
2.965789473684210531e-01
2.937500000000000111e-01
3.001184210526315899e-01
2.935394736842105168e-01
2.958552631578947323e-01
2.915526315789473411e-01
3.009342105263158040e-01
3.144342105263158160e-01
3.133421052631579218e-01
3.093026315789473846e-01
3.141315789473684283e-01
3.083815789473683955e-01
3.132894736842105066e-01
3.083289473684210358e-01
3.026447368421052442e-01
3.021184210526315916e-01
3.134078947368421075e-01
3.126973684210526128e-01
2.973157894736842000e-01
3.035657894736842333e-01
3.057236842105263142e-01
3.006842105263157761e-01
3.094210526315789300e-01
2.981052631578947620e-01
2.960131578947368669e-01
2.974868421052631606e-01
2.990657894736842293e-01
3.013684210526315632e-01
3.064210526315789274e-01
3.094736842105262897e-01
3.084342105263158107e-01
3.081842105263157827e-01
3.054210526315789265e-01
3.004736842105263372e-01
3.027236842105263115e-01
3.083289473684210358e-01
3.060526315789473539e-01
3.077763157894736756e-01
3.152763157894736823e-01
3.111184210526315996e-01
3.137105263157894952e-01
3.008947368421052704e-01
3.080657894736842373e-01
3.133947368421052815e-01
3.138157894736842146e-01
3.105526315789473579e-01
3.104605263157894646e-01
3.134342105263158151e-01
3.150921052631578956e-01
3.140131578947368274e-01
3.143421052631578672e-01
3.049736842105263412e-01
3.007105263157894837e-01
3.105526315789473579e-01
3.146842105263157885e-01
3.096710526315789580e-01
3.014342105263158045e-01
2.866315789473684039e-01
2.936315789473684101e-01
3.040657894736842337e-01
3.072631578947368491e-01
2.952368421052631309e-01
3.026973684210526039e-01
3.163815789473684026e-01
3.121842105263157863e-01
3.059999999999999942e-01
3.146710526315789624e-01
3.146842105263157885e-01
3.139473684210526416e-01
3.174605263157894708e-01
3.142894736842105075e-01
3.137763157894736810e-01
3.100921052631578911e-01
3.175789473684210718e-01
3.127763157894736801e-01
3.134342105263158151e-01
3.155263157894737103e-01
3.084473684210526367e-01
3.234736842105263022e-01
3.135789473684210682e-01
3.063947368421052753e-01
3.116973684210526119e-01
3.142105263157894957e-01
3.163289473684210429e-01
3.063552631578947416e-01
3.110394736842105323e-01
3.171842105263157907e-01
3.188947368421052864e-01
3.184210526315789380e-01
3.179342105263157636e-01
3.114078947368421058e-01
3.128026315789473877e-01
3.168947368421052846e-01
3.066315789473684217e-01
3.122894736842105057e-01
3.141973684210526141e-01
3.177499999999999769e-01
3.179736842105262973e-01
3.134210526315789336e-01
3.149210526315789349e-01
3.082894736842105021e-01
3.097368421052631438e-01
3.081315789473684230e-01
3.152236842105263226e-01
3.054999999999999938e-01
3.093684210526315703e-01
3.106710526315789589e-01
2.858421052631578974e-01
2.969605263157894526e-01
2.998815789473684434e-01
3.086184210526315974e-01
3.035921052631578854e-01
3.208289473684210469e-01
3.182368421052631513e-01
3.132894736842105066e-01
3.120131578947368256e-01
3.138815789473684004e-01
3.226710526315789695e-01
3.236710526315789704e-01
3.206710526315789678e-01
3.188684210526315788e-01
3.149473684210526425e-01
3.129473684210526407e-01
3.130131578947368265e-01
3.023684210526315641e-01
3.169473684210526443e-01
3.072894736842105012e-01
3.167499999999999760e-01
3.129342105263158147e-01
3.135526315789473606e-01
3.232894736842105154e-01
3.177236842105263248e-01
3.224078947368421155e-01
3.203684210526315801e-01
3.133552631578947478e-01
3.126052631578947194e-01
3.183815789473684044e-01
3.136052631578947203e-01
3.153421052631578680e-01
3.059999999999999942e-01
3.065921052631578880e-01
3.048421052631579142e-01
3.175000000000000044e-01
3.219210526315789411e-01
3.242763157894736903e-01
3.150921052631578956e-01
3.120921052631578929e-01
3.114736842105262915e-01
3.203947368421052877e-01
3.213421052631578734e-01
3.188947368421052864e-01
3.199473684210526470e-01
3.211973684210526203e-01
3.122500000000000275e-01
3.133947368421052815e-01
3.107763157894736783e-01
3.167631578947368576e-01
3.266842105263157992e-01
3.195789473684210735e-01
3.294342105263157738e-01
3.174868421052631784e-01
3.229868421052631833e-01
3.095394736842105310e-01
2.948421052631579053e-01
2.981052631578947620e-01
2.932236842105263031e-01
2.982500000000000151e-01
3.129210526315789331e-01
3.191842105263157925e-01
3.213815789473684070e-01
3.208157894736842208e-01
3.149868421052631762e-01
3.205000000000000071e-01
3.141447368421052544e-01
3.162236842105263235e-01
3.161315789473684301e-01
3.168552631578947509e-01
3.192631578947368598e-01
3.209473684210526478e-01
3.290921052631579080e-01
3.257631578947368656e-01
3.221447368421052615e-01
3.301315789473684426e-01
3.216842105263157947e-01
3.215394736842105416e-01
3.185526315789473650e-01
3.173289473684210438e-01
3.120263157894737072e-01
3.059473684210526345e-01
3.118552631578947465e-01
3.218289473684210478e-01
3.164078947368421102e-01
3.207763157894736872e-01
3.286578947368420933e-01
3.176447368421052575e-01
3.124736842105262924e-01
3.199868421052631806e-01
3.233815789473684088e-01
3.177894736842105106e-01
3.204210526315789398e-01
3.189078947368421124e-01
3.100657894736841835e-01
3.136710526315789616e-01
3.145789473684210691e-01
3.268289473684210522e-01
3.288947368421052397e-01
3.256710526315789722e-01
3.313157894736842302e-01
3.297499999999999876e-01
3.159736842105262955e-01
3.172763157894736841e-01
3.144210526315789345e-01
3.263552631578947594e-01
3.201315789473684337e-01
3.116842105263157858e-01
3.166315789473684306e-01
3.179605263157894712e-01
3.305263157894736681e-01
3.199868421052631806e-01
3.316447368421052699e-01
3.268026315789473446e-01
3.181842105263157916e-01
3.286052631578947336e-01
3.331710526315789234e-01
3.165000000000000036e-01
3.348421052631578854e-01
3.323421052631578831e-01
3.294342105263157738e-01
3.274473684210526536e-01
3.261447368421052651e-01
3.211578947368420867e-01
3.175263157894736565e-01
3.309210526315789491e-01
3.248684210526315841e-01
3.187368421052631517e-01
3.233947368421052904e-01
3.268552631578947598e-01
3.191578947368420849e-01
3.306052631578947354e-01
3.238157894736842235e-01
3.252499999999999836e-01
3.283421052631578796e-01
3.112500000000000266e-01
3.202763157894736867e-01
3.275263157894736654e-01
3.246973684210526234e-01
3.158815789473684021e-01
3.224078947368421155e-01
3.283815789473684132e-01
3.231842105263157960e-01
3.215394736842105416e-01
3.303157894736842293e-01
3.323026315789473495e-01
3.216315789473684350e-01
3.226052631578947283e-01
3.279473684210526541e-01
3.283684210526315872e-01
3.248947368421052362e-01
3.287499999999999867e-01
3.227499999999999813e-01
3.305789473684210278e-01
3.391578947368421026e-01
3.325789473684210296e-01
3.300263157894736676e-01
3.314078947368421235e-01
