5.263157894736841987e-03
5.789473684210526619e-03
5.263157894736841987e-03
5.526315789473683869e-03
1.000000000000000021e-02
2.000000000000000042e-02
4.210526315789473589e-02
5.552631578947368751e-02
6.473684210526316207e-02
6.973684210526315264e-02
7.684210526315789214e-02
8.052631578947368196e-02
8.368421052631579149e-02
8.868421052631579593e-02
9.552631578947368141e-02
9.684210526315789602e-02
1.115789473684210553e-01
1.150000000000000050e-01
1.271052631578947489e-01
1.350000000000000089e-01
1.597368421052631493e-01
1.607894736842105377e-01
1.728947368421052677e-01
1.894736842105263219e-01
1.913157894736842168e-01
1.992105263157894768e-01
2.213157894736842157e-01
2.326315789473684115e-01
2.365789473684210553e-01
2.528947368421052833e-01
2.623684210526315841e-01
2.871052631578947523e-01
2.926315789473684092e-01
3.076315789473684226e-01
3.057894736842104999e-01
3.226315789473684359e-01
3.342105263157894579e-01
3.418421052631578916e-01
3.607894736842105488e-01
3.681578947368421284e-01
3.755263157894737081e-01
3.834210526315789402e-01
3.918421052631578805e-01
4.002631578947368207e-01
4.089473684210526150e-01
4.242105263157894823e-01
4.494736842105263031e-01
4.207894736842105465e-01
4.539473684210526550e-01
4.681578947368421062e-01
4.613157894736842346e-01
4.749999999999999778e-01
4.839473684210526261e-01
4.749999999999999778e-01
5.021052631578947212e-01
4.607894736842105265e-01
5.105263157894737169e-01
4.955263157894737036e-01
5.236842105263157521e-01
5.168421052631578805e-01
5.373684210526316063e-01
5.350000000000000311e-01
5.442105263157894779e-01
5.407894736842104866e-01
5.284210526315789025e-01
5.342105263157894690e-01
5.578947368421052211e-01
5.642105263157894957e-01
5.842105263157895134e-01
5.892105263157895179e-01
5.873684210526315397e-01
5.844736842105263674e-01
5.715789473684210753e-01
5.905263157894736770e-01
6.023684210526315530e-01
5.999999999999999778e-01
6.105263157894736947e-01
6.089473684210526816e-01
6.157894736842105532e-01
6.223684210526315708e-01
6.186842105263158365e-01
6.221052631578947167e-01
6.221052631578947167e-01
6.342105263157894468e-01
6.371052631578947301e-01
6.315789473684210176e-01
6.476315789473684470e-01
6.521052631578947434e-01
6.423684210526315885e-01
6.189473684210525795e-01
6.494736842105263142e-01
6.621052631578947523e-01
6.557894736842104777e-01
6.486842105263157521e-01
6.655263157894736326e-01
6.644736842105263275e-01
6.668421052631579027e-01
6.697368421052631859e-01
6.807894736842104999e-01
6.765789473684210575e-01
6.613157894736841902e-01
6.752631578947367874e-01
6.892105263157894957e-01
6.689473684210526239e-01
6.734210526315789203e-01
6.821052631578947700e-01
6.705263157894736370e-01
6.897368421052632037e-01
6.831578947368420751e-01
6.934210526315789380e-01
6.976315789473683804e-01
6.702631578947368940e-01
6.976315789473683804e-01
7.076315789473683893e-01
6.989473684210526505e-01
7.110526315789473806e-01
7.010526315789473717e-01
7.065789473684210842e-01
6.810526315789473539e-01
7.094736842105263674e-01
6.965789473684210753e-01
6.921052631578947789e-01
7.199999999999999734e-01
7.121052631578946857e-01
7.092105263157895134e-01
7.202631578947368274e-01
7.284210526315789691e-01
7.218421052631578405e-01
7.126315789473683937e-01
7.115789473684210886e-01
7.242105263157895267e-01
7.331578947368421195e-01
7.273684210526315530e-01
7.392105263157894290e-01
7.263157894736842479e-01
7.268421052631578450e-01
7.247368421052631238e-01
7.373684210526315619e-01
7.360526315789474028e-01
7.339473684210526816e-01
7.334210526315789735e-01
7.402631578947368451e-01
7.368421052631578538e-01
7.371052631578947079e-01
7.476315789473684248e-01
7.378947368421052699e-01
7.460526315789474117e-01
7.228947368421052566e-01
7.507894736842105621e-01
7.444736842105262875e-01
7.468421052631578627e-01
7.518421052631578672e-01
7.431578947368421284e-01
7.242105263157895267e-01
7.273684210526315530e-01
7.484210526315789869e-01
7.397368421052631371e-01
7.607894736842105710e-01
7.326315789473684115e-01
7.634210526315790002e-01
7.607894736842105710e-01
7.565789473684210176e-01
7.573684210526315796e-01
7.526315789473684292e-01
7.373684210526315619e-01
7.542105263157894424e-01
7.486842105263158409e-01
7.647368421052631593e-01
7.684210526315788936e-01
7.460526315789474117e-01
7.636842105263157432e-01
7.652631578947368673e-01
7.586842105263157388e-01
7.560526315789474205e-01
7.742105263157894601e-01
7.426315789473684204e-01
7.710526315789473228e-01
7.576315789473684337e-01
7.592105263157894468e-01
7.678947368421052966e-01
7.544736842105262964e-01
7.702631578947368718e-01
7.726315789473684470e-01
7.728947368421053010e-01
7.592105263157894468e-01
7.600000000000000089e-01
7.678947368421052966e-01
7.736842105263157521e-01
7.744736842105263142e-01
7.486842105263158409e-01
7.602631578947368629e-01
7.578947368421052877e-01
7.507894736842105621e-01
7.700000000000000178e-01
7.726315789473684470e-01
7.828947368421053099e-01
7.771052631578947434e-01
7.600000000000000089e-01
7.707894736842105798e-01
7.847368421052631771e-01
7.618421052631578760e-01
7.778947368421053055e-01
7.789473684210526105e-01
7.631578947368421462e-01
7.771052631578947434e-01
7.802631578947368807e-01
7.831578947368420529e-01
7.744736842105263142e-01
7.647368421052631593e-01
7.736842105263157521e-01
7.700000000000000178e-01
7.786842105263157565e-01
7.692105263157894557e-01
7.744736842105263142e-01
7.676315789473684426e-01
7.734210526315788981e-01
7.586842105263157388e-01
7.742105263157894601e-01
7.852631578947368851e-01
7.836842105263157610e-01
7.789473684210526105e-01
7.584210526315789958e-01
7.847368421052631771e-01
7.826315789473684559e-01
7.844736842105263230e-01
7.860526315789473362e-01
7.760526315789473273e-01
7.763157894736841813e-01
7.836842105263157610e-01
7.850000000000000311e-01
7.873684210526316063e-01
7.800000000000000266e-01
7.884210526315789114e-01
7.789473684210526105e-01
7.886842105263157654e-01
7.813157894736841858e-01
7.865789473684210442e-01
7.900000000000000355e-01
7.842105263157894690e-01
7.886842105263157654e-01
7.810526315789473317e-01
7.815789473684210398e-01
7.876315789473684603e-01
7.805263157894737347e-01
7.884210526315789114e-01
7.828947368421053099e-01
7.739473684210526061e-01
7.934210526315789158e-01
7.884210526315789114e-01
7.881578947368420573e-01
7.842105263157894690e-01
7.836842105263157610e-01
7.639473684210525972e-01
7.847368421052631771e-01
7.810526315789473317e-01
7.868421052631578982e-01
7.702631578947368718e-01
7.631578947368421462e-01
7.884210526315789114e-01
7.971052631578947612e-01
7.831578947368420529e-01
7.926315789473684648e-01
7.905263157894736326e-01
7.923684210526316107e-01
7.836842105263157610e-01
7.984210526315789203e-01
7.889473684210526194e-01
7.894736842105263275e-01
7.910526315789473406e-01
7.931578947368420618e-01
7.928947368421052078e-01
7.921052631578947567e-01
7.871052631578947523e-01
7.894736842105263275e-01
7.892105263157894735e-01
7.876315789473684603e-01
7.931578947368420618e-01
7.897368421052631815e-01
7.928947368421052078e-01
7.857894736842104821e-01
7.907894736842104866e-01
7.892105263157894735e-01
7.900000000000000355e-01
7.963157894736841991e-01
7.821052631578947478e-01
7.747368421052631682e-01
7.789473684210526105e-01
7.794736842105263186e-01
7.876315789473684603e-01
7.913157894736841946e-01
7.878947368421053143e-01
7.957894736842104910e-01
7.910526315789473406e-01
7.936842105263157698e-01
8.013157894736842035e-01
7.955263157894736370e-01
7.913157894736841946e-01
7.826315789473684559e-01
7.902631578947368896e-01
7.721052631578947389e-01
7.910526315789473406e-01
7.984210526315789203e-01
7.952631578947368940e-01
8.000000000000000444e-01
7.986842105263157743e-01
7.902631578947368896e-01
7.894736842105263275e-01
7.878947368421053143e-01
7.873684210526316063e-01
7.881578947368420573e-01
7.886842105263157654e-01
7.894736842105263275e-01
7.926315789473684648e-01
7.871052631578947523e-01
7.905263157894736326e-01
7.892105263157894735e-01
7.815789473684210398e-01
7.939473684210526239e-01
7.934210526315789158e-01
7.934210526315789158e-01
7.992105263157894823e-01
7.752631578947368762e-01
7.813157894736841858e-01
7.900000000000000355e-01
7.973684210526316152e-01
7.939473684210526239e-01
7.942105263157894779e-01
7.960526315789473450e-01
7.992105263157894823e-01
7.942105263157894779e-01
7.942105263157894779e-01
7.952631578947368940e-01
7.944736842105263319e-01
7.936842105263157698e-01
7.913157894736841946e-01
7.978947368421052122e-01
7.905263157894736326e-01
7.892105263157894735e-01
7.818421052631578938e-01
7.894736842105263275e-01
7.892105263157894735e-01
7.936842105263157698e-01
7.894736842105263275e-01
7.902631578947368896e-01
7.952631578947368940e-01
7.921052631578947567e-01
7.897368421052631815e-01
7.965789473684210531e-01
7.978947368421052122e-01
7.963157894736841991e-01
7.918421052631579027e-01
7.976315789473684692e-01
7.926315789473684648e-01
7.884210526315789114e-01
7.831578947368420529e-01
7.863157894736841902e-01
7.936842105263157698e-01
7.934210526315789158e-01
7.989473684210526283e-01
7.826315789473684559e-01
7.892105263157894735e-01
7.842105263157894690e-01
7.897368421052631815e-01
7.934210526315789158e-01
7.910526315789473406e-01
7.889473684210526194e-01
7.973684210526316152e-01
7.960526315789473450e-01
7.934210526315789158e-01
7.897368421052631815e-01
7.955263157894736370e-01
7.952631578947368940e-01
7.907894736842104866e-01
7.963157894736841991e-01
7.918421052631579027e-01
7.913157894736841946e-01
7.923684210526316107e-01
7.950000000000000400e-01
7.921052631578947567e-01
7.957894736842104910e-01
7.915789473684210487e-01
7.910526315789473406e-01
7.960526315789473450e-01
7.942105263157894779e-01
7.926315789473684648e-01
7.900000000000000355e-01
7.994736842105263364e-01
7.947368421052631859e-01
7.997368421052631904e-01
7.931578947368420618e-01
7.950000000000000400e-01
7.918421052631579027e-01
7.955263157894736370e-01
7.942105263157894779e-01
7.950000000000000400e-01
7.897368421052631815e-01
7.936842105263157698e-01
7.826315789473684559e-01
7.926315789473684648e-01
7.902631578947368896e-01
7.863157894736841902e-01
7.926315789473684648e-01
7.907894736842104866e-01
7.878947368421053143e-01
7.928947368421052078e-01
7.950000000000000400e-01
7.939473684210526239e-01
8.007894736842104955e-01
7.934210526315789158e-01
7.973684210526316152e-01
7.855263157894737391e-01
7.876315789473684603e-01
7.894736842105263275e-01
7.947368421052631859e-01
7.878947368421053143e-01
7.971052631578947612e-01
7.918421052631579027e-01
7.931578947368420618e-01
7.950000000000000400e-01
7.915789473684210487e-01
7.960526315789473450e-01
7.934210526315789158e-01
8.002631578947367874e-01
7.902631578947368896e-01
7.897368421052631815e-01
7.955263157894736370e-01
7.939473684210526239e-01
7.960526315789473450e-01
7.928947368421052078e-01
7.797368421052631726e-01
7.960526315789473450e-01
7.971052631578947612e-01
7.960526315789473450e-01
7.921052631578947567e-01
7.918421052631579027e-01
7.900000000000000355e-01
7.902631578947368896e-01
7.939473684210526239e-01
7.957894736842104910e-01
7.986842105263157743e-01
7.955263157894736370e-01
7.915789473684210487e-01
7.965789473684210531e-01
8.002631578947367874e-01
7.939473684210526239e-01
7.963157894736841991e-01
7.934210526315789158e-01
7.957894736842104910e-01
7.931578947368420618e-01
7.955263157894736370e-01
7.942105263157894779e-01
7.931578947368420618e-01
7.818421052631578938e-01
7.878947368421053143e-01
7.960526315789473450e-01
7.913157894736841946e-01
8.013157894736842035e-01
7.981578947368420662e-01
7.939473684210526239e-01
7.942105263157894779e-01
7.902631578947368896e-01
7.923684210526316107e-01
7.952631578947368940e-01
7.942105263157894779e-01
8.000000000000000444e-01
7.955263157894736370e-01
7.960526315789473450e-01
7.971052631578947612e-01
7.907894736842104866e-01
7.942105263157894779e-01
7.939473684210526239e-01
7.913157894736841946e-01
7.950000000000000400e-01
7.905263157894736326e-01
7.921052631578947567e-01
7.947368421052631859e-01
7.928947368421052078e-01
7.913157894736841946e-01
7.939473684210526239e-01
7.934210526315789158e-01
7.910526315789473406e-01
7.818421052631578938e-01
7.915789473684210487e-01
7.934210526315789158e-01
7.928947368421052078e-01
7.965789473684210531e-01
7.942105263157894779e-01
7.950000000000000400e-01
7.968421052631579071e-01
7.913157894736841946e-01
7.900000000000000355e-01
8.007894736842104955e-01
7.973684210526316152e-01
7.918421052631579027e-01
7.892105263157894735e-01
7.963157894736841991e-01
7.960526315789473450e-01
7.992105263157894823e-01
7.997368421052631904e-01
7.889473684210526194e-01
7.936842105263157698e-01
7.942105263157894779e-01
7.915789473684210487e-01
7.915789473684210487e-01
7.960526315789473450e-01
7.915789473684210487e-01
7.960526315789473450e-01
7.965789473684210531e-01
7.918421052631579027e-01
7.942105263157894779e-01
7.931578947368420618e-01
7.984210526315789203e-01
7.892105263157894735e-01
7.928947368421052078e-01
7.905263157894736326e-01
7.963157894736841991e-01
7.934210526315789158e-01
7.960526315789473450e-01
7.992105263157894823e-01
7.989473684210526283e-01
8.005263157894736414e-01
7.910526315789473406e-01
7.781578947368421595e-01
7.784210526315789025e-01
7.939473684210526239e-01
7.852631578947368851e-01
7.952631578947368940e-01
7.902631578947368896e-01
7.947368421052631859e-01
7.986842105263157743e-01
7.936842105263157698e-01
7.926315789473684648e-01
7.981578947368420662e-01
7.968421052631579071e-01
7.902631578947368896e-01
7.952631578947368940e-01
7.989473684210526283e-01
7.978947368421052122e-01
7.957894736842104910e-01
7.939473684210526239e-01
7.944736842105263319e-01
7.915789473684210487e-01
7.955263157894736370e-01
7.976315789473684692e-01
7.842105263157894690e-01
7.978947368421052122e-01
7.947368421052631859e-01
7.910526315789473406e-01
7.886842105263157654e-01
8.000000000000000444e-01
7.960526315789473450e-01
7.973684210526316152e-01
7.971052631578947612e-01
7.978947368421052122e-01
7.986842105263157743e-01
7.918421052631579027e-01
7.957894736842104910e-01
7.981578947368420662e-01
7.971052631578947612e-01
7.984210526315789203e-01
7.981578947368420662e-01
7.963157894736841991e-01
7.965789473684210531e-01
7.997368421052631904e-01
7.968421052631579071e-01
7.942105263157894779e-01
7.897368421052631815e-01
7.931578947368420618e-01
7.897368421052631815e-01
7.910526315789473406e-01
8.002631578947367874e-01
7.950000000000000400e-01
7.871052631578947523e-01
7.957894736842104910e-01
7.955263157894736370e-01
7.910526315789473406e-01
7.984210526315789203e-01
7.892105263157894735e-01
7.963157894736841991e-01
8.000000000000000444e-01
7.976315789473684692e-01
7.863157894736841902e-01
7.942105263157894779e-01
8.013157894736842035e-01
7.939473684210526239e-01
7.992105263157894823e-01
7.950000000000000400e-01
7.968421052631579071e-01
7.968421052631579071e-01
8.013157894736842035e-01
7.989473684210526283e-01
7.955263157894736370e-01
7.984210526315789203e-01
7.973684210526316152e-01
7.986842105263157743e-01
8.010526315789473495e-01
7.934210526315789158e-01
8.005263157894736414e-01
7.957894736842104910e-01
7.997368421052631904e-01
7.952631578947368940e-01
7.965789473684210531e-01
7.989473684210526283e-01
7.931578947368420618e-01
7.913157894736841946e-01
7.910526315789473406e-01
7.957894736842104910e-01
7.976315789473684692e-01
7.960526315789473450e-01
8.000000000000000444e-01
7.939473684210526239e-01
7.952631578947368940e-01
7.939473684210526239e-01
7.915789473684210487e-01
7.992105263157894823e-01
7.994736842105263364e-01
7.957894736842104910e-01
7.973684210526316152e-01
7.992105263157894823e-01
7.884210526315789114e-01
7.947368421052631859e-01
7.997368421052631904e-01
7.960526315789473450e-01
7.931578947368420618e-01
7.942105263157894779e-01
7.994736842105263364e-01
8.018421052631579116e-01
8.015789473684210575e-01
7.984210526315789203e-01
7.986842105263157743e-01
7.944736842105263319e-01
7.952631578947368940e-01
7.876315789473684603e-01
7.934210526315789158e-01
7.952631578947368940e-01
7.894736842105263275e-01
7.984210526315789203e-01
7.965789473684210531e-01
7.928947368421052078e-01
7.963157894736841991e-01
8.023684210526316196e-01
7.986842105263157743e-01
7.923684210526316107e-01
7.944736842105263319e-01
7.923684210526316107e-01
7.957894736842104910e-01
7.981578947368420662e-01
7.968421052631579071e-01
7.913157894736841946e-01
8.000000000000000444e-01
7.978947368421052122e-01
7.976315789473684692e-01
7.963157894736841991e-01
7.978947368421052122e-01
8.026315789473684736e-01
7.955263157894736370e-01
8.021052631578947656e-01
8.010526315789473495e-01
7.957894736842104910e-01
7.955263157894736370e-01
8.015789473684210575e-01
7.981578947368420662e-01
7.978947368421052122e-01
8.007894736842104955e-01
7.989473684210526283e-01
7.952631578947368940e-01
7.973684210526316152e-01
7.942105263157894779e-01
7.886842105263157654e-01
7.944736842105263319e-01
7.965789473684210531e-01
7.986842105263157743e-01
7.978947368421052122e-01
7.997368421052631904e-01
7.944736842105263319e-01
7.902631578947368896e-01
7.952631578947368940e-01
7.918421052631579027e-01
7.994736842105263364e-01
7.915789473684210487e-01
7.936842105263157698e-01
7.994736842105263364e-01
8.034210526315789247e-01
8.013157894736842035e-01
7.950000000000000400e-01
7.986842105263157743e-01
7.963157894736841991e-01
7.950000000000000400e-01
7.971052631578947612e-01
7.965789473684210531e-01
7.907894736842104866e-01
7.936842105263157698e-01
7.971052631578947612e-01
7.984210526315789203e-01
8.021052631578947656e-01
7.928947368421052078e-01
7.968421052631579071e-01
7.957894736842104910e-01
7.942105263157894779e-01
7.976315789473684692e-01
7.965789473684210531e-01
7.934210526315789158e-01
7.944736842105263319e-01
7.973684210526316152e-01
8.042105263157894868e-01
7.978947368421052122e-01
7.981578947368420662e-01
7.905263157894736326e-01
7.944736842105263319e-01
7.968421052631579071e-01
7.986842105263157743e-01
7.986842105263157743e-01
8.005263157894736414e-01
7.936842105263157698e-01
7.986842105263157743e-01
7.960526315789473450e-01
7.973684210526316152e-01
8.007894736842104955e-01
8.002631578947367874e-01
7.965789473684210531e-01
7.981578947368420662e-01
7.950000000000000400e-01
7.976315789473684692e-01
7.952631578947368940e-01
7.971052631578947612e-01
7.923684210526316107e-01
8.007894736842104955e-01
7.965789473684210531e-01
7.955263157894736370e-01
8.000000000000000444e-01
7.994736842105263364e-01
7.957894736842104910e-01
7.976315789473684692e-01
7.994736842105263364e-01
8.005263157894736414e-01
8.007894736842104955e-01
8.000000000000000444e-01
7.965789473684210531e-01
7.989473684210526283e-01
8.018421052631579116e-01
7.984210526315789203e-01
8.021052631578947656e-01
7.963157894736841991e-01
7.965789473684210531e-01
7.963157894736841991e-01
7.952631578947368940e-01
7.915789473684210487e-01
7.989473684210526283e-01
8.007894736842104955e-01
7.923684210526316107e-01
7.997368421052631904e-01
7.971052631578947612e-01
8.000000000000000444e-01
7.971052631578947612e-01
7.997368421052631904e-01
7.989473684210526283e-01
8.028947368421052166e-01
7.947368421052631859e-01
8.018421052631579116e-01
8.026315789473684736e-01
7.939473684210526239e-01
7.855263157894737391e-01
7.968421052631579071e-01
8.023684210526316196e-01
7.960526315789473450e-01
7.976315789473684692e-01
7.978947368421052122e-01
7.936842105263157698e-01
7.952631578947368940e-01
8.007894736842104955e-01
8.023684210526316196e-01
8.007894736842104955e-01
8.015789473684210575e-01
8.013157894736842035e-01
7.986842105263157743e-01
7.994736842105263364e-01
7.942105263157894779e-01
7.997368421052631904e-01
7.957894736842104910e-01
7.873684210526316063e-01
7.950000000000000400e-01
7.976315789473684692e-01
7.994736842105263364e-01
8.034210526315789247e-01
8.023684210526316196e-01
7.981578947368420662e-01
7.992105263157894823e-01
7.957894736842104910e-01
7.971052631578947612e-01
8.021052631578947656e-01
8.010526315789473495e-01
8.026315789473684736e-01
7.986842105263157743e-01
7.939473684210526239e-01
8.039473684210526327e-01
8.036842105263157787e-01
7.939473684210526239e-01
7.968421052631579071e-01
8.018421052631579116e-01
7.973684210526316152e-01
7.942105263157894779e-01
8.005263157894736414e-01
7.986842105263157743e-01
7.997368421052631904e-01
8.055263157894736459e-01
7.981578947368420662e-01
7.992105263157894823e-01
7.981578947368420662e-01
7.978947368421052122e-01
7.986842105263157743e-01
8.015789473684210575e-01
8.002631578947367874e-01
8.021052631578947656e-01
8.010526315789473495e-01
7.950000000000000400e-01
7.978947368421052122e-01
7.968421052631579071e-01
7.973684210526316152e-01
7.992105263157894823e-01
8.018421052631579116e-01
7.952631578947368940e-01
7.976315789473684692e-01
7.984210526315789203e-01
7.976315789473684692e-01
7.992105263157894823e-01
7.989473684210526283e-01
7.976315789473684692e-01
8.021052631578947656e-01
7.986842105263157743e-01
7.992105263157894823e-01
7.918421052631579027e-01
7.907894736842104866e-01
7.965789473684210531e-01
8.005263157894736414e-01
8.018421052631579116e-01
7.992105263157894823e-01
8.013157894736842035e-01
7.976315789473684692e-01
7.928947368421052078e-01
7.963157894736841991e-01
7.981578947368420662e-01
8.023684210526316196e-01
8.005263157894736414e-01
8.007894736842104955e-01
7.942105263157894779e-01
7.973684210526316152e-01
7.981578947368420662e-01
7.986842105263157743e-01
7.997368421052631904e-01
8.005263157894736414e-01
8.005263157894736414e-01
7.981578947368420662e-01
8.015789473684210575e-01
7.984210526315789203e-01
7.960526315789473450e-01
7.992105263157894823e-01
7.973684210526316152e-01
7.997368421052631904e-01
8.000000000000000444e-01
7.971052631578947612e-01
7.968421052631579071e-01
8.010526315789473495e-01
8.010526315789473495e-01
7.978947368421052122e-01
7.992105263157894823e-01
8.036842105263157787e-01
8.034210526315789247e-01
8.031578947368420707e-01
8.010526315789473495e-01
8.028947368421052166e-01
7.984210526315789203e-01
7.986842105263157743e-01
8.002631578947367874e-01
7.997368421052631904e-01
7.973684210526316152e-01
8.039473684210526327e-01
8.010526315789473495e-01
8.028947368421052166e-01
8.018421052631579116e-01
7.968421052631579071e-01
7.994736842105263364e-01
7.965789473684210531e-01
8.000000000000000444e-01
8.015789473684210575e-01
7.976315789473684692e-01
7.992105263157894823e-01
8.021052631578947656e-01
7.986842105263157743e-01
7.978947368421052122e-01
8.002631578947367874e-01
7.978947368421052122e-01
7.994736842105263364e-01
8.052631578947367919e-01
7.973684210526316152e-01
7.989473684210526283e-01
7.971052631578947612e-01
8.021052631578947656e-01
8.005263157894736414e-01
7.892105263157894735e-01
7.992105263157894823e-01
7.942105263157894779e-01
8.023684210526316196e-01
7.986842105263157743e-01
8.031578947368420707e-01
8.007894736842104955e-01
7.939473684210526239e-01
8.039473684210526327e-01
7.994736842105263364e-01
8.010526315789473495e-01
8.050000000000000488e-01
8.005263157894736414e-01
8.013157894736842035e-01
7.976315789473684692e-01
7.936842105263157698e-01
7.928947368421052078e-01
7.978947368421052122e-01
7.984210526315789203e-01
8.021052631578947656e-01
7.984210526315789203e-01
7.976315789473684692e-01
7.928947368421052078e-01
8.007894736842104955e-01
8.005263157894736414e-01
7.997368421052631904e-01
8.013157894736842035e-01
7.986842105263157743e-01
7.965789473684210531e-01
8.010526315789473495e-01
8.005263157894736414e-01
7.978947368421052122e-01
8.000000000000000444e-01
8.005263157894736414e-01
8.007894736842104955e-01
7.963157894736841991e-01
8.000000000000000444e-01
7.955263157894736370e-01
8.018421052631579116e-01
8.007894736842104955e-01
7.989473684210526283e-01
8.015789473684210575e-01
7.968421052631579071e-01
7.952631578947368940e-01
8.015789473684210575e-01
7.957894736842104910e-01
8.023684210526316196e-01
7.997368421052631904e-01
7.981578947368420662e-01
7.960526315789473450e-01
8.002631578947367874e-01
7.963157894736841991e-01
7.978947368421052122e-01
8.010526315789473495e-01
7.968421052631579071e-01
8.013157894736842035e-01
8.026315789473684736e-01
8.023684210526316196e-01
8.015789473684210575e-01
8.028947368421052166e-01
7.992105263157894823e-01
7.952631578947368940e-01
8.000000000000000444e-01
7.981578947368420662e-01
8.039473684210526327e-01
7.997368421052631904e-01
8.028947368421052166e-01
7.986842105263157743e-01
8.026315789473684736e-01
8.021052631578947656e-01
7.989473684210526283e-01
7.989473684210526283e-01
8.010526315789473495e-01
8.044736842105263408e-01
8.015789473684210575e-01
8.028947368421052166e-01
7.960526315789473450e-01
8.021052631578947656e-01
7.997368421052631904e-01
8.018421052631579116e-01
7.978947368421052122e-01
8.015789473684210575e-01
8.018421052631579116e-01
7.997368421052631904e-01
8.005263157894736414e-01
7.968421052631579071e-01
8.021052631578947656e-01
8.047368421052631948e-01
8.010526315789473495e-01
8.005263157894736414e-01
7.981578947368420662e-01
8.010526315789473495e-01
8.031578947368420707e-01
7.992105263157894823e-01
8.034210526315789247e-01
8.021052631578947656e-01
8.023684210526316196e-01
8.018421052631579116e-01
8.039473684210526327e-01
8.039473684210526327e-01
8.013157894736842035e-01
7.892105263157894735e-01
7.984210526315789203e-01
