4.980714285714285539e-02
8.294999999999999596e-02
1.106357142857142817e-01
1.454357142857142793e-01
1.871357142857142941e-01
2.353642857142857203e-01
2.855214285714285927e-01
3.372285714285714331e-01
3.869357142857142717e-01
4.310999999999999832e-01
4.770499999999999741e-01
5.174999999999999600e-01
5.529928571428571749e-01
5.737499999999999822e-01
6.049285714285714821e-01
6.339285714285713969e-01
6.583928571428571130e-01
6.787714285714285811e-01
6.914500000000000091e-01
7.123071428571428054e-01
7.249071428571428610e-01
7.461428571428571077e-01
7.571857142857142398e-01
7.670500000000000096e-01
7.742214285714286159e-01
7.875071428571428500e-01
7.915571428571428481e-01
8.122785714285714054e-01
8.152142857142856691e-01
8.236928571428571155e-01
8.300357142857143211e-01
8.439571428571428502e-01
8.514000000000000457e-01
8.569428571428571173e-01
8.619714285714286106e-01
8.669214285714286206e-01
8.729785714285713816e-01
8.822642857142857231e-01
8.833142857142857185e-01
8.895785714285714407e-01
8.967928571428571694e-01
8.990928571428571381e-01
8.986214285714285710e-01
9.063999999999999835e-01
9.131071428571428950e-01
9.184857142857142387e-01
9.160142857142856698e-01
9.233214285714286262e-01
9.269071428571428184e-01
9.308999999999999497e-01
9.299428571428571821e-01
9.328428571428571958e-01
9.375214285714286166e-01
9.413000000000000256e-01
9.453928571428571459e-01
9.461928571428571688e-01
9.463785714285714024e-01
9.517142857142857348e-01
9.536428571428571255e-01
9.550571428571428267e-01
9.561142857142856943e-01
9.575714285714285179e-01
9.599785714285714588e-01
9.610285714285714542e-01
9.633785714285714175e-01
9.656142857142857583e-01
9.681357142857143216e-01
9.690142857142857169e-01
9.700714285714285845e-01
9.713214285714285579e-01
9.724571428571429088e-01
9.741999999999999549e-01
9.758571428571428674e-01
9.768357142857142517e-01
9.778857142857142470e-01
9.796214285714285319e-01
9.802928571428571880e-01
9.807571428571428829e-01
9.820357142857142341e-01
9.834142857142856853e-01
9.849642857142857366e-01
9.840642857142857247e-01
9.864500000000000490e-01
9.849071428571428699e-01
9.864785714285714269e-01
9.887000000000000233e-01
9.900499999999999856e-01
9.902214285714285857e-01
9.915285714285714258e-01
9.919000000000000039e-01
9.927142857142856602e-01
9.927857142857142714e-01
9.933214285714285774e-01
9.932142857142857162e-01
9.933928571428571885e-01
9.945714285714285507e-01
9.948285714285713954e-01
9.950357142857142456e-01
9.953214285714285792e-01
9.962285714285714633e-01
9.962928571428570912e-01
9.961999999999999744e-01
9.962571428571428411e-01
9.966857142857142859e-01
9.971357142857142364e-01
9.973785714285714477e-01
9.975642857142856812e-01
9.976285714285714201e-01
9.977357142857142813e-01
9.976857142857142868e-01
9.980928571428571150e-01
9.982285714285714651e-01
9.985285714285714320e-01
9.986285714285714210e-01
9.986500000000000377e-01
9.987214285714285378e-01
9.989714285714286213e-01
9.989571428571428768e-01
9.989071428571428823e-01
9.989071428571428823e-01
9.989785714285713825e-01
9.990499999999999936e-01
9.989500000000000046e-01
9.992714285714285882e-01
9.992785714285714604e-01
9.990785714285714825e-01
9.992142857142857215e-01
9.991499999999999826e-01
9.993785714285714494e-01
9.992785714285714604e-01
9.993785714285714494e-01
9.992285714285714660e-01
9.994357142857143161e-01
9.993714285714285772e-01
9.995714285714285552e-01
9.994571428571428218e-01
9.995428571428571773e-01
9.996642857142856720e-01
9.996857142857142886e-01
9.996785714285714164e-01
9.997214285714285387e-01
9.996857142857142886e-01
9.997357142857142831e-01
9.997285714285714109e-01
9.997857142857142776e-01
9.996785714285714164e-01
9.998000000000000220e-01
9.997214285714285387e-01
9.998000000000000220e-01
9.998214285714285277e-01
9.997357142857142831e-01
9.997500000000000275e-01
9.998357142857142721e-01
9.998714285714285221e-01
9.999142857142857554e-01
9.998428571428571443e-01
9.998857142857142666e-01
9.997857142857142776e-01
9.998928571428571388e-01
9.998285714285713999e-01
9.999000000000000110e-01
9.998785714285713944e-01
9.999142857142857554e-01
9.999428571428571333e-01
9.998928571428571388e-01
9.997357142857142831e-01
9.998714285714285221e-01
9.997928571428571498e-01
9.997571428571428998e-01
9.998928571428571388e-01
9.998642857142857610e-01
9.998714285714285221e-01
9.999357142857142611e-01
9.999214285714285166e-01
9.999500000000000055e-01
9.999142857142857554e-01
9.999571428571428777e-01
9.999428571428571333e-01
9.998857142857142666e-01
9.999214285714285166e-01
9.999785714285713834e-01
9.999642857142857499e-01
9.999571428571428777e-01
9.999357142857142611e-01
9.999642857142857499e-01
9.999285714285713889e-01
9.999714285714286222e-01
9.999571428571428777e-01
9.999285714285713889e-01
9.999642857142857499e-01
9.999500000000000055e-01
9.999642857142857499e-01
9.999285714285713889e-01
9.999642857142857499e-01
9.999642857142857499e-01
9.999857142857142556e-01
9.999571428571428777e-01
9.999785714285713834e-01
9.999857142857142556e-01
9.999928571428571278e-01
9.999785714285713834e-01
9.999642857142857499e-01
9.999500000000000055e-01
9.999428571428571333e-01
9.999642857142857499e-01
9.999857142857142556e-01
9.999785714285713834e-01
9.999928571428571278e-01
9.999857142857142556e-01
9.999928571428571278e-01
9.999642857142857499e-01
9.999785714285713834e-01
9.999785714285713834e-01
9.999928571428571278e-01
9.999714285714286222e-01
9.999857142857142556e-01
9.999857142857142556e-01
9.999642857142857499e-01
9.999857142857142556e-01
9.999857142857142556e-01
9.999857142857142556e-01
1.000000000000000000e+00
9.999785714285713834e-01
9.999785714285713834e-01
1.000000000000000000e+00
9.999857142857142556e-01
9.999857142857142556e-01
9.999785714285713834e-01
9.999928571428571278e-01
9.999785714285713834e-01
9.999571428571428777e-01
9.999785714285713834e-01
9.999714285714286222e-01
9.999928571428571278e-01
1.000000000000000000e+00
9.999928571428571278e-01
9.999642857142857499e-01
9.999785714285713834e-01
1.000000000000000000e+00
1.000000000000000000e+00
9.999785714285713834e-01
1.000000000000000000e+00
9.999928571428571278e-01
1.000000000000000000e+00
9.999928571428571278e-01
1.000000000000000000e+00
1.000000000000000000e+00
1.000000000000000000e+00
1.000000000000000000e+00
1.000000000000000000e+00
1.000000000000000000e+00
1.000000000000000000e+00
1.000000000000000000e+00
9.999928571428571278e-01
1.000000000000000000e+00
9.999928571428571278e-01
1.000000000000000000e+00
1.000000000000000000e+00
9.999928571428571278e-01
1.000000000000000000e+00
1.000000000000000000e+00
1.000000000000000000e+00
9.999857142857142556e-01
9.999928571428571278e-01
1.000000000000000000e+00
9.999928571428571278e-01
1.000000000000000000e+00
9.999857142857142556e-01
9.999785714285713834e-01
9.999785714285713834e-01
9.999857142857142556e-01
1.000000000000000000e+00
1.000000000000000000e+00
1.000000000000000000e+00
1.000000000000000000e+00
1.000000000000000000e+00
1.000000000000000000e+00
9.999857142857142556e-01
1.000000000000000000e+00
9.999928571428571278e-01
1.000000000000000000e+00
1.000000000000000000e+00
9.999928571428571278e-01
1.000000000000000000e+00
1.000000000000000000e+00
9.999928571428571278e-01
9.999928571428571278e-01
1.000000000000000000e+00
1.000000000000000000e+00
1.000000000000000000e+00
1.000000000000000000e+00
9.999928571428571278e-01
1.000000000000000000e+00
9.999714285714286222e-01
1.000000000000000000e+00
1.000000000000000000e+00
1.000000000000000000e+00
1.000000000000000000e+00
1.000000000000000000e+00
1.000000000000000000e+00
1.000000000000000000e+00
1.000000000000000000e+00
1.000000000000000000e+00
1.000000000000000000e+00
1.000000000000000000e+00
1.000000000000000000e+00
1.000000000000000000e+00
1.000000000000000000e+00
1.000000000000000000e+00
1.000000000000000000e+00
9.999928571428571278e-01
9.999714285714286222e-01
9.999928571428571278e-01
9.999714285714286222e-01
1.000000000000000000e+00
1.000000000000000000e+00
9.999928571428571278e-01
1.000000000000000000e+00
1.000000000000000000e+00
1.000000000000000000e+00
1.000000000000000000e+00
1.000000000000000000e+00
1.000000000000000000e+00
1.000000000000000000e+00
9.999928571428571278e-01
1.000000000000000000e+00
1.000000000000000000e+00
1.000000000000000000e+00
1.000000000000000000e+00
9.999928571428571278e-01
1.000000000000000000e+00
1.000000000000000000e+00
1.000000000000000000e+00
9.999928571428571278e-01
1.000000000000000000e+00
9.999928571428571278e-01
1.000000000000000000e+00
1.000000000000000000e+00
1.000000000000000000e+00
1.000000000000000000e+00
1.000000000000000000e+00
1.000000000000000000e+00
1.000000000000000000e+00
1.000000000000000000e+00
1.000000000000000000e+00
1.000000000000000000e+00
1.000000000000000000e+00
1.000000000000000000e+00
9.999928571428571278e-01
9.999857142857142556e-01
9.999928571428571278e-01
1.000000000000000000e+00
1.000000000000000000e+00
1.000000000000000000e+00
1.000000000000000000e+00
1.000000000000000000e+00
1.000000000000000000e+00
1.000000000000000000e+00
1.000000000000000000e+00
1.000000000000000000e+00
1.000000000000000000e+00
9.999928571428571278e-01
1.000000000000000000e+00
1.000000000000000000e+00
1.000000000000000000e+00
1.000000000000000000e+00
1.000000000000000000e+00
1.000000000000000000e+00
1.000000000000000000e+00
1.000000000000000000e+00
1.000000000000000000e+00
1.000000000000000000e+00
1.000000000000000000e+00
9.999928571428571278e-01
1.000000000000000000e+00
1.000000000000000000e+00
1.000000000000000000e+00
1.000000000000000000e+00
1.000000000000000000e+00
1.000000000000000000e+00
1.000000000000000000e+00
1.000000000000000000e+00
1.000000000000000000e+00
1.000000000000000000e+00
1.000000000000000000e+00
1.000000000000000000e+00
1.000000000000000000e+00
1.000000000000000000e+00
1.000000000000000000e+00
1.000000000000000000e+00
1.000000000000000000e+00
9.999928571428571278e-01
1.000000000000000000e+00
1.000000000000000000e+00
1.000000000000000000e+00
1.000000000000000000e+00
1.000000000000000000e+00
9.999857142857142556e-01
1.000000000000000000e+00
1.000000000000000000e+00
1.000000000000000000e+00
1.000000000000000000e+00
1.000000000000000000e+00
1.000000000000000000e+00
1.000000000000000000e+00
1.000000000000000000e+00
1.000000000000000000e+00
1.000000000000000000e+00
1.000000000000000000e+00
1.000000000000000000e+00
9.999928571428571278e-01
1.000000000000000000e+00
1.000000000000000000e+00
9.999928571428571278e-01
1.000000000000000000e+00
1.000000000000000000e+00
1.000000000000000000e+00
1.000000000000000000e+00
1.000000000000000000e+00
1.000000000000000000e+00
1.000000000000000000e+00
1.000000000000000000e+00
1.000000000000000000e+00
1.000000000000000000e+00
1.000000000000000000e+00
1.000000000000000000e+00
1.000000000000000000e+00
1.000000000000000000e+00
1.000000000000000000e+00
1.000000000000000000e+00
1.000000000000000000e+00
1.000000000000000000e+00
1.000000000000000000e+00
1.000000000000000000e+00
9.999928571428571278e-01
1.000000000000000000e+00
1.000000000000000000e+00
1.000000000000000000e+00
1.000000000000000000e+00
1.000000000000000000e+00
1.000000000000000000e+00
1.000000000000000000e+00
1.000000000000000000e+00
1.000000000000000000e+00
9.999928571428571278e-01
1.000000000000000000e+00
9.999928571428571278e-01
9.999928571428571278e-01
1.000000000000000000e+00
1.000000000000000000e+00
1.000000000000000000e+00
