1.800795895978808403e-01
1.800547298043966293e-01
1.800523516722023487e-01
1.800492065958678722e-01
1.800445904955267906e-01
1.800436275079846382e-01
1.800485164858400822e-01
1.800445071421563625e-01
1.800511493347585201e-01
1.800539391115307808e-01
1.800578273832798004e-01
1.800526473671197891e-01
1.800490892492234707e-01
1.800540336407721043e-01
1.800509784370660782e-01
1.800623824819922447e-01
1.800497882068157196e-01
1.800458864308893681e-01
1.800422212108969688e-01
1.800541505217552185e-01
1.800494235940277576e-01
1.800447655841708183e-01
1.800486748106777668e-01
1.800434030592441559e-01
1.800528541207313538e-01
1.800582874566316605e-01
1.800538063980638981e-01
1.800509747117757797e-01
1.800458095967769623e-01
1.800547842867672443e-01
1.800537565723061562e-01
1.800489122979342937e-01
1.800464149564504623e-01
1.800466864369809628e-01
1.800512755289673805e-01
1.800519586540758610e-01
1.800572550855576992e-01
1.800585458986461163e-01
1.800431525334715843e-01
1.800510995090007782e-01
1.800434691831469536e-01
1.800516303628683090e-01
1.800478640943765640e-01
1.800459744408726692e-01
1.800470612943172455e-01
1.800435613840818405e-01
1.800500610843300819e-01
1.800616611726582050e-01
1.800658302381634712e-01
1.800488159060478210e-01
1.800464419648051262e-01
1.800493164919316769e-01
1.800536718219518661e-01
1.800480904057621956e-01
1.800438705831766129e-01
1.800447553396224976e-01
1.800469593144953251e-01
1.800585305318236351e-01
1.800476405769586563e-01
1.800531940534710884e-01
1.800610199570655823e-01
1.800525919534265995e-01
1.800545258447527885e-01
1.800519051030278206e-01
1.800581174902617931e-01
1.800472796894609928e-01
1.800537495873868465e-01
1.800435152836143970e-01
1.800473066978156567e-01
1.800617086701095104e-01
1.800530459731817245e-01
1.800478259101510048e-01
1.800556578673422337e-01
1.800462068058550358e-01
1.800560285337269306e-01
1.800442356616258621e-01
1.800484573468565941e-01
1.800547577440738678e-01
1.800523540005087852e-01
1.800496722571551800e-01
1.800530543550848961e-01
1.800629282370209694e-01
1.800491232424974442e-01
1.800518902018666267e-01
1.800413592718541622e-01
1.800492582842707634e-01
1.800447176210582256e-01
1.800503116101026535e-01
1.800563554279506207e-01
1.800607694312930107e-01
1.800533481873571873e-01
1.800574078224599361e-01
1.800509188324213028e-01
1.800452563911676407e-01
1.800437364727258682e-01
1.800473402254283428e-01
1.800500997342169285e-01
1.800476168282330036e-01
1.800504168495535851e-01
1.800431036390364170e-01
1.800498515367507935e-01
1.800467870198190212e-01
1.800367804244160652e-01
1.800586842000484467e-01
1.800473360344767570e-01
1.800498808734118938e-01
1.800449606962502003e-01
1.800533938221633434e-01
1.800468326546251774e-01
1.800472778268158436e-01
1.800534017384052277e-01
1.800549821928143501e-01
1.800543973222374916e-01
1.800597924739122391e-01
1.800495511852204800e-01
1.800417732447385788e-01
1.800507917068898678e-01
1.800451092422008514e-01
1.800544741563498974e-01
1.800534734502434731e-01
1.800552997738122940e-01
1.800468415021896362e-01
1.800529952161014080e-01
1.800513286143541336e-01
1.800394807942211628e-01
1.800419804640114307e-01
1.800372833386063576e-01
1.800420726649463177e-01
1.800464871339499950e-01
1.800570795312523842e-01
1.800507097505033016e-01
1.800517234951257706e-01
1.800378505140542984e-01
1.800500946119427681e-01
1.800556913949549198e-01
1.800522175617516041e-01
1.800518552772700787e-01
1.800597906112670898e-01
1.800549016334116459e-01
1.800539339892566204e-01
1.800520182587206364e-01
1.800602227449417114e-01
1.800616523250937462e-01
1.800533961504697800e-01
1.800574259832501411e-01
1.800470757298171520e-01
1.800479535013437271e-01
1.800495581701397896e-01
1.800517733208835125e-01
1.800423609092831612e-01
1.800446114502847195e-01
1.800480554811656475e-01
1.800517714582383633e-01
1.800430240109562874e-01
1.800616914406418800e-01
1.800563111901283264e-01
1.800459204241633415e-01
1.800487730652093887e-01
1.800568024627864361e-01
1.800536704249680042e-01
1.800442025996744633e-01
1.800504685379564762e-01
1.800541863776743412e-01
1.800436549820005894e-01
1.800475297495722771e-01
1.800570241175591946e-01
1.800447884015738964e-01
1.800583759322762489e-01
1.800467390567064285e-01
1.800472219474613667e-01
1.800532392226159573e-01
1.800524182617664337e-01
1.800538930110633373e-01
1.800388009287416935e-01
1.800427120178937912e-01
1.800477188080549240e-01
1.800541323609650135e-01
1.800517956726253033e-01
1.800592513754963875e-01
1.800449551083147526e-01
1.800468489527702332e-01
1.800436475314199924e-01
1.800419399514794350e-01
1.800465718843042850e-01
1.800489593297243118e-01
1.800457285717129707e-01
1.800540219992399216e-01
1.800531218759715557e-01
1.800503311678767204e-01
1.800433280877768993e-01
1.800496797077357769e-01
1.800482030957937241e-01
1.800502473488450050e-01
1.800554106011986732e-01
1.800497435033321381e-01
1.800456005148589611e-01
1.800448657013475895e-01
1.800556606613099575e-01
1.800415338948369026e-01
1.800482757389545441e-01
1.800442636013031006e-01
1.800542804412543774e-01
1.800375157035887241e-01
1.800456307828426361e-01
1.800458263605833054e-01
1.800589528866112232e-01
1.800622395239770412e-01
1.800540955737233162e-01
1.800546166487038136e-01
1.800526604056358337e-01
1.800398044288158417e-01
1.800503507256507874e-01
1.800519982352852821e-01
1.800531405024230480e-01
1.800507754087448120e-01
1.800586860626935959e-01
1.800472955219447613e-01
1.800356451421976089e-01
1.800383217632770538e-01
1.800601840950548649e-01
1.800461583770811558e-01
1.800424424000084400e-01
1.800469299778342247e-01
1.800480689853429794e-01
1.800474282354116440e-01
1.800607368350028992e-01
1.800471171736717224e-01
1.800442794337868690e-01
1.800521155819296837e-01
1.800506999716162682e-01
1.800528476014733315e-01
1.800530101172626019e-01
1.800491595640778542e-01
1.800425327382981777e-01
1.800405094400048256e-01
1.800459846854209900e-01
1.800460084341466427e-01
1.800481849350035191e-01
1.800522697158157825e-01
1.800450971350073814e-01
1.800370509736239910e-01
1.800582557916641235e-01
1.800482165999710560e-01
1.800546874292194843e-01
1.800616253167390823e-01
1.800465453416109085e-01
1.800568625330924988e-01
1.800566194579005241e-01
1.800419990904629230e-01
1.800495511852204800e-01
1.800495111383497715e-01
1.800535917282104492e-01
1.800490692257881165e-01
1.800459767691791058e-01
1.800478440709412098e-01
1.800450175069272518e-01
1.800476992502808571e-01
1.800480657257139683e-01
1.800509900785982609e-01
1.800482962280511856e-01
1.800448508001863956e-01
1.800444312393665314e-01
1.800400344654917717e-01
1.800517695955932140e-01
1.800466286949813366e-01
1.800454910844564438e-01
1.800426156260073185e-01
1.800421620719134808e-01
1.800452577881515026e-01
1.800463716499507427e-01
1.800448750145733356e-01
1.800523372367024422e-01
1.800521980039775372e-01
1.800627466291189194e-01
1.800517081283032894e-01
1.800483097322285175e-01
1.800450067967176437e-01
1.800498659722507000e-01
1.800435688346624374e-01
1.800483497790992260e-01
1.800468321889638901e-01
1.800483148545026779e-01
1.800454491749405861e-01
1.800464387051761150e-01
1.800505598075687885e-01
1.800444368273019791e-01
1.800467045977711678e-01
1.800479479134082794e-01
1.800540862604975700e-01
1.800406649708747864e-01
1.800470771268010139e-01
1.800504261627793312e-01
1.800497644580900669e-01
1.800585719756782055e-01
1.800593612715601921e-01
1.800459511578083038e-01
1.800482780672609806e-01
1.800490417517721653e-01
1.800393005833029747e-01
1.800436875782907009e-01
1.800519363023340702e-01
1.800393122248351574e-01
1.800545756705105305e-01
1.800621734000742435e-01
1.800574585795402527e-01
1.800521495752036572e-01
1.800510436296463013e-01
1.800552355125546455e-01
1.800540965050458908e-01
1.800401788204908371e-01
1.800430486910045147e-01
1.800520895048975945e-01
1.800540178082883358e-01
1.800488950684666634e-01
1.800521686673164368e-01
1.800483125261962414e-01
1.800517924129962921e-01
1.800397122278809547e-01
1.800594031810760498e-01
1.800499092787504196e-01
1.800480689853429794e-01
1.800445877015590668e-01
1.800431562587618828e-01
1.800500508397817612e-01
1.800563610158860683e-01
1.800586455501616001e-01
1.800499483942985535e-01
1.800432638265192509e-01
1.800406854599714279e-01
1.800479139201343060e-01
1.800420773215591908e-01
1.800551428459584713e-01
1.800548527389764786e-01
1.800429685972630978e-01
1.800384018570184708e-01
1.800395385362207890e-01
1.800535121001303196e-01
1.800520299002528191e-01
1.800474151968955994e-01
1.800419418141245842e-01
1.800511628389358521e-01
1.800481132231652737e-01
1.800487358123064041e-01
1.800550022162497044e-01
1.800521565601229668e-01
1.800389820709824562e-01
1.800383916124701500e-01
1.800510743632912636e-01
1.800483143888413906e-01
1.800576113164424896e-01
1.800495889037847519e-01
1.800388926640152931e-01
1.800481309182941914e-01
1.800594483502209187e-01
1.800503330305218697e-01
1.800422668457031250e-01
1.800434333272278309e-01
1.800557686947286129e-01
1.800499712117016315e-01
1.800478692166507244e-01
1.800578436814248562e-01
1.800457835197448730e-01
1.800534888170659542e-01
1.800523879937827587e-01
1.800429071299731731e-01
1.800428749993443489e-01
1.800645329058170319e-01
1.800396721810102463e-01
1.800374900922179222e-01
1.800394812598824501e-01
1.800566595047712326e-01
1.800516163930296898e-01
1.800476298667490482e-01
1.800531516782939434e-01
1.800414682365953922e-01
1.800371827557682991e-01
1.800439474172890186e-01
1.800564606674015522e-01
1.800545346923172474e-01
1.800451739691197872e-01
1.800400293432176113e-01
1.800476782955229282e-01
1.800418435595929623e-01
1.800452140159904957e-01
1.800591237843036652e-01
1.800581193529069424e-01
1.800422789528965950e-01
1.800511493347585201e-01
1.800420959480106831e-01
1.800359929911792278e-01
1.800469532608985901e-01
1.800576527602970600e-01
1.800610842183232307e-01
1.800426752306520939e-01
1.800422337837517262e-01
1.800365224480628967e-01
1.800370616838335991e-01
1.800490678288042545e-01
1.800457681529223919e-01
1.800372446887195110e-01
1.800477956421673298e-01
1.800391105934977531e-01
1.800422403030097485e-01
1.800334188155829906e-01
1.800425667315721512e-01
1.800442626699805260e-01
1.800443870015442371e-01
1.800403604283928871e-01
1.800542017444968224e-01
1.800463134422898293e-01
1.800474491901695728e-01
1.800457090139389038e-01
1.800470096059143543e-01
1.800484252162277699e-01
1.800433392636477947e-01
1.800468298606574535e-01
1.800437145866453648e-01
1.800602646544575691e-01
1.800456079654395580e-01
1.800440326333045959e-01
1.800355794839560986e-01
1.800357606261968613e-01
1.800466775894165039e-01
1.800459860824048519e-01
1.800502496771514416e-01
1.800498231314122677e-01
1.800474859774112701e-01
1.800507521256804466e-01
1.800407916307449341e-01
1.800500084646046162e-01
1.800451860763132572e-01
1.800551679916679859e-01
1.800389271229505539e-01
1.800401275977492332e-01
1.800451013259589672e-01
1.800433439202606678e-01
1.800423236563801765e-01
1.800440694205462933e-01
1.800462957471609116e-01
1.800450687296688557e-01
1.800463031977415085e-01
1.800543395802378654e-01
1.800426393747329712e-01
1.800461453385651112e-01
1.800494808703660965e-01
1.800407622940838337e-01
1.800414510071277618e-01
1.800462524406611919e-01
1.800471497699618340e-01
1.800406253896653652e-01
1.800405476242303848e-01
1.800401885993778706e-01
1.800428126007318497e-01
1.800418337807059288e-01
1.800447129644453526e-01
1.800449946895241737e-01
1.800490356981754303e-01
1.800393485464155674e-01
1.800352595746517181e-01
1.800416754558682442e-01
1.800451041199266911e-01
1.800429746508598328e-01
1.800503907725214958e-01
1.800608467310667038e-01
1.800412498414516449e-01
1.800332977436482906e-01
1.800397308543324471e-01
1.800407231785356998e-01
1.800445159897208214e-01
1.800445038825273514e-01
1.800440615043044090e-01
1.800529127940535545e-01
1.800425397232174873e-01
1.800408400595188141e-01
1.800342164933681488e-01
1.800401811487972736e-01
1.800440289080142975e-01
1.800428652204573154e-01
1.800419143401086330e-01
1.800461215898394585e-01
1.800426719710230827e-01
1.800449579022824764e-01
1.800411525182425976e-01
1.800352050922811031e-01
1.800566408783197403e-01
1.800413192249834538e-01
1.800412284210324287e-01
1.800506627187132835e-01
1.800378714688122272e-01
1.800405303947627544e-01
1.800478519871830940e-01
1.800475977361202240e-01
1.800500573590397835e-01
1.800421127118170261e-01
1.800570194609463215e-01
1.800457481294870377e-01
1.800587358884513378e-01
1.800375604070723057e-01
1.800348423421382904e-01
1.800453900359570980e-01
1.800366262905299664e-01
1.800416032783687115e-01
1.800453453324735165e-01
1.800396987237036228e-01
1.800408391281962395e-01
1.800515865907073021e-01
1.800434184260666370e-01
1.800460368394851685e-01
1.800427050329744816e-01
1.800444452092051506e-01
1.800415557809174061e-01
1.800424871034920216e-01
1.800395119935274124e-01
1.800477099604904652e-01
1.800446375273168087e-01
1.800431562587618828e-01
1.800428996793925762e-01
1.800504047423601151e-01
1.800507935695350170e-01
1.800365825183689594e-01
1.800365955568850040e-01
1.800383697263896465e-01
1.800390155985951424e-01
1.800429658032953739e-01
1.800457909703254700e-01
1.800402784720063210e-01
1.800498636439442635e-01
1.800487549044191837e-01
1.800442701205611229e-01
1.800440945662558079e-01
1.800324227660894394e-01
1.800391995348036289e-01
1.800485849380493164e-01
1.800387348048388958e-01
1.800410896539688110e-01
1.800511432811617851e-01
1.800534734502434731e-01
1.800455776974558830e-01
1.800331152044236660e-01
1.800401234067976475e-01
1.800300059840083122e-01
1.800395846366882324e-01
1.800441946834325790e-01
1.800442459061741829e-01
1.800450789742171764e-01
1.800465094856917858e-01
1.800405774265527725e-01
1.800401569344103336e-01
1.800379222258925438e-01
1.800379529595375061e-01
1.800390053540468216e-01
1.800399469211697578e-01
1.800385895185172558e-01
1.800425546243786812e-01
1.800400614738464355e-01
1.800427883863449097e-01
1.800454473122954369e-01
1.800486478023231030e-01
1.800407171249389648e-01
1.800404861569404602e-01
1.800349643453955650e-01
1.800499297678470612e-01
1.800454729236662388e-01
1.800365904346108437e-01
1.800418491475284100e-01
1.800444368273019791e-01
1.800417145714163780e-01
1.800413308665156364e-01
1.800431539304554462e-01
1.800404284149408340e-01
1.800435665063560009e-01
1.800415781326591969e-01
1.800522850826382637e-01
1.800428954884409904e-01
1.800420493818819523e-01
1.800433462485671043e-01
1.800455716438591480e-01
1.800392530858516693e-01
1.800383939407765865e-01
1.800408000126481056e-01
1.800394128076732159e-01
1.800363152287900448e-01
1.800367934629321098e-01
1.800358784385025501e-01
1.800423623062670231e-01
1.800479558296501637e-01
1.800496047362685204e-01
1.800364330410957336e-01
1.800399040803313255e-01
1.800387622788548470e-01
1.800461602397263050e-01
1.800439348444342613e-01
1.800461928360164165e-01
1.800431222654879093e-01
1.800410426221787930e-01
1.800442389212548733e-01
1.800447218120098114e-01
1.800427711568772793e-01
1.800393117591738701e-01
1.800398631021380424e-01
1.800378304906189442e-01
1.800396763719618320e-01
1.800368148833513260e-01
1.800364423543214798e-01
1.800461029633879662e-01
1.800451935268938541e-01
1.800423329696059227e-01
1.800359189510345459e-01
1.800378118641674519e-01
1.800459884107112885e-01
1.800537477247416973e-01
1.800385746173560619e-01
1.800492466427385807e-01
1.800418440252542496e-01
1.800414305180311203e-01
1.800362342037260532e-01
1.800518683157861233e-01
1.800455977208912373e-01
1.800418631173670292e-01
1.800358081236481667e-01
1.800394454039633274e-01
1.800514333881437778e-01
1.800447236746549606e-01
1.800458575598895550e-01
1.800450375303626060e-01
1.800449532456696033e-01
1.800392246805131435e-01
1.800410221330821514e-01
1.800392386503517628e-01
1.800477504730224609e-01
1.800510715693235397e-01
1.800401173532009125e-01
1.800384162925183773e-01
1.800432358868420124e-01
1.800409723073244095e-01
1.800405038520693779e-01
1.800393117591738701e-01
1.800400926731526852e-01
1.800406719557940960e-01
1.800463413819670677e-01
1.800368712283670902e-01
1.800399343483150005e-01
1.800378351472318172e-01
1.800389024429023266e-01
1.800390542484819889e-01
1.800494827330112457e-01
1.800489625893533230e-01
1.800347235985100269e-01
1.800414724275469780e-01
1.800363394431769848e-01
1.800416572950780392e-01
1.800423311069607735e-01
1.800398137420415878e-01
1.800344814546406269e-01
1.800421420484781265e-01
1.800477001816034317e-01
1.800347953103482723e-01
1.800561030395328999e-01
1.800509532913565636e-01
1.800451287999749184e-01
1.800457835197448730e-01
1.800393522717058659e-01
1.800366900861263275e-01
1.800360591150820255e-01
1.800418654456734657e-01
1.800402333028614521e-01
1.800371366553008556e-01
1.800386742688715458e-01
1.800454147160053253e-01
1.800455385819077492e-01
1.800439525395631790e-01
1.800368521362543106e-01
1.800479418598115444e-01
1.800337610766291618e-01
1.800433499738574028e-01
1.800402328372001648e-01
1.800355296581983566e-01
1.800416591577231884e-01
1.800470710732042789e-01
1.800364782102406025e-01
1.800441453233361244e-01
1.800386668182909489e-01
1.800415166653692722e-01
1.800386928953230381e-01
1.800381583161652088e-01
1.800461253151297569e-01
1.800351068377494812e-01
1.800376540049910545e-01
1.800453173927962780e-01
1.800390505231916904e-01
1.800451138988137245e-01
1.800403306260704994e-01
1.800402849912643433e-01
1.800398332998156548e-01
1.800305633805692196e-01
1.800382575020194054e-01
1.800328390672802925e-01
1.800293400883674622e-01
1.800366621464490891e-01
1.800399012863636017e-01
1.800450664013624191e-01
1.800367319956421852e-01
1.800423464737832546e-01
1.800428251735866070e-01
1.800365634262561798e-01
1.800384819507598877e-01
1.800386155955493450e-01
1.800440549850463867e-01
1.800360498018562794e-01
1.800331356935203075e-01
1.800309349782764912e-01
1.800420442596077919e-01
1.800356260500848293e-01
1.800405597314238548e-01
1.800399236381053925e-01
1.800345415249466896e-01
1.800320232287049294e-01
1.800358332693576813e-01
1.800394412130117416e-01
1.800364078953862190e-01
1.800376372411847115e-01
1.800411758013069630e-01
1.800380079075694084e-01
1.800344185903668404e-01
1.800407823175191879e-01
1.800360139459371567e-01
1.800369070842862129e-01
1.800337834283709526e-01
1.800318937748670578e-01
1.800405285321176052e-01
1.800378859043121338e-01
1.800375580787658691e-01
1.800341485068202019e-01
1.800394929014146328e-01
1.800362900830805302e-01
1.800419380888342857e-01
1.800398328341543674e-01
1.800391669385135174e-01
1.800346947275102139e-01
1.800359576009213924e-01
1.800350393168628216e-01
1.800363101065158844e-01
1.800281945616006851e-01
1.800333848223090172e-01
1.800393569283187389e-01
1.800323845818638802e-01
1.800265396013855934e-01
1.800271999090909958e-01
1.800354351289570332e-01
1.800314150750637054e-01
1.800355743616819382e-01
1.800456536002457142e-01
1.800432614982128143e-01
1.800345708616077900e-01
1.800344455987215042e-01
1.800310672260820866e-01
1.800457532517611980e-01
1.800406929105520248e-01
1.800392833538353443e-01
1.800301941111683846e-01
1.800383091904222965e-01
1.800478417426347733e-01
1.800364721566438675e-01
1.800300097092986107e-01
1.800339804030954838e-01
1.800322956405580044e-01
1.800329037941992283e-01
1.800393373705446720e-01
1.800374323502182961e-01
1.800441495142877102e-01
1.800382882356643677e-01
1.800528103485703468e-01
1.800477243959903717e-01
1.800373792648315430e-01
1.800344563089311123e-01
1.800422030501067638e-01
1.800447301939129829e-01
1.800335748121142387e-01
1.800361559726297855e-01
1.800343208014965057e-01
1.800343254581093788e-01
1.800358458422124386e-01
1.800373778678476810e-01
1.800353750586509705e-01
1.800372689031064510e-01
1.800361387431621552e-01
1.800304241478443146e-01
1.800396726466715336e-01
1.800389839336276054e-01
1.800309759564697742e-01
1.800392516888678074e-01
1.800481504760682583e-01
1.800388917326927185e-01
1.800321084447205067e-01
1.800335799343883991e-01
1.800396903418004513e-01
1.800405695103108883e-01
1.800306825898587704e-01
1.800285787321627140e-01
1.800270858220756054e-01
1.800387180410325527e-01
1.800324534997344017e-01
1.800318304449319839e-01
1.800361298955976963e-01
1.800299962051212788e-01
1.800353806465864182e-01
1.800315920263528824e-01
1.800299170427024364e-01
1.800345182418823242e-01
1.800263687036931515e-01
1.800487716682255268e-01
1.800361266359686852e-01
1.800390486605465412e-01
1.800338388420641422e-01
1.800335291773080826e-01
1.800337638705968857e-01
1.800355305895209312e-01
1.800322658382356167e-01
1.800282648764550686e-01
1.800378449261188507e-01
1.800335962325334549e-01
1.800328148528933525e-01
1.800288059748709202e-01
1.800292180851101875e-01
1.800309307873249054e-01
1.800343934446573257e-01
1.800327496603131294e-01
1.800354328006505966e-01
1.800279039889574051e-01
1.800340632908046246e-01
1.800290839746594429e-01
1.800322150811553001e-01
1.800310281105339527e-01
1.800320507027208805e-01
1.800375343300402164e-01
1.800299533642828465e-01
1.800327189266681671e-01
1.800341880880296230e-01
1.800368074327707291e-01
1.800428489223122597e-01
1.800410114228725433e-01
1.800286322832107544e-01
1.800405047833919525e-01
1.800232245586812496e-01
1.800325866788625717e-01
1.800295752473175526e-01
1.800306993536651134e-01
1.800364912487566471e-01
1.800321354530751705e-01
1.800377480685710907e-01
1.800314574502408504e-01
1.800339012406766415e-01
1.800363957881927490e-01
1.800295663997530937e-01
1.800352712161839008e-01
1.800278178416192532e-01
1.800416470505297184e-01
1.800382360816001892e-01
1.800342854112386703e-01
1.800382072106003761e-01
1.800358793698251247e-01
1.800414035096764565e-01
1.800399725325405598e-01
1.800328986719250679e-01
1.800309959799051285e-01
1.800283854827284813e-01
1.800372949801385403e-01
1.800326826050877571e-01
1.800340227782726288e-01
1.800328586250543594e-01
1.800353447906672955e-01
1.800359371118247509e-01
1.800354178994894028e-01
1.800326080992817879e-01
1.800375278107821941e-01
1.800327030941843987e-01
1.800349662080407143e-01
1.800395832397043705e-01
1.800340726040303707e-01
1.800384391099214554e-01
1.800304036587476730e-01
1.800280273891985416e-01
1.800263705663383007e-01
1.800288869999349117e-01
1.800365932285785675e-01
1.800254909321665764e-01
1.800275533460080624e-01
1.800281140021979809e-01
1.800394752062857151e-01
1.800334672443568707e-01
1.800370179116725922e-01
1.800318942405283451e-01
1.800342663191258907e-01
1.800401769578456879e-01
1.800367985852062702e-01
1.800295878201723099e-01
1.800323640927672386e-01
1.800284162163734436e-01
1.800328898243606091e-01
1.800372404977679253e-01
1.800329131074249744e-01
1.800292064435780048e-01
1.800293633714318275e-01
1.800342742353677750e-01
1.800273372791707516e-01
1.800274862907826900e-01
1.800353047437965870e-01
1.800334923900663853e-01
1.800298430025577545e-01
1.800359715707600117e-01
1.800307356752455235e-01
1.800285493955016136e-01
1.800345727242529392e-01
1.800277754664421082e-01
1.800280753523111343e-01
1.800295668654143810e-01
1.800365364179015160e-01
1.800342430360615253e-01
1.800310867838561535e-01
1.800306867808103561e-01
1.800267840735614300e-01
1.800321191549301147e-01
1.800293475389480591e-01
1.800284967757761478e-01
1.800405629910528660e-01
1.800320092588663101e-01
1.800316325388848782e-01
1.800310192629694939e-01
1.800261526368558407e-01
1.800266723148524761e-01
1.800365005619823933e-01
1.800352865830063820e-01
1.800281489267945290e-01
1.800267291255295277e-01
1.800289931707084179e-01
1.800377741456031799e-01
1.800333862192928791e-01
1.800299980677664280e-01
1.800237935967743397e-01
1.800301461480557919e-01
1.800345354713499546e-01
1.800378020852804184e-01
1.800328982062637806e-01
1.800247994251549244e-01
1.800335948355495930e-01
1.800236129201948643e-01
1.800326281227171421e-01
1.800415394827723503e-01
1.800323976203799248e-01
1.800299459137022495e-01
1.800360148772597313e-01
1.800338607281446457e-01
1.800356227904558182e-01
1.800296870060265064e-01
1.800271659158170223e-01
1.800270909443497658e-01
1.800327752716839314e-01
1.800263877958059311e-01
1.800278406590223312e-01
1.800292744301259518e-01
1.800240529701113701e-01
1.800308581441640854e-01
1.800288422964513302e-01
1.800341508351266384e-01
1.800254881381988525e-01
1.800336302258074284e-01
1.800330439582467079e-01
1.800292781554162502e-01
1.800298504531383514e-01
1.800225120969116688e-01
1.800291403196752071e-01
1.800296255387365818e-01
1.800242294557392597e-01
1.800241507589817047e-01
1.800298006273806095e-01
1.800319547764956951e-01
1.800288069061934948e-01
1.800202028825879097e-01
1.800244180485606194e-01
1.800265926867723465e-01
1.800338323228061199e-01
1.800339673645794392e-01
1.800270080566406250e-01
1.800277773290872574e-01
1.800250303931534290e-01
1.800227290950715542e-01
1.800281335599720478e-01
1.800300492905080318e-01
1.800277917645871639e-01
1.800227309577167034e-01
1.800288921222090721e-01
1.800267263315618038e-01
1.800233977846801281e-01
1.800298858433961868e-01
1.800322900526225567e-01
1.800278658047318459e-01
1.800302872434258461e-01
1.800279435701668262e-01
1.800277917645871639e-01
1.800336553715169430e-01
1.800278988666832447e-01
