2.216630317270755768e-01
2.023523654788732529e-01
1.992545314133167267e-01
1.981143951416015625e-01
1.972412467002868652e-01
1.964481119066476822e-01
1.957754809409379959e-01
1.951360199600458145e-01
1.945860665291547775e-01
1.940327659249305725e-01
1.935251839458942413e-01
1.930640526115894318e-01
1.926142647862434387e-01
1.921457480639219284e-01
1.917232424020767212e-01
1.913229357451200485e-01
1.908629387617111206e-01
1.904976945370435715e-01
1.901179105043411255e-01
1.897737756371498108e-01
1.894331779330968857e-01
1.890514232218265533e-01
1.887326426804065704e-01
1.883994378149509430e-01
1.881173010915517807e-01
1.878217142075300217e-01
1.875136084854602814e-01
1.871988456696271896e-01
1.869064141064882278e-01
1.866435669362545013e-01
1.863633152097463608e-01
1.861402019858360291e-01
1.858797091990709305e-01
1.856515388935804367e-01
1.854007896035909653e-01
1.852186489850282669e-01
1.849987693130970001e-01
1.847508121281862259e-01
1.845832467079162598e-01
1.843782234936952591e-01
1.842091009020805359e-01
1.840038392692804337e-01
1.838325783610343933e-01
1.836742684245109558e-01
1.835283730179071426e-01
1.833973694592714310e-01
1.831958517432212830e-01
1.831044498831033707e-01
1.829350329935550690e-01
1.828108299523591995e-01
1.826593987643718719e-01
1.825559325516223907e-01
1.824087090790271759e-01
1.823142822831869125e-01
1.822252571582794189e-01
1.821093279868364334e-01
1.820104718208312988e-01
1.818935088813304901e-01
1.818224433809518814e-01
1.817428469657897949e-01
1.816023550927639008e-01
1.815718766301870346e-01
1.814657691866159439e-01
1.813955623656511307e-01
1.813391968607902527e-01
1.812505982816219330e-01
1.812112461775541306e-01
1.811526007950305939e-01
1.811186522245407104e-01
1.810340732336044312e-01
1.810104530304670334e-01
1.809215266257524490e-01
1.809051912277936935e-01
1.808506287634372711e-01
1.807899978011846542e-01
1.807754114270210266e-01
1.807192321866750717e-01
1.806660536676645279e-01
1.806634180247783661e-01
1.806062497198581696e-01
1.805877387523651123e-01
1.805350836366415024e-01
1.805416364222764969e-01
1.804844476282596588e-01
1.804642900824546814e-01
1.804820504039525986e-01
1.804348919540643692e-01
1.803914345800876617e-01
1.803624238818883896e-01
1.803361903876066208e-01
1.803733538836240768e-01
1.803664043545722961e-01
1.803154684603214264e-01
1.803391948342323303e-01
1.802798304706811905e-01
1.802678983658552170e-01
1.802831366658210754e-01
1.802385486662387848e-01
1.802252754569053650e-01
1.802541911602020264e-01
1.802111342549324036e-01
1.802183836698532104e-01
1.802503429353237152e-01
1.802257224917411804e-01
1.802079956978559494e-01
1.801606994122266769e-01
1.801983043551445007e-01
1.801623962819576263e-01
1.802097000181674957e-01
1.801608204841613770e-01
1.801679693162441254e-01
1.801871452480554581e-01
1.801704782992601395e-01
1.801466047763824463e-01
1.801206860691308975e-01
1.801832523196935654e-01
1.801668070256710052e-01
1.801327355206012726e-01
1.801768038421869278e-01
1.801599320024251938e-01
1.801392845809459686e-01
1.801270823925733566e-01
1.801564488559961319e-01
1.801792178303003311e-01
1.801624801009893417e-01
1.801357157528400421e-01
1.801019813865423203e-01
1.801354847848415375e-01
1.801164560019969940e-01
1.801249273121356964e-01
1.801264248788356781e-01
1.801303904503583908e-01
1.801465731114149094e-01
1.801608204841613770e-01
1.801267899572849274e-01
1.801361478865146637e-01
1.801732107996940613e-01
1.800953056663274765e-01
1.801435351371765137e-01
1.801197715103626251e-01
1.801104992628097534e-01
1.801419798284769058e-01
1.801186371594667435e-01
1.801271997392177582e-01
1.801560875028371811e-01
1.801007986068725586e-01
1.801247466355562210e-01
1.801411379128694534e-01
1.801555566489696503e-01
1.801074258983135223e-01
1.801511459052562714e-01
1.801232211291790009e-01
1.800719704478979111e-01
1.801135502755641937e-01
1.800864115357398987e-01
1.801197938621044159e-01
1.801592670381069183e-01
1.801533307880163193e-01
1.801399067044258118e-01
1.801393330097198486e-01
1.800910420715808868e-01
1.801528856158256531e-01
1.801188755780458450e-01
1.801277697086334229e-01
1.801866758614778519e-01
1.800924669951200485e-01
1.801114939153194427e-01
1.801248919218778610e-01
1.801242977380752563e-01
1.801190394908189774e-01
1.801306344568729401e-01
1.801662538200616837e-01
1.801499184221029282e-01
1.800825744867324829e-01
1.801645252853631973e-01
1.801069322973489761e-01
1.800941098481416702e-01
1.801359485834836960e-01
1.801312752068042755e-01
1.801435705274343491e-01
1.801153253763914108e-01
1.801370400935411453e-01
1.801291182637214661e-01
1.801277324557304382e-01
1.801091302186250687e-01
1.801316868513822556e-01
1.801237594336271286e-01
1.801117286086082458e-01
1.801147125661373138e-01
1.801167801022529602e-01
1.801509223878383636e-01
1.801122184842824936e-01
1.801200900226831436e-01
1.800996270030736923e-01
1.801242008805274963e-01
1.801091842353343964e-01
1.801328025758266449e-01
1.801174189895391464e-01
1.801325213164091110e-01
1.801325548440217972e-01
1.801277045160531998e-01
1.801506821066141129e-01
1.801146455109119415e-01
1.801438853144645691e-01
1.801317464560270309e-01
1.801299192011356354e-01
1.801421791315078735e-01
1.801678109914064407e-01
1.801562178879976273e-01
1.801965031772851944e-01
1.801661755889654160e-01
1.801001969724893570e-01
1.801211498677730560e-01
1.801551319658756256e-01
1.801287885755300522e-01
1.801268588751554489e-01
1.801161766052246094e-01
1.801037173718214035e-01
1.801573727279901505e-01
1.800813116133213043e-01
1.801652703434228897e-01
1.801380291581153870e-01
1.801644340157508850e-01
1.801420636475086212e-01
1.801411993801593781e-01
1.800878122448921204e-01
1.801724191755056381e-01
1.801262386143207550e-01
1.801566816866397858e-01
1.801636982709169388e-01
1.801250930875539780e-01
1.801010388880968094e-01
1.801183056086301804e-01
1.801099628210067749e-01
1.801349595189094543e-01
1.801553871482610703e-01
1.801350526511669159e-01
1.801166534423828125e-01
1.801486015319824219e-01
1.801229026168584824e-01
1.801283191889524460e-01
1.801209785044193268e-01
1.801245231181383133e-01
1.801346037536859512e-01
1.801272593438625336e-01
1.801272667944431305e-01
1.801117826253175735e-01
1.801505871117115021e-01
1.801475454121828079e-01
1.801139619201421738e-01
1.800894178450107574e-01
1.801337115466594696e-01
1.800920572131872177e-01
1.801644805818796158e-01
1.801478844135999680e-01
1.801934763789176941e-01
1.801190003752708435e-01
1.801638863980770111e-01
1.801925655454397202e-01
1.801233403384685516e-01
1.801696885377168655e-01
1.801049485802650452e-01
1.801385227590799332e-01
1.801667902618646622e-01
1.801288779824972153e-01
1.801172308623790741e-01
1.801405623555183411e-01
1.801131945103406906e-01
1.800875756889581680e-01
1.801116466522216797e-01
1.801030691713094711e-01
1.800838895142078400e-01
1.801183596253395081e-01
1.800917759537696838e-01
1.801432184875011444e-01
1.801521386951208115e-01
1.801353245973587036e-01
1.801250576972961426e-01
1.801795456558465958e-01
1.801069304347038269e-01
1.801153551787137985e-01
1.801106650382280350e-01
1.801126897335052490e-01
1.801541168242692947e-01
1.801642533391714096e-01
1.801107395440340042e-01
1.801111008971929550e-01
1.801469139754772186e-01
1.801384706050157547e-01
1.801407467573881149e-01
1.801075860857963562e-01
1.801783815026283264e-01
1.800912655889987946e-01
1.801428124308586121e-01
1.801395080983638763e-01
1.801069770008325577e-01
1.801400836557149887e-01
1.801221668720245361e-01
1.800964269787073135e-01
1.801055073738098145e-01
1.801198124885559082e-01
1.801596470177173615e-01
1.801505610346794128e-01
1.801044829189777374e-01
1.801334917545318604e-01
1.801481135189533234e-01
1.801371220499277115e-01
1.801200322806835175e-01
1.801527664065361023e-01
1.800789926201105118e-01
1.801485493779182434e-01
1.801686920225620270e-01
1.801568400114774704e-01
1.801231820136308670e-01
1.801131144165992737e-01
1.801731307059526443e-01
1.801352351903915405e-01
1.801011282950639725e-01
1.800971273332834244e-01
1.801335513591766357e-01
1.801741365343332291e-01
1.801389157772064209e-01
1.800892874598503113e-01
1.801956687122583389e-01
1.801448389887809753e-01
1.801198348402976990e-01
1.801664326339960098e-01
1.801560521125793457e-01
1.801120825111865997e-01
1.801068056374788284e-01
1.801388505846261978e-01
1.801566947251558304e-01
1.801311001181602478e-01
1.801404450088739395e-01
1.800756435841321945e-01
1.801465433090925217e-01
1.801502890884876251e-01
1.801483333110809326e-01
1.801027134060859680e-01
1.801115758717060089e-01
1.801611147820949554e-01
1.800890099257230759e-01
1.801629047840833664e-01
1.801119539886713028e-01
1.801241487264633179e-01
1.801037378609180450e-01
1.801388133317232132e-01
1.801078189164400101e-01
1.800874788314104080e-01
1.801611594855785370e-01
1.801294479519128799e-01
1.801433227956295013e-01
1.801280360668897629e-01
1.800897885113954544e-01
1.801330074667930603e-01
1.801299005746841431e-01
1.801136601716279984e-01
1.801183242350816727e-01
1.801671795547008514e-01
1.801537442952394485e-01
1.801186706870794296e-01
1.801067236810922623e-01
1.800940949469804764e-01
1.801138725131750107e-01
1.801790427416563034e-01
1.801639515906572342e-01
1.801769528537988663e-01
1.801428589969873428e-01
1.801155656576156616e-01
1.800927501171827316e-01
1.801083721220493317e-01
1.801133174449205399e-01
1.801110729575157166e-01
1.801328249275684357e-01
1.801190320402383804e-01
1.800763756036758423e-01
1.801182869821786880e-01
1.801003348082304001e-01
1.801659651100635529e-01
1.800957489758729935e-01
1.801099833101034164e-01
1.801665276288986206e-01
1.800980437546968460e-01
1.801591608673334122e-01
1.801714934408664703e-01
1.801335792988538742e-01
1.801154278218746185e-01
1.801046151667833328e-01
1.801167000085115433e-01
1.801090445369482040e-01
1.801575776189565659e-01
1.801818478852510452e-01
1.801377851516008377e-01
1.801250427961349487e-01
1.800711881369352341e-01
1.801050398498773575e-01
1.801197659224271774e-01
1.800947301089763641e-01
1.800996288657188416e-01
1.800909433513879776e-01
1.800860874354839325e-01
1.801577545702457428e-01
1.801053136587142944e-01
1.801154632121324539e-01
1.801224183291196823e-01
1.801242548972368240e-01
1.801478471606969833e-01
1.801678016781806946e-01
1.801242716610431671e-01
1.800857279449701309e-01
1.801168769598007202e-01
1.801144611090421677e-01
1.801874060183763504e-01
1.801394913345575333e-01
1.801503039896488190e-01
1.800949797034263611e-01
1.801069509238004684e-01
1.801027785986661911e-01
1.801522672176361084e-01
1.801533903926610947e-01
1.800835337489843369e-01
1.801493279635906219e-01
1.801020912826061249e-01
1.801240630447864532e-01
1.801092345267534256e-01
1.800995953381061554e-01
1.801200583577156067e-01
1.801222506910562515e-01
1.801330540329217911e-01
1.801141798496246338e-01
1.801215577870607376e-01
1.801158841699361801e-01
1.800701934844255447e-01
1.801141463220119476e-01
1.801366545259952545e-01
1.800947953015565872e-01
1.801308486610651016e-01
1.801324859261512756e-01
1.801320873200893402e-01
1.801559403538703918e-01
1.801289077848196030e-01
1.800883486866950989e-01
1.801223997026681900e-01
1.801147963851690292e-01
1.801284011453390121e-01
1.801016405224800110e-01
1.801447849720716476e-01
1.801184415817260742e-01
1.801054924726486206e-01
1.801452785730361938e-01
1.800905764102935791e-01
1.801523659378290176e-01
1.800966262817382812e-01
1.801337990909814835e-01
1.801327504217624664e-01
1.800962798297405243e-01
1.801072750240564346e-01
1.801134310662746429e-01
1.801206544041633606e-01
1.801523193717002869e-01
1.801732443273067474e-01
1.800807565450668335e-01
1.801035329699516296e-01
1.801079194992780685e-01
1.801290791481733322e-01
1.801159959286451340e-01
1.801053807139396667e-01
1.800794191658496857e-01
1.801460664719343185e-01
1.801935061812400818e-01
1.801543459296226501e-01
1.801577843725681305e-01
1.801076550036668777e-01
1.801462471485137939e-01
1.801456827670335770e-01
1.801243033260107040e-01
1.800729781389236450e-01
1.801178976893424988e-01
1.801250502467155457e-01
1.801247205585241318e-01
1.800983045250177383e-01
1.800936441868543625e-01
1.801454052329063416e-01
1.801532115787267685e-01
1.801341846585273743e-01
1.801384165883064270e-01
1.801195498555898666e-01
1.801112871617078781e-01
1.801129728555679321e-01
1.801311653107404709e-01
1.801175549626350403e-01
1.801182162016630173e-01
1.801569759845733643e-01
1.801274605095386505e-01
1.800959650427103043e-01
1.801239326596260071e-01
1.801367029547691345e-01
1.801384966820478439e-01
1.801015827804803848e-01
1.801186315715312958e-01
1.801180001348257065e-01
1.801033020019531250e-01
1.801307313144207001e-01
1.801191233098506927e-01
1.801817994564771652e-01
1.801278591156005859e-01
1.801376398652791977e-01
1.801128163933753967e-01
1.801477298140525818e-01
1.801122762262821198e-01
1.800923589617013931e-01
1.801534015685319901e-01
1.801112629473209381e-01
1.801772844046354294e-01
1.801095176488161087e-01
1.801210343837738037e-01
1.801424250006675720e-01
1.800949200987815857e-01
1.801057625561952591e-01
1.801049523055553436e-01
1.800938937813043594e-01
1.800860688090324402e-01
1.801050808280706406e-01
1.800817120820283890e-01
1.801124773919582367e-01
1.801309511065483093e-01
1.801529619842767715e-01
1.801277417689561844e-01
1.801266036927700043e-01
1.801330577582120895e-01
1.801116168498992920e-01
1.801247224211692810e-01
1.801283024251461029e-01
1.801429912447929382e-01
1.801071818917989731e-01
1.801025886088609695e-01
1.801268775016069412e-01
1.801105327904224396e-01
1.801203154027462006e-01
1.801289655268192291e-01
1.801347378641366959e-01
1.801639534533023834e-01
1.801398042589426041e-01
1.801071036607027054e-01
1.801188364624977112e-01
1.801343671977519989e-01
1.801134999841451645e-01
1.801523454487323761e-01
1.801146529614925385e-01
1.801197808235883713e-01
1.801572665572166443e-01
1.801262386143207550e-01
1.801172252744436264e-01
1.801182758063077927e-01
1.801376603543758392e-01
1.801005173474550247e-01
1.801111735403537750e-01
1.800931785255670547e-01
1.801092028617858887e-01
1.801551021635532379e-01
1.800987720489501953e-01
1.801331862807273865e-01
1.800822801887989044e-01
1.801236290484666824e-01
1.800786145031452179e-01
1.801325231790542603e-01
1.800942644476890564e-01
1.800838336348533630e-01
1.801630295813083649e-01
1.801338680088520050e-01
1.801158059388399124e-01
1.801330540329217911e-01
1.801425535231828690e-01
1.800884772092103958e-01
1.800699941813945770e-01
1.801143791526556015e-01
1.801025811582803726e-01
1.801534183323383331e-01
1.801220495253801346e-01
1.801220681518316269e-01
1.801132056862115860e-01
1.800869423896074295e-01
1.801029983907938004e-01
1.800991464406251907e-01
1.801105104386806488e-01
1.801576968282461166e-01
1.801374554634094238e-01
1.801144294440746307e-01
1.801185589283704758e-01
1.801152732223272324e-01
1.801312603056430817e-01
1.801327019929885864e-01
1.801218874752521515e-01
1.801041606813669205e-01
1.801054570823907852e-01
1.801320221275091171e-01
1.801266670227050781e-01
1.800631359219551086e-01
1.801144555211067200e-01
1.801303494721651077e-01
1.800911612808704376e-01
1.800762899219989777e-01
1.801310889422893524e-01
1.801134534180164337e-01
1.801455561071634293e-01
1.801091507077217102e-01
1.801256667822599411e-01
1.801600717008113861e-01
1.800818014889955521e-01
1.801279671490192413e-01
1.801046431064605713e-01
1.801378652453422546e-01
1.801081597805023193e-01
1.800997778773307800e-01
1.801181174814701080e-01
1.800897512584924698e-01
1.800750643014907837e-01
1.801122985780239105e-01
1.801184099167585373e-01
1.801122017204761505e-01
1.800751332193613052e-01
1.800789143890142441e-01
1.801072843372821808e-01
1.801174730062484741e-01
1.801488641649484634e-01
1.801318228244781494e-01
1.801158096641302109e-01
1.801519952714443207e-01
1.801228951662778854e-01
1.801368743181228638e-01
1.801226623356342316e-01
1.801097728312015533e-01
1.800952665507793427e-01
1.801280658692121506e-01
1.800990570336580276e-01
1.800854895263910294e-01
1.801072284579277039e-01
1.801084782928228378e-01
1.801407765597105026e-01
1.800910234451293945e-01
1.801468487828969955e-01
1.801045369356870651e-01
1.800989490002393723e-01
1.801291536539793015e-01
1.801194511353969574e-01
1.800854634493589401e-01
1.800702605396509171e-01
1.801110692322254181e-01
1.800924725830554962e-01
1.801239661872386932e-01
1.800868120044469833e-01
1.800763197243213654e-01
1.801296640187501907e-01
1.801249738782644272e-01
1.800905317068099976e-01
1.801049113273620605e-01
1.801037397235631943e-01
1.800940707325935364e-01
1.800743825733661652e-01
1.800982058048248291e-01
1.801494490355253220e-01
1.801111474633216858e-01
1.800707019865512848e-01
1.800968684256076813e-01
1.801137011498212814e-01
1.801463142037391663e-01
1.801300216466188431e-01
1.801475603133440018e-01
1.800820697098970413e-01
1.801112834364175797e-01
1.801230013370513916e-01
1.801009383052587509e-01
1.801519654691219330e-01
1.800787877291440964e-01
1.800722815096378326e-01
1.801143661141395569e-01
1.801035329699516296e-01
1.801298614591360092e-01
1.800747271627187729e-01
1.800965629518032074e-01
1.800983157008886337e-01
1.801336575299501419e-01
1.800734475255012512e-01
1.801375076174736023e-01
1.801048964262008667e-01
1.801546178758144379e-01
1.801058016717433929e-01
1.801275201141834259e-01
1.801037043333053589e-01
1.801188960671424866e-01
1.801357306540012360e-01
1.801124140620231628e-01
1.800947282463312149e-01
1.801306121051311493e-01
1.801253091543912888e-01
1.800979021936655045e-01
1.801022049039602280e-01
1.800902094691991806e-01
1.801407895982265472e-01
1.801149379462003708e-01
1.800939142704010010e-01
1.800958234816789627e-01
1.801438238471746445e-01
1.801154855638742447e-01
1.801372971385717392e-01
1.801074575632810593e-01
1.800866425037384033e-01
1.801222115755081177e-01
1.800867728888988495e-01
1.800672784447669983e-01
1.800946202129125595e-01
1.800999753177165985e-01
1.801055241376161575e-01
1.800936460494995117e-01
1.801380775868892670e-01
1.801034193485975266e-01
1.801290493458509445e-01
1.801356263458728790e-01
1.801057104021310806e-01
1.801448818296194077e-01
1.801051422953605652e-01
1.801099572330713272e-01
1.801319774240255356e-01
1.801242139190435410e-01
1.801223810762166977e-01
1.801372412592172623e-01
1.801374666392803192e-01
1.801416315138339996e-01
1.800859104841947556e-01
1.800770405679941177e-01
1.800945643335580826e-01
1.801178101450204849e-01
1.800947617739439011e-01
1.800867095589637756e-01
1.800899170339107513e-01
1.801339052617549896e-01
1.801091320812702179e-01
1.801035162061452866e-01
1.801324337720870972e-01
1.800865679979324341e-01
1.801124513149261475e-01
1.800652779638767242e-01
1.800715476274490356e-01
1.801181938499212265e-01
1.800974383950233459e-01
1.801090873777866364e-01
1.800994724035263062e-01
1.801093481481075287e-01
1.800705157220363617e-01
1.800854969769716263e-01
1.800945773720741272e-01
1.801445540040731430e-01
1.800832953304052353e-01
1.800925303250551224e-01
1.801073271781206131e-01
1.801039911806583405e-01
1.801183354109525681e-01
1.801054161041975021e-01
1.800923589617013931e-01
1.801276039332151413e-01
1.801306847482919693e-01
1.801263336092233658e-01
1.800996139645576477e-01
1.800947226583957672e-01
1.800914965569972992e-01
1.801084987819194794e-01
1.801069043576717377e-01
1.801112927496433258e-01
1.801377944648265839e-01
1.801041867583990097e-01
1.801133416593074799e-01
1.801284588873386383e-01
1.801278851926326752e-01
1.800918150693178177e-01
1.801192685961723328e-01
1.801038552075624466e-01
1.801469903439283371e-01
1.800615638494491577e-01
1.801421865820884705e-01
1.800600439310073853e-01
1.800845414400100708e-01
1.801290009170770645e-01
1.800688449293375015e-01
1.801178902387619019e-01
1.801099926233291626e-01
1.800746917724609375e-01
1.801130156964063644e-01
1.800846643745899200e-01
1.801093537360429764e-01
1.800828520208597183e-01
1.800985299050807953e-01
1.800967995077371597e-01
1.800527982413768768e-01
1.800721250474452972e-01
1.800907943397760391e-01
1.800951324403285980e-01
1.800954267382621765e-01
1.801040507853031158e-01
1.801137849688529968e-01
1.801626998931169510e-01
1.801350712776184082e-01
1.801231801509857178e-01
1.801271978765726089e-01
1.801226083189249039e-01
1.801208369433879852e-01
1.800937857478857040e-01
1.800901480019092560e-01
1.801088564097881317e-01
1.801055520772933960e-01
1.801052074879407883e-01
1.801156159490346909e-01
1.800803989171981812e-01
1.801165323704481125e-01
1.801070366054773331e-01
1.800967939198017120e-01
1.800933424383401871e-01
1.800925936549901962e-01
1.800761297345161438e-01
1.801269743591547012e-01
1.800919808447360992e-01
1.801690123975276947e-01
1.800831407308578491e-01
1.800850965082645416e-01
1.801219433546066284e-01
1.800980456173419952e-01
1.801335215568542480e-01
1.800998374819755554e-01
1.800815742462873459e-01
1.801125742495059967e-01
1.801155339926481247e-01
1.801233701407909393e-01
1.800806801766157150e-01
1.800917517393827438e-01
1.800945661962032318e-01
1.801270600408315659e-01
1.801008377224206924e-01
1.801016088575124741e-01
1.800708509981632233e-01
1.800855118781328201e-01
1.801119595766067505e-01
1.800916511565446854e-01
1.800988130271434784e-01
1.801067534834146500e-01
1.800838112831115723e-01
1.800894849002361298e-01
1.800984758883714676e-01
1.801204774528741837e-01
1.800977978855371475e-01
1.801698766648769379e-01
1.801279876381158829e-01
1.801295783370733261e-01
1.801108289510011673e-01
1.800820957869291306e-01
1.800751108676195145e-01
1.801316533237695694e-01
1.801099088042974472e-01
1.801329404115676880e-01
1.801509242504835129e-01
1.800943259149789810e-01
1.801047101616859436e-01
1.800809334963560104e-01
1.801069080829620361e-01
1.801118776202201843e-01
1.801223047077655792e-01
1.801265608519315720e-01
1.800974588841199875e-01
1.800839230418205261e-01
1.801025997847318649e-01
1.801009681075811386e-01
1.800983920693397522e-01
1.800728365778923035e-01
1.800985392183065414e-01
1.801064144819974899e-01
1.800783388316631317e-01
1.800836082547903061e-01
1.801292467862367630e-01
1.801005434244871140e-01
1.800882276147603989e-01
1.801017075777053833e-01
1.801488250494003296e-01
1.801198907196521759e-01
1.801087260246276855e-01
1.800756175071001053e-01
1.800852306187152863e-01
1.800879873335361481e-01
1.800747588276863098e-01
1.800963617861270905e-01
1.801158580929040909e-01
1.801079176366329193e-01
1.801248062402009964e-01
1.801073271781206131e-01
1.801053024828433990e-01
1.800964605063199997e-01
1.800767742097377777e-01
1.801125165075063705e-01
1.800818722695112228e-01
1.801054831594228745e-01
1.800926849246025085e-01
1.801288556307554245e-01
1.800917070358991623e-01
1.800880003720521927e-01
1.800897531211376190e-01
1.800837423652410507e-01
1.800956763327121735e-01
1.801159065216779709e-01
1.801339033991098404e-01
1.801672019064426422e-01
1.800942365080118179e-01
1.800945252180099487e-01
1.800853516906499863e-01
1.800867170095443726e-01
1.801062170416116714e-01
1.801345963031053543e-01
1.800938099622726440e-01
1.801019757986068726e-01
1.801162883639335632e-01
1.800991278141736984e-01
1.801061984151601791e-01
1.801143195480108261e-01
1.800977997481822968e-01
1.801214348524808884e-01
1.801016293466091156e-01
1.801240667700767517e-01
1.801283005625009537e-01
1.800637543201446533e-01
1.801217738538980484e-01
1.800967361778020859e-01
1.800688039511442184e-01
1.801064293831586838e-01
1.800938677042722702e-01
1.801352854818105698e-01
1.801243014633655548e-01
1.800722833722829819e-01
1.800780445337295532e-01
1.800991427153348923e-01
1.800931710749864578e-01
1.800942476838827133e-01
1.801454443484544754e-01
1.801313627511262894e-01
1.801044642925262451e-01
1.800976786762475967e-01
1.801273655146360397e-01
1.800757776945829391e-01
1.800950542092323303e-01
1.800939273089170456e-01
1.801171861588954926e-01
1.800989210605621338e-01
1.800964362919330597e-01
1.801110915839672089e-01
1.800878718495368958e-01
1.801163945347070694e-01
1.800765823572874069e-01
1.801008917391300201e-01
1.801030673086643219e-01
1.801061667501926422e-01
1.801227424293756485e-01
1.800915747880935669e-01
1.800857260823249817e-01
1.800915412604808807e-01
1.800989266484975815e-01
1.800837740302085876e-01
1.800726447254419327e-01
1.800800655037164688e-01
1.800913643091917038e-01
1.800930425524711609e-01
1.801230162382125854e-01
1.801198478788137436e-01
1.800973024219274521e-01
1.800839118659496307e-01
1.800950486212968826e-01
1.800815444439649582e-01
1.800687909126281738e-01
1.801014896482229233e-01
1.800997238606214523e-01
1.801213715225458145e-01
1.800898741930723190e-01
1.800962164998054504e-01
1.800565179437398911e-01
1.800823826342821121e-01
1.801110729575157166e-01
1.801033373922109604e-01
1.800935640931129456e-01
1.800908911973237991e-01
1.801120657473802567e-01
1.801007427275180817e-01
1.801102664321660995e-01
1.801229789853096008e-01
1.800849959254264832e-01
1.800836678594350815e-01
1.800679974257946014e-01
1.800693310797214508e-01
1.801002733409404755e-01
1.800562590360641479e-01
1.800675950944423676e-01
1.801080927252769470e-01
1.801087409257888794e-01
1.800997555255889893e-01
1.801237072795629501e-01
1.801057979464530945e-01
1.801043115556240082e-01
1.801230181008577347e-01
