1.800353643484413624e-01
1.800203337334096432e-01
1.800244562327861786e-01
1.800246103666722775e-01
1.800177711993455887e-01
1.800251733511686325e-01
1.800155453383922577e-01
1.800253163091838360e-01
1.800275957211852074e-01
1.800228138454258442e-01
1.800253763794898987e-01
1.800247859209775925e-01
1.800239281728863716e-01
1.800274662673473358e-01
1.800215360708534718e-01
1.800227733328938484e-01
1.800205670297145844e-01
1.800201395526528358e-01
1.800145865418016911e-01
1.800248031504452229e-01
1.800244189798831940e-01
1.800201800651848316e-01
1.800229586660861969e-01
1.800259742885828018e-01
1.800253973342478275e-01
1.800201907753944397e-01
1.800268869847059250e-01
1.800301400944590569e-01
1.800193083472549915e-01
1.800245582126080990e-01
1.800178904086351395e-01
1.800259379670023918e-01
1.800224715843796730e-01
1.800245214253664017e-01
1.800214340910315514e-01
1.800225675106048584e-01
1.800259649753570557e-01
1.800190373323857784e-01
1.800224888138473034e-01
1.800262094475328922e-01
1.800199844874441624e-01
1.800163784064352512e-01
1.800275100395083427e-01
1.800174042582511902e-01
1.800272436812520027e-01
1.800335948355495930e-01
1.800231095403432846e-01
1.800202489830553532e-01
1.800249968655407429e-01
1.800256879068911076e-01
1.800226508639752865e-01
1.800284790806472301e-01
1.800223249010741711e-01
1.800249591469764709e-01
1.800200971774756908e-01
1.800216212868690491e-01
1.800215770490467548e-01
1.800228785723447800e-01
1.800237437710165977e-01
1.800188957713544369e-01
1.800233018584549427e-01
1.800289261154830456e-01
1.800286197103559971e-01
1.800225004553794861e-01
1.800176054239273071e-01
1.800296353176236153e-01
1.800249749794602394e-01
1.800171122886240482e-01
1.800218657590448856e-01
1.800247901119291782e-01
1.800305414944887161e-01
1.800334872677922249e-01
1.800187057815492153e-01
1.800197022967040539e-01
1.800278150476515293e-01
1.800197036936879158e-01
1.800256273709237576e-01
1.800190429203212261e-01
1.800226019695401192e-01
1.800281009636819363e-01
1.800250774249434471e-01
1.800207840278744698e-01
1.800276646390557289e-01
1.800192287191748619e-01
1.800237181596457958e-01
1.800279435701668262e-01
1.800242844037711620e-01
1.800231956876814365e-01
1.800205241888761520e-01
1.800194778479635715e-01
1.800234285183250904e-01
1.800230620428919792e-01
1.800162745639681816e-01
1.800209204666316509e-01
1.800245144404470921e-01
1.800190485082566738e-01
1.800248618237674236e-01
1.800263887271285057e-01
1.800195914693176746e-01
1.800210024230182171e-01
1.800146372988820076e-01
1.800284488126635551e-01
1.800201772712171078e-01
1.800263384357094765e-01
1.800193320959806442e-01
1.800244185142219067e-01
1.800227174535393715e-01
1.800275701098144054e-01
1.800269233062863350e-01
1.800214867107570171e-01
1.800232999958097935e-01
1.800217670388519764e-01
1.800265838392078876e-01
1.800274141132831573e-01
1.800302267074584961e-01
1.800284702330827713e-01
1.800216785632073879e-01
1.800229493528604507e-01
1.800197996199131012e-01
1.800215863622725010e-01
1.800224306061863899e-01
1.800253572873771191e-01
1.800203113816678524e-01
1.800174983218312263e-01
1.800249470397830009e-01
1.800193777307868004e-01
1.800240217708051205e-01
1.800204454921185970e-01
1.800242122262716293e-01
1.800184897147119045e-01
1.800258355215191841e-01
1.800218401476740837e-01
1.800219221040606499e-01
1.800203062593936920e-01
1.800292138941586018e-01
1.800200114957988262e-01
1.800227430649101734e-01
1.800217223353683949e-01
1.800286597572267056e-01
1.800254872068762779e-01
1.800228958018124104e-01
1.800179560668766499e-01
1.800292767584323883e-01
1.800204548053443432e-01
1.800239011645317078e-01
1.800206685438752174e-01
1.800252902321517467e-01
1.800286634825170040e-01
1.800179029814898968e-01
1.800254429690539837e-01
1.800266867503523827e-01
1.800165935419499874e-01
1.800290835089981556e-01
1.800222913734614849e-01
1.800217502750456333e-01
1.800227542407810688e-01
1.800201102159917355e-01
1.800194000825285912e-01
1.800175514072179794e-01
1.800222625024616718e-01
1.800249600782990456e-01
1.800217954441905022e-01
1.800189386121928692e-01
1.800255966372787952e-01
1.800225265324115753e-01
1.800236580893397331e-01
1.800287682563066483e-01
1.800256660208106041e-01
1.800291710533201694e-01
1.800252827815711498e-01
1.800222489982843399e-01
1.800259808078408241e-01
1.800195993855595589e-01
1.800182415172457695e-01
1.800236473791301250e-01
1.800305917859077454e-01
1.800212296657264233e-01
1.800168841145932674e-01
1.800221628509461880e-01
1.800195272080600262e-01
1.800276441499590874e-01
1.800167821347713470e-01
1.800233866088092327e-01
1.800198978744447231e-01
1.800264674238860607e-01
1.800240585580468178e-01
1.800258662551641464e-01
1.800221572630107403e-01
1.800220445729792118e-01
1.800184533931314945e-01
1.800223388709127903e-01
1.800228804349899292e-01
1.800196450203657150e-01
1.800191001966595650e-01
1.800218438729643822e-01
1.800187863409519196e-01
1.800209353677928448e-01
1.800165846943855286e-01
1.800233959220349789e-01
1.800229731015861034e-01
1.800288660451769829e-01
1.800205330364406109e-01
1.800181902945041656e-01
1.800234359689056873e-01
1.800209796056151390e-01
1.800224990583956242e-01
1.800225307233631611e-01
1.800232650712132454e-01
1.800209218636155128e-01
1.800223672762513161e-01
1.800189628265798092e-01
1.800193125382065773e-01
1.800213358364999294e-01
1.800189199857413769e-01
1.800177418626844883e-01
1.800229931250214577e-01
1.800251165404915810e-01
1.800218676216900349e-01
1.800182312726974487e-01
1.800234206020832062e-01
1.800151863135397434e-01
1.800253414548933506e-01
1.800158666446805000e-01
1.800173898227512836e-01
1.800246727652847767e-01
1.800228538922965527e-01
1.800183607265353203e-01
1.800251798704266548e-01
1.800258182920515537e-01
1.800173600204288960e-01
1.800257121212780476e-01
1.800231151282787323e-01
1.800227384082973003e-01
1.800189795903861523e-01
1.800241824239492416e-01
1.800239565782248974e-01
1.800191160291433334e-01
1.800188012421131134e-01
1.800254816189408302e-01
1.800194256938993931e-01
1.800208673812448978e-01
1.800211193040013313e-01
1.800169921480119228e-01
1.800194471143186092e-01
1.800199202261865139e-01
1.800239444710314274e-01
1.800227793864905834e-01
1.800275188870728016e-01
1.800250560045242310e-01
1.800169516354799271e-01
1.800223640166223049e-01
1.800229931250214577e-01
1.800226615741848946e-01
1.800234671682119370e-01
1.800171122886240482e-01
1.800255188718438148e-01
1.800236981362104416e-01
1.800216650590300560e-01
1.800194727256894112e-01
1.800205912441015244e-01
1.800294029526412487e-01
1.800193255767226219e-01
1.800230224616825581e-01
1.800234760157763958e-01
1.800240324810147285e-01
1.800194773823022842e-01
1.800216631963849068e-01
1.800270099192857742e-01
1.800233446992933750e-01
1.800225661136209965e-01
1.800171388313174248e-01
1.800218103453516960e-01
1.800216003321111202e-01
1.800188384950160980e-01
1.800227356143295765e-01
1.800222508609294891e-01
1.800173935480415821e-01
1.800204818136990070e-01
1.800237582065165043e-01
1.800206545740365982e-01
1.800209735520184040e-01
1.800258066505193710e-01
1.800218666903674603e-01
1.800146684981882572e-01
1.800184175372123718e-01
1.800229665823280811e-01
1.800225763581693172e-01
1.800255170091986656e-01
1.800229405052959919e-01
1.800222937017679214e-01
1.800231379456818104e-01
1.800240431912243366e-01
1.800219928845763206e-01
1.800223183818161488e-01
1.800227533094584942e-01
1.800218308344483376e-01
1.800173739902675152e-01
1.800207286141812801e-01
1.800181190483272076e-01
1.800191728398203850e-01
1.800194559618830681e-01
1.800183383747935295e-01
1.800236171111464500e-01
1.800188575871288776e-01
1.800212459638714790e-01
1.800167788751423359e-01
1.800256599672138691e-01
1.800184668973088264e-01
1.800203528255224228e-01
1.800174401141703129e-01
1.800166494213044643e-01
1.800219477154314518e-01
1.800208762288093567e-01
1.800196873955428600e-01
1.800248483195900917e-01
1.800204627215862274e-01
1.800198550336062908e-01
1.800269107334315777e-01
1.800226853229105473e-01
1.800186466425657272e-01
1.800230629742145538e-01
1.800213153474032879e-01
1.800212534144520760e-01
1.800245679914951324e-01
1.800209884531795979e-01
1.800241745077073574e-01
1.800237041898071766e-01
1.800180338323116302e-01
1.800231141969561577e-01
1.800231812521815300e-01
1.800217558629810810e-01
1.800282960757613182e-01
1.800230289809405804e-01
1.800201777368783951e-01
1.800185353495180607e-01
1.800202806480228901e-01
1.800182922743260860e-01
1.800228161737322807e-01
1.800190629437565804e-01
1.800186247564852238e-01
1.800201972946524620e-01
1.800174489617347717e-01
1.800222932361066341e-01
1.800187346525490284e-01
1.800156529061496258e-01
1.800157749094069004e-01
1.800189828500151634e-01
1.800285317003726959e-01
1.800242508761584759e-01
1.800207640044391155e-01
1.800191868096590042e-01
1.800254532136023045e-01
1.800219048745930195e-01
1.800258033908903599e-01
1.800226890482008457e-01
1.800209847278892994e-01
1.800167439505457878e-01
1.800235179252922535e-01
1.800196613185107708e-01
1.800198578275740147e-01
1.800192277878522873e-01
1.800195300020277500e-01
1.800172119401395321e-01
1.800147234462201595e-01
1.800239607691764832e-01
1.800251947715878487e-01
1.800244865007698536e-01
1.800268124788999557e-01
1.800227174535393715e-01
1.800227444618940353e-01
1.800200855359435081e-01
1.800205451436340809e-01
1.800227672792971134e-01
1.800215723924338818e-01
1.800192692317068577e-01
1.800177237018942833e-01
1.800172221846878529e-01
1.800226466730237007e-01
1.800271375104784966e-01
1.800196371041238308e-01
1.800236860290169716e-01
1.800194564275443554e-01
1.800156268291175365e-01
1.800230201333761215e-01
1.800212264060974121e-01
1.800186303444206715e-01
1.800193474628031254e-01
1.800255868583917618e-01
1.800178601406514645e-01
1.800177246332168579e-01
1.800243658944964409e-01
1.800182252191007137e-01
1.800198187120258808e-01
1.800218434073030949e-01
1.800122060813009739e-01
1.800230201333761215e-01
1.800194601528346539e-01
1.800188603810966015e-01
1.800165865570306778e-01
1.800136375240981579e-01
1.800144906155765057e-01
1.800181409344077110e-01
1.800159648992121220e-01
1.800196981057524681e-01
1.800164850428700447e-01
1.800164007581770420e-01
1.800180138088762760e-01
1.800214513204991817e-01
1.800237363204360008e-01
1.800212403759360313e-01
1.800198215059936047e-01
1.800191653892397881e-01
1.800160785205662251e-01
1.800123378634452820e-01
1.800218862481415272e-01
1.800248152576386929e-01
1.800214811228215694e-01
1.800173404626548290e-01
1.800201246514916420e-01
1.800145031884312630e-01
1.800175709649920464e-01
1.800144156441092491e-01
1.800203281454741955e-01
1.800176827237010002e-01
1.800231100060045719e-01
1.800177791155874729e-01
1.800228599458932877e-01
1.800199653953313828e-01
1.800185604952275753e-01
1.800220203585922718e-01
1.800173469819128513e-01
1.800156324170529842e-01
1.800161893479526043e-01
1.800219947472214699e-01
1.800121744163334370e-01
1.800166899338364601e-01
1.800237200222909451e-01
1.800189842469990253e-01
1.800185767933726311e-01
1.800187742337584496e-01
1.800219635479152203e-01
1.800162903964519501e-01
1.800165483728051186e-01
1.800174536183476448e-01
1.800199835561215878e-01
1.800205581821501255e-01
1.800245200283825397e-01
1.800194378010928631e-01
1.800133273936808109e-01
1.800217656418681145e-01
1.800255342386662960e-01
1.800186773762106895e-01
1.800192943774163723e-01
1.800193320959806442e-01
1.800221242010593414e-01
1.800257829017937183e-01
1.800193702802062035e-01
1.800198028795421124e-01
1.800209293141961098e-01
1.800170075148344040e-01
1.800232743844389915e-01
1.800202326849102974e-01
1.800198084674775600e-01
1.800165814347565174e-01
1.800188357010483742e-01
1.800142214633524418e-01
1.800209889188408852e-01
1.800217474810779095e-01
1.800171267241239548e-01
1.800208925269544125e-01
1.800204003229737282e-01
1.800141800194978714e-01
1.800214797258377075e-01
1.800151411443948746e-01
1.800166615284979343e-01
1.800221465528011322e-01
1.800223225727677345e-01
1.800182284787297249e-01
1.800199989229440689e-01
1.800161460414528847e-01
1.800140119157731533e-01
1.800214424729347229e-01
1.800131881609559059e-01
1.800181427970528603e-01
1.800182620063424110e-01
1.800179076381027699e-01
1.800244343467056751e-01
1.800236026756465435e-01
1.800214443355798721e-01
1.800241433084011078e-01
1.800168612971901894e-01
1.800116030499339104e-01
1.800227970816195011e-01
1.800182554870843887e-01
1.800184794701635838e-01
1.800186992622911930e-01
1.800194066017866135e-01
1.800188939087092876e-01
1.800282327458262444e-01
1.800200543366372585e-01
1.800189954228699207e-01
1.800173679366707802e-01
1.800126354210078716e-01
1.800201670266687870e-01
1.800165832974016666e-01
1.800202978774905205e-01
1.800214750692248344e-01
1.800177022814750671e-01
1.800163537263870239e-01
1.800189963541924953e-01
1.800195584073662758e-01
1.800122144632041454e-01
1.800232627429068089e-01
1.800163472071290016e-01
1.800176445394754410e-01
1.800169795751571655e-01
1.800123658031225204e-01
1.800224175676703453e-01
1.800216855481266975e-01
1.800182377919554710e-01
1.800172361545264721e-01
1.800129855982959270e-01
1.800126284360885620e-01
1.800126768648624420e-01
1.800194894894957542e-01
1.800239640288054943e-01
1.800175728276371956e-01
1.800150792114436626e-01
1.800162582658231258e-01
1.800151155330240726e-01
1.800216510891914368e-01
1.800116072408854961e-01
1.800218275748193264e-01
1.800144510343670845e-01
1.800147611647844315e-01
1.800206350162625313e-01
1.800177535042166710e-01
1.800133595243096352e-01
1.800211598165333271e-01
1.800208562053740025e-01
1.800210583023726940e-01
1.800194410607218742e-01
1.800191188231110573e-01
1.800175001844763756e-01
1.800175174139440060e-01
1.800112989731132984e-01
1.800206922926008701e-01
1.800205204635858536e-01
1.800124188885092735e-01
1.800192794762551785e-01
1.800197931006550789e-01
1.800190280191600323e-01
1.800172869116067886e-01
1.800193241797387600e-01
1.800162773579359055e-01
1.800211011432111263e-01
1.800198904238641262e-01
1.800181828439235687e-01
1.800098423846065998e-01
1.800174522213637829e-01
1.800172580406069756e-01
1.800204208120703697e-01
1.800235430710017681e-01
1.800200412981212139e-01
1.800229386426508427e-01
1.800197190605103970e-01
1.800201130099594593e-01
1.800130186602473259e-01
1.800164002925157547e-01
1.800126326270401478e-01
1.800154866650700569e-01
1.800193404778838158e-01
1.800164617598056793e-01
1.800273386761546135e-01
1.800182648003101349e-01
1.800208301283419132e-01
1.800163988955318928e-01
1.800154703669250011e-01
1.800262685865163803e-01
1.800170796923339367e-01
1.800180166028439999e-01
1.800179514102637768e-01
1.800151034258306026e-01
1.800139560364186764e-01
1.800170997157692909e-01
1.800161148421466351e-01
1.800213032402098179e-01
1.800175388343632221e-01
1.800197325646877289e-01
1.800207737833261490e-01
1.800181171856820583e-01
1.800169693306088448e-01
1.800188873894512653e-01
1.800154852680861950e-01
1.800145017914474010e-01
1.800110545009374619e-01
1.800192240625619888e-01
1.800161148421466351e-01
1.800153525546193123e-01
1.800150298513472080e-01
1.800181297585368156e-01
1.800153418444097042e-01
1.800186415202915668e-01
1.800147499889135361e-01
1.800124472938477993e-01
1.800185125321149826e-01
1.800171993672847748e-01
1.800130205228924751e-01
1.800138857215642929e-01
1.800193176604807377e-01
1.800149362534284592e-01
1.800129404291510582e-01
1.800227998755872250e-01
1.800231272354722023e-01
1.800131374038755894e-01
1.800126624293625355e-01
1.800209037028253078e-01
1.800211318768560886e-01
1.800178242847323418e-01
1.800233856774866581e-01
1.800162647850811481e-01
1.800127848982810974e-01
1.800131052732467651e-01
1.800219733268022537e-01
1.800201809965074062e-01
1.800192394293844700e-01
1.800134074874222279e-01
1.800135122612118721e-01
1.800141283310949802e-01
1.800136794336140156e-01
1.800137110985815525e-01
1.800135718658566475e-01
1.800178592093288898e-01
1.800100211985409260e-01
1.800183909945189953e-01
1.800191155634820461e-01
1.800147718749940395e-01
1.800140682607889175e-01
1.800162452273070812e-01
1.800141520798206329e-01
1.800119429826736450e-01
1.800245004706084728e-01
1.800178443081676960e-01
1.800150657072663307e-01
1.800168878398835659e-01
1.800156463868916035e-01
1.800140598788857460e-01
1.800166000612080097e-01
1.800180273130536079e-01
1.800177721306681633e-01
1.800175877287983894e-01
1.800174564123153687e-01
1.800134922377765179e-01
1.800125157460570335e-01
1.800251989625394344e-01
1.800237242132425308e-01
1.800173292867839336e-01
1.800153683871030807e-01
1.800130009651184082e-01
1.800182624720036983e-01
1.800170824863016605e-01
1.800140016712248325e-01
1.800167132169008255e-01
1.800151146017014980e-01
1.800158102996647358e-01
1.800213344395160675e-01
1.800170405767858028e-01
1.800147606991231441e-01
1.800215169787406921e-01
1.800168887712061405e-01
1.800150661729276180e-01
1.800136892125010490e-01
1.800148640759289265e-01
1.800153264775872231e-01
1.800124198198318481e-01
1.800163914449512959e-01
1.800143867731094360e-01
1.800217716954648495e-01
1.800153269432485104e-01
1.800161460414528847e-01
1.800177181139588356e-01
1.800206056796014309e-01
1.800202457234263420e-01
1.800240967422723770e-01
1.800150163471698761e-01
1.800114233046770096e-01
1.800168277695775032e-01
1.800182247534394264e-01
1.800140915438532829e-01
1.800134726800024509e-01
1.800224753096699715e-01
1.800152249634265900e-01
1.800177968107163906e-01
1.800145884044468403e-01
1.800178089179098606e-01
1.800129357725381851e-01
1.800185278989374638e-01
1.800097175873816013e-01
1.800191104412078857e-01
1.800182005390524864e-01
1.800175076350569725e-01
1.800125553272664547e-01
1.800109487958252430e-01
1.800154158845543861e-01
1.800144766457378864e-01
1.800132123753428459e-01
1.800152161158621311e-01
1.800133860670030117e-01
1.800145157612860203e-01
1.800146731548011303e-01
1.800131183117628098e-01
1.800214303657412529e-01
1.800170643255114555e-01
1.800164231099188328e-01
1.800088523887097836e-01
1.800178154371678829e-01
1.800113637000322342e-01
1.800143145956099033e-01
1.800130489282310009e-01
1.800174382515251637e-01
1.800195970572531223e-01
1.800184990279376507e-01
1.800174843519926071e-01
1.800186475738883018e-01
1.800155229866504669e-01
1.800153395161032677e-01
1.800196049734950066e-01
1.800162759609520435e-01
1.800163751468062401e-01
1.800128547474741936e-01
1.800136733800172806e-01
1.800145609304308891e-01
1.800117725506424904e-01
1.800165879540145397e-01
1.800174894742667675e-01
1.800174801610410213e-01
1.800167243927717209e-01
1.800106749869883060e-01
1.800165595486760139e-01
1.800146554596722126e-01
1.800135062076151371e-01
1.800143793225288391e-01
1.800195639953017235e-01
1.800230415537953377e-01
1.800151155330240726e-01
1.800180668942630291e-01
1.800124030560255051e-01
1.800129632465541363e-01
1.800116207450628281e-01
1.800141953863203526e-01
1.800194908864796162e-01
1.800141669809818268e-01
1.800155881792306900e-01
1.800180664286017418e-01
1.800158624537289143e-01
1.800207630731165409e-01
1.800159718841314316e-01
1.800149981863796711e-01
1.800170205533504486e-01
1.800158438272774220e-01
1.800124263390898705e-01
1.800156678073108196e-01
1.800136375240981579e-01
1.800122065469622612e-01
1.800210759975016117e-01
1.800188245251774788e-01
1.800153255462646484e-01
1.800133334472775459e-01
1.800131853669881821e-01
1.800104859285056591e-01
1.800118205137550831e-01
1.800142172724008560e-01
1.800125930458307266e-01
1.800195043906569481e-01
1.800135732628405094e-01
1.800140053965151310e-01
1.800146396271884441e-01
1.800118484534323215e-01
1.800116994418203831e-01
1.800113576464354992e-01
1.800114046782255173e-01
1.800131215713918209e-01
1.800129553303122520e-01
1.800186838954687119e-01
1.800148538313806057e-01
1.800103490240871906e-01
1.800143034197390079e-01
1.800186471082270145e-01
1.800215248949825764e-01
1.800147369503974915e-01
1.800093315541744232e-01
1.800108933821320534e-01
1.800140682607889175e-01
1.800128621980547905e-01
1.800150433555245399e-01
1.800136445090174675e-01
1.800145837478339672e-01
1.800112519413232803e-01
1.800124556757509708e-01
1.800175271928310394e-01
1.800094647333025932e-01
1.800179709680378437e-01
1.800116156227886677e-01
1.800113376230001450e-01
1.800120407715439796e-01
1.800145115703344345e-01
1.800122275017201900e-01
1.800121534615755081e-01
1.800154880620539188e-01
1.800120896659791470e-01
1.800162694416940212e-01
1.800160487182438374e-01
1.800178224220871925e-01
1.800121096894145012e-01
1.800130652263760567e-01
1.800106898881494999e-01
1.800166727043688297e-01
1.800099220126867294e-01
1.800107085146009922e-01
1.800165767781436443e-01
1.800125599838793278e-01
1.800129259936511517e-01
1.800116705708205700e-01
1.800149790942668915e-01
1.800130782648921013e-01
1.800101841799914837e-01
1.800150522030889988e-01
1.800134633667767048e-01
1.800116319209337234e-01
1.800144971348345280e-01
1.800104519352316856e-01
1.800113692879676819e-01
1.800157097168266773e-01
1.800118735991418362e-01
1.800157516263425350e-01
1.800106875598430634e-01
1.800072616897523403e-01
1.800182629376649857e-01
1.800195695832371712e-01
1.800112188793718815e-01
1.800153111107647419e-01
1.800096943043172359e-01
1.800171183422207832e-01
1.800144840963184834e-01
1.800164715386927128e-01
1.800145143643021584e-01
1.800150251947343349e-01
1.800182070583105087e-01
1.800114084035158157e-01
1.800090754404664040e-01
1.800137553364038467e-01
1.800097636878490448e-01
1.800173451192677021e-01
1.800111173652112484e-01
1.800106409937143326e-01
1.800118437968194485e-01
1.800108198076486588e-01
1.800126284360885620e-01
1.800086242146790028e-01
1.800154573284089565e-01
1.800144505687057972e-01
1.800112668424844742e-01
1.800093469209969044e-01
1.800124971196055412e-01
1.800101259723305702e-01
1.800104817375540733e-01
1.800093459896743298e-01
1.800176603719592094e-01
1.800122591666877270e-01
1.800184627063572407e-01
1.800100239925086498e-01
1.800119085237383842e-01
1.800140012055635452e-01
1.800111471675336361e-01
1.800154768861830235e-01
1.800085017457604408e-01
1.800129693001508713e-01
1.800152584910392761e-01
1.800086353905498981e-01
1.800096519291400909e-01
1.800121767446398735e-01
1.800126349553465843e-01
1.800167872570455074e-01
1.800099723041057587e-01
1.800111476331949234e-01
1.800106321461498737e-01
1.800055024214088917e-01
1.800138428807258606e-01
1.800134638324379921e-01
1.800127010792493820e-01
1.800101818516850471e-01
1.800094023346900940e-01
1.800134982913732529e-01
1.800167211331427097e-01
1.800094456411898136e-01
1.800135243684053421e-01
1.800132668577134609e-01
1.800173697993159294e-01
1.800078083761036396e-01
1.800120333209633827e-01
1.800103532150387764e-01
1.800143825821578503e-01
1.800086614675819874e-01
1.800083839334547520e-01
1.800085669383406639e-01
1.800138968974351883e-01
1.800159257836639881e-01
1.800102354027330875e-01
1.800101152621209621e-01
1.800142293795943260e-01
1.800165534950792789e-01
1.800075573846697807e-01
1.800105147995054722e-01
1.800124258734285831e-01
1.800104915164411068e-01
1.800117474049329758e-01
1.800144105218350887e-01
1.800097352825105190e-01
1.800093925558030605e-01
1.800070172175765038e-01
1.800058726221323013e-01
1.800092109479010105e-01
1.800128403119742870e-01
1.800158726982772350e-01
1.800106856971979141e-01
1.800096314400434494e-01
1.800142321735620499e-01
1.800121213309466839e-01
1.800147155299782753e-01
1.800096053630113602e-01
1.800091452896595001e-01
1.800105823203921318e-01
1.800100100226700306e-01
1.800112975761294365e-01
1.800081785768270493e-01
1.800142205320298672e-01
1.800091774202883244e-01
1.800156389363110065e-01
1.800134363584220409e-01
1.800128710456192493e-01
1.800089813768863678e-01
1.800106083974242210e-01
1.800073804333806038e-01
1.800112579949200153e-01
1.800162200815975666e-01
1.800158652476966381e-01
1.800110791809856892e-01
1.800150359049439430e-01
1.800071601755917072e-01
1.800073254853487015e-01
1.800083233974874020e-01
1.800086796283721924e-01
1.800107061862945557e-01
1.800130307674407959e-01
1.800089539028704166e-01
1.800132757052779198e-01
1.800079694949090481e-01
1.800078442320227623e-01
1.800102638080716133e-01
1.800121557898819447e-01
1.800106819719076157e-01
1.800097189843654633e-01
1.800148701295256615e-01
1.800084533169865608e-01
1.800092547200620174e-01
1.800122829154133797e-01
1.800114298239350319e-01
1.800092607736587524e-01
1.800092570483684540e-01
1.800121711567044258e-01
1.800093296915292740e-01
1.800111350603401661e-01
1.800081916153430939e-01
1.800066749565303326e-01
1.800144119188189507e-01
1.800095038488507271e-01
1.800105543807148933e-01
1.800079364329576492e-01
1.800122279673814774e-01
1.800091690383851528e-01
1.800074237398803234e-01
1.800136296078562737e-01
1.800064188428223133e-01
1.800104230642318726e-01
1.800103369168937206e-01
1.800102489069104195e-01
1.800142708234488964e-01
1.800123709253966808e-01
1.800162084400653839e-01
1.800106680020689964e-01
1.800139313563704491e-01
1.800089194439351559e-01
1.800119923427700996e-01
1.800116575323045254e-01
1.800118475221097469e-01
1.800138377584517002e-01
1.800090530887246132e-01
1.800098256208002567e-01
1.800086260773241520e-01
1.800053906626999378e-01
1.800100407563149929e-01
