5.000000000000000278e-02
5.000000000000000278e-02
5.000000000000000278e-02
5.000000000000000278e-02
4.800000000000000100e-02
4.750000000000000056e-02
4.599999999999999922e-02
5.324999999999999872e-02
5.475000000000000006e-02
5.075000000000000344e-02
5.249999999999999806e-02
5.149999999999999717e-02
6.149999999999999911e-02
7.025000000000000688e-02
8.624999999999999334e-02
1.340000000000000080e-01
1.255000000000000004e-01
1.277500000000000024e-01
1.179999999999999938e-01
1.039999999999999952e-01
1.019999999999999934e-01
1.027499999999999941e-01
1.327500000000000069e-01
1.332500000000000073e-01
1.375000000000000111e-01
1.467499999999999916e-01
1.380000000000000115e-01
1.130000000000000032e-01
9.600000000000000200e-02
1.337500000000000078e-01
1.575000000000000011e-01
1.464999999999999913e-01
1.125000000000000028e-01
1.320000000000000062e-01
1.782499999999999918e-01
1.657500000000000084e-01
1.332500000000000073e-01
1.489999999999999936e-01
1.719999999999999862e-01
1.955000000000000071e-01
1.307500000000000051e-01
2.007500000000000118e-01
1.590000000000000024e-01
1.799999999999999933e-01
1.980000000000000093e-01
1.590000000000000024e-01
1.757499999999999896e-01
1.229999999999999982e-01
1.519999999999999962e-01
1.672500000000000098e-01
1.935000000000000053e-01
1.910000000000000031e-01
1.097500000000000003e-01
1.062499999999999972e-01
1.519999999999999962e-01
1.054999999999999966e-01
1.250000000000000000e-01
1.499999999999999944e-01
1.729999999999999871e-01
1.685000000000000109e-01
1.829999999999999960e-01
1.807499999999999940e-01
1.512499999999999956e-01
1.712500000000000133e-01
1.402500000000000135e-01
1.722499999999999865e-01
2.079999999999999905e-01
1.632500000000000062e-01
2.192500000000000004e-01
1.859999999999999987e-01
1.622500000000000053e-01
1.527499999999999969e-01
1.774999999999999911e-01
1.347500000000000087e-01
2.575000000000000067e-01
2.267500000000000071e-01
1.997500000000000109e-01
1.777499999999999913e-01
2.237500000000000044e-01
2.127499999999999947e-01
1.779999999999999916e-01
1.792499999999999927e-01
1.260000000000000009e-01
1.670000000000000095e-01
2.074999999999999900e-01
2.182499999999999996e-01
1.345000000000000084e-01
1.782499999999999918e-01
1.617500000000000049e-01
2.924999999999999822e-01
1.797499999999999931e-01
2.147499999999999964e-01
1.034999999999999948e-01
9.850000000000000422e-02
1.612500000000000044e-01
2.025000000000000133e-01
2.220000000000000029e-01
1.822499999999999953e-01
1.940000000000000058e-01
1.769999999999999907e-01
2.295000000000000095e-01
2.149999999999999967e-01
1.992500000000000104e-01
1.145000000000000046e-01
1.360000000000000098e-01
1.489999999999999936e-01
2.190000000000000002e-01
2.454999999999999960e-01
2.300000000000000100e-01
2.087499999999999911e-01
1.382500000000000118e-01
1.224999999999999978e-01
1.189999999999999947e-01
1.632500000000000062e-01
1.552499999999999991e-01
1.754999999999999893e-01
1.519999999999999962e-01
1.580000000000000016e-01
2.577499999999999791e-01
1.852499999999999980e-01
1.970000000000000084e-01
1.602500000000000036e-01
2.159999999999999976e-01
1.842499999999999971e-01
1.952500000000000069e-01
2.797499999999999987e-01
1.705000000000000127e-01
1.962500000000000078e-01
1.977500000000000091e-01
2.315000000000000113e-01
2.600000000000000089e-01
1.880000000000000004e-01
1.549999999999999989e-01
2.772499999999999964e-01
1.739999999999999880e-01
2.062499999999999889e-01
2.179999999999999993e-01
1.804999999999999938e-01
1.997500000000000109e-01
1.577500000000000013e-01
1.620000000000000051e-01
1.207499999999999962e-01
1.980000000000000093e-01
1.739999999999999880e-01
6.925000000000000600e-02
1.724999999999999867e-01
1.675000000000000100e-01
2.240000000000000047e-01
1.577500000000000013e-01
2.800000000000000266e-01
1.392500000000000127e-01
1.397500000000000131e-01
1.407499999999999862e-01
1.407499999999999862e-01
1.955000000000000071e-01
2.672499999999999876e-01
1.987500000000000100e-01
2.112499999999999933e-01
2.605000000000000093e-01
2.087499999999999911e-01
2.492499999999999993e-01
2.149999999999999967e-01
1.927500000000000047e-01
1.437499999999999889e-01
2.142499999999999960e-01
2.205000000000000016e-01
3.044999999999999929e-01
2.829999999999999738e-01
1.507499999999999951e-01
1.992500000000000104e-01
1.769999999999999907e-01
2.515000000000000013e-01
1.524999999999999967e-01
2.062499999999999889e-01
2.082499999999999907e-01
2.042499999999999871e-01
2.459999999999999964e-01
1.749999999999999889e-01
1.680000000000000104e-01
1.587500000000000022e-01
1.682500000000000107e-01
2.382499999999999896e-01
2.232500000000000040e-01
2.187500000000000000e-01
2.454999999999999960e-01
2.335000000000000131e-01
2.537499999999999756e-01
2.707499999999999907e-01
2.230000000000000038e-01
3.004999999999999893e-01
2.497499999999999998e-01
2.225000000000000033e-01
1.827499999999999958e-01
2.072499999999999898e-01
1.762499999999999900e-01
2.212500000000000022e-01
3.302499999999999880e-01
2.790000000000000258e-01
2.547499999999999765e-01
2.310000000000000109e-01
2.617499999999999827e-01
1.360000000000000098e-01
1.429999999999999882e-01
2.545000000000000040e-01
2.062499999999999889e-01
1.920000000000000040e-01
2.129999999999999949e-01
2.802499999999999991e-01
1.854999999999999982e-01
2.197500000000000009e-01
2.484999999999999987e-01
1.832499999999999962e-01
2.864999999999999769e-01
2.212500000000000022e-01
2.167499999999999982e-01
2.079999999999999905e-01
2.167499999999999982e-01
2.154999999999999971e-01
2.192500000000000004e-01
2.745000000000000218e-01
2.502499999999999725e-01
3.132499999999999729e-01
2.010000000000000120e-01
3.002500000000000169e-01
1.907500000000000029e-01
2.112499999999999933e-01
1.637500000000000067e-01
1.647500000000000075e-01
1.854999999999999982e-01
1.302500000000000047e-01
1.272500000000000020e-01
1.007500000000000062e-01
3.167499999999999760e-01
2.412499999999999922e-01
1.827499999999999958e-01
2.059999999999999887e-01
3.410000000000000253e-01
2.357499999999999873e-01
3.397499999999999964e-01
2.570000000000000062e-01
1.807499999999999940e-01
1.715000000000000135e-01
2.172499999999999987e-01
1.747499999999999887e-01
1.890000000000000013e-01
2.454999999999999960e-01
1.705000000000000127e-01
1.514999999999999958e-01
1.880000000000000004e-01
1.809999999999999942e-01
2.894999999999999796e-01
2.834999999999999742e-01
2.745000000000000218e-01
2.064999999999999891e-01
2.374999999999999889e-01
2.297500000000000098e-01
2.419999999999999929e-01
2.367499999999999882e-01
2.020000000000000129e-01
2.977500000000000147e-01
3.069999999999999951e-01
2.337500000000000133e-01
2.417499999999999927e-01
2.677499999999999880e-01
2.732499999999999929e-01
2.755000000000000226e-01
2.297500000000000098e-01
2.630000000000000115e-01
2.540000000000000036e-01
2.302500000000000102e-01
2.782499999999999973e-01
1.887500000000000011e-01
1.742499999999999882e-01
2.119999999999999940e-01
2.647499999999999853e-01
2.580000000000000071e-01
2.819999999999999729e-01
2.372499999999999887e-01
2.187500000000000000e-01
2.452499999999999958e-01
1.905000000000000027e-01
1.597500000000000031e-01
2.437499999999999944e-01
1.285000000000000031e-01
1.680000000000000104e-01
2.369999999999999885e-01
3.322499999999999898e-01
1.285000000000000031e-01
2.369999999999999885e-01
2.897500000000000075e-01
2.522499999999999742e-01
3.267499999999999849e-01
2.325000000000000122e-01
2.272500000000000075e-01
2.750000000000000222e-01
2.409999999999999920e-01
2.172499999999999987e-01
1.492499999999999938e-01
2.530000000000000027e-01
1.817499999999999949e-01
2.612499999999999822e-01
1.844999999999999973e-01
1.827499999999999958e-01
2.542499999999999760e-01
1.782499999999999918e-01
2.500000000000000000e-01
2.340000000000000135e-01
2.320000000000000118e-01
3.097500000000000253e-01
2.592499999999999805e-01
2.640000000000000124e-01
1.537499999999999978e-01
2.944999999999999840e-01
1.809999999999999942e-01
2.467499999999999971e-01
2.109999999999999931e-01
2.675000000000000155e-01
2.399999999999999911e-01
2.635000000000000120e-01
3.059999999999999942e-01
2.515000000000000013e-01
3.327499999999999902e-01
2.792499999999999982e-01
2.602499999999999813e-01
2.302500000000000102e-01
3.147499999999999742e-01
2.132499999999999951e-01
2.437499999999999944e-01
2.647499999999999853e-01
2.434999999999999942e-01
2.667499999999999871e-01
1.467499999999999916e-01
3.292499999999999871e-01
2.899999999999999800e-01
2.660000000000000142e-01
2.640000000000000124e-01
2.964999999999999858e-01
2.192500000000000004e-01
2.439999999999999947e-01
2.097499999999999920e-01
1.650000000000000078e-01
2.454999999999999960e-01
2.587499999999999800e-01
2.717499999999999916e-01
2.527499999999999747e-01
3.282499999999999862e-01
2.387499999999999900e-01
1.890000000000000013e-01
2.640000000000000124e-01
1.302500000000000047e-01
2.137499999999999956e-01
1.132500000000000034e-01
2.290000000000000091e-01
2.540000000000000036e-01
2.625000000000000111e-01
2.472499999999999976e-01
2.459999999999999964e-01
3.342499999999999916e-01
2.715000000000000191e-01
2.772499999999999964e-01
3.017500000000000182e-01
2.802499999999999991e-01
2.819999999999999729e-01
2.109999999999999931e-01
2.444999999999999951e-01
3.150000000000000022e-01
2.677499999999999880e-01
3.207499999999999796e-01
2.762499999999999956e-01
2.402499999999999913e-01
1.859999999999999987e-01
1.930000000000000049e-01
1.995000000000000107e-01
2.517499999999999738e-01
3.604999999999999871e-01
3.122500000000000275e-01
2.812500000000000000e-01
1.980000000000000093e-01
2.974999999999999867e-01
3.325000000000000178e-01
1.827499999999999958e-01
2.377499999999999891e-01
1.792499999999999927e-01
3.049999999999999933e-01
2.462499999999999967e-01
2.459999999999999964e-01
3.624999999999999889e-01
2.974999999999999867e-01
3.449999999999999734e-01
2.632499999999999840e-01
1.782499999999999918e-01
2.805000000000000271e-01
2.010000000000000120e-01
2.020000000000000129e-01
2.605000000000000093e-01
2.492499999999999993e-01
2.062499999999999889e-01
2.620000000000000107e-01
2.305000000000000104e-01
1.607500000000000040e-01
2.592499999999999805e-01
3.392499999999999960e-01
2.187500000000000000e-01
2.567499999999999782e-01
2.182499999999999996e-01
2.872500000000000053e-01
2.077499999999999902e-01
2.439999999999999947e-01
2.104999999999999927e-01
2.235000000000000042e-01
2.200000000000000011e-01
3.192499999999999782e-01
3.277499999999999858e-01
2.904999999999999805e-01
1.532499999999999973e-01
2.597499999999999809e-01
2.839999999999999747e-01
3.004999999999999893e-01
1.610000000000000042e-01
1.660000000000000087e-01
2.117499999999999938e-01
2.354999999999999871e-01
1.372500000000000109e-01
2.600000000000000089e-01
2.042499999999999871e-01
2.025000000000000133e-01
2.217500000000000027e-01
1.219999999999999973e-01
2.389999999999999902e-01
1.260000000000000009e-01
2.382499999999999896e-01
1.905000000000000027e-01
2.742499999999999938e-01
2.432499999999999940e-01
2.037499999999999867e-01
1.692500000000000115e-01
1.799999999999999933e-01
2.745000000000000218e-01
1.922500000000000042e-01
1.955000000000000071e-01
2.320000000000000118e-01
3.044999999999999929e-01
2.522499999999999742e-01
1.817499999999999949e-01
1.422499999999999876e-01
2.322500000000000120e-01
2.247500000000000053e-01
2.770000000000000240e-01
2.280000000000000082e-01
3.459999999999999742e-01
2.332500000000000129e-01
1.452499999999999902e-01
3.275000000000000133e-01
2.625000000000000111e-01
2.540000000000000036e-01
2.427499999999999936e-01
1.665000000000000091e-01
2.560000000000000053e-01
2.047499999999999876e-01
2.267500000000000071e-01
2.555000000000000049e-01
2.464999999999999969e-01
2.379999999999999893e-01
2.750000000000000222e-01
3.320000000000000173e-01
2.227500000000000036e-01
2.474999999999999978e-01
3.007500000000000173e-01
3.477500000000000036e-01
3.044999999999999929e-01
2.272500000000000075e-01
3.699999999999999956e-01
1.802499999999999936e-01
2.817500000000000004e-01
3.207499999999999796e-01
3.109999999999999987e-01
2.575000000000000067e-01
2.969999999999999862e-01
2.795000000000000262e-01
2.797499999999999987e-01
2.419999999999999929e-01
2.750000000000000222e-01
2.472499999999999976e-01
2.447499999999999953e-01
2.822500000000000009e-01
2.437499999999999944e-01
2.437499999999999944e-01
2.179999999999999993e-01
2.290000000000000091e-01
2.610000000000000098e-01
3.449999999999999734e-01
3.082500000000000240e-01
2.662499999999999867e-01
2.484999999999999987e-01
3.330000000000000182e-01
2.889999999999999791e-01
2.685000000000000164e-01
3.362499999999999933e-01
2.750000000000000222e-01
2.932500000000000107e-01
2.404999999999999916e-01
2.404999999999999916e-01
1.895000000000000018e-01
3.297499999999999876e-01
2.469999999999999973e-01
2.492499999999999993e-01
2.839999999999999747e-01
2.372499999999999887e-01
2.310000000000000109e-01
2.005000000000000115e-01
2.302500000000000102e-01
2.190000000000000002e-01
2.409999999999999920e-01
2.667499999999999871e-01
2.084999999999999909e-01
2.025000000000000133e-01
2.102499999999999925e-01
2.590000000000000080e-01
1.675000000000000100e-01
2.482499999999999984e-01
2.615000000000000102e-01
2.760000000000000231e-01
2.902500000000000080e-01
2.222500000000000031e-01
3.152499999999999747e-01
1.942500000000000060e-01
2.427499999999999936e-01
1.965000000000000080e-01
2.909999999999999809e-01
2.622499999999999831e-01
2.957500000000000129e-01
3.042500000000000204e-01
3.692500000000000226e-01
1.915000000000000036e-01
3.312499999999999889e-01
3.054999999999999938e-01
2.015000000000000124e-01
2.200000000000000011e-01
3.132499999999999729e-01
2.052499999999999880e-01
2.994999999999999885e-01
2.200000000000000011e-01
2.404999999999999916e-01
2.650000000000000133e-01
3.699999999999999956e-01
3.104999999999999982e-01
2.827500000000000013e-01
3.147499999999999742e-01
2.392499999999999905e-01
2.300000000000000100e-01
2.414999999999999925e-01
2.627499999999999836e-01
3.332499999999999907e-01
3.012500000000000178e-01
3.332499999999999907e-01
1.930000000000000049e-01
3.122500000000000275e-01
2.487499999999999989e-01
3.387499999999999956e-01
1.915000000000000036e-01
2.020000000000000129e-01
2.977500000000000147e-01
3.337499999999999911e-01
3.057500000000000218e-01
3.975000000000000200e-01
2.357499999999999873e-01
2.212500000000000022e-01
1.917500000000000038e-01
3.212499999999999800e-01
2.797499999999999987e-01
2.627499999999999836e-01
2.397499999999999909e-01
2.827500000000000013e-01
2.027500000000000135e-01
2.725000000000000200e-01
3.415000000000000258e-01
3.307499999999999885e-01
3.390000000000000235e-01
2.877500000000000058e-01
2.477499999999999980e-01
2.637499999999999845e-01
1.849999999999999978e-01
2.917500000000000093e-01
3.277499999999999858e-01
2.605000000000000093e-01
2.419999999999999929e-01
2.510000000000000009e-01
3.350000000000000200e-01
2.607499999999999818e-01
2.592499999999999805e-01
2.492499999999999993e-01
3.459999999999999742e-01
2.675000000000000155e-01
2.872500000000000053e-01
2.889999999999999791e-01
2.964999999999999858e-01
2.422499999999999931e-01
2.640000000000000124e-01
2.392499999999999905e-01
3.012500000000000178e-01
3.365000000000000213e-01
3.277499999999999858e-01
2.149999999999999967e-01
2.907500000000000084e-01
2.872500000000000053e-01
3.004999999999999893e-01
1.705000000000000127e-01
3.452500000000000013e-01
3.077500000000000235e-01
2.597499999999999809e-01
1.837499999999999967e-01
2.527499999999999747e-01
2.829999999999999738e-01
2.457499999999999962e-01
2.622499999999999831e-01
2.107499999999999929e-01
3.049999999999999933e-01
3.390000000000000235e-01
2.287500000000000089e-01
3.235000000000000098e-01
2.502499999999999725e-01
2.642499999999999849e-01
2.964999999999999858e-01
2.215000000000000024e-01
2.974999999999999867e-01
2.832500000000000018e-01
3.240000000000000102e-01
2.982500000000000151e-01
2.260000000000000064e-01
1.729999999999999871e-01
2.592499999999999805e-01
2.292500000000000093e-01
3.634999999999999898e-01
2.797499999999999987e-01
1.797499999999999931e-01
2.240000000000000047e-01
3.089999999999999969e-01
3.019999999999999907e-01
2.474999999999999978e-01
2.349999999999999867e-01
2.362499999999999878e-01
2.010000000000000120e-01
2.372499999999999887e-01
1.960000000000000075e-01
2.894999999999999796e-01
2.005000000000000115e-01
2.212500000000000022e-01
2.247500000000000053e-01
3.232499999999999818e-01
3.305000000000000160e-01
3.125000000000000000e-01
2.812500000000000000e-01
3.527500000000000080e-01
3.019999999999999907e-01
3.287499999999999867e-01
2.797499999999999987e-01
2.882500000000000062e-01
2.432499999999999940e-01
2.720000000000000195e-01
2.909999999999999809e-01
3.014999999999999902e-01
2.472499999999999976e-01
3.492500000000000049e-01
2.540000000000000036e-01
2.122499999999999942e-01
2.545000000000000040e-01
3.099999999999999978e-01
2.215000000000000024e-01
1.507499999999999951e-01
1.095000000000000001e-01
1.207499999999999962e-01
2.052499999999999880e-01
1.895000000000000018e-01
2.705000000000000182e-01
2.377499999999999891e-01
2.612499999999999822e-01
2.022500000000000131e-01
3.664999999999999925e-01
1.995000000000000107e-01
2.824999999999999734e-01
2.457499999999999962e-01
1.777499999999999913e-01
3.057500000000000218e-01
2.517499999999999738e-01
2.712499999999999911e-01
2.482499999999999984e-01
3.097500000000000253e-01
2.640000000000000124e-01
3.210000000000000075e-01
2.635000000000000120e-01
2.377499999999999891e-01
2.359999999999999876e-01
3.282499999999999862e-01
2.810000000000000275e-01
2.897500000000000075e-01
3.049999999999999933e-01
2.844999999999999751e-01
3.335000000000000187e-01
2.665000000000000147e-01
2.275000000000000078e-01
1.642500000000000071e-01
2.340000000000000135e-01
3.237499999999999822e-01
2.552499999999999769e-01
2.697499999999999898e-01
2.172499999999999987e-01
1.767499999999999905e-01
1.995000000000000107e-01
2.542499999999999760e-01
2.615000000000000102e-01
2.515000000000000013e-01
3.042500000000000204e-01
2.459999999999999964e-01
2.730000000000000204e-01
2.439999999999999947e-01
2.587499999999999800e-01
2.597499999999999809e-01
2.369999999999999885e-01
1.632500000000000062e-01
1.792499999999999927e-01
2.212500000000000022e-01
3.430000000000000271e-01
1.607500000000000040e-01
1.819999999999999951e-01
3.182499999999999774e-01
2.565000000000000058e-01
2.399999999999999911e-01
2.665000000000000147e-01
2.617499999999999827e-01
3.107500000000000262e-01
2.307500000000000107e-01
3.957499999999999907e-01
3.322499999999999898e-01
2.454999999999999960e-01
2.512499999999999734e-01
3.082500000000000240e-01
1.990000000000000102e-01
2.864999999999999769e-01
3.522500000000000075e-01
2.527499999999999747e-01
3.352499999999999925e-01
3.765000000000000013e-01
2.402499999999999913e-01
2.500000000000000000e-01
2.675000000000000155e-01
2.439999999999999947e-01
2.147499999999999964e-01
2.330000000000000127e-01
3.325000000000000178e-01
3.325000000000000178e-01
3.449999999999999734e-01
2.300000000000000100e-01
3.074999999999999956e-01
2.665000000000000147e-01
2.757499999999999951e-01
2.255000000000000060e-01
3.507500000000000062e-01
3.210000000000000075e-01
2.842500000000000027e-01
2.989999999999999880e-01
2.555000000000000049e-01
2.839999999999999747e-01
2.847500000000000031e-01
2.842500000000000027e-01
2.252500000000000058e-01
2.532499999999999751e-01
2.015000000000000124e-01
3.067500000000000226e-01
3.097500000000000253e-01
3.509999999999999787e-01
2.787499999999999978e-01
3.172499999999999765e-01
2.800000000000000266e-01
3.489999999999999769e-01
3.659999999999999920e-01
2.822500000000000009e-01
3.674999999999999933e-01
2.520000000000000018e-01
3.672500000000000209e-01
2.924999999999999822e-01
2.512499999999999734e-01
3.554999999999999827e-01
2.957500000000000129e-01
2.552499999999999769e-01
2.852500000000000036e-01
2.347499999999999865e-01
2.660000000000000142e-01
2.994999999999999885e-01
3.865000000000000102e-01
2.937500000000000111e-01
2.685000000000000164e-01
2.357499999999999873e-01
2.389999999999999902e-01
2.290000000000000091e-01
2.412499999999999922e-01
3.307499999999999885e-01
2.670000000000000151e-01
2.404999999999999916e-01
2.342500000000000138e-01
2.492499999999999993e-01
1.920000000000000040e-01
2.464999999999999969e-01
3.084999999999999964e-01
3.012500000000000178e-01
3.372499999999999942e-01
3.370000000000000218e-01
2.767499999999999960e-01
3.564999999999999836e-01
3.212499999999999800e-01
2.537499999999999756e-01
3.817499999999999782e-01
3.172499999999999765e-01
2.909999999999999809e-01
3.719999999999999973e-01
2.657499999999999862e-01
2.570000000000000062e-01
2.712499999999999911e-01
2.777499999999999969e-01
2.577499999999999791e-01
2.577499999999999791e-01
3.332499999999999907e-01
2.447499999999999953e-01
2.407499999999999918e-01
2.665000000000000147e-01
3.012500000000000178e-01
3.422499999999999987e-01
3.024999999999999911e-01
3.195000000000000062e-01
2.429999999999999938e-01
2.725000000000000200e-01
3.044999999999999929e-01
2.989999999999999880e-01
3.302499999999999880e-01
3.594999999999999862e-01
3.140000000000000013e-01
2.154999999999999971e-01
2.897500000000000075e-01
3.130000000000000004e-01
2.757499999999999951e-01
2.922500000000000098e-01
2.295000000000000095e-01
2.144999999999999962e-01
3.385000000000000231e-01
2.052499999999999880e-01
3.195000000000000062e-01
3.785000000000000031e-01
2.867500000000000049e-01
2.337500000000000133e-01
2.869999999999999774e-01
2.827500000000000013e-01
1.705000000000000127e-01
3.132499999999999729e-01
2.392499999999999905e-01
2.767499999999999960e-01
3.562500000000000111e-01
1.819999999999999951e-01
3.044999999999999929e-01
3.820000000000000062e-01
2.999999999999999889e-01
2.695000000000000173e-01
3.242499999999999827e-01
3.332499999999999907e-01
2.240000000000000047e-01
3.474999999999999756e-01
2.732499999999999929e-01
2.300000000000000100e-01
3.435000000000000275e-01
3.022500000000000187e-01
1.779999999999999916e-01
3.240000000000000102e-01
3.137499999999999734e-01
3.552500000000000102e-01
3.522500000000000075e-01
2.580000000000000071e-01
3.569999999999999840e-01
2.325000000000000122e-01
2.954999999999999849e-01
2.344999999999999862e-01
3.412499999999999978e-01
3.320000000000000173e-01
2.879999999999999782e-01
3.292499999999999871e-01
3.069999999999999951e-01
3.327499999999999902e-01
3.332499999999999907e-01
3.257499999999999840e-01
2.652499999999999858e-01
3.624999999999999889e-01
3.350000000000000200e-01
2.607499999999999818e-01
2.054999999999999882e-01
3.604999999999999871e-01
2.862500000000000044e-01
2.315000000000000113e-01
2.640000000000000124e-01
2.372499999999999887e-01
3.582500000000000129e-01
3.602500000000000147e-01
3.457500000000000018e-01
2.780000000000000249e-01
2.605000000000000093e-01
2.849999999999999756e-01
2.179999999999999993e-01
3.049999999999999933e-01
1.962500000000000078e-01
3.742500000000000271e-01
3.965000000000000191e-01
2.429999999999999938e-01
2.379999999999999893e-01
3.235000000000000098e-01
3.677500000000000213e-01
2.627499999999999836e-01
3.142499999999999738e-01
2.112499999999999933e-01
2.862500000000000044e-01
3.170000000000000040e-01
2.752499999999999947e-01
3.479999999999999760e-01
2.787499999999999978e-01
2.887500000000000067e-01
2.484999999999999987e-01
2.467499999999999971e-01
2.472499999999999976e-01
2.785000000000000253e-01
2.932500000000000107e-01
3.019999999999999907e-01
3.564999999999999836e-01
3.614999999999999880e-01
2.557499999999999774e-01
3.382499999999999951e-01
3.569999999999999840e-01
3.125000000000000000e-01
3.410000000000000253e-01
3.507500000000000062e-01
2.605000000000000093e-01
3.079999999999999960e-01
3.397499999999999964e-01
2.797499999999999987e-01
1.799999999999999933e-01
3.619999999999999885e-01
2.977500000000000147e-01
2.700000000000000178e-01
3.125000000000000000e-01
2.914999999999999813e-01
2.235000000000000042e-01
2.972500000000000142e-01
2.800000000000000266e-01
3.275000000000000133e-01
2.949999999999999845e-01
2.887500000000000067e-01
3.097500000000000253e-01
3.357499999999999929e-01
3.790000000000000036e-01
2.879999999999999782e-01
3.380000000000000226e-01
3.165000000000000036e-01
2.899999999999999800e-01
2.812500000000000000e-01
3.290000000000000147e-01
3.647500000000000187e-01
2.932500000000000107e-01
2.457499999999999962e-01
3.240000000000000102e-01
2.590000000000000080e-01
3.425000000000000266e-01
3.865000000000000102e-01
2.785000000000000253e-01
2.735000000000000209e-01
3.297499999999999876e-01
2.377499999999999891e-01
1.872499999999999998e-01
1.857499999999999984e-01
2.494999999999999996e-01
2.280000000000000082e-01
2.205000000000000016e-01
2.849999999999999756e-01
3.517500000000000071e-01
2.849999999999999756e-01
3.122500000000000275e-01
3.385000000000000231e-01
2.344999999999999862e-01
3.634999999999999898e-01
4.212500000000000133e-01
3.900000000000000133e-01
2.797499999999999987e-01
3.644999999999999907e-01
3.850000000000000089e-01
2.767499999999999960e-01
3.895000000000000129e-01
3.315000000000000169e-01
3.362499999999999933e-01
2.122499999999999942e-01
2.765000000000000235e-01
3.682500000000000218e-01
3.357499999999999929e-01
2.645000000000000129e-01
2.602499999999999813e-01
3.464999999999999747e-01
2.854999999999999760e-01
2.665000000000000147e-01
2.932500000000000107e-01
