3.826271630823612213e-01
3.523801900446414948e-01
3.310882933437824249e-01
3.137542903423309326e-01
2.986988574266433716e-01
2.850916013121604919e-01
2.722187712788581848e-01
2.604748532176017761e-01
2.492435667663812637e-01
2.388580199331045151e-01
2.288997601717710495e-01
2.195735592395067215e-01
2.108769342303276062e-01
2.024683132767677307e-01
1.947885453701019287e-01
1.867489237338304520e-01
1.795666757971048355e-01
1.729162018746137619e-01
1.673365496098995209e-01
1.603822521865367889e-01
1.551506072282791138e-01
1.498687528073787689e-01
1.431383006274700165e-01
1.383184157311916351e-01
1.320178806781768799e-01
1.267917640507221222e-01
1.229412192478775978e-01
1.174571197479963303e-01
1.151604987680912018e-01
1.139976559206843376e-01
1.130282673984766006e-01
1.049199104309082031e-01
1.002646377310156822e-01
9.589493554085493088e-02
9.016691334545612335e-02
8.646909054368734360e-02
8.240102604031562805e-02
7.810865528881549835e-02
7.395888399332761765e-02
7.170295529067516327e-02
6.992557272315025330e-02
6.574036739766597748e-02
6.331597268581390381e-02
6.065349373966455460e-02
5.659311311319470406e-02
5.437365313991904259e-02
5.201263166964054108e-02
5.130063183605670929e-02
4.774134885519742966e-02
4.522441094741225243e-02
4.572214698418974876e-02
4.463666537776589394e-02
4.272904293611645699e-02
3.964780224487185478e-02
3.602711949497461319e-02
3.585968958213925362e-02
3.498599724844098091e-02
3.765075933188199997e-02
3.444500640034675598e-02
3.376465779729187489e-02
3.132512629963457584e-02
2.997751627117395401e-02
2.722208178602159023e-02
2.461333642713725567e-02
2.658190950751304626e-02
2.542758174240589142e-02
2.248281100764870644e-02
2.248335606418550014e-02
2.029949403367936611e-02
2.056753379292786121e-02
2.194141806103289127e-02
1.941077178344130516e-02
1.780511485412716866e-02
1.684494339860975742e-02
1.859078463166952133e-02
1.650657551363110542e-02
1.455814845394343138e-02
1.417039881926029921e-02
1.563542440999299288e-02
1.419487246312201023e-02
1.257247314788401127e-02
1.270525937434285879e-02
1.231855503283441067e-02
1.101539982482790947e-02
1.285957277286797762e-02
1.062862144317477942e-02
9.503843728452920914e-03
9.649830171838402748e-03
9.167536161839962006e-03
9.285601787269115448e-03
8.533730637282133102e-03
8.370774856302887201e-03
8.655538316816091537e-03
7.991295191459357738e-03
7.849761343095451593e-03
8.154239389114081860e-03
7.753427780698984861e-03
7.398872345220297575e-03
6.539804628118872643e-03
6.845663534477353096e-03
7.294306473340839148e-03
7.430227531585842371e-03
6.299578642938286066e-03
8.123499515932053328e-03
6.940109073184430599e-03
6.375859433319419622e-03
5.646975594572722912e-03
5.431254103314131498e-03
5.685768090188503265e-03
4.700010584201663733e-03
4.865538328886032104e-03
4.706559062469750643e-03
4.585257789585739374e-03
4.800168971996754408e-03
4.806972050573676825e-03
4.754102439619600773e-03
7.321276410948485136e-03
1.271444378653541207e-02
1.283901365241035819e-02
1.268998929299414158e-02
1.085123745724558830e-02
7.380243914667516947e-03
5.907879211008548737e-03
8.116606273688375950e-03
1.040490029845386744e-02
6.475391448475420475e-03
6.417368189431726933e-03
6.080781167838722467e-03
5.073584965430200100e-03
4.321301938034594059e-03
3.725492890225723386e-03
3.587690240237861872e-03
3.265288774855434895e-03
2.721905446378514171e-03
3.418781561776995659e-03
2.835684630554169416e-03
2.972857328131794930e-03
3.151768614770844579e-03
3.198152669938281178e-03
5.752306780777871609e-03
8.353390439879149199e-03
4.713015980087220669e-03
3.347243502503260970e-03
2.871454897103831172e-03
2.596879727207124233e-03
2.708347805310040712e-03
2.473461441695690155e-03
2.570110897067934275e-03
2.334873875952325761e-03
2.078794408589601517e-03
2.115173876518383622e-03
2.529345030779950321e-03
1.911192841362208128e-03
1.834637456340715289e-03
1.698663516435772181e-03
1.731932323309592903e-03
1.911014696815982461e-03
1.852046858402900398e-03
2.104763392708264291e-03
1.870419888291507959e-03
1.752310214214958251e-03
1.955526386154815555e-03
1.907201833091676235e-03
1.692424833890981972e-03
1.916866429382935166e-03
1.780613398295827210e-03
1.501996302977204323e-03
1.543787861010059714e-03
1.501638878835365176e-03
1.479190948884934187e-03
1.385670955642126501e-03
1.501446517067961395e-03
1.522339123766869307e-03
1.425534501322545111e-03
1.432036980986595154e-03
1.285389953409321606e-03
1.518395234597846866e-03
1.364321244182065129e-03
1.477478712331503630e-03
1.492512950790114701e-03
1.276001086807809770e-03
1.480017133872024715e-03
1.211592229083180428e-03
1.281204691622406244e-03
1.182616237201727927e-03
1.204073181725107133e-03
1.367808661598246545e-03
1.289014981011860073e-03
1.219602272612974048e-03
1.052685554896015674e-03
1.152345750597305596e-03
1.579121017130091786e-03
1.499970137956552207e-03
1.679559863987378776e-03
1.489845846663229167e-03
1.340625458396971226e-03
1.145890630141366273e-03
1.309708066401071846e-03
1.255493669304996729e-03
1.015251604258082807e-03
1.353651867248117924e-03
1.104628478060476482e-03
1.021000723994802684e-03
1.014599525660742074e-03
1.030286082823295146e-03
1.163858782092574984e-03
1.089987730665598065e-03
9.413078805664554238e-04
1.011563748761545867e-03
9.279217920266091824e-04
9.760650355019606650e-04
8.999561687232926488e-04
9.477809435338713229e-04
9.743115952005609870e-04
8.740003904676996171e-04
8.135138923535123467e-04
9.153821956715546548e-04
9.131292245001532137e-04
8.660578896524384618e-04
7.916093527455814183e-04
7.784590852679684758e-04
8.368200360564514995e-04
9.518543156445957720e-04
7.721845904598012567e-04
7.923391967779025435e-04
1.343545605777762830e-03
9.457803753321059048e-04
8.596352490712888539e-04
8.283320494228973985e-04
6.844749150332063437e-04
7.152775069698691368e-04
8.039583262871019542e-04
6.874865503050386906e-04
6.974663774599321187e-04
9.768243617145344615e-04
1.055439301126170903e-03
9.221067593898624182e-04
8.248800804722122848e-04
8.273243947769515216e-04
8.731076814001426101e-04
7.511266376241110265e-04
7.857845921535044909e-04
7.161634493968449533e-04
7.562241808045655489e-04
7.585231942357495427e-04
6.651291550952009857e-04
7.240589911816641688e-04
7.914082525530830026e-04
6.916543061379343271e-04
5.723817121179308742e-04
5.484544162754900753e-04
5.385385884437710047e-04
6.105435531935654581e-04
5.931578125455416739e-04
5.192303615331184119e-04
6.542362098116427660e-04
8.565751813875976950e-04
7.024442893452942371e-04
7.154644554248079658e-04
6.286050083872396499e-04
5.418615764938294888e-04
5.283550599415320903e-04
5.508621470653451979e-04
4.788671903952490538e-04
5.362645752029493451e-04
5.284605831548105925e-04
6.189739069668576121e-04
5.206020796322263777e-04
6.384639782481826842e-04
4.654871845559682697e-04
4.814090461877640337e-04
4.733741589006967843e-04
4.784985867445357144e-04
4.302349952922668308e-04
4.210482002235949039e-04
4.821544171136338264e-04
4.451905224414076656e-04
5.007786639907862991e-04
4.106510095880366862e-04
5.094441403343807906e-04
5.305616323312278837e-04
6.107633744250051677e-04
4.745608239318244159e-04
4.382945553516037762e-04
4.282881163817364722e-04
3.968100099882576615e-04
4.160677453910466284e-04
4.086703120265156031e-04
5.302959980326704681e-04
5.657187321048695594e-04
4.219333386572543532e-04
5.189140065340325236e-04
4.307722920202650130e-04
4.051711584907025099e-04
3.608169863582588732e-04
4.471544998523313552e-04
3.989288743468932807e-04
4.319610306993126869e-04
5.177228485990781337e-04
4.198905735393054783e-04
4.580793465720489621e-04
4.133659094804897904e-04
4.035053898405749351e-04
3.610252751968801022e-04
3.928720034309662879e-04
3.802857427217531949e-04
3.378292822162620723e-04
3.675727421068586409e-04
3.675175430544186383e-04
7.009904657024890184e-04
1.283905883610714227e-03
2.316832848009653389e-03
1.005607124534435570e-02
2.234169840812683105e-02
1.368170964997261763e-02
1.168311579385772347e-02
1.606838300358504057e-02
9.541144187096506357e-03
1.097938546445220709e-02
7.933327811770141125e-03
4.842355177970603108e-03
2.950504655018448830e-03
2.707118255784735084e-03
1.419602122041396797e-03
1.015884299704339355e-03
7.984084368217736483e-04
1.309613515331875533e-03
7.132901446311734617e-04
6.345908550429157913e-04
6.275388150243088603e-04
4.860360531893093139e-04
4.869368822255637497e-04
4.178232557023875415e-04
4.463271798158530146e-04
4.116239651921205223e-04
4.366911452962085605e-04
4.315504193073138595e-04
3.976015686930622905e-04
3.708711483341176063e-04
4.156235663685947657e-04
3.360660703037865460e-04
3.398781591386068612e-04
3.398734806978609413e-04
3.786721244978252798e-04
3.536805670592002571e-04
3.568574211385566741e-04
1.550682813103776425e-03
2.646008455485571176e-03
1.083011212176643312e-02
5.125290364958345890e-03
2.445880105369724333e-03
1.538917029392905533e-03
1.311507214268203825e-03
1.058242480212356895e-03
9.701781673356890678e-04
1.596259775396902114e-03
1.145357513451017439e-03
2.080733098409837112e-03
2.206103774369694293e-03
7.070519306580536067e-03
5.146557959960773587e-03
2.053059142781421542e-03
1.756673300405964255e-03
9.355222209705971181e-04
7.566079875687137246e-04
5.268827808322384953e-04
5.879373420611955225e-04
4.192360320303123444e-04
4.180928517598658800e-04
3.207612717233132571e-04
3.484041153569705784e-04
3.194140772393438965e-04
2.712978421186562628e-04
3.225550753995776176e-04
2.601568994577974081e-04
2.979729233629768714e-04
3.064317388634663075e-04
2.752532891463488340e-04
2.774308741209097207e-04
2.650204023666447029e-04
2.606804137030849233e-04
2.291890195920132101e-04
2.877558108593802899e-04
3.247521526645869017e-04
2.405428949714405462e-04
2.355010201426921412e-04
2.472647574904840440e-04
3.093174309469759464e-04
2.344121876376448199e-04
2.309060892002889886e-04
2.362925697525497526e-04
2.200077979068737477e-04
2.062693092739209533e-04
2.609936655062483624e-04
2.630960789247183129e-04
2.830554785759886727e-04
2.444277706672437489e-04
2.748624938249122351e-04
3.267587289883522317e-04
2.083196995954494923e-04
2.143909823644207790e-04
1.947891505551524460e-04
3.900752344634383917e-04
3.971211335738189518e-04
3.555418315954739228e-04
4.242737850290723145e-04
3.476776873867493123e-04
2.576473652879940346e-04
2.441153774270787835e-04
2.106299725710414350e-04
2.245646719529759139e-04
2.079820478684268892e-04
2.108226108248345554e-04
1.699258100416045636e-04
1.855111659097019583e-04
2.786323566397186369e-04
2.223371047875843942e-04
1.904323489725356922e-04
1.778986388671910390e-04
2.284236579725984484e-04
1.760060513333883137e-04
2.083181534544564784e-04
1.795120533643057570e-04
1.650524591241264716e-04
1.741044816299108788e-04
1.951424892467912287e-04
2.065575936285313219e-04
1.717721170280128717e-04
2.009745894611114636e-04
1.513154293206753209e-04
1.487986046413425356e-04
1.943464576470432803e-04
1.606603964319219813e-04
1.436254515283508226e-04
1.734813849907368422e-04
2.029712977673625574e-04
1.916554683702997863e-04
1.608320835657650605e-04
1.791302165656816214e-04
1.560133550810860470e-04
1.628556201467290521e-04
1.436379297956591472e-04
1.825079561967868358e-04
1.558155963721219450e-04
1.649757450650213286e-04
1.571205821164767258e-04
1.676774008956272155e-04
1.640721657167887315e-04
1.745850486258859746e-04
1.434399300705990754e-04
1.424230276825255714e-04
1.839438336901366711e-04
1.622298595975735225e-04
1.569875112181762233e-04
1.477323548897402361e-04
1.640453447180334479e-04
1.663942821323871613e-04
2.302692573721287772e-04
1.586758999110315926e-04
1.875443431345047429e-04
1.807274202292319387e-04
1.668439635977847502e-04
1.228702503794920631e-04
1.605119787200237624e-04
1.856714916357304901e-04
1.334950002274126746e-04
1.554574273541220464e-04
1.537073158033308573e-04
1.572231358295539394e-04
1.498245801485609263e-04
5.513108378181641456e-03
3.142892371397465467e-02
1.728962280321866274e-02
9.602649312000721693e-03
4.810472077224403620e-03
4.652766714571043849e-03
2.572492245235480368e-03
1.348686171695590019e-03
9.177884130622260273e-04
7.758435094729065895e-04
5.367561134335119277e-04
3.742890621651895344e-04
3.939692760468460619e-04
3.770633193198591471e-04
3.272821777500212193e-04
3.088505181949585676e-04
3.732277582457754761e-04
2.794945175992324948e-04
3.284324175183428451e-04
3.110382785962428898e-04
2.495335938874632120e-04
2.828504202625481412e-04
2.775550474325427786e-04
2.716337457968620583e-04
2.314414341526571661e-04
3.017711223947117105e-04
2.977306867251172662e-04
2.421991666778922081e-04
3.111380519840167835e-04
2.471340285410406068e-04
2.235789106634911150e-04
2.321970896446146071e-04
2.177537116949679330e-04
3.758612147066742182e-04
2.085676514980150387e-04
2.094103001581970602e-04
2.003353238251293078e-04
1.908661088236840442e-04
2.608286031318129972e-04
2.513797280698781833e-04
1.934727752086473629e-04
2.186628516938071698e-04
2.126432245859177783e-04
1.738456921884790063e-04
1.730037256493233144e-04
2.388053926551947370e-04
1.637435307202395052e-04
1.737311613396741450e-04
2.180482242692960426e-04
1.677844975347397849e-04
2.131959881808143109e-04
1.578236942805233411e-04
1.431134814993129112e-04
1.515655394541681744e-04
1.463965218135854229e-04
1.484273470850894228e-04
1.401387653459096327e-04
1.468308619223535061e-04
1.320921182923484594e-04
1.473706852266332135e-04
1.289156962229753844e-04
1.357013115921290591e-04
1.747775313560850918e-04
1.756593746904400177e-04
1.303413819186971523e-04
1.381732017762260512e-04
1.582962977408897132e-04
1.212999386552837677e-04
1.179806195068522356e-04
1.345373211734113283e-04
1.333025511485175230e-04
1.379105024170712568e-04
2.584510757515090518e-04
1.746496036503231153e-04
1.379834848194150254e-04
1.427321158189442940e-04
1.453510367355193011e-04
1.234217197634279728e-04
1.162639919130015187e-04
1.328511061728931963e-04
1.702068775557563640e-04
1.363262545055476949e-04
1.415267779520945624e-04
1.711243876343360171e-04
1.082624557966482826e-04
1.997038689296459779e-04
1.469921026000520214e-04
1.021869275064091198e-04
1.443955170543631539e-04
1.182190453619114123e-04
1.108683254642528482e-04
1.147862067227833904e-04
1.866033744590822607e-04
1.054307576850987971e-04
1.110142902689403854e-04
1.406285282428143546e-04
1.649105861361022107e-04
1.429282056051306427e-04
1.017360236801323481e-04
1.053092792062670924e-04
9.831636452872771770e-05
1.367010763715370558e-04
1.284888458030764014e-04
1.151233473137835972e-04
1.200503256768570282e-04
1.232801851074327715e-04
1.394192677253158763e-04
1.168584394690697081e-04
1.159291678050067276e-04
1.015830202959477901e-04
1.297992275794968009e-04
1.154133260570233688e-04
9.838469577516661957e-05
1.060119329849840142e-04
9.571221471560420468e-05
1.022556398311280645e-04
1.230278730872669257e-04
1.160186120614525862e-04
9.653329288994427770e-05
1.247909285666537471e-04
1.067966368282213807e-04
1.226796184710110538e-04
2.094062083415337838e-04
1.405173288731020875e-04
1.231331771123223007e-04
1.148595702034072019e-04
9.324031907453900203e-05
1.040778652168228291e-04
9.550022059556795284e-05
1.255913284694543108e-04
2.091718688461696729e-04
9.850897822616389021e-05
1.236239504578406923e-04
1.205244452648912556e-04
1.181963052658829838e-04
8.905150298232911155e-05
1.115295544877881184e-04
8.610161057731602341e-05
1.017819286062149331e-04
7.547724999312777072e-05
8.303604045067913830e-05
8.974225602287333459e-05
9.291863261751132086e-05
7.914958041510544717e-05
9.268123267247574404e-05
1.090476298486464657e-04
9.477508410782320425e-05
7.320075746974907815e-05
1.044088653543440159e-04
9.333857769888709299e-05
8.231697120208991691e-05
9.557388148095924407e-05
1.004728901534690522e-04
7.852286853449186310e-05
8.300232320834766142e-05
7.210207104435539804e-05
1.316147381658083759e-04
1.118603177019394934e-04
7.888858363003237173e-05
6.638182549068005756e-05
7.399334026558790356e-05
9.275722004531417042e-05
7.799420200171880424e-05
7.395058855763636529e-05
1.126060928982042242e-04
7.916840240795863792e-05
8.604330650996416807e-05
8.450602763332426548e-05
6.996578531470731832e-05
1.024808884722006042e-04
6.405294107025838457e-05
9.591208890924463049e-05
7.559539972135098651e-05
7.998518458407488652e-05
6.938969909242587164e-05
7.648005976079730317e-05
7.168707088567316532e-05
9.240828512702137232e-05
8.517078458680771291e-05
8.112749856081791222e-05
6.721177260260446928e-05
6.783176741009810939e-05
8.987341152533190325e-05
6.859483573862235062e-05
7.830459344404516742e-05
9.080793279281351715e-05
7.308316799026215449e-05
1.109445929614594206e-04
9.178465052173123695e-05
8.160509150911821052e-05
8.514597993780625984e-05
6.421270836654002778e-05
6.801796916988678277e-05
9.564052061250549741e-05
7.015041774138808250e-05
9.193645519189885817e-05
1.064743873939733021e-04
7.203804943856084719e-05
6.544192683577421121e-05
6.952798230486223474e-05
7.034351574475294910e-05
6.370525943566462956e-05
9.132737977779470384e-05
7.259601852638297714e-05
7.240689410537015647e-05
8.857350849211798050e-05
1.152938057202845812e-04
1.570111421642650384e-04
1.186604504255228676e-04
9.048441734194057062e-05
6.447939085774123669e-05
8.534118842362659052e-05
6.686988035653484985e-05
7.660902701900340617e-05
6.696067976008635014e-05
6.005474779158248566e-05
6.219883289304561913e-05
8.667287556818337180e-05
5.362224146665539593e-05
7.666361761948792264e-05
6.480347974502365105e-05
5.151151708560064435e-05
1.108244177885353565e-04
8.039221120270667598e-05
6.925586785655468702e-05
6.754169135092524812e-05
5.914221173952682875e-05
6.362655722114141099e-05
5.738019308410002850e-05
7.148379154386930168e-05
1.077707179319986608e-04
7.710104910074733198e-05
6.282479398578288965e-05
7.786916285112965852e-05
6.562780617969110608e-05
6.128426321083679795e-05
6.690058080494054593e-05
7.131212169042555615e-05
5.181656570130144246e-05
5.321377739164745435e-05
1.365019957120239269e-03
1.190813044377136976e-02
1.177483377978205681e-02
8.038783329539000988e-03
1.226423296611756086e-02
6.832951854448765516e-03
4.801261835382319987e-03
1.854073547292500734e-03
1.741920488711912185e-03
1.835680373915238306e-03
6.666170593234710395e-04
3.626443649409338832e-04
3.762137930607423186e-04
3.578763771656667814e-04
3.207483878213679418e-04
2.038432721747085452e-04
1.999108771997271106e-04
1.699069180176593363e-04
2.226308588433312252e-04
1.581229207658907399e-04
2.508251500330516137e-04
1.534066486783558503e-04
1.769254595274105668e-04
1.459523764424375258e-04
1.543438902444904670e-04
1.295301335630938411e-04
1.575733713252702728e-04
1.262537007278297096e-04
1.154318551925825886e-04
1.449422188670723699e-04
1.229474710271460935e-04
1.080364963854663074e-04
1.142149494626210071e-04
1.034699698720942251e-04
9.996922653954243287e-05
1.284250338358106092e-04
1.114412989409174770e-04
1.264676911887363531e-04
9.419566958968061954e-05
9.418890931556234136e-05
1.289150322918430902e-04
8.631895434518810362e-05
9.053760550159495324e-05
9.156521082331892103e-05
8.749559310672339052e-05
8.458469710603822023e-05
1.055063275998691097e-04
9.425142798136221245e-05
8.598586646257899702e-05
7.558603465440683067e-05
1.055197799360030331e-04
7.575593554065562785e-05
8.109027476166374981e-05
9.617162413633195683e-05
7.676319455640623346e-05
1.024732691803365014e-04
8.383214390050852671e-05
1.239448010892374441e-04
1.114780652642366476e-04
9.179203152598347515e-05
1.153977273133932613e-04
8.069236446317518130e-05
7.897012119428836741e-05
6.227433414096594788e-05
6.547524662892101333e-05
8.047989058468374424e-05
1.433806382920010947e-04
7.264445775945205241e-05
7.330838661800953560e-05
1.355852700726245530e-04
9.303582373831886798e-05
7.813854335836367682e-05
7.369281865976518020e-05
7.282184014911763370e-05
8.316163621202576905e-05
6.308366710072732531e-05
7.417836968670599163e-05
7.844149513402953744e-05
6.014150403643725440e-05
5.764986508438596502e-05
1.168930948551860638e-04
8.849726691551040858e-05
5.586938414126052521e-05
5.501789200934581459e-05
7.524929515057010576e-05
7.456839057340403087e-05
8.239523003794602118e-05
8.316796402141335420e-05
6.708610135319759138e-05
5.416610474640037864e-05
6.454065669458941557e-05
6.234998136278591119e-05
5.483063978317659348e-05
5.618595923806424253e-05
9.009199948195600882e-05
6.259956671783584170e-05
8.753895644986187108e-05
5.398470875661587343e-05
6.763968121958896518e-05
7.674932840018300340e-05
7.262426697707269341e-05
6.937927764738560654e-05
5.309376956574851647e-05
6.852416527181048878e-05
6.081156971049495041e-05
5.995632682243012823e-05
4.786068075190996751e-05
5.225676750342245214e-05
5.273542819850263186e-05
6.612142260564723983e-05
5.347814385459059849e-05
6.216602696440531872e-05
5.879047967027872801e-05
6.939226295799016953e-05
5.830619556945748627e-05
5.787513919131015427e-05
5.048403954788227566e-05
4.999432348995469511e-05
4.866791323365760036e-05
5.523397248907713220e-05
6.232754094526171684e-05
5.526507038666750304e-05
4.926635710944538005e-05
8.208704912249231711e-05
5.324107905835262500e-05
4.905549167233402841e-05
6.938761453056940809e-05
5.275061994325369596e-05
4.547814023680984974e-05
6.176065835461486131e-05
5.051074003858957440e-05
4.605781214195303619e-05
4.545485262497095391e-05
4.337725613368093036e-05
5.038036943005863577e-05
6.705009809593320824e-05
6.157353027447243221e-05
4.598989562509814277e-05
6.039105346644646488e-05
6.046420412531006150e-05
6.442575158871477470e-05
6.120910438767168671e-05
4.585338228935142979e-05
4.177010350758791901e-05
1.738285805004124995e-04
5.924145034441608004e-05
5.066046423962689005e-05
6.108177421992877498e-05
5.461511000248719938e-05
5.574932720264769159e-05
4.158235287832212634e-05
5.128283828526036814e-05
4.240954649503692053e-05
5.937538207945181057e-05
5.357609097700333223e-05
4.823889594263164327e-05
5.667753430316224694e-05
4.319935987950884737e-05
4.495759276323951781e-05
4.764243158206227235e-05
4.180182486379635520e-05
4.799679845746140927e-05
4.300917339605803136e-05
3.969429599237628281e-05
5.440743234430556186e-05
4.067103691340889782e-05
4.652297775464830920e-05
3.754738099814858288e-05
4.608910217029915657e-05
3.802429273491725326e-05
4.464785911295621190e-05
3.723908866959391162e-05
4.377715254122449551e-05
3.853774455819802824e-05
4.341617113823303953e-05
4.769391671288758516e-05
4.854147027799626812e-05
6.638875947828637436e-05
4.319633626437280327e-05
5.209413120610406622e-05
4.943584644934162498e-05
4.410225437823100947e-05
4.293847450753673911e-05
5.743949986936058849e-05
3.603835853027703706e-05
5.701670943381031975e-05
3.460247808106942102e-05
3.505378322188335005e-05
3.359527181601151824e-05
3.932336198886332568e-05
3.572349896785453893e-05
4.592951495396846440e-05
4.323685107010533102e-05
5.004102877137484029e-05
6.760659061910700984e-05
3.976615448664233554e-05
3.340545890750945546e-05
3.737511633516987786e-05
3.492015366646228358e-05
4.219445440867275465e-05
4.112020928914716933e-05
5.199932934374373872e-05
3.544256969689740799e-05
3.626928355515701696e-05
3.265058126089570578e-05
1.711590007289487403e-04
3.316214774713444058e-03
3.603541976190172136e-03
7.982689683558419347e-03
1.030354095564689487e-02
4.228884150506928563e-03
4.727749474113807082e-03
3.489821719995234162e-03
2.760602255875710398e-03
3.860552460537292063e-03
4.084874366526491940e-03
1.691038560238666832e-03
1.176329082227312028e-03
7.341148666455410421e-04
6.559676658071111888e-04
4.902791333734057844e-04
4.972275255568092689e-04
2.382740713073872030e-04
2.268358584842644632e-04
1.565194033901207149e-04
1.256627792827202938e-04
1.792822449715458788e-04
1.277925721296924166e-04
1.428589803253998980e-04
1.142708597399177961e-04
1.129098263845662586e-04
8.391779374505858868e-05
1.207133436764706858e-04
9.539483653497882187e-05
9.818004400585778058e-05
1.033240287142689340e-04
1.003553306873072870e-04
1.046963234330178238e-04
1.057189410857972689e-04
8.802094635029789060e-05
8.019117149160592817e-05
8.445728144579334185e-05
7.098471451172372326e-05
7.626748174516251311e-05
9.303790602643857710e-05
6.973667541387840174e-05
1.071110064003732987e-04
6.745983046130277216e-05
9.779192896530730650e-05
7.363294889728422277e-05
7.857046557546709664e-05
6.501363532152026892e-05
7.253447438415605575e-05
6.254148320294916630e-05
1.413305508322082460e-04
7.831860648366273381e-05
7.304188602574868128e-05
8.056135311562684365e-05
6.221981357157346793e-05
5.867396430403459817e-05
5.718125385101302527e-05
7.172175082814646885e-05
5.882636651222128421e-05
6.430053281292202882e-05
7.278538487298646942e-05
7.724690522081800736e-05
5.119652814755681902e-05
2.368680275139922742e-04
1.450675326850614510e-04
1.384790530210011639e-04
1.180794720312405843e-04
9.547493209538515657e-05
5.385564099924522452e-05
6.349598879751283675e-05
6.125421441538492218e-05
5.035901540395570919e-05
5.449311993288574740e-05
5.104354340801364742e-05
4.496728934100246988e-05
5.348034937924239784e-05
1.155505756287311669e-04
4.980046378477709368e-05
4.550046105578076094e-05
5.222928302828222513e-05
7.078066664689686149e-05
5.171841121409670450e-05
4.904104434899636544e-05
3.878880852425936610e-05
4.642286648959270678e-05
5.946880946794408374e-05
4.873855550613370724e-05
