1.139473684210526305e-02
2.186842105263157865e-02
2.559210526315789519e-02
2.917105263157894826e-02
3.532894736842105005e-02
4.456578947368421140e-02
5.197368421052631776e-02
5.810526315789473623e-02
6.301315789473684037e-02
6.810526315789473817e-02
7.222368421052631493e-02
7.692105263157894557e-02
8.164473684210526994e-02
8.689473684210526072e-02
9.422368421052632059e-02
1.023289473684210471e-01
1.132236842105263097e-01
1.246052631578947328e-01
1.365526315789473699e-01
1.515921052631578891e-01
1.665131578947368352e-01
1.850526315789473575e-01
2.020394736842105188e-01
2.197894736842105345e-01
2.425526315789473808e-01
2.632499999999999840e-01
2.845263157894736827e-01
3.077894736842105017e-01
3.300000000000000155e-01
3.504999999999999782e-01
3.772631578947368558e-01
3.953157894736842315e-01
4.149605263157894464e-01
4.334210526315789291e-01
4.530657894736841995e-01
4.709078947368420809e-01
4.856447368421052402e-01
5.025131578947368283e-01
5.175921052631579089e-01
5.316315789473684550e-01
5.406315789473684630e-01
5.537631578947368460e-01
5.668026315789473912e-01
5.749342105263157698e-01
5.889210526315789007e-01
6.051184210526315832e-01
6.201973684210526638e-01
6.223289473684210371e-01
6.219868421052631158e-01
6.346842105263157396e-01
6.476578947368420991e-01
6.572500000000000009e-01
6.582500000000000018e-01
6.708684210526315583e-01
6.822105263157894894e-01
6.924605263157894708e-01
7.021184210526315583e-01
7.079868421052631922e-01
7.105526315789473246e-01
7.191184210526315734e-01
7.250263157894736299e-01
7.352894736842104928e-01
7.430394736842105274e-01
7.459078947368421586e-01
7.522631578947368558e-01
7.505263157894737081e-01
7.567763157894736858e-01
7.647105263157895072e-01
7.697631578947368158e-01
7.749078947368420733e-01
7.826184210526315743e-01
7.888421052631579000e-01
7.930526315789473424e-01
7.973947368421052673e-01
8.020394736842105798e-01
8.031447368421053001e-01
8.029078947368420982e-01
8.109210526315789869e-01
8.091447368421053055e-01
8.109473684210526390e-01
8.166447368421052566e-01
8.240394736842104884e-01
8.246052631578947301e-01
8.255657894736841973e-01
8.283026315789473459e-01
8.237499999999999822e-01
8.421578947368421053e-01
8.435657894736842133e-01
8.457631578947368833e-01
8.517368421052631255e-01
8.555131578947368087e-01
8.561447368421052362e-01
8.622631578947368425e-01
8.653815789473684461e-01
8.644868421052631646e-01
8.706973684210526088e-01
8.704473684210526363e-01
8.702105263157894344e-01
8.671578947368421275e-01
8.703026315789473832e-01
8.764342105263157601e-01
8.774210526315789904e-01
8.809473684210525901e-01
8.826842105263157379e-01
8.887368421052631584e-01
8.886973684210526248e-01
8.944342105263157761e-01
8.959868421052631371e-01
8.956184210526315637e-01
9.007500000000000506e-01
9.012368421052631140e-01
9.017500000000000515e-01
9.050131578947367972e-01
9.026184210526315699e-01
9.075657894736841591e-01
9.120789473684211002e-01
9.050263157894736787e-01
9.052105263157894655e-01
9.104078947368421382e-01
9.129605263157895001e-01
9.101315789473684026e-01
9.151842105263158222e-01
9.159078947368420875e-01
9.190657894736842248e-01
9.160526315789473406e-01
9.178026315789473699e-01
9.188026315789473708e-01
9.240263157894736956e-01
9.242236842105263639e-01
9.197894736842104901e-01
9.237499999999999600e-01
9.254078947368421515e-01
9.226973684210526550e-01
9.240921052631578814e-01
9.314868421052631131e-01
9.358552631578946901e-01
9.384210526315789336e-01
9.395526315789474170e-01
9.390263157894737089e-01
9.394868421052631202e-01
9.395789473684210691e-01
9.386315789473683724e-01
9.340394736842104750e-01
9.426184210526316054e-01
9.410526315789473628e-01
9.442236842105262706e-01
9.451184210526315521e-01
9.460921052631579009e-01
9.498947368421052362e-01
9.453157894736842204e-01
9.443157894736842195e-01
9.490526315789473699e-01
9.501315789473684381e-01
9.519210526315790011e-01
9.541842105263157459e-01
9.538815789473684692e-01
9.516842105263157992e-01
9.525526315789473175e-01
9.561447368421052140e-01
9.565657894736842026e-01
9.561710526315789771e-01
9.557368421052631069e-01
9.553552631578947629e-01
9.529999999999999583e-01
9.561315789473684434e-01
9.594473684210526043e-01
9.593684210526315370e-01
9.628026315789474099e-01
9.628289473684210620e-01
9.610921052631579142e-01
9.631842105263157539e-01
9.629999999999999671e-01
9.661842105263157565e-01
9.655921052631578627e-01
9.650263157894737320e-01
9.646315789473683955e-01
9.661052631578946892e-01
9.684473684210526123e-01
9.671315789473684532e-01
9.663684210526315432e-01
9.656973684210525821e-01
9.689210526315789052e-01
9.675526315789473308e-01
9.701973684210526416e-01
9.710263157894737374e-01
9.718684210526316036e-01
9.703289473684210131e-01
9.694736842105262653e-01
9.715394736842105639e-01
9.708157894736841875e-01
9.729605263157894424e-01
9.721447368421052282e-01
9.721973684210526434e-01
9.736710526315789371e-01
9.712894736842104804e-01
9.734736842105262689e-01
9.744473684210526176e-01
9.759999999999999787e-01
9.743815789473684319e-01
9.733552631578947789e-01
9.736184210526316329e-01
9.773552631578947825e-01
9.778684210526316090e-01
9.764342105263157379e-01
9.731315789473684585e-01
9.709999999999999742e-01
9.724342105263157343e-01
9.769605263157894459e-01
9.792236842105263017e-01
9.785000000000000364e-01
9.799473684210526780e-01
9.799999999999999822e-01
9.804210526315789709e-01
9.798289473684210771e-01
9.807236842105263586e-01
9.769342105263157938e-01
9.695526315789473326e-01
9.737368421052631229e-01
9.765263157894736867e-01
9.808157894736841964e-01
9.800921052631579311e-01
9.814605263157895054e-01
9.811315789473684656e-01
9.801578947368421169e-01
9.797105263157894761e-01
9.815000000000000391e-01
9.819342105263157983e-01
9.833815789473684399e-01
9.809736842105263310e-01
9.838947368421052664e-01
9.852499999999999591e-01
9.847763157894736663e-01
9.838289473684210806e-01
9.833815789473684399e-01
9.840526315789474010e-01
9.852763157894737223e-01
9.856710526315789478e-01
9.858684210526316161e-01
9.853815789473684417e-01
9.829342105263157992e-01
9.823289473684210238e-01
9.850394736842105203e-01
9.848684210526316152e-01
9.866184210526315335e-01
9.836052631578947603e-01
9.777105263157894743e-01
9.805000000000000382e-01
9.860789473684210549e-01
9.878815789473683884e-01
9.878157894736842026e-01
9.874736842105262813e-01
9.883684210526315628e-01
9.876052631578947638e-01
9.884210526315789780e-01
9.887236842105263657e-01
9.892631578947368443e-01
9.893815789473684452e-01
9.894078947368420973e-01
9.895263157894736983e-01
9.890789473684210575e-01
9.884605263157895116e-01
9.900131578947368727e-01
9.900921052631579400e-01
9.898157894736842044e-01
9.903157894736842604e-01
9.895921052631578840e-01
9.890657894736841760e-01
9.896578947368420698e-01
9.890657894736841760e-01
9.852368421052631886e-01
9.886710526315789505e-01
9.881315789473684719e-01
9.876315789473684159e-01
9.895526315789473504e-01
9.914342105263157512e-01
9.906052631578947665e-01
9.914078947368420991e-01
9.915131578947368185e-01
9.910789473684210593e-01
9.907236842105263674e-01
9.908026315789473237e-01
9.905526315789473513e-01
9.908421052631578574e-01
9.911578947368421266e-01
9.923684210526315663e-01
9.915657894736842337e-01
9.918684210526316214e-01
9.922631578947368469e-01
9.925657894736842346e-01
9.929868421052631122e-01
9.924342105263157521e-01
9.920263157894736450e-01
9.932368421052631957e-01
9.932894736842104999e-01
9.932763157894737294e-01
9.923947368421052184e-01
9.927236842105263692e-01
9.930657894736841795e-01
9.932368421052631957e-01
9.933289473684210336e-01
9.930789473684210611e-01
9.928026315789473255e-01
9.931184210526315947e-01
9.936315789473684212e-01
9.933421052631579151e-01
9.931578947368421284e-01
9.927500000000000213e-01
9.930526315789474090e-01
9.933157894736842630e-01
9.922894736842104990e-01
9.918026315789473246e-01
9.922368421052631948e-01
9.928421052631578592e-01
9.918157894736842062e-01
9.927631578947367919e-01
9.933421052631579151e-01
9.917763157894736725e-01
9.938157894736842080e-01
9.938947368421052753e-01
9.933947368421052193e-01
9.941315789473683662e-01
9.940657894736841804e-01
9.941710526315788998e-01
9.939473684210525795e-01
9.940789473684210620e-01
9.951447368421052486e-01
9.949473684210525803e-01
9.938947368421052753e-01
9.933815789473684488e-01
9.938684210526316232e-01
9.937763157894736743e-01
9.941973684210526629e-01
9.935131578947368203e-01
9.936578947368420733e-01
9.940131578947368762e-01
9.947105263157894894e-01
9.954342105263157547e-01
9.953552631578946874e-01
9.953684210526315690e-01
9.954210526315789842e-01
9.953157894736842648e-01
9.950921052631579444e-01
9.958947368421052770e-01
9.961447368421052495e-01
9.959736842105263444e-01
9.958421052631578618e-01
9.952631578947368496e-01
9.957763157894736761e-01
9.956184210526315415e-01
9.957500000000000240e-01
9.964210526315789851e-01
9.959736842105263444e-01
9.960789473684210638e-01
9.964078947368421035e-01
9.958684210526316249e-01
9.964078947368421035e-01
9.965921052631578902e-01
9.965131578947368229e-01
9.962894736842105026e-01
9.962631578947368505e-01
9.964736842105262893e-01
9.957763157894736761e-01
9.966973684210526097e-01
9.970131578947368789e-01
9.969473684210525821e-01
9.972105263157894361e-01
9.970394736842105310e-01
9.966842105263158391e-01
9.965131578947368229e-01
9.960921052631579453e-01
9.961842105263157832e-01
9.964605263157895187e-01
9.969473684210525821e-01
