5.263157894736841987e-03
5.368421052631578740e-03
5.473684210526315493e-03
5.894736842105263372e-03
8.368421052631578802e-03
1.636842105263157723e-02
3.663157894736841780e-02
5.099999999999999672e-02
6.221052631578947306e-02
7.768421052631578616e-02
8.578947368421052655e-02
9.568421052631578827e-02
1.088947368421052664e-01
1.133157894736842169e-01
1.339473684210526205e-01
1.426315789473684148e-01
1.732631578947368411e-01
1.848947368421052506e-01
2.165263157894736779e-01
2.389999999999999902e-01
2.641578947368420915e-01
2.996842105263157752e-01
3.212105263157894464e-01
3.549473684210526225e-01
3.894210526315789456e-01
4.159999999999999809e-01
4.414736842105262959e-01
4.642105263157894623e-01
4.802631578947368363e-01
5.074736842105262991e-01
5.363684210526316054e-01
5.380526315789473379e-01
5.569473684210526354e-01
5.769999999999999574e-01
6.016842105263158214e-01
6.137894736842105514e-01
6.292105263157894424e-01
6.213157894736842657e-01
6.338947368421052886e-01
6.645789473684210469e-01
6.678947368421052078e-01
6.799473684210526336e-01
7.046315789473683866e-01
6.989473684210526505e-01
7.075263157894736699e-01
7.074210526315789505e-01
7.267368421052631255e-01
7.373157894736842577e-01
7.502105263157894388e-01
7.451052631578947150e-01
7.580526315789474223e-01
7.388947368421052708e-01
7.768947368421053046e-01
7.779473684210526097e-01
7.791052631578947452e-01
7.861052631578947514e-01
7.860526315789473362e-01
7.968947368421052113e-01
8.005263157894736414e-01
8.063157894736842080e-01
8.153157894736842159e-01
8.097368421052631993e-01
8.321052631578947922e-01
8.314210526315789496e-01
8.252631578947368096e-01
8.392105263157895179e-01
8.215789473684210753e-01
8.426315789473683981e-01
8.455789473684210966e-01
8.288421052631579355e-01
8.509999999999999787e-01
8.601052631578947061e-01
8.654210526315789798e-01
8.699999999999999956e-01
8.575789473684211073e-01
8.707894736842105576e-01
8.664210526315789807e-01
8.731578947368421328e-01
8.783157894736841609e-01
8.844736842105263008e-01
8.888421052631578778e-01
8.830000000000000071e-01
8.795263157894737116e-01
8.830000000000000071e-01
8.934736842105263088e-01
8.955263157894737258e-01
8.885263157894737196e-01
8.885789473684210238e-01
8.943157894736841751e-01
8.988421052631578867e-01
9.026842105263157556e-01
9.009473684210526079e-01
9.100526315789473353e-01
9.077368421052631753e-01
9.114736842105263248e-01
9.074736842105263213e-01
9.176315789473684648e-01
9.163684210526316098e-01
9.092105263157894690e-01
9.063684210526316010e-01
9.095789473684210424e-01
8.958947368421052992e-01
9.238947368421052131e-01
9.255263157894736414e-01
9.228421052631579080e-01
9.132631578947368878e-01
9.254210526315789220e-01
9.329473684210526363e-01
9.183157894736841964e-01
9.302631578947367919e-01
9.307894736842104999e-01
9.303684210526316223e-01
9.261578947368420689e-01
9.322105263157894894e-01
9.366842105263157858e-01
9.341052631578947718e-01
9.381578947368420796e-01
9.366315789473683706e-01
9.344210526315789300e-01
9.398947368421052273e-01
9.338947368421052220e-01
9.407894736842105088e-01
9.395263157894736539e-01
9.444210526315789389e-01
9.447368421052632081e-01
9.428947368421052300e-01
9.481052631578947842e-01
9.511578947368420911e-01
9.518421052631579338e-01
9.432105263157894992e-01
9.486842105263157965e-01
9.549999999999999600e-01
9.515263157894736645e-01
9.473684210526315264e-01
9.544736842105263630e-01
9.543157894736842284e-01
9.468421052631579293e-01
9.496842105263157974e-01
9.536315789473683857e-01
9.547894736842105212e-01
9.590526315789473788e-01
9.570526315789473770e-01
9.499473684210526514e-01
9.593684210526315370e-01
9.564210526315789496e-01
9.376315789473683715e-01
9.596842105263158063e-01
9.630526315789473824e-01
9.638947368421052486e-01
9.630526315789473824e-01
9.595789473684210868e-01
9.611052631578946848e-01
9.608947368421052460e-01
9.647368421052631149e-01
9.658947368421052504e-01
9.632631578947368212e-01
9.613684210526315388e-01
9.569473684210526576e-01
9.648947368421052495e-01
9.623157894736842355e-01
9.553684210526315335e-01
9.452631578947368052e-01
9.468421052631579293e-01
9.659473684210526656e-01
9.682105263157895214e-01
9.662105263157895196e-01
9.714210526315789629e-01
9.655789473684210922e-01
9.711052631578946936e-01
9.696315789473683999e-01
9.692631578947368265e-01
9.717368421052631211e-01
9.728947368421052566e-01
9.705789473684210966e-01
9.717368421052631211e-01
9.730526315789473912e-01
9.699999999999999734e-01
9.752105263157895276e-01
9.716315789473684017e-01
9.707894736842105354e-01
9.754210526315789664e-01
9.756842105263158205e-01
9.770526315789473948e-01
9.763684210526315521e-01
9.771052631578946990e-01
9.753157894736842470e-01
9.767894736842105408e-01
9.784210526315789691e-01
9.781052631578946999e-01
9.763684210526315521e-01
9.705263157894736814e-01
9.768421052631578450e-01
9.696842105263158151e-01
9.782631578947368345e-01
9.790526315789473966e-01
9.772105263157894184e-01
9.791052631578947008e-01
9.776842105263158222e-01
9.770526315789473948e-01
9.804210526315789709e-01
9.811052631578947025e-01
9.787894736842105425e-01
9.816842105263158258e-01
9.799473684210526780e-01
9.794736842105262742e-01
9.802105263157894210e-01
9.819473684210526798e-01
9.815263157894736912e-01
9.828421052631578503e-01
9.770526315789473948e-01
9.829473684210526807e-01
9.798421052631578476e-01
9.816842105263158258e-01
9.831578947368421195e-01
9.812105263157894219e-01
9.807368421052631291e-01
9.827368421052631309e-01
9.816842105263158258e-01
9.839999999999999858e-01
9.815263157894736912e-01
9.846315789473684132e-01
9.847894736842105479e-01
9.825789473684211073e-01
9.832631578947368389e-01
9.844210526315789744e-01
9.821578947368421186e-01
9.845789473684209980e-01
9.864736842105262804e-01
9.855263157894736947e-01
9.833684210526315583e-01
9.846842105263158285e-01
9.847894736842105479e-01
9.858421052631578529e-01
9.845263157894736938e-01
9.851052631578947061e-01
9.848421052631578521e-01
9.801578947368421169e-01
9.848947368421052673e-01
9.874210526315789771e-01
9.872105263157894273e-01
9.863157894736842568e-01
9.870526315789474037e-01
9.868947368421052690e-01
9.855263157894736947e-01
9.870526315789474037e-01
9.875789473684210007e-01
9.868947368421052690e-01
9.868947368421052690e-01
9.862105263157894264e-01
9.874736842105262813e-01
9.847368421052631327e-01
9.865263157894736956e-01
9.886315789473684168e-01
9.850526315789474019e-01
9.874736842105262813e-01
9.883157894736842586e-01
9.883157894736842586e-01
9.881578947368421240e-01
9.888421052631578556e-01
9.894736842105262831e-01
9.878421052631578547e-01
9.883157894736842586e-01
9.870526315789474037e-01
9.888421052631578556e-01
9.836842105263158276e-01
9.882105263157894282e-01
9.891052631578947096e-01
9.885263157894736974e-01
9.876842105263158311e-01
9.908947368421052726e-01
