6.766175255179405212e-01
6.308157071471214294e-01
6.016552969813346863e-01
5.827424973249435425e-01
5.691495686769485474e-01
5.573370009660720825e-01
5.459564849734306335e-01
5.348738357424736023e-01
5.241145566105842590e-01
5.140273720026016235e-01
5.044298768043518066e-01
4.951089210808277130e-01
4.858561642467975616e-01
4.764958284795284271e-01
4.672246314585208893e-01
4.580690041184425354e-01
4.492150135338306427e-01
4.406408369541168213e-01
4.323640838265419006e-01
4.242590405046939850e-01
4.165584333240985870e-01
4.092227406799793243e-01
4.021213389933109283e-01
3.953447490930557251e-01
3.885796777904033661e-01
3.821031898260116577e-01
3.758677318692207336e-01
3.699508756399154663e-01
3.642887771129608154e-01
3.588218428194522858e-01
3.531496599316596985e-01
3.478553779423236847e-01
3.428855091333389282e-01
3.383225575089454651e-01
3.335314914584159851e-01
3.287192471325397491e-01
3.241092339158058167e-01
3.198680244386196136e-01
3.157242164015769958e-01
3.116159662604331970e-01
3.077659085392951965e-01
3.039258196949958801e-01
3.001316823065280914e-01
2.966367527842521667e-01
2.931852526962757111e-01
2.902283631265163422e-01
2.866514213383197784e-01
2.834621854126453400e-01
2.802111655473709106e-01
2.776356972754001617e-01
2.750821076333522797e-01
2.720665894448757172e-01
2.689183875918388367e-01
2.665944360196590424e-01
2.642622292041778564e-01
2.614854685962200165e-01
2.589730806648731232e-01
2.570821717381477356e-01
2.546683661639690399e-01
2.522790208458900452e-01
2.504046577960252762e-01
2.484233621507883072e-01
2.465811129659414291e-01
2.448183968663215637e-01
2.422213982790708542e-01
2.400029934942722321e-01
2.389111928641796112e-01
2.368332296609878540e-01
2.358189448714256287e-01
2.337097786366939545e-01
2.321636620908975601e-01
2.302256822586059570e-01
2.282480597496032715e-01
2.269974164664745331e-01
2.260841373354196548e-01
2.248482797294855118e-01
2.235908731818199158e-01
2.223617043346166611e-01
2.208264172077178955e-01
2.187433913350105286e-01
2.182296272367238998e-01
2.169071678072214127e-01
2.157718725502490997e-01
2.145211976021528244e-01
2.138302270323038101e-01
2.123323529958724976e-01
2.118802443146705627e-01
2.107229754328727722e-01
2.100060693919658661e-01
2.082712110131978989e-01
2.070284560322761536e-01
2.061878014355897903e-01
2.054421864449977875e-01
2.039766255766153336e-01
2.031967975199222565e-01
2.021613419055938721e-01
2.016955055296421051e-01
2.007046397775411606e-01
2.002002075314521790e-01
1.998067516833543777e-01
1.997664216905832291e-01
1.990927495062351227e-01
1.980161331593990326e-01
1.963249482214450836e-01
1.953914370387792587e-01
1.945307999849319458e-01
1.948366649448871613e-01
1.941392123699188232e-01
1.930153947323560715e-01
1.917368918657302856e-01
1.921657938510179520e-01
1.909356303513050079e-01
1.903273314237594604e-01
1.899061817675828934e-01
1.888544559478759766e-01
1.883237380534410477e-01
1.880659647285938263e-01
1.873796805739402771e-01
1.865873485803604126e-01
1.863823495805263519e-01
1.861854996532201767e-01
1.862779092043638229e-01
1.844931505620479584e-01
1.847249250859022141e-01
1.838508732616901398e-01
1.831397525966167450e-01
1.824579592794179916e-01
1.827572174370288849e-01
1.819330696016550064e-01
1.815443672239780426e-01
1.814341153949499130e-01
1.806785408407449722e-01
1.796071063727140427e-01
1.794664580374956131e-01
1.796919107437133789e-01
1.782747078686952591e-01
1.782839559018611908e-01
1.789672337472438812e-01
1.780869942158460617e-01
1.771755106747150421e-01
1.763870939612388611e-01
1.766324397176504135e-01
1.770542375743389130e-01
1.781754828989505768e-01
1.776889376342296600e-01
1.765323951840400696e-01
1.756799947470426559e-01
1.753734592348337173e-01
1.742078736424446106e-01
1.738008707761764526e-01
1.743148565292358398e-01
1.738778632134199142e-01
1.738163903355598450e-01
1.725395228713750839e-01
1.724035516381263733e-01
1.722318250685930252e-01
1.719479151070117950e-01
1.718253064900636673e-01
1.710986793041229248e-01
1.705614142119884491e-01
1.712319217622280121e-01
1.733415462076663971e-01
1.736863330006599426e-01
1.712596714496612549e-01
1.696131061762571335e-01
1.693120989948511124e-01
1.691540963947772980e-01
1.692680455744266510e-01
1.695000994950532913e-01
1.686289627104997635e-01
1.679281257092952728e-01
1.678551770746707916e-01
1.672178395092487335e-01
1.666633151471614838e-01
1.666360460221767426e-01
1.669626981019973755e-01
1.665856521576642990e-01
1.670819371938705444e-01
1.669138763099908829e-01
1.660626139491796494e-01
1.663962323218584061e-01
1.658520698547363281e-01
1.649753525853157043e-01
1.645591352134943008e-01
1.646816674619913101e-01
1.647288948297500610e-01
1.649025063961744308e-01
1.635090447962284088e-01
1.635772157460451126e-01
1.636806875467300415e-01
1.644851807504892349e-01
1.644742675125598907e-01
1.637560091912746429e-01
1.637646593153476715e-01
1.636958513408899307e-01
1.635287962853908539e-01
1.630751919001340866e-01
1.625072304159402847e-01
1.623142864555120468e-01
1.621090415865182877e-01
1.619809679687023163e-01
1.616882309317588806e-01
1.614448968321084976e-01
1.609870623797178268e-01
1.610651742666959763e-01
1.614276710897684097e-01
1.607673820108175278e-01
1.604692917317152023e-01
1.604294516146183014e-01
1.600876729935407639e-01
1.603148374706506729e-01
1.603155732154846191e-01
1.600098647177219391e-01
1.599669028073549271e-01
1.606275327503681183e-01
1.611376497894525528e-01
1.599081940948963165e-01
1.599751133471727371e-01
1.594431269913911819e-01
1.591539196670055389e-01
1.589903682470321655e-01
1.589202322065830231e-01
1.592082530260086060e-01
1.594777535647153854e-01
1.588151454925537109e-01
1.583992037922143936e-01
1.580220647156238556e-01
1.577723752707242966e-01
1.580403465777635574e-01
1.584121696650981903e-01
1.588736735284328461e-01
1.583394818007946014e-01
1.576909497380256653e-01
1.576086618006229401e-01
1.570010688155889511e-01
1.570853590965270996e-01
1.582883093506097794e-01
1.577146034687757492e-01
1.578372567892074585e-01
1.572027485817670822e-01
1.567335426807403564e-01
1.569048240780830383e-01
1.563949752599000931e-01
1.569325942546129227e-01
1.570665109902620316e-01
1.562512628734111786e-01
1.560544632375240326e-01
1.567574683576822281e-01
1.561637129634618759e-01
1.558852531015872955e-01
1.560873016715049744e-01
1.568465773016214371e-01
1.569552496075630188e-01
1.561530251055955887e-01
1.558557655662298203e-01
1.554022133350372314e-01
1.554198302328586578e-01
1.555905640125274658e-01
1.552332993596792221e-01
1.548582911491394043e-01
1.552321407943964005e-01
1.550280563533306122e-01
1.550139933824539185e-01
1.547211855649948120e-01
1.551776509732007980e-01
1.549635045230388641e-01
1.548334751278162003e-01
1.553306542336940765e-01
1.546958256512880325e-01
1.548154540359973907e-01
