1.017179131507873535e+00
8.012156665325165239e-01
6.307435691356658714e-01
4.542036384344100841e-01
2.789420306682586781e-01
1.362771339714527186e-01
6.232823207974434038e-02
2.960681039839983125e-02
1.668677814304828783e-02
8.354034600779413830e-03
4.520822549238801003e-03
2.634947840124368841e-03
1.649686053860932675e-03
1.319580385461449536e-03
1.064338930882513610e-03
9.465833718422800303e-04
8.523692493326961560e-04
8.101978222839534066e-04
7.218112703412770791e-04
6.711234687827527740e-04
6.085813278332352421e-04
5.823470535688101812e-04
5.402127746492624717e-04
4.967874439898878770e-04
4.714979935670271299e-04
4.392457543872296593e-04
4.290301498258486173e-04
4.047347989398986318e-04
3.769146598642691861e-04
3.785317239817231894e-04
3.379526111530140259e-04
3.216614015400409590e-04
3.204065957106650092e-04
2.949462796095758677e-04
2.865257090888917555e-04
2.689621542231179774e-04
2.619099686853587627e-04
2.528826094930991747e-04
2.572753568529151163e-04
2.444407684379257153e-04
2.366365981288254153e-04
2.260184584883972894e-04
2.069464593660086448e-04
1.934470172272995223e-04
1.995896309381350875e-04
1.870552441687323153e-04
1.858948628068901490e-04
1.777444631443358958e-04
1.748645372572354972e-04
1.674792671110480970e-04
1.590818195836618597e-04
1.575957299792207723e-04
1.470149101805873107e-04
1.464757820940576440e-04
1.456615922506898696e-04
1.482537758420221562e-04
1.356781722279265523e-04
1.249911045306362320e-04
1.270682842005044222e-04
1.314048633503261845e-04
1.212175295222550658e-04
1.236810232512652766e-04
1.157352933660149547e-04
1.119397689762990868e-04
1.175322206108830896e-04
1.058462090441025739e-04
1.024211298499722061e-04
1.016336274915374843e-04
9.653526722104288367e-05
9.767517694854177264e-05
1.004786041448824053e-04
9.267003842978737977e-05
8.624519105069339817e-05
8.924090871005318788e-05
9.439036512048915029e-05
8.108784604701212997e-05
8.904251299099997228e-05
8.413739560637622801e-05
8.075717560132033581e-05
7.893213623901828581e-05
7.750894146738574451e-05
7.622194316354579953e-05
7.571634487248956615e-05
7.232618518173694068e-05
7.014782459009438482e-05
6.991340706008486450e-05
7.055065507302060181e-05
6.863541639177129215e-05
6.134139948699157685e-05
6.419119672500528666e-05
6.782019409001804888e-05
6.390580419974866983e-05
6.237776397028937665e-05
6.218839189386926591e-05
5.646403842547442493e-05
5.640535964630543915e-05
5.774908422608859973e-05
5.852949288964737207e-05
5.561789766943548146e-05
5.794228418380953643e-05
5.473063174576964229e-05
