7.265035510063171387e-01
5.211477875709533691e-01
4.498977273702621238e-01
3.893188714981078991e-01
3.188615769147872814e-01
2.550133824348449485e-01
1.968233183026313893e-01
1.442554697394370922e-01
1.047555476427078219e-01
7.642822153866291046e-02
5.268712416291236600e-02
4.906163774430751662e-02
3.665322046726941785e-02
2.814451213926076958e-02
1.827419213950633864e-02
1.075240764766931603e-02
6.371720833703875889e-03
3.946896339766681021e-03
2.833816013298928651e-03
2.016371034551411954e-03
1.507326378487050533e-03
1.353904767893254800e-03
1.176903548184782267e-03
1.079757447587326126e-03
1.014394999947398814e-03
8.610412420239299753e-04
8.206066559068858624e-04
8.218551811296492815e-04
6.830493221059441566e-04
6.899259227793663523e-04
6.910712167154997370e-04
5.952795268967747905e-04
5.906056700041517832e-04
5.762188055086880489e-04
5.097623885376379111e-04
4.958949866704642773e-04
4.450000036740675352e-04
4.603589826729148409e-04
4.760871845064684640e-04
4.323143657529726624e-04
3.922703734133392681e-04
4.137595649808645357e-04
3.589570493204519369e-04
3.846829902613535632e-04
3.312101471237838268e-04
3.151921089738607515e-04
3.426434675930068005e-04
2.895095094572752714e-04
2.791821811115368984e-04
3.012298329849727452e-04
2.942549705039710023e-04
2.712405563215725341e-04
2.737639952101744711e-04
2.457812821376137652e-04
2.363529230933636319e-04
2.310582523932680379e-04
2.313083663466386551e-04
2.345028929994441515e-04
2.287475741468369907e-04
2.359365491429343711e-04
2.151127220713533353e-04
1.993027719436213266e-04
1.780923004844225835e-04
2.038205129792913795e-04
1.734956909785978442e-04
1.770812625181861113e-04
1.973009231733158122e-04
1.686947769485414137e-04
1.684602786554023515e-04
1.672874830546788980e-04
1.616099791135638844e-04
1.487994508352130706e-04
1.518935823696665466e-04
1.464619417674839497e-04
1.529746921733021845e-04
1.361179893137887120e-04
1.459294813685119098e-04
1.244197104824706966e-04
1.261089761101175045e-04
1.244896979187615270e-04
1.188107089546974748e-04
1.207766377774532830e-04
1.157106467871926671e-04
1.159733037638943642e-04
1.232315829838626141e-04
1.057053152180742500e-04
1.089360208425205147e-04
1.074015890480950475e-04
1.063258016074541983e-04
9.472028759773820097e-05
9.904465914587490803e-05
1.093464707082603127e-04
1.001711701974272782e-04
9.910171211231499639e-05
1.028382765071000877e-04
8.879388115019537237e-05
9.206623217323794690e-05
8.512057174812071567e-05
8.913213459891267663e-05
8.296822998090646619e-05
7.830971298972144723e-05
