1.023377339045206780e+00
1.279415686925252205e+00
1.751972119013468498e+00
2.347700277964273941e+00
1.692016442616780525e+00
1.135148326555887932e+00
9.949212869008382532e-01
1.005212465922037834e+00
9.380024274190267297e-01
9.089306195576986047e-01
9.089813431104024621e-01
1.091142594814300537e+00
1.094665805498759026e+00
1.032786647478739495e+00
1.013542254765828377e+00
1.182247797648112053e+00
1.116401712099711174e+00
1.164558470249176025e+00
1.105206112066904778e+00
1.107433517773946052e+00
1.131241122881571526e+00
1.119545062383015877e+00
1.084490577379862541e+00
1.091679135958353752e+00
1.139657020568847656e+00
1.133653799692789788e+00
1.145734985669453865e+00
1.139418125152587891e+00
1.135168155034383064e+00
1.134851614634196038e+00
1.136379440625508552e+00
1.147948424021403069e+00
1.155243158340454102e+00
1.152564843495686775e+00
1.158142367998759026e+00
1.155854622522989983e+00
1.158667961756388420e+00
1.192066510518391853e+00
1.132314403851826912e+00
1.151160240173339844e+00
1.168519576390584236e+00
1.174595197041829353e+00
1.180172681808471680e+00
1.176091313362121582e+00
1.177704294522603279e+00
1.182741045951843262e+00
1.192452947298685784e+00
1.201331615447998047e+00
1.195949872334798103e+00
1.201320449511210198e+00
1.198169986406962151e+00
1.195485234260559082e+00
1.209552923838297600e+00
1.210898598035176521e+00
1.201117118199666267e+00
1.209540168444315666e+00
1.225309213002522712e+00
1.220083793004353767e+00
1.219370484352111816e+00
1.216365377108256096e+00
1.215427756309509277e+00
1.221913218498229980e+00
1.232890168825785393e+00
1.237012346585591560e+00
1.218829472859700447e+00
1.222289562225341797e+00
1.227507551511128669e+00
1.233412861824035645e+00
1.238294482231140137e+00
1.237765192985534668e+00
1.244009335835774666e+00
1.249971151351928711e+00
1.241405526796976799e+00
1.242446978886922127e+00
1.241072297096252441e+00
1.242842833201090569e+00
1.252835075060526604e+00
1.247895598411560059e+00
1.254722754160563225e+00
1.251481691996256584e+00
1.252477129300435310e+00
1.259041229883829827e+00
1.254250884056091309e+00
1.256530841191609627e+00
1.260980486869812012e+00
1.261359930038452148e+00
1.266255895296732659e+00
1.266614079475402832e+00
1.261304497718811035e+00
1.273516893386840820e+00
1.276450951894124275e+00
1.273752927780151367e+00
1.270583669344584221e+00
1.275811513264973884e+00
1.280080477396647209e+00
1.282760659853617424e+00
1.283518354098002190e+00
1.291880846023559570e+00
1.295329252878824944e+00
1.292972922325134277e+00
1.291453361511230469e+00
