8.509690523147582786e-01
7.687153935432433638e-01
7.432594776153564897e-01
7.317246258258819358e-01
7.240646362304687944e-01
7.177638649940490945e-01
7.123570442199707031e-01
7.076304435729980913e-01
7.031939327716827393e-01
6.989823341369628684e-01
6.956741988658905473e-01
6.927605330944061057e-01
6.896327435970306396e-01
6.883156061172485130e-01
6.860687911510467973e-01
6.822933793067932351e-01
6.793356597423553245e-01
6.768174588680266890e-01
6.734426856040954812e-01
6.717032492160797119e-01
6.691332936286926714e-01
6.649234831333160622e-01
6.644163966178894265e-01
6.600808799266815186e-01
6.599712014198303445e-01
6.571986138820647971e-01
6.550347626209258589e-01
6.546786367893219216e-01
6.517532289028167281e-01
6.512207388877868652e-01
6.465399146080017534e-01
6.421889066696166992e-01
6.441913068294524702e-01
6.412905156612396240e-01
6.367157638072967751e-01
6.329269766807555930e-01
6.317669272422790083e-01
6.304492533206940141e-01
6.283303439617157204e-01
6.255079448223114236e-01
6.229703366756439431e-01
6.221324980258942094e-01
6.189411580562591553e-01
6.154916405677794966e-01
6.156068027019501177e-01
6.121954083442687766e-01
6.095759332180022971e-01
6.063015758991241455e-01
6.058280825614928977e-01
6.048310339450836404e-01
6.028562784194946289e-01
5.994349062442779763e-01
5.954087257385254350e-01
5.935885131359099898e-01
5.918033480644225852e-01
5.899113893508911577e-01
5.855039179325103316e-01
5.813410878181457520e-01
5.815648198127746360e-01
5.806960046291351762e-01
5.793466508388519509e-01
5.789152324199676736e-01
5.752135753631592019e-01
5.728730440139770952e-01
5.707056343555449995e-01
5.678114354610442893e-01
5.640200257301331010e-01
5.620230019092560259e-01
5.575479745864868608e-01
5.543089866638183372e-01
5.520714163780212624e-01
5.560096681118011919e-01
5.562212288379668745e-01
5.521397531032562478e-01
5.499532520771026611e-01
5.436409413814544678e-01
5.386260449886322021e-01
5.374444067478180154e-01
5.367048919200897439e-01
5.343672811985016313e-01
5.344821274280547874e-01
5.273652493953704390e-01
5.225519597530364768e-01
5.217076241970062256e-01
5.202170908451080322e-01
5.203502118587494119e-01
5.219808936119079146e-01
5.164700448513031006e-01
5.119531691074371560e-01
5.114027619361877219e-01
5.102193415164947288e-01
5.075560927391051802e-01
5.049015492200851218e-01
4.983184397220611350e-01
4.953026920557022095e-01
4.931236594915390237e-01
4.915206521749496682e-01
4.881043136119842529e-01
4.833029091358184703e-01
4.849022865295410378e-01
4.826820880174637063e-01
4.818555831909179799e-01
4.781298667192458995e-01
4.730506181716919167e-01
4.709702432155609131e-01
4.748195141553878673e-01
4.707335561513900646e-01
4.668390721082687489e-01
4.652877956628799216e-01
4.617381185293197854e-01
4.616402059793472401e-01
4.610790252685547097e-01
4.561346679925918357e-01
4.488971650600433461e-01
4.482102662324905507e-01
4.440933108329773171e-01
4.403032332658767811e-01
4.384093165397643932e-01
4.370421826839446799e-01
4.393486499786377064e-01
4.381683737039566151e-01
4.368838697671890148e-01
4.351006031036376842e-01
4.332457661628723034e-01
4.285963326692581177e-01
4.295387834310531727e-01
4.239664226770401001e-01
4.209973812103271484e-01
4.173301726579666249e-01
4.120610743761062844e-01
4.093239754438400269e-01
4.112985908985137828e-01
4.088254362344742043e-01
4.050815880298614391e-01
4.028635978698730247e-01
4.055659502744674572e-01
4.024226516485214233e-01
4.005587130784988292e-01
3.998113512992859109e-01
3.963388621807098500e-01
3.972705960273742454e-01
3.937532842159271462e-01
3.946424365043640359e-01
3.879219919443130382e-01
3.820885181427001731e-01
3.835607886314392201e-01
3.806173324584961049e-01
3.806946933269500510e-01
3.808798342943191528e-01
3.741822034120559914e-01
3.704984664916992076e-01
3.702626645565033070e-01
3.692926079034805076e-01
3.664043694734573364e-01
3.620310336351394431e-01
3.597769290208816528e-01
3.588074535131454690e-01
3.610743105411529652e-01
3.552246332168579324e-01
3.525973320007323997e-01
3.507486939430236594e-01
3.467589735984802357e-01
3.453635573387145996e-01
3.470954447984695435e-01
3.473593652248382346e-01
3.488966703414916881e-01
3.444455325603484885e-01
3.394115686416626088e-01
3.359590202569961437e-01
3.361835390329360740e-01
3.387034565210342296e-01
3.373410820960998646e-01
3.347581595182418934e-01
3.291271448135376088e-01
3.241074174642563088e-01
3.225421905517578125e-01
3.227328270673751609e-01
3.209962189197540505e-01
3.198742479085922019e-01
3.164969772100448830e-01
3.137080132961272971e-01
3.104700058698653953e-01
3.145083427429199441e-01
3.155892819166183361e-01
3.204254060983657837e-01
3.143587142229080089e-01
3.114194214344024880e-01
3.043690562248230203e-01
3.019329845905304177e-01
3.018706321716308483e-01
3.008261889219284169e-01
2.996894329786300437e-01
2.954739600419998280e-01
2.939962357282638328e-01
2.930930405855178833e-01
2.917266845703124778e-01
2.912884652614593506e-01
2.901196420192718728e-01
2.853097170591354370e-01
2.815237641334533691e-01
2.830998808145522849e-01
2.800286769866943137e-01
2.782519817352294700e-01
2.752278596162796021e-01
2.755651563405990823e-01
2.715315341949463002e-01
2.728489935398101807e-01
2.751776844263076893e-01
2.731518030166625866e-01
2.704534858465194591e-01
2.701147913932800404e-01
2.671942323446273582e-01
2.696993023157119862e-01
2.664818912744522095e-01
2.607069939374923595e-01
2.626590818166733010e-01
2.624550431966781727e-01
2.626939177513122337e-01
2.606081500649451987e-01
2.571579396724700817e-01
2.576956123113632313e-01
2.521523490548133739e-01
2.500743374228477367e-01
2.489783123135566600e-01
2.498178407549858093e-01
2.467274188995361439e-01
2.465348735451698414e-01
2.447471484541892950e-01
2.453797474503517095e-01
2.409892335534095653e-01
2.380556821823120173e-01
2.394047677516937256e-01
2.382575422525405884e-01
2.329467460513114929e-01
2.377411708235740717e-01
2.402777224779129028e-01
2.369960293173790089e-01
2.361682534217834362e-01
2.348661273717880249e-01
2.297477453947067150e-01
2.316677734255790655e-01
2.233895391225814708e-01
2.230658218264579828e-01
2.265395268797874562e-01
2.206624671816825867e-01
2.184129923582077137e-01
2.238533869385719299e-01
2.219150289893150330e-01
2.167831361293792725e-01
2.160432845354080256e-01
2.148458302021026556e-01
2.159446209669113048e-01
2.183427035808563343e-01
2.194030940532684382e-01
2.174777731299400441e-01
2.127051383256912120e-01
2.087145164608955328e-01
2.065369367599487194e-01
2.035025253891944996e-01
2.029494404792785700e-01
2.008526250720024109e-01
2.052673265337943975e-01
2.017312929034233149e-01
1.981737807393074147e-01
2.031664311885833796e-01
2.025099709630012457e-01
1.969140350818633922e-01
1.930261552333831787e-01
1.953794747591018621e-01
2.007477760314941295e-01
2.004648491740226857e-01
1.962427034974098261e-01
1.944591909646987971e-01
1.931883707642555181e-01
1.911272406578063965e-01
1.915475532412528881e-01
1.907518073916435186e-01
1.874718338251114003e-01
1.832840129733085688e-01
1.836608141660690252e-01
1.830752864480018616e-01
1.800318717956543024e-01
1.820712834596633911e-01
1.831857308745384327e-01
1.816496253013610840e-01
1.822289139032363947e-01
1.805295526981353649e-01
1.767036676406860407e-01
1.782791405916213934e-01
1.783525779843330439e-01
1.773448109626770131e-01
1.745583474636077936e-01
1.728498175740242060e-01
1.677444428205490112e-01
1.677660107612609919e-01
1.663251757621765081e-01
1.670899242162704468e-01
1.679250359535217341e-01
1.775123029947280884e-01
1.732397958636283930e-01
1.704078033566474859e-01
1.700193136930465698e-01
1.670972973108291737e-01
1.654622465372085627e-01
1.660272225737571827e-01
1.618511691689491216e-01
1.610278010368347279e-01
1.617622971534729004e-01
1.614169493317604009e-01
1.613494232296943665e-01
1.597426518797874506e-01
1.567408517003059387e-01
1.558668419718742260e-01
1.543437063694000355e-01
1.543686702847480718e-01
1.498631194233894237e-01
1.528363093733787481e-01
1.499809294939041249e-01
1.503739491105079706e-01
1.505794852972030529e-01
1.436271592974662781e-01
1.432662397623062078e-01
1.437024906277656611e-01
1.443318426609039307e-01
1.503553554415702764e-01
1.481541737914085499e-01
1.453255370259284862e-01
1.487356260418891962e-01
1.476726263761520275e-01
1.509758785367011913e-01
1.503065854310989269e-01
1.476106941699981689e-01
1.434317305684089661e-01
1.432717949151992853e-01
1.404748067259788402e-01
1.451192915439605824e-01
1.399270504713058527e-01
1.357283666729927063e-01
1.391858682036399841e-01
1.396482080221176092e-01
1.375626146793365590e-01
1.380560621619224548e-01
1.383030265569686890e-01
1.373185232281684820e-01
1.399121806025505066e-01
1.389603033661842291e-01
1.363024845719337519e-01
1.312882751226425171e-01
1.371091321110725347e-01
1.332756936550140436e-01
1.356506630778312739e-01
1.331462398171424921e-01
1.305848568677902277e-01
1.299447864294052124e-01
1.286772474646568354e-01
1.253362566232681385e-01
1.226255647838115637e-01
1.214709155261516627e-01
1.248244360089302007e-01
1.280845880508422741e-01
1.268501192331314142e-01
1.214294835925102262e-01
1.189890086650848416e-01
1.251205936074256952e-01
1.214148931205272647e-01
1.227850995957851382e-01
1.201361514627933558e-01
1.191149756312370328e-01
1.169734373688697815e-01
1.186305008828640040e-01
1.217699460685253143e-01
1.243795208632945959e-01
1.215901009738445254e-01
1.197479076683521243e-01
1.152460895478725489e-01
1.179046310484409277e-01
1.164967134594917242e-01
1.154618158936500522e-01
1.136236667633056668e-01
1.173849470913410215e-01
1.183471351861953708e-01
1.195622801780700656e-01
1.196217931807041224e-01
1.139158688485622378e-01
1.109859593212604578e-01
1.070120632648468018e-01
1.061661429703235626e-01
1.049750253558158902e-01
1.036061301827430753e-01
1.076975241303443909e-01
1.080647349357604925e-01
1.046199157834053067e-01
1.055601671338081415e-01
1.095656350255012484e-01
1.071216568350791959e-01
1.093231707811355563e-01
1.093683555722236578e-01
1.032965898513793918e-01
1.041933909058570806e-01
1.068462640047073420e-01
1.053356006741523743e-01
1.043689489364623968e-01
1.030664965510368347e-01
9.779164567589759827e-02
1.013349860906600924e-01
1.012898944318294525e-01
9.803761839866638461e-02
9.561521261930465421e-02
9.425197541713714600e-02
9.532304108142852783e-02
9.668965712189674100e-02
9.580066353082657138e-02
9.390885755419731140e-02
9.223397523164748868e-02
9.018026962876320163e-02
1.015320189297199277e-01
1.034361548721790258e-01
1.029965162277221707e-01
1.008295431733131353e-01
9.745854288339614313e-02
9.622083306312560758e-02
9.442279189825057706e-02
9.527706727385520935e-02
9.367319196462631226e-02
9.256034418940543851e-02
9.227955415844917020e-02
9.239404127001762945e-02
9.781134277582168024e-02
9.482140466570854187e-02
9.182829856872558316e-02
9.197477251291275024e-02
8.520489111542701999e-02
9.155992269515991766e-02
9.321531727910041532e-02
9.261630102992057800e-02
9.145616367459297180e-02
9.204591065645217896e-02
8.975318595767020624e-02
8.527637273073196411e-02
8.380337357521057406e-02
8.241750299930572510e-02
8.223827928304672241e-02
8.168335705995559415e-02
8.313883394002914706e-02
8.151240274310112000e-02
8.568374291062355597e-02
8.608240708708762845e-02
8.823895677924156744e-02
9.050991237163544256e-02
9.189973771572113037e-02
8.447193726897239685e-02
8.106962963938713074e-02
7.891280874609947482e-02
8.627448901534080783e-02
8.641377240419387262e-02
8.549254536628722589e-02
8.593928292393684942e-02
8.229407519102097113e-02
7.796288877725601751e-02
7.923957481980323236e-02
7.847705855965614319e-02
8.231892883777618131e-02
7.893556803464889249e-02
8.116114661097525995e-02
7.544916272163390558e-02
7.394775599241257269e-02
7.503738552331924716e-02
7.473640218377113065e-02
7.203261926770210266e-02
7.183236256241798401e-02
7.298694849014282504e-02
7.557712942361831387e-02
7.390026375651359558e-02
7.463558688759804050e-02
7.699317634105681818e-02
7.530289441347122470e-02
7.214731946587563116e-02
7.034716159105300348e-02
7.214188128709793368e-02
7.142364382743834894e-02
7.070007100701332370e-02
6.954845339059829989e-02
7.824118211865424555e-02
8.113095611333846768e-02
8.032496199011802951e-02
7.879278063774108887e-02
7.559139803051947992e-02
7.680500224232673923e-02
7.689198777079582492e-02
7.656978368759155551e-02
7.699658125638961237e-02
7.411073595285415372e-02
7.322523891925811212e-02
7.245522141456603449e-02
6.986177712678909302e-02
6.778565123677253446e-02
6.832868307828902921e-02
6.869569644331932623e-02
6.909274011850356778e-02
6.605327874422073364e-02
6.501431949436664581e-02
6.270474791526794989e-02
6.413885056972504217e-02
6.810942888259888250e-02
7.108364030718802851e-02
7.202383726835251410e-02
7.187111675739288330e-02
7.781074792146683294e-02
7.272328510880469998e-02
6.767161488533020297e-02
6.548793166875839511e-02
6.437647752463818152e-02
7.357967868447304327e-02
7.176610082387924194e-02
6.953618824481963556e-02
6.686381101608276922e-02
6.571191772818565924e-02
6.639144644141196927e-02
6.622651405632495880e-02
6.382620632648468295e-02
6.195746883749961992e-02
7.044352740049361628e-02
6.990427374839783270e-02
6.409720927476883490e-02
6.414261832833290100e-02
6.559741199016570767e-02
6.521773301064967554e-02
6.706396639347075861e-02
6.181568764150142947e-02
6.107879877090453824e-02
6.130982711911201616e-02
6.089854761958122392e-02
6.318908855319023410e-02
6.444534845650196075e-02
6.313114576041697901e-02
6.161449067294597765e-02
5.654692649841308594e-02
5.623658969998359541e-02
5.334483459591865540e-02
5.133273005485534946e-02
5.199003219604492188e-02
5.333386249840259274e-02
5.251971408724784990e-02
5.012604519724846164e-02
5.138638019561767717e-02
5.225395895540714541e-02
5.060345567762851438e-02
5.292744413018226485e-02
4.903960227966308594e-02
5.236691907048225680e-02
5.593119412660598616e-02
5.093705803155899187e-02
5.057000629603862485e-02
4.913529641926288327e-02
5.071120522916316986e-02
5.232990458607673923e-02
5.296889245510101596e-02
5.214053839445113858e-02
5.430991761386394501e-02
5.661732777953147611e-02
6.097458302974700928e-02
6.589080989360809881e-02
6.808211058378219049e-02
7.010755687952041626e-02
6.384760215878486356e-02
6.346992440521717627e-02
6.407573372125625888e-02
6.566961668431758881e-02
6.287001110613346655e-02
6.274207979440689364e-02
6.237811297178268155e-02
6.057702340185642381e-02
5.555279627442359647e-02
5.516763031482696533e-02
5.562213249504566193e-02
5.379359535872936526e-02
5.605463720858096938e-02
5.601133219897747040e-02
5.338380075991153856e-02
5.300040282309055606e-02
5.516276247799396792e-02
5.587541982531547824e-02
5.401833429932594022e-02
5.260993801057338437e-02
5.146263837814331332e-02
5.173166021704674045e-02
5.208524130284786224e-02
4.917529597878456116e-02
4.790149256587028503e-02
4.725189618766308108e-02
4.845883063971996585e-02
4.448980838060379028e-02
4.531800933182239532e-02
4.659123234450816831e-02
4.697678051888942719e-02
4.424870051443576674e-02
4.542448893189430376e-02
4.845992289483547211e-02
4.889749623835086545e-02
4.915403164923191209e-02
5.239104256033897539e-02
5.047355964779853821e-02
5.073543600738048692e-02
4.942410066723823547e-02
4.980509094893932620e-02
5.141954086720943590e-02
4.928636252880096158e-02
4.660065881907939772e-02
4.714675135910510739e-02
4.928060732781887332e-02
5.029128156602382521e-02
5.413550026714801511e-02
5.358688347041606903e-02
6.255441345274448395e-02
6.391006074845791141e-02
7.259723395109177191e-02
6.928371861577034552e-02
6.660726480185985565e-02
6.646581143140792292e-02
6.856958828866481503e-02
6.785550899803638458e-02
6.592942848801612576e-02
6.329007409512996118e-02
6.216438300907611847e-02
5.623678229749203006e-02
5.070526674389839311e-02
5.008932314813137332e-02
4.413833171129226407e-02
4.202730059623718123e-02
4.289657771587371965e-02
4.413060955703258792e-02
4.864358901977539062e-02
4.148306325078010559e-02
4.149258695542812347e-02
3.904413133859634122e-02
3.878258690237999101e-02
4.032437503337860107e-02
4.477458968758583208e-02
4.415547288954257965e-02
4.219172932207584242e-02
3.869571276009083072e-02
3.716322779655456543e-02
3.505872748792171478e-02
3.826225399971008162e-02
3.948628827929497043e-02
3.740813583135604858e-02
3.850229345262050351e-02
3.797362074255943021e-02
3.403861448168754578e-02
3.456525653600692888e-02
3.614409547299146652e-02
3.933042474091053009e-02
3.875844888389110704e-02
3.661364354193210463e-02
3.786400742828845839e-02
3.795151803642511645e-02
4.257485717535018643e-02
3.864477090537547788e-02
3.705871850252151489e-02
3.840854540467262407e-02
3.875591941177845140e-02
3.864810988306999207e-02
4.111512266099452695e-02
4.066551104187965393e-02
3.763056509196758409e-02
3.657196462154388428e-02
3.599470779299736301e-02
3.612096197903156419e-02
3.930988535284996033e-02
3.646939173340797702e-02
3.786818273365497728e-02
3.439308889210224152e-02
3.302604630589485446e-02
3.505259752273559570e-02
3.332005403935909410e-02
3.506047837436199188e-02
4.057453051209449629e-02
4.051675722002982816e-02
3.876892514526843886e-02
3.820877522230148315e-02
3.641590103507041931e-02
3.657659478485584398e-02
3.639797754585742673e-02
3.407692536711692810e-02
3.223805241286754886e-02
2.922598868608474593e-02
3.116761613637208939e-02
2.936707958579063554e-02
2.900335565209388733e-02
2.816936075687408517e-02
2.838319502770900865e-02
2.835495006293058465e-02
2.867950275540352006e-02
2.983809132128954072e-02
3.135661482810973844e-02
3.182463273406029025e-02
3.308010399341583530e-02
3.490624204277992249e-02
3.810140974819660464e-02
3.567404933273791989e-02
3.782990798354148726e-02
3.797623105347156663e-02
3.816333971917629242e-02
4.533530026674270630e-02
4.846287332475185394e-02
4.985584318637847900e-02
4.942408204078674316e-02
5.708755999803542813e-02
7.343836203217506131e-02
8.708399161696434021e-02
1.195541143417358371e-01
9.281496070325374603e+00
1.328396139144897425e+01
1.296536226272582937e+01
1.396617069244384801e+01
1.230343742370605398e+01
1.082329759597778285e+01
1.082010107040405344e+01
1.099717769622802699e+01
1.128529806137084890e+01
1.014436092376709020e+01
1.074073476791381765e+01
1.136739759445190501e+01
1.191807470321655238e+01
1.156686134338378835e+01
1.136108760833740305e+01
1.084784469604492152e+01
1.064791259765624964e+01
1.014514617919921946e+01
1.090774040222168040e+01
1.016005010604858327e+01
1.031755523681640696e+01
1.028843460083007777e+01
1.040091791152954137e+01
1.031212749481201207e+01
1.020774154663086009e+01
1.037626199722290110e+01
1.037292604446411204e+01
1.049850311279296911e+01
1.065686464309692383e+01
1.266563768386840749e+01
1.316602458953857457e+01
1.255051441192626882e+01
1.147560558319091761e+01
1.212515039443969656e+01
1.258540906906127965e+01
1.124780826568603587e+01
1.196018047332763601e+01
1.221023778915405344e+01
1.192505092620849538e+01
1.200036725997924769e+01
1.166662302017211950e+01
1.133470067977905238e+01
1.155615797042846715e+01
1.158154706954956126e+01
1.177596969604492116e+01
1.029730110168457102e+01
1.086977834701538015e+01
1.022560272216796839e+01
1.048334369659423793e+01
1.056234426498413015e+01
1.100541496276855469e+01
1.075213441848754847e+01
1.249895572662353516e+01
1.225878582000732386e+01
1.133088722229003942e+01
1.373652172088623047e+01
1.201083354949951243e+01
1.384939813613891602e+01
1.273689451217651403e+01
1.167560348510742152e+01
1.118841381072997976e+01
1.082963495254516673e+01
1.156638298034667933e+01
1.309404182434082031e+01
1.238079977035522461e+01
1.448222198486328161e+01
1.566449480056762766e+01
1.293424196243286062e+01
1.254734973907470774e+01
1.210278749465942383e+01
1.237315425872802699e+01
1.278073120117187500e+01
1.175785465240478445e+01
1.126202516555786204e+01
1.160028762817382741e+01
1.176507282257080078e+01
1.213003606796264577e+01
1.200831375122070277e+01
1.217171363830566477e+01
1.135810918807983327e+01
1.136574220657348633e+01
1.223342151641845632e+01
1.363830909729003871e+01
1.304329957962036168e+01
1.372980852127075124e+01
1.325443801879882777e+01
1.334314899444580149e+01
1.413609905242919851e+01
1.308435096740722692e+01
1.251013031005859411e+01
1.250464639663696254e+01
1.274088802337646520e+01
1.256495571136474609e+01
1.288924322128295863e+01
1.366481523513794016e+01
1.452081766128540075e+01
1.359667892456054616e+01
1.308697919845581126e+01
1.287396755218505895e+01
1.215654172897338903e+01
1.188907670974731445e+01
1.221687822341919016e+01
1.219049367904663050e+01
1.242721738815307653e+01
1.257036733627319336e+01
1.164463968276977468e+01
1.142598762512207067e+01
1.273777580261230469e+01
1.317604341506958043e+01
1.285502004623413086e+01
1.308554525375366140e+01
1.270292921066284109e+01
1.338702831268310511e+01
1.404171304702758860e+01
1.411768598556518484e+01
1.354656620025634695e+01
1.311193714141845668e+01
1.268063306808471680e+01
1.341824111938476527e+01
1.450791416168212855e+01
1.337942571640014577e+01
1.248355760574340856e+01
1.235572366714477610e+01
1.271206150054931605e+01
1.310441341400146520e+01
1.289431581497192347e+01
1.182938280105590856e+01
1.130448131561279368e+01
1.190784940719604457e+01
1.241319513320922852e+01
1.470033168792724609e+01
1.450583066940307653e+01
1.397571191787719691e+01
1.289532232284545898e+01
1.312971172332763636e+01
1.425104665756225586e+01
1.308230066299438477e+01
1.264225769042968750e+01
1.201568117141723668e+01
1.182037839889526332e+01
1.140234766006469691e+01
1.167332382202148366e+01
1.327374744415283203e+01
1.205489225387573171e+01
1.219717912673950266e+01
1.222405853271484411e+01
1.194997739791870117e+01
1.288195180892944336e+01
1.261949605941772390e+01
1.244562206268310511e+01
1.220321903228759730e+01
1.209615755081176758e+01
1.232387685775756836e+01
1.244657640457153391e+01
1.222090101242065430e+01
1.193127040863037180e+01
1.225803623199462855e+01
1.438028030395507884e+01
1.398432655334472585e+01
1.364897403717040980e+01
1.242642288208007884e+01
1.264105014801025462e+01
1.288440780639648509e+01
1.458881855010986328e+01
1.379514636993408239e+01
1.266186838150024485e+01
1.237455549240112340e+01
1.243494558334350586e+01
1.246505327224731374e+01
1.275583200454711985e+01
1.304490442276000906e+01
1.280975055694580078e+01
1.298220872879028320e+01
1.438423376083374094e+01
1.338726654052734411e+01
1.265172586441040004e+01
1.201073560714721644e+01
1.229879617691040039e+01
1.222696075439453089e+01
1.192874135971069371e+01
1.199115304946899485e+01
1.233212518692016602e+01
1.292357788085937464e+01
1.308707962036132777e+01
1.287035818099975515e+01
1.233108549118042063e+01
1.312286939620971715e+01
1.428872766494751012e+01
1.410292835235595632e+01
1.312872695922851562e+01
1.247419805526733327e+01
1.166704835891723668e+01
1.166077518463134766e+01
1.190493984222412038e+01
1.192213840484619070e+01
1.185312356948852575e+01
1.031278543472290110e+01
1.115484476089477539e+01
1.136758470535278320e+01
1.119350681304931605e+01
1.078924245834350515e+01
1.382497816085815501e+01
1.274174690246582031e+01
1.207272272109985423e+01
1.056455621719360316e+01
1.015141191482543981e+01
9.860441780090331676e+00
1.019776945114135813e+01
9.932688522338867898e+00
1.058771600723266637e+01
1.088202190399169922e+01
1.097588357925415004e+01
1.077667493820190359e+01
1.009812784194946289e+01
1.068165435791015661e+01
1.094034395217895472e+01
1.057694053649902344e+01
9.913245391845702414e+00
1.017635717391967809e+01
1.035882043838500977e+01
1.023169355392456126e+01
1.098104763031005859e+01
1.144352617263793981e+01
1.125784282684326243e+01
1.087532587051391531e+01
9.781753444671631215e+00
9.690298175811767223e+00
9.984508323669434304e+00
1.009920320510864222e+01
1.073101425170898438e+01
1.000111351013183558e+01
9.556034183502196910e+00
1.047865076065063406e+01
1.010726318359374964e+01
9.688006114959716086e+00
9.975553798675537820e+00
1.040587100982665980e+01
1.041585693359374964e+01
1.015795164108276438e+01
9.376976585388183238e+00
9.410298347473144531e+00
9.691424942016601207e+00
1.037998180389404368e+01
1.096686964035034251e+01
1.063197269439697301e+01
1.050598678588867152e+01
1.088871955871582031e+01
1.044186353683471680e+01
1.053764867782592773e+01
1.006258563995361399e+01
1.078186292648315359e+01
1.057427186965942312e+01
1.035478239059448313e+01
1.023306865692138601e+01
9.701997470855712180e+00
1.002593460083007848e+01
1.010235319137573207e+01
1.054156036376953054e+01
1.086700706481933665e+01
1.001926908493041957e+01
9.918757724761963601e+00
9.618176746368408914e+00
9.847926330566405539e+00
1.025142259597778249e+01
1.204353742599487376e+01
1.288818798065185511e+01
1.164151334762573242e+01
1.086412954330444336e+01
1.157913570404052805e+01
1.034837245941162109e+01
1.029811382293701172e+01
1.047739315032958984e+01
9.888614845275878196e+00
1.001355781555175817e+01
1.030727128982544016e+01
9.948795413970946910e+00
1.006462955474853516e+01
9.863665008544922230e+00
1.011665325164794993e+01
9.639322185516357777e+00
9.508884429931640625e+00
9.473812961578369496e+00
9.315190219879150746e+00
9.386014461517333984e+00
9.381659030914306641e+00
9.194115829467772727e+00
9.131588554382323863e+00
9.299735260009764914e+00
9.236849212646484730e+00
9.102913761138916371e+00
9.209279537200927734e+00
9.216833496093750355e+00
9.280640602111816406e+00
9.314190387725830078e+00
9.366472625732422230e+00
9.163265991210938211e+00
9.102201080322265270e+00
9.275731086730957031e+00
9.405974769592285512e+00
9.340835475921631215e+00
8.886502933502196555e+00
9.037127876281738637e+00
1.052409944534301722e+01
9.538662052154540660e+00
9.606911182403564453e+00
1.005369386672973597e+01
1.083408813476562571e+01
1.198121900558471609e+01
1.104542417526245046e+01
1.028733749389648366e+01
1.273541374206542898e+01
1.163099813461303711e+01
1.147995738983154368e+01
1.083375720977783274e+01
1.018965492248535121e+01
9.974602890014647727e+00
9.673098945617676137e+00
9.869412994384765270e+00
1.014787483215332031e+01
1.009536018371582067e+01
9.927651214599610086e+00
9.707898330688475852e+00
9.467051029205322266e+00
9.247443962097168679e+00
9.230736827850341442e+00
9.518490314483642578e+00
9.683380508422851918e+00
9.545951747894287465e+00
9.259473800659179688e+00
9.762734794616699574e+00
9.716651153564452414e+00
9.883399963378906250e+00
9.199356079101562500e+00
9.142848587036132457e+00
9.299152374267578125e+00
9.815381050109863281e+00
9.941951942443846946e+00
9.982673454284668679e+00
9.825716304779053445e+00
1.018775749206542969e+01
1.012535581588745082e+01
1.028409280776977575e+01
1.021455755233764684e+01
1.035596876144409251e+01
1.203016500473022532e+01
1.016680841445922923e+01
1.074426174163818359e+01
9.610771179199218750e+00
9.300631427764892933e+00
9.697826194763184304e+00
1.006889810562133825e+01
1.001660375595092844e+01
9.967245578765869141e+00
9.820150661468506570e+00
9.422291374206542613e+00
9.185131645202636363e+00
9.221759223937988637e+00
9.210270404815673828e+00
9.148790740966797230e+00
9.214215850830077770e+00
9.114062786102294922e+00
9.449538516998291726e+00
9.573482990264892578e+00
9.649467468261718750e+00
9.438967895507811789e+00
9.576321029663086293e+00
9.305626010894775035e+00
9.177109432220458274e+00
9.371766471862793324e+00
9.215063285827636008e+00
8.912336349487304688e+00
9.433564662933349609e+00
9.724212646484375000e+00
9.143518161773680930e+00
9.182726001739501598e+00
9.415664005279541726e+00
9.292629718780517578e+00
9.268383598327636363e+00
9.279606342315673828e+00
9.106811904907226918e+00
8.961559772491455078e+00
8.728795528411865234e+00
8.891258811950683238e+00
9.017198371887207742e+00
9.745190811157225852e+00
9.882676506042480824e+00
9.885452365875243785e+00
9.984880352020264027e+00
9.272495555877686257e+00
9.838169670104980113e+00
1.060027723312378001e+01
9.862847518920897727e+00
1.079753313064575160e+01
1.013584423065185547e+01
1.014670572280883754e+01
9.871671772003173473e+00
1.033069210052490305e+01
1.088306732177734304e+01
1.154794139862060476e+01
1.082599172592163050e+01
1.025572395324707031e+01
9.853207588195800781e+00
9.267973518371581676e+00
9.059756469726561789e+00
9.067395687103271484e+00
8.976844501495360618e+00
8.973758506774903054e+00
9.032491111755371449e+00
8.878536796569823863e+00
9.650390148162841797e+00
9.570052528381348012e+00
9.084830570220947976e+00
9.459212398529052379e+00
1.038500204086303746e+01
1.078118257522583079e+01
9.529442501068114524e+00
9.678097057342530007e+00
9.582558345794677024e+00
9.639925384521484730e+00
9.071429443359374289e+00
8.777886867523193359e+00
9.040392494201659801e+00
8.803528213500976918e+00
8.801779079437256570e+00
8.668136978149414418e+00
8.579449844360350852e+00
8.770962333679198863e+00
9.257859516143799539e+00
9.956324958801269887e+00
1.072521705627441335e+01
1.071238222122192418e+01
9.950009250640869496e+00
9.202177238464354758e+00
8.806565761566162109e+00
9.667546939849852805e+00
9.789947795867920632e+00
9.263669204711913352e+00
8.727739620208740945e+00
9.041970252990722656e+00
8.937000560760498757e+00
8.830619144439697976e+00
8.809671306610107777e+00
8.893542957305907493e+00
8.761014366149902699e+00
8.757207202911377664e+00
8.937096214294433238e+00
9.324994850158692117e+00
9.128819465637207031e+00
1.016347112655639684e+01
1.047952947616577113e+01
1.068214921951294016e+01
1.321043605804443288e+01
1.400382623672485316e+01
1.437027559280395472e+01
1.392496967315673828e+01
1.344101839065551829e+01
1.297227172851562571e+01
1.230892238616943324e+01
1.175713396072387695e+01
1.087533044815063477e+01
1.038752603530883789e+01
1.039299821853637695e+01
1.048486528396606410e+01
1.109011888504028320e+01
1.131045427322387731e+01
1.173853683471679688e+01
1.164964160919189418e+01
1.188394918441772496e+01
1.062609043121337926e+01
1.071692676544189382e+01
1.054394235610961950e+01
1.014463672637939418e+01
9.784955501556396484e+00
9.810187911987304332e+00
9.473525142669677379e+00
9.655374908447265980e+00
9.982591724395751598e+00
9.811052322387695312e+00
9.648278045654297586e+00
1.031708707809448278e+01
9.911036682128905539e+00
9.793666744232178090e+00
9.612680816650390980e+00
9.896227169036865945e+00
9.623483276367187145e+00
1.026418905258178782e+01
1.015912389755249023e+01
9.366673564910888317e+00
8.798295402526855824e+00
9.574432754516601918e+00
1.003848743438720703e+01
1.061314821243286133e+01
1.078259162902832102e+01
1.065979003906250000e+01
9.909890460968018289e+00
9.749366474151610618e+00
9.968499755859374645e+00
9.536030769348144531e+00
1.001395969390869212e+01
9.959234333038329723e+00
9.359976100921631570e+00
9.201640987396240590e+00
9.029610729217528942e+00
9.508584403991699574e+00
8.960403823852539418e+00
8.786473274230957031e+00
8.943286037445068004e+00
9.444288349151610973e+00
9.407490444183348899e+00
9.782156944274902344e+00
9.732836532592774148e+00
8.852463626861572621e+00
9.542248630523681996e+00
9.802895450592041371e+00
9.387652873992919922e+00
1.014650554656982351e+01
1.064860582351684570e+01
1.085011930465698171e+01
9.973665237426757812e+00
1.118010053634643519e+01
1.390889596939086914e+01
1.191704645156860387e+01
1.026118946075439453e+01
1.074660120010375941e+01
1.142626333236694336e+01
1.017922248840332067e+01
1.030624637603759730e+01
1.087208652496337891e+01
9.955405044555664773e+00
1.008929300308227539e+01
9.637707901000975852e+00
8.997515392303466086e+00
9.244243812561034446e+00
9.916075515747071023e+00
1.068055105209350586e+01
1.044387617111206090e+01
9.919931697845459695e+00
9.954263591766357777e+00
9.412238883972168679e+00
9.331960964202881570e+00
1.138079891204833949e+01
1.420755043029785192e+01
1.042809839248657156e+01
9.629329776763915660e+00
9.484359264373779297e+00
1.098818168640136683e+01
1.108966283798217844e+01
1.393998203277587855e+01
1.571566219329833913e+01
1.471278648376464915e+01
1.308371400833129883e+01
1.130779047012329031e+01
1.049658851623535227e+01
1.121792192459106374e+01
9.553221416473387961e+00
1.080109348297119176e+01
1.035417928695678746e+01
1.017917413711547781e+01
1.043215246200561452e+01
1.128934593200683523e+01
1.079006834030151296e+01
1.020764465332031179e+01
9.697103786468506570e+00
1.043725910186767614e+01
1.169630651473999094e+01
1.494336538314819407e+01
1.280251169204711914e+01
1.073805961608886683e+01
1.020637979507446325e+01
1.034631347656250000e+01
1.014455509185791016e+01
1.049889335632324183e+01
1.028784046173095668e+01
1.078045911788940359e+01
1.060862665176391673e+01
1.055885210037231481e+01
1.015153522491455007e+01
1.018022308349609339e+01
9.920140838623046520e+00
9.611742115020751598e+00
9.273851776123047230e+00
9.856826305389404297e+00
1.029098348617553782e+01
9.773679828643798473e+00
9.918932628631591086e+00
1.047090568542480504e+01
1.032345409393310476e+01
1.024193162918090749e+01
9.553088188171386719e+00
1.035452175140380859e+01
1.026114463806152344e+01
1.012380838394165039e+01
1.100764722824096609e+01
1.106025686264038121e+01
1.050086202621459996e+01
1.049672842025756836e+01
9.746957015991210227e+00
9.213469123840331676e+00
9.568988418579101207e+00
1.021525974273681570e+01
1.108501014709472621e+01
9.955479431152344461e+00
1.178615140914916992e+01
1.078915386199951243e+01
1.112123918533325195e+01
1.219356660842895579e+01
1.138211803436279368e+01
1.253764343261718750e+01
1.292511100769042898e+01
1.256208028793334996e+01
1.069009113311767578e+01
1.036358404159545898e+01
1.012220773696899379e+01
9.995443153381348367e+00
9.339233875274658203e+00
9.199622344970702414e+00
9.358183002471923473e+00
9.718469905853272195e+00
9.108681774139403942e+00
9.102042484283447976e+00
8.826138019561767578e+00
9.342737388610839133e+00
9.399682044982910156e+00
9.477099132537841086e+00
1.000983810424804688e+01
9.927484798431397195e+00
1.001829004287719727e+01
1.039571714401245117e+01
1.010404329299926829e+01
9.935729217529296164e+00
1.001312866210937536e+01
9.931064701080321910e+00
9.840702438354492543e+00
1.007100200653076172e+01
1.176383914947509801e+01
1.268982877731323278e+01
1.041351528167724538e+01
1.167865295410156179e+01
1.048649473190307546e+01
1.160590600967407227e+01
1.107121057510375906e+01
1.081488161087036204e+01
1.115568742752075160e+01
1.057267913818359339e+01
1.059614448547363352e+01
9.533904743194579368e+00
1.077820892333984304e+01
1.020927028656005930e+01
9.805010128021240945e+00
9.685448551177978871e+00
8.478268337249755149e+00
9.347622489929198863e+00
1.045042352676391673e+01
1.002537984848022390e+01
9.755428123474121804e+00
1.112002363204956090e+01
1.372776947021484339e+01
1.395340662002563548e+01
1.373235597610473668e+01
1.213854484558105540e+01
1.079424934387207102e+01
1.036780166625976562e+01
9.914373016357421520e+00
1.057135457992553640e+01
1.056000080108642614e+01
1.032735776901245117e+01
1.017077007293701207e+01
1.022844839096069336e+01
1.038296937942504883e+01
1.096307563781738281e+01
1.161033859252929723e+01
9.651295661926269531e+00
1.007265539169311452e+01
1.046248550415038991e+01
1.254590387344360281e+01
1.327803001403808558e+01
9.617052364349365945e+00
1.067181978225707972e+01
1.151648893356323278e+01
1.071807775497436488e+01
1.024564037322998011e+01
9.856465435028075817e+00
9.801764011383056641e+00
9.463852977752685192e+00
9.328262805938720703e+00
9.780486679077148082e+00
1.004148035049438548e+01
1.007163057327270472e+01
1.024279327392578054e+01
1.017895259857177770e+01
1.027930221557617152e+01
1.055380582809448242e+01
1.053266410827636790e+01
1.054998779296875000e+01
1.061350059509277344e+01
9.931690597534180043e+00
1.110719118118286097e+01
1.108310470581054652e+01
1.036029186248779332e+01
1.138853378295898366e+01
1.014654531478881871e+01
1.134402837753295934e+01
1.089015512466430735e+01
1.045799341201782262e+01
9.776119232177734375e+00
9.959049034118653054e+00
1.016246070861816442e+01
1.088951177597045827e+01
1.002087984085082972e+01
9.125506782531738637e+00
8.591443634033202770e+00
8.636154270172118785e+00
8.819660949707031961e+00
1.055979070663452113e+01
9.893362331390381570e+00
1.037140150070190359e+01
8.817514228820801492e+00
8.506499290466308594e+00
8.347274017333983664e+00
8.278570461273194070e+00
8.125698471069336293e+00
8.300619029998779652e+00
9.051333236694336648e+00
8.370080471038818359e+00
8.335825061798095348e+00
8.323868751525878906e+00
8.066512489318848012e+00
8.162598514556885121e+00
8.123230361938476918e+00
9.233013629913330078e+00
9.975984477996826527e+00
9.946678066253662465e+00
9.561808490753174183e+00
9.555374336242675071e+00
9.573857307434082031e+00
9.646028423309326527e+00
9.823671627044678445e+00
9.747394561767578125e+00
9.330472373962402699e+00
8.547606563568114879e+00
8.473539543151854758e+00
9.093208980560302024e+00
1.009405126571655309e+01
1.088575944900512660e+01
1.195280866622924876e+01
1.109839038848877024e+01
1.122223901748657227e+01
1.038262605667114258e+01
1.008581962585449254e+01
9.917802906036376598e+00
1.003486900329589915e+01
9.473571491241454368e+00
9.810534858703613637e+00
9.687404441833496804e+00
1.097477874755859339e+01
1.049744863510131765e+01
1.068853549957275462e+01
1.046709880828857386e+01
1.218688240051269567e+01
1.365750122070312500e+01
1.404664754867553711e+01
1.130202112197875941e+01
9.651394653320313211e+00
9.474997806549072976e+00
9.761613941192626598e+00
9.551305675506592152e+00
1.143345003128051829e+01
1.080978279113769602e+01
9.469264602661132457e+00
1.137744855880737305e+01
9.952029705047607422e+00
1.109823150634765554e+01
1.173238058090209890e+01
1.141614427566528356e+01
9.873683071136474254e+00
8.811817550659180043e+00
9.134842681884766336e+00
9.969392776489257812e+00
1.121456413269043040e+01
1.002870616912841761e+01
9.227490901947021484e+00
8.850743389129638317e+00
8.122372817993163352e+00
8.082809162139891868e+00
7.960615110397339045e+00
7.941141033172607777e+00
7.946548843383789418e+00
8.023522377014160156e+00
7.976357126235962269e+00
7.926801586151123402e+00
8.211962270736695046e+00
8.324103736877441762e+00
8.433835124969482067e+00
9.192539024353028054e+00
9.454843997955322266e+00
8.151752281188965554e+00
7.754831218719482777e+00
8.171608448028564453e+00
8.534871196746825817e+00
8.636120033264159446e+00
8.580583763122557883e+00
8.401157665252686257e+00
8.104227161407470348e+00
8.136229991912841797e+00
8.306746387481689808e+00
8.244460964202881215e+00
8.114734649658203125e+00
8.068452930450439098e+00
8.181962680816649680e+00
8.014008283615112305e+00
8.166754150390625355e+00
8.532917022705078125e+00
8.314924621582031605e+00
8.312262344360352273e+00
8.355409336090087180e+00
8.343308353424072621e+00
8.519169998168944602e+00
8.415123462677001953e+00
8.278882503509521484e+00
8.132546806335449574e+00
8.046236371994018199e+00
7.949394750595092596e+00
8.177574777603149769e+00
8.373230361938476918e+00
8.128147935867309215e+00
8.021413183212279918e+00
8.143804264068602805e+00
8.200453567504883523e+00
8.170417976379393821e+00
8.335963058471680398e+00
8.586710357666015980e+00
8.876420688629149680e+00
9.203418254852294922e+00
9.083293819427490590e+00
8.635682296752928977e+00
8.571442222595214488e+00
8.672631835937499645e+00
8.549089145660399680e+00
8.445976734161376953e+00
8.172847080230713601e+00
8.248528289794922586e+00
8.783473777770996804e+00
8.986708545684814808e+00
9.076622295379639382e+00
8.707338523864745383e+00
8.580358695983886008e+00
8.553951454162596946e+00
8.598994350433349254e+00
8.631956195831298473e+00
8.492792510986328480e+00
8.753595161437988992e+00
8.491383171081542613e+00
8.188432884216307883e+00
8.243113708496093039e+00
8.366855621337890625e+00
8.594366359710694070e+00
8.760449504852294567e+00
8.487206554412841442e+00
8.381847476959228160e+00
8.136437606811522727e+00
7.862802076339721502e+00
7.965425300598144354e+00
7.988194799423217418e+00
8.046358013153076527e+00
8.023082017898559570e+00
8.022949075698852184e+00
7.959906673431396129e+00
7.911095952987670543e+00
8.002210950851440074e+00
8.124649524688720703e+00
8.329018115997314453e+00
8.355045986175536399e+00
8.510091018676757102e+00
8.451156330108641868e+00
8.462256908416748047e+00
1.144873838424682688e+01
1.157834939956665110e+01
9.769759654998779297e+00
9.669783878326416726e+00
9.459284114837647195e+00
9.813347721099853871e+00
1.034469594955444371e+01
1.041935062408447266e+01
1.045738344192504954e+01
1.028237257003784144e+01
1.089818220138549876e+01
9.714004993438720703e+00
9.273489761352539773e+00
8.982019042968749645e+00
8.920234298706054332e+00
9.223896217346190696e+00
1.014750709533691442e+01
1.201407289505004883e+01
1.169740753173828196e+01
1.119671478271484411e+01
1.050297479629516673e+01
9.669149017333984020e+00
9.561542701721190696e+00
9.908956527709960938e+00
9.584542083740235086e+00
9.025468254089355824e+00
8.409683990478516336e+00
8.489936923980712535e+00
8.915751361846924183e+00
8.681144523620606179e+00
8.557082366943358664e+00
8.410964107513427379e+00
8.381256103515625000e+00
8.544300365447998757e+00
9.722292995452880504e+00
1.327651290893554759e+01
1.599632225036621058e+01
1.613108453750610494e+01
1.255366678237914968e+01
1.118299026489257741e+01
1.046221742630004847e+01
9.476819515228271484e+00
9.468017959594726918e+00
1.077974309921264684e+01
1.084390954971313548e+01
1.100605506896972585e+01
1.144099016189575124e+01
1.113628597259521413e+01
9.539253425598143821e+00
9.455354785919189098e+00
1.097370491027831996e+01
1.112115192413330078e+01
1.093829545974731410e+01
1.073889636993408203e+01
1.122178506851196289e+01
1.064894733428955043e+01
1.001165828704833949e+01
1.000421504974365305e+01
9.911509513854980469e+00
9.420070838928221946e+00
9.108913326263428090e+00
1.037649593353271449e+01
1.108021745681762660e+01
1.037497415542602575e+01
1.131959190368652379e+01
1.150517654418945312e+01
9.846121215820312855e+00
9.152501010894775746e+00
9.282923793792724254e+00
9.674920177459716442e+00
1.056581220626831019e+01
1.058554067611694371e+01
1.021114206314086914e+01
1.037761583328247106e+01
9.718999576568602805e+00
9.574461555480956676e+00
1.021835155487060476e+01
9.651945781707762961e+00
9.655879783630371804e+00
1.109518585205078089e+01
1.021760377883911097e+01
1.167690000534057582e+01
1.261141738891601527e+01
1.051781349182128977e+01
1.125150213241577113e+01
9.579713249206543324e+00
9.537711715698241832e+00
1.036453466415405344e+01
1.041913986206054688e+01
9.454925537109375000e+00
9.133792018890380504e+00
9.745914363861084340e+00
1.008763999938964773e+01
1.002651243209838938e+01
9.707693099975585938e+00
9.578230953216552379e+00
9.971302509307861328e+00
9.928324413299559836e+00
9.885735988616943359e+00
1.040091247558593679e+01
1.034242296218872070e+01
1.100190134048461843e+01
1.135616245269775426e+01
1.214278621673583913e+01
1.059042196273803782e+01
9.583150005340575817e+00
9.691368675231933238e+00
1.055528268814086879e+01
1.192700433731079102e+01
1.114886779785156179e+01
1.012388029098510778e+01
1.077376308441162145e+01
1.015389003753662145e+01
9.398566055297852273e+00
9.721877384185791726e+00
9.650448703765869496e+00
9.170447635650635476e+00
9.189834976196289418e+00
9.286673736572264914e+00
9.655900382995605824e+00
1.002757263183593750e+01
1.063656873703002859e+01
1.050753726959228551e+01
9.978099727630615590e+00
1.040025548934936594e+01
9.917908668518066406e+00
1.044825534820556712e+01
9.928274250030517223e+00
1.137104072570800817e+01
1.016529140472412074e+01
1.016762065887451172e+01
9.571093177795409801e+00
1.008011379241943395e+01
1.058665885925293004e+01
1.153837881088256800e+01
1.160329599380493093e+01
1.127557678222656179e+01
1.076352577209472727e+01
1.078129167556762624e+01
1.014786605834961009e+01
1.037516231536865163e+01
1.026899900436401403e+01
1.052045936584472585e+01
9.838774299621581676e+00
9.679874420166015625e+00
9.508872318267822976e+00
1.008048286437988317e+01
1.047518949508667063e+01
1.057196092605590820e+01
1.132799119949340749e+01
1.165722484588622976e+01
1.031017808914184641e+01
9.644519138336182351e+00
1.163306789398193430e+01
1.275827789306640625e+01
1.112913894653320312e+01
1.076669626235961985e+01
1.155043287277221609e+01
1.226730842590331960e+01
1.054525766372680629e+01
1.133989715576171875e+01
1.044047651290893519e+01
1.003504753112792969e+01
9.780391597747803090e+00
9.666887950897216086e+00
1.036892213821411168e+01
1.032049636840820384e+01
9.930916690826416371e+00
1.041461677551269460e+01
9.848962211608887074e+00
9.849682998657225852e+00
1.005209274291992116e+01
1.000845327377319371e+01
1.007268028259277415e+01
9.972855186462401988e+00
1.008234663009643484e+01
1.035648517608642649e+01
9.972916412353516336e+00
9.963181972503662109e+00
1.039183311462402415e+01
1.019266099929809499e+01
1.075540733337402344e+01
1.042898960113525320e+01
1.088171730041503871e+01
1.085246696472168004e+01
1.179890155792236328e+01
1.188324508666992152e+01
1.066141424179077113e+01
1.015706777572631836e+01
1.084143218994140589e+01
9.752915382385253906e+00
1.204999942779540945e+01
1.285165491104126012e+01
1.349035100936889719e+01
1.335508460998535085e+01
1.272285299301147532e+01
1.035522613525390589e+01
9.969599533081055398e+00
9.000382232666016336e+00
9.410404491424561257e+00
9.135539531707763672e+00
1.011276073455810476e+01
1.039623661041259695e+01
1.068891153335571254e+01
1.082362689971923864e+01
1.058352022171020579e+01
1.055143842697143519e+01
1.047405147552490234e+01
1.011299657821655273e+01
1.002345800399780273e+01
9.592143535614013672e+00
1.036708326339721609e+01
9.704189109802246804e+00
8.929107093811035512e+00
9.056059646606446023e+00
1.117644300460815465e+01
1.118707122802734411e+01
1.066168079376220668e+01
1.064855146408081055e+01
1.166729574203491282e+01
1.290262622833251882e+01
1.551541242599487269e+01
1.519224548339843750e+01
1.129085245132446325e+01
1.042052421569824183e+01
9.917198944091797586e+00
9.294152259826660156e+00
1.002580451965332031e+01
1.072017879486083913e+01
1.101528968811035192e+01
1.045963363647461009e+01
9.768456649780272727e+00
1.001975545883178675e+01
9.996053791046142223e+00
1.027782535552978516e+01
1.047417316436767543e+01
1.076675643920898473e+01
1.046700134277343786e+01
1.060071516036987305e+01
9.823590373992919567e+00
1.107920904159545827e+01
1.120075454711914098e+01
1.093205375671386648e+01
1.013724002838134730e+01
9.928301239013672230e+00
1.098531665802001989e+01
1.031943807601928675e+01
1.074470138549804688e+01
1.028389883041381836e+01
9.916002178192139027e+00
9.477385807037354226e+00
9.967560386657714488e+00
1.076892509460449254e+01
1.031631441116332937e+01
1.036003742218017543e+01
9.526730442047119496e+00
9.381730842590332742e+00
9.461851596832275391e+00
9.630906391143799539e+00
9.237040328979492898e+00
8.928792858123779652e+00
8.912579917907715199e+00
9.410255336761474965e+00
8.683011817932129617e+00
8.605633544921875711e+00
9.165910625457764027e+00
8.469978713989258168e+00
8.839257431030272727e+00
8.725982284545898082e+00
8.194614696502686257e+00
8.232547855377196910e+00
8.388687324523925071e+00
8.176285266876220703e+00
8.187730693817139027e+00
8.270807075500488992e+00
8.635860347747803090e+00
8.957733249664306285e+00
8.560305690765380504e+00
8.874739170074462891e+00
8.611692237854004617e+00
8.466392993927001953e+00
8.627970123291015980e+00
8.467089271545409801e+00
8.631445217132569070e+00
8.488395309448241832e+00
8.599042415618896484e+00
9.003341865539550071e+00
8.582707309722900746e+00
8.655394840240479226e+00
9.069408226013184304e+00
9.356736660003662109e+00
8.682048797607421875e+00
9.098126602172850852e+00
9.536128902435303090e+00
9.305203342437744496e+00
9.129403495788574574e+00
9.120162200927733664e+00
9.445282459259033203e+00
8.957091045379637961e+00
9.116365432739257812e+00
9.119519519805908914e+00
8.956120014190673828e+00
9.802265930175781961e+00
1.093215084075927734e+01
1.137594175338745117e+01
1.043072347640991282e+01
1.026870870590209961e+01
1.063851814270019602e+01
1.052985506057739329e+01
1.016723203659057617e+01
1.012377109527587926e+01
9.393741130828857422e+00
9.009284973144531250e+00
8.697431564331054688e+00
9.331762886047362926e+00
1.040778169631957972e+01
9.590158653259276633e+00
9.960377693176269531e+00
1.072075910568237234e+01
1.213971157073974538e+01
1.620810947418213033e+01
1.407814311981201172e+01
1.384650802612304688e+01
1.239042243957519496e+01
1.277142848968505895e+01
1.221566028594970632e+01
1.310164070129394531e+01
1.401295042037963867e+01
1.386237077713012766e+01
1.394801464080810582e+01
1.177288246154785156e+01
1.062042217254638743e+01
1.055725994110107457e+01
1.049900093078613317e+01
1.055488891601562429e+01
1.123019866943359446e+01
1.099318218231201172e+01
1.158323764801025391e+01
1.188406467437744141e+01
1.017004213333129847e+01
1.100246238708496094e+01
1.017950363159179616e+01
9.730828094482422586e+00
1.024431686401367259e+01
1.048094825744628977e+01
1.001258735656738352e+01
9.857804965972899680e+00
9.674073219299316406e+00
9.383004188537597656e+00
9.071765422821044922e+00
8.782606220245360973e+00
8.785912227630614524e+00
9.195702552795410156e+00
9.346584892272948863e+00
1.028886861801147390e+01
1.080673885345458984e+01
1.132066793441772390e+01
1.015519771575927699e+01
9.307592391967773438e+00
1.040196399688720774e+01
1.078985567092895437e+01
1.008156538009643555e+01
9.646352291107177734e+00
1.005579309463501048e+01
1.049580392837524379e+01
1.036658744812011790e+01
1.027885236740112340e+01
1.032506799697875977e+01
1.055554409027099538e+01
1.029724102020263743e+01
1.118222322463989293e+01
1.083938274383544886e+01
1.060953216552734446e+01
1.048179750442504954e+01
1.051395568847656214e+01
1.023114995956420969e+01
1.010163249969482457e+01
1.007537593841552770e+01
9.977156734466552379e+00
9.435656452178955433e+00
8.724678230285643821e+00
8.469110774993897195e+00
8.478178501129150391e+00
8.669879913330078125e+00
9.580710697174072976e+00
1.074152173995971715e+01
1.011502704620361293e+01
9.965374469757080078e+00
1.084526538848876953e+01
1.178880462646484339e+01
1.155220642089843786e+01
1.079500427246093786e+01
1.084654664993286133e+01
1.123433341979980504e+01
1.047843017578125036e+01
9.673692607879639027e+00
9.466172504425049539e+00
9.704870414733886008e+00
9.944106674194335582e+00
1.055254306793212926e+01
1.131169872283935618e+01
1.108501586914062464e+01
1.182759256362914968e+01
1.013311748504638743e+01
9.672711753845215199e+00
8.831155109405518289e+00
8.200378799438476918e+00
8.733446979522705433e+00
9.294876003265381215e+00
1.067041711807251048e+01
1.239296569824218786e+01
1.310795373916625906e+01
1.381544179916381765e+01
1.458689279556274343e+01
1.628401107788085866e+01
