4.432478338479995950e-01
2.024054959416389521e-01
1.502989456057548523e-01
1.173055268824100550e-01
1.017022304236888941e-01
8.188398033380508978e-02
6.481299959123135168e-02
5.563015751540660581e-02
4.015295207500457764e-02
3.540222607553004941e-02
3.595199082046747485e-02
3.188583478331565718e-02
2.792945522814989021e-02
2.390774879604578088e-02
1.600262839347123961e-02
1.310874763876199688e-02
1.379795889370143483e-02
1.000207467004656826e-02
1.000932371243834496e-02
1.508599836379289662e-02
2.774578500539064477e-02
2.190978620201349328e-02
1.539694755338132451e-02
1.071221716701984371e-02
1.044095205143094097e-02
8.592160046100616108e-03
5.436228169128298586e-03
4.396361694671213453e-03
6.235494441352784460e-03
1.165253599174320698e-02
1.271823821589350770e-02
1.137940241023898194e-02
1.536422623321414063e-02
1.278520636260509560e-02
1.068467921577393939e-02
9.159097075462340962e-03
5.415465147234499281e-03
4.501681658439338207e-03
3.210361988749355078e-03
2.810252783820033247e-03
1.647926389705389781e-03
1.239548187004402236e-03
9.167206677375361540e-04
4.383029969176277735e-04
3.397784093976952136e-04
2.728895487962290645e-04
2.094763884088024605e-04
2.004381807637400979e-04
1.715173595584928881e-04
1.589444014825858122e-04
1.366589611279778291e-04
1.365422707749530727e-04
1.423642665031366104e-04
1.219706209667492658e-04
1.295930931519251425e-04
1.095035528123844361e-04
1.307418468059040714e-04
1.187436610052827746e-04
1.179438775579910698e-04
9.965948338503949073e-05
9.542677580611779744e-05
9.881411897367797521e-05
8.804094468359835988e-05
9.155430670944042233e-05
8.900854008970781890e-05
7.735143808531574363e-05
7.595518836751579967e-05
7.968585050548427078e-05
7.723310773144476116e-05
7.769189905957319385e-05
7.542534949607215551e-05
7.375144487014040622e-05
6.966945256863255325e-05
6.479543371824547377e-05
6.182747893035411835e-05
6.936698919162154469e-05
6.384597727446817404e-05
6.303365007624961707e-05
5.916751215409021960e-05
6.543549679918214137e-05
5.602043529506772757e-05
5.543176630453672396e-05
5.441334869829006629e-05
5.286493869789410111e-05
5.267463748168665780e-05
5.383213247114326940e-05
5.080032351543195410e-05
4.921326908515766399e-05
5.388241588661912558e-05
4.701382640632800487e-05
5.818199970235582712e-05
4.586326176649890976e-05
4.690257483161985739e-05
4.206345984130166742e-05
4.627879679901525649e-05
4.094741725566563992e-05
4.319519684941042486e-05
4.066634755872655660e-05
4.246134958520997451e-05
3.983624665124807371e-05
3.780743791139684753e-05
4.030662075820146400e-05
4.255707881384296343e-05
3.691509409691207382e-05
3.506323155306745050e-05
3.932365470973309265e-05
3.699481985677266629e-05
3.501931314531248063e-05
3.681411726574879140e-05
3.561193207133328407e-05
3.444086869421880828e-05
3.233956849726382779e-05
3.252960705140140179e-05
3.345593504491262273e-05
3.225357941119000451e-05
2.859225569409318404e-05
2.822570313583128222e-05
2.969691158796195076e-05
3.120043220405932516e-05
3.417505195102421567e-05
3.209185106243239580e-05
3.108328746748156846e-05
2.724410605878801881e-05
2.744260928011499345e-05
2.642133786139311201e-05
3.073229436267865822e-05
2.777157678792718933e-05
2.899711689678952030e-05
2.449225157761247693e-05
2.358904985158005865e-05
2.732181401370325989e-05
3.233339066355256364e-05
2.509159185137832537e-05
2.306408787262626060e-05
2.665836509549990161e-05
2.179867733502760462e-05
2.152536508219782195e-05
2.740153940976597301e-05
2.389134242548607358e-05
2.161046340916073018e-05
2.292334866069722785e-05
2.284550428157672422e-05
1.914852309710113399e-05
2.325763271073810892e-05
2.012712484429357641e-05
2.322345662832958759e-05
2.005852620641235330e-05
2.123231461155228385e-05
1.851905808507581174e-05
1.979346725420327722e-05
1.932106879394268685e-05
1.896279200082062811e-05
2.019832390942610800e-05
1.797457443899475174e-05
2.052517429547151618e-05
1.866333113866858320e-05
1.845533679443178563e-05
1.716585129543091306e-05
1.799578894861042432e-05
1.831135305110365288e-05
1.869506413640919937e-05
1.722337756291380948e-05
1.676794900049571744e-05
1.568905045132851093e-05
1.596185438756947406e-05
1.574351990711875192e-05
1.630398674024036154e-05
2.334703167434781858e-05
1.687449548626318574e-05
1.661331798459286869e-05
1.742618278512964161e-05
1.392843596477177993e-05
1.596083302501938306e-05
1.576747745275497504e-05
1.611284915270516649e-05
1.422442055627470904e-05
1.456183372283703648e-05
1.464514789404347573e-05
1.286350398004287786e-05
1.355433178105158765e-05
1.428324048902140930e-05
1.396901170664932647e-05
1.399218199367169359e-05
1.787298015187843703e-05
1.354258683932130157e-05
1.529168966953875633e-05
1.298404858971480314e-05
1.303697590628871660e-05
1.357230548819643378e-05
1.224425659529515542e-05
1.457817706977948479e-05
1.307234797423006933e-05
1.519662646387587301e-05
1.287370023419498432e-05
1.217627741425530951e-05
1.251332505489699576e-05
1.325234961768728681e-05
1.267651814487180639e-05
1.161277323262765936e-05
1.423642424924764782e-05
1.225363184857997044e-05
1.087543751054909080e-05
1.151803489847225205e-05
1.069753188858157887e-05
1.116693356379983083e-05
1.218768948092474670e-05
1.166673400803119808e-05
1.190466164189274457e-05
1.056058936228510060e-05
1.120315091611700996e-05
1.037828915286809172e-05
1.146361328210332397e-05
1.044894643200677786e-05
9.938655057339929722e-06
1.058869083863100901e-05
1.017490822050604072e-05
1.005626400001346997e-05
9.458946624363307587e-06
9.595531764716724865e-06
1.216541531903203543e-05
1.024604916892712868e-05
9.381609379488508810e-06
1.026255558826960556e-05
1.102800015360116992e-05
9.535348408462595448e-06
9.827461644817958247e-06
9.542869975120993331e-06
1.072423215191520217e-05
9.583484734321246262e-06
9.542250700178555805e-06
8.810168083073222078e-06
9.285294254368636757e-06
8.507760139764285900e-06
1.044096707119024291e-05
1.002933258860139244e-05
8.088735921774058856e-06
8.541773013348574750e-06
8.320233700942480259e-06
9.942710858013014563e-06
7.465404814865906130e-06
7.617003529958310706e-06
7.968796808199840598e-06
7.836244549253024161e-06
9.337719620816643096e-06
7.527220168412895534e-06
8.352483973794733174e-06
7.522783016611356627e-06
8.373087257496081970e-06
7.738158819847739894e-06
8.055402895479346964e-06
8.513056354786385104e-06
8.361619802599306472e-06
6.895997876199544069e-06
8.546951539756264199e-06
7.775614176352973350e-06
8.070845160546013747e-06
7.866412170187686909e-06
6.482848721134359779e-06
7.543702713519450870e-06
6.848779003121308390e-06
7.521330735471564938e-06
7.247484745676047169e-06
7.753026056889212437e-06
7.949215887492756106e-06
7.134713632694910873e-06
7.148604663598234935e-06
7.032168741716304625e-06
7.419610983561142178e-06
7.483545186914852990e-06
6.981786646065301854e-06
7.540023716501309536e-06
7.648796872672391717e-06
6.652055344602558931e-06
6.889544192745234055e-06
6.111112224971293641e-06
6.542773780893184837e-06
6.891090015415101905e-06
6.602480652873055078e-06
5.619269359158352017e-06
6.372710640789591877e-06
5.657253495883196592e-06
6.656765935986186208e-06
5.635613115373417143e-06
6.315746622931328263e-06
6.884718686706037261e-06
6.155569872134947557e-06
5.604017178484354930e-06
6.877940313643193465e-06
6.164121032270486467e-06
6.125436129877925850e-06
6.661625002379878763e-06
5.889671956538222561e-06
6.078766637074295093e-06
5.676821137967635539e-06
5.742666371588711796e-06
5.392820230554207059e-06
5.638253924189484678e-06
6.291157342275255699e-06
5.520415197679540312e-06
5.678516208718064834e-06
5.974037730993586762e-06
5.074851378594757650e-06
6.131653344709775749e-06
5.522842980099085422e-06
5.898880908716819588e-06
5.027194220019737259e-06
5.139055838299100626e-06
6.030463600836810317e-06
5.595085485765593888e-06
5.083466612632037479e-06
5.104053116156137548e-06
5.825385164826002099e-06
4.594745405483990908e-06
4.845647345064207573e-06
5.116977672514622269e-06
5.250057938610552810e-06
5.459524163597961718e-06
5.235364278632914986e-06
4.711620226771628611e-06
4.907719903712859038e-06
5.840905214427039197e-06
5.508477602234051859e-06
4.616043315763817931e-06
4.815623401555057911e-06
5.078263734503707722e-06
4.579514120450767562e-06
4.727092846223967912e-06
4.593848848344350361e-06
5.286037639962159690e-06
4.978957122148131020e-06
4.032249603369564453e-06
4.616730029738391411e-06
4.079956761415815320e-06
4.774359263137739956e-06
4.324980955061618831e-06
4.047363836434669454e-06
4.263185860509110911e-06
5.417242073235684413e-06
3.638825637608533810e-06
3.896575321959971916e-06
4.473959506867686287e-06
4.181379108558758331e-06
4.772012653120328080e-06
4.463479149308113508e-06
4.515718842412752565e-06
4.908546952719916759e-06
4.057412252223002894e-06
3.859373669001797341e-06
4.575781485982588662e-06
3.961427887588797942e-06
3.947267555304279255e-06
4.109638416593952231e-06
3.874458479913301173e-06
4.058356648783956358e-06
4.444747219167766161e-06
4.493476694733544718e-06
3.866254724016471639e-06
4.395924156597174831e-06
3.431090226513333703e-06
3.418204960325965743e-06
4.398156215756899085e-06
3.897022020282748028e-06
4.093070924682251813e-06
3.743872366612777283e-06
3.864982568302366756e-06
3.868656517624913419e-06
3.842522414743143769e-06
3.417882589928922159e-06
3.245800644435803237e-06
3.505499194034200627e-06
3.709095881276880222e-06
3.353371312186936848e-06
3.685868159664096226e-06
3.212987189726845742e-06
3.539065914992534090e-06
3.884960915456758981e-06
3.128125172224827111e-06
3.456519652900169434e-06
3.417231505409290464e-06
3.513502133500878869e-06
3.589217840271885507e-06
3.359823335813416803e-06
3.482183728920063004e-06
3.860243987219292078e-06
2.903889708250062540e-06
3.489218170216190798e-06
3.646907589427428151e-06
2.966632405332348013e-06
3.655705972960277080e-06
3.904073196281387936e-06
3.406911127967759882e-06
3.033028292520612013e-06
2.821621228576987135e-06
3.847447533189551735e-06
3.161027575515618252e-06
2.985815694955818059e-06
3.208314046787563796e-06
3.249935457461106295e-06
2.772599327727221122e-06
3.153121087962062860e-06
3.188445998603128998e-06
2.849064526344591455e-06
2.844144637492718260e-06
2.601307687655207532e-06
2.757238962658447975e-06
3.035318559341248887e-06
2.971849221466982187e-06
3.305043378531991038e-06
2.858266816474497403e-06
3.235616691199538594e-06
3.895438590006961360e-06
2.642062872837414118e-06
2.738550642789050386e-06
2.703136465243005744e-06
2.896617206715745682e-06
2.573437291175650983e-06
2.363096473345649259e-06
2.541147864576487336e-06
2.625779620757384776e-06
3.019567861883842937e-06
2.845477979462884832e-06
2.704635949157818517e-06
2.835270538525946735e-06
2.439898207740043459e-06
2.313628965566749854e-06
2.482063064235262742e-06
2.471887705723929600e-06
2.247108750452753326e-06
2.533121551095973785e-06
2.389350117937283188e-06
2.772822858787549279e-06
2.492988460289779881e-06
2.455184380778518886e-06
2.306926762685179541e-06
2.155672405024233740e-06
3.031981145795725667e-06
2.380865862505743449e-06
2.713012145250104283e-06
2.617958807604736564e-06
2.483369894434872718e-06
2.597646334834280509e-06
2.285912546540202869e-06
2.378669842073577371e-06
2.855147351965570039e-06
2.376555744376673659e-06
2.362239183639758436e-06
2.096778644045116380e-06
2.184904417390498566e-06
2.266146407237101981e-06
2.390759016179799716e-06
2.365976104101718932e-06
2.603183986593649024e-06
2.297175353760394670e-06
2.529267339923535558e-06
2.363680516737076602e-06
2.123060153280676046e-06
2.392241515281057049e-06
2.123038018453371309e-06
2.709534396672097670e-06
2.680641262031713098e-06
1.890086207367858109e-06
2.185974676649493800e-06
1.990837392895627830e-06
2.246025655949779490e-06
2.254899300169199705e-06
1.944143548371357610e-06
2.389740814123797463e-06
2.360530561418272385e-06
2.239547598037461285e-06
2.106945851210184543e-06
2.532740052174631443e-06
1.941436210017855046e-06
2.253638399452029262e-06
2.028029462053382388e-06
2.162247949399898231e-06
2.275138820095889884e-06
2.139226978670194512e-06
2.216263101217918860e-06
1.852554066772427219e-06
2.073653649858897382e-06
1.880930676634306935e-06
2.474933762641740201e-06
2.170813627344614530e-06
2.332923236281203656e-06
2.189934332363918826e-06
2.162056000543088800e-06
1.892149566629086579e-06
1.822503622861404480e-06
2.007999910347280093e-06
1.981901186809409325e-06
2.071469532438641097e-06
1.970539210560673297e-06
1.706495004327735017e-06
2.137141655111918311e-06
1.840199900016159518e-06
1.761750968398700976e-06
1.907501530240551632e-06
1.700018128758529159e-06
2.037220258443994511e-06
1.872635846211778656e-06
2.148123053302697287e-06
1.744674568726623050e-06
1.956097116817545527e-06
1.705428485365700866e-06
1.938844548021734226e-06
1.650297690503066406e-06
1.769186292222002436e-06
1.701120515917864480e-06
1.691217562438396271e-06
1.958109100996807768e-06
1.913137828069011533e-06
1.919340024869597813e-06
1.956097207767015789e-06
1.734587681312404996e-06
1.964007424248848110e-06
1.749706291320762915e-06
1.822225669911858859e-06
1.823629315822472521e-06
1.802777410375711127e-06
1.628271479603427039e-06
1.732528289721813053e-06
1.755513812895515087e-06
1.622930437861214117e-06
1.786543873549817320e-06
1.441651488676143302e-06
1.878556622614269230e-06
2.390530050888628381e-06
1.722663080272468421e-06
1.880047750546509675e-06
1.679075080573966219e-06
1.872862117124896073e-06
1.581734863975725602e-06
1.467664014853653413e-06
1.741848302572179734e-06
1.781182299964711917e-06
2.014688288909383288e-06
1.604826968559791652e-06
1.500141195265314309e-06
1.608685931842046515e-06
1.615591816062078621e-06
1.826845084451633823e-06
1.701648056950943968e-06
1.743115888075408293e-06
1.545535894820204703e-06
1.795330490494961850e-06
1.531842076474276879e-06
1.443937833300878992e-06
1.635308694858395071e-06
1.494436344273708486e-06
1.508666798599733738e-06
1.515804785867658253e-06
1.373878785670967730e-06
1.375316605845000680e-06
1.446015096462360901e-06
1.630021620258048727e-06
1.621598278234159891e-06
1.412901451658399268e-06
1.651763977861264678e-06
1.539136087558290371e-06
1.779173192062444329e-06
1.454593723337893522e-06
1.370216489249287321e-06
1.486544545059587066e-06
1.370322297589154956e-06
1.635629075735778315e-06
1.491233467731945069e-06
1.294526441597554367e-06
1.371185555854026376e-06
1.334572516498155892e-06
1.472137807922990717e-06
1.642445795368985273e-06
1.314739381541585359e-06
1.550907597902551061e-06
2.129552524365863234e-06
1.612711628240504069e-06
1.395909919210680528e-06
1.302556859172909838e-06
1.275171894121740437e-06
1.346724479844851970e-06
1.357220685349602760e-06
1.502907434769440400e-06
1.153429639089154122e-06
1.171888817452782035e-06
1.347408522178738992e-06
1.307965339947259138e-06
1.369152300867426675e-06
1.184140285204193745e-06
1.159693835006692055e-06
1.245885005118907472e-06
1.263112983451719713e-06
1.353906600343179931e-06
1.253266316325607434e-06
1.692969806299515809e-06
1.126720394495350817e-06
1.262419493741617856e-06
1.384152972150332146e-06
1.352451329239556714e-06
1.193645425701106348e-06
1.290054945002339167e-06
1.342991532737869335e-06
1.207645243539445843e-06
1.322736147812975020e-06
1.100921377883423660e-06
1.265378091375168921e-06
1.519420550266659120e-06
1.146709183785787942e-06
1.160215111895013336e-06
1.309584774844552157e-06
1.266441540792584377e-06
1.272074752023399882e-06
1.089669461862285886e-06
1.215692446976390741e-06
1.567915938949226899e-06
1.244199222583119948e-06
1.238061412323077051e-06
1.175229795080667785e-06
1.182725793569261399e-06
1.102265326835549743e-06
1.416759334915695987e-06
1.086672421024559214e-06
1.254559816743494551e-06
1.271501810151676097e-06
1.186744498227199074e-06
1.310319441927276700e-06
1.091563376576232258e-06
1.114288733106150133e-06
1.072840024107790711e-06
1.031920049854306853e-06
1.472807036861922740e-06
1.177971864763094303e-06
1.197831642230085066e-06
1.095618114277385715e-06
1.117351496304763629e-06
1.020203649204631717e-06
1.021281593693856891e-06
1.579102416826572153e-06
1.204870079618558605e-06
1.040914912664447953e-06
9.585883105955871605e-07
1.140143604061449793e-06
1.549352589336194796e-06
1.013489787737853391e-06
1.172931393966791844e-06
1.187450760653518913e-06
1.446608627020396028e-06
1.121040924090266344e-06
1.193941557176003698e-06
1.152601595322266761e-06
1.065452960347101865e-06
1.044417194862035188e-06
9.753593076311516660e-07
1.013778563674350237e-06
1.071493022664071844e-06
1.108644448777340501e-06
1.185831877137388801e-06
1.102736291613837238e-06
9.876118838292313740e-07
1.045613970518388669e-06
1.231980075999672366e-06
9.727368762924016602e-07
9.725991333198179808e-07
9.198150792144588195e-07
9.915977329910675022e-07
9.253081941551499979e-07
1.065287074197840327e-06
9.759919862517564008e-07
1.010720797012254522e-06
1.094465801543265115e-06
1.022885970769493767e-06
1.075550306950390307e-06
9.646148043884751070e-07
1.242069907902987240e-06
9.972842917704838752e-07
9.319664457052567529e-07
8.849069729421898744e-07
9.375251465826295740e-07
1.094755390340651502e-06
9.270359726087918230e-07
9.217390072535635925e-07
1.012814863088351558e-06
1.087678231215250022e-06
9.472676651967049111e-07
1.126470812096158709e-06
9.124786515712912237e-07
1.015837403883779273e-06
1.247073714694124689e-06
9.943782174559601964e-07
8.910734436540224547e-07
8.881499582003016681e-07
9.540974986066430151e-07
1.016305270695738643e-06
1.002016313123021889e-06
9.753119115885056937e-07
9.332955926311114612e-07
9.745499426117020511e-07
1.046729005338420308e-06
9.995589095979085383e-07
1.047168080958726890e-06
1.009456832434807354e-06
8.924308360747091197e-07
9.724167853164544795e-07
1.003443514946411597e-06
9.200192550906649770e-07
8.312120087339281295e-07
9.157941235571342774e-07
9.737989785207901574e-07
8.599391776442644186e-07
9.511319433386233656e-07
8.636306063181109917e-07
9.378943275351048214e-07
8.345813000687485328e-07
9.565973584813036300e-07
8.070143792338057908e-07
8.803432308468473123e-07
8.949124548962572801e-07
8.430216269061930203e-07
9.170968780836119761e-07
9.071121610304544659e-07
9.313512862263450886e-07
9.167431073819898725e-07
1.157220009417869690e-06
8.555850058655778200e-07
8.856603244566940279e-07
1.018054166479487364e-06
8.892033235952113014e-07
7.829963521999161458e-07
7.849036705920298330e-07
7.754600346743245186e-07
9.878228127035981319e-07
8.780798907537246546e-07
9.268201779377704952e-07
8.060789355113229037e-07
8.453196301161369351e-07
8.668102168485347435e-07
9.014079637381655418e-07
7.326606180413364412e-07
8.428528758486208760e-07
8.219565330591649399e-07
9.351808387236815602e-07
6.877433179397485431e-07
9.217241085934801959e-07
9.074948479792510201e-07
7.996436011126206722e-07
7.963202676819492322e-07
9.238389054644358323e-07
8.471204409943311687e-07
7.211261106476740255e-07
7.592212057261348977e-07
7.558859579148702535e-07
8.626605449535418725e-07
8.172196601208270718e-07
9.068370786735613153e-07
7.779310465139132734e-07
8.318031973431061276e-07
8.223755230574169704e-07
8.193565861347451573e-07
8.398292152378417509e-07
8.404219386193289908e-07
1.015512890489844679e-06
9.663954187999479473e-07
8.037253678594424431e-07
8.957818920407589334e-07
8.026133286875847261e-07
8.041140517889289185e-07
8.941246392168977764e-07
8.434131530066224302e-07
7.280735871972865425e-07
1.090725299945915964e-06
8.361974607851152965e-07
8.686969067639438224e-07
7.736439386007986984e-07
8.165720544184296159e-07
8.434888854935707271e-07
7.315717311939806677e-07
8.033857739064842463e-07
6.963669022752583048e-07
8.412118802425539100e-07
8.941896737724164056e-07
7.376920791557495673e-07
7.693970530908700100e-07
6.634263968408049338e-07
7.486599542971816422e-07
7.083426567078277427e-07
6.852531782897131264e-07
7.889392691140528980e-07
7.593324824028969002e-07
7.692738222431216431e-07
7.322993553771084407e-07
7.767255567614483880e-07
7.463170675237051486e-07
6.704949726099585374e-07
7.896257216088997454e-07
8.796281747436296428e-07
8.506626102189329897e-07
6.764370311884704067e-07
7.558222307579854228e-07
7.443542529017577181e-07
7.073993288031487980e-07
7.499851790271350606e-07
7.002465338246111483e-07
7.558942172636306654e-07
8.158262801316595446e-07
7.976075153237616601e-07
6.404660098269232125e-07
7.005980251051369547e-07
7.925401860120473641e-07
7.287513028586545261e-07
7.627362663242820841e-07
6.932908377166313797e-07
7.283768866273021135e-07
7.001198468969960020e-07
7.494538351693336577e-07
7.268370325164142255e-07
6.803636608765373028e-07
6.195999674218910725e-07
6.852204364804493009e-07
7.399454887035971782e-07
7.095460972550426536e-07
7.316097423881728477e-07
8.214295633024448338e-07
7.968441764205635991e-07
1.052977762583395773e-06
8.153623582529690307e-07
7.588391440549458123e-07
7.498331171973404284e-07
6.966223509152769111e-07
7.632902168097643880e-07
6.553992932367691961e-07
6.894430612192081541e-07
8.196122962544905022e-07
8.792854544026341014e-07
7.280757586158869830e-07
5.723901040255440907e-07
6.851444084077229702e-07
6.847027805179095171e-07
6.448942087899922838e-07
7.851034069972228767e-07
7.373038329205882778e-07
6.498668369658844736e-07
7.385706567220040809e-07
7.138441958431940505e-07
7.280091836037172470e-07
8.725233612949523800e-07
7.587379343476641436e-07
6.610828648945243913e-07
6.410389062239118661e-07
6.454952199419494718e-07
7.332794211833970621e-07
7.258809205268334639e-07
6.296398908034461571e-07
7.784406193422909868e-07
7.597314379381714812e-07
7.765440898310771233e-07
6.970583001475461484e-07
6.478600056425420917e-07
9.048327342497941996e-07
6.893565284826764096e-07
6.072789830113833675e-07
7.693644533901533366e-07
8.048943868743663612e-07
7.624622298862959936e-07
5.978769877401645803e-07
7.308769568226125769e-07
9.160745491954003440e-07
6.819566237936669918e-07
7.662546863684838172e-07
6.395126149527641458e-07
7.605974019497807603e-07
7.179373966437196941e-07
7.765857759522986757e-07
6.822431032560416286e-07
6.439834521643205821e-07
6.341785876884386684e-07
6.444602263400156093e-07
7.000821597102912862e-07
7.597710009576986036e-07
7.187616347437142606e-07
1.020739250634505921e-06
6.774514872631698169e-07
9.456017664888349404e-07
5.704518002858093982e-07
6.864564596753552905e-07
6.843884875706862447e-07
8.023476539165130393e-07
6.892170802075270119e-07
5.838367201249638614e-07
8.143647221459104489e-07
7.795491228534956039e-07
7.769902168774933247e-07
6.917780524418048603e-07
8.364287680251436541e-07
7.683082117182493676e-07
6.993812689870537936e-07
6.624120089782082201e-07
6.469225780847409412e-07
6.105217096319393022e-07
6.866213936973509104e-07
7.304506652872078121e-07
6.662791236067278501e-07
6.998558774284902452e-07
6.866786236514599084e-07
7.112447690360568654e-07
5.526509937681111994e-07
6.214572067619883879e-07
6.977954768672134166e-07
7.098913613390323219e-07
7.194354736839158735e-07
6.598102913812909021e-07
7.070393735375545961e-07
6.407306159417202738e-07
7.314576578210107559e-07
6.957003279239870396e-07
6.926822720743075691e-07
6.266172078994713956e-07
6.122731463165109533e-07
6.447314149227167945e-07
6.126914001924887786e-07
7.991339657564822330e-07
6.311929496405355590e-07
6.485655944743484513e-07
6.338906359815155156e-07
6.120185901181685252e-07
7.398043948114719083e-07
6.530038149321626194e-07
7.502482958443579052e-07
7.088102279340091839e-07
7.037390645336927688e-07
7.106726570782484275e-07
7.100221068867540453e-07
7.098682601736072684e-07
6.442190397137892009e-07
6.496121784493880537e-07
6.069305385381084793e-07
5.642191922561323736e-07
6.439281889925041469e-07
7.278770283392077333e-07
6.072405938084557420e-07
6.883166889792846632e-07
6.611905462250433418e-07
7.128214463136828272e-07
6.184388496421889127e-07
6.604993757264310473e-07
7.225705417113204233e-07
5.543628020632241228e-07
6.660321218987519387e-07
6.328121429532984197e-07
6.385153227483897142e-07
6.654802859884512145e-07
6.247876996212653043e-07
5.383340209164089174e-07
5.518694877082452453e-07
6.758080814961431315e-07
8.264061648333154153e-07
6.354836330046965000e-07
6.626500294260040179e-07
5.501265434304514201e-07
6.388986406591357081e-07
6.355824012871380334e-07
6.130246958946372615e-07
7.274176084592909531e-07
6.597887107773203752e-07
6.071575597843548167e-07
6.387520386397226989e-07
6.789251926875295308e-07
6.368290428326872643e-07
7.529134279593563194e-07
6.819380985234602333e-07
6.744889020637856447e-07
6.026597816344292369e-07
6.760325788945920279e-07
6.405528068853527869e-07
8.236250607751572230e-07
6.111815025633404306e-07
6.546350846292625224e-07
6.118040971614391310e-07
6.544125994878413198e-07
6.599756943614920178e-07
7.304008647679438793e-07
6.523602792185556821e-07
5.500833509586300563e-07
6.704287699221822761e-07
6.635222121076366906e-07
6.042263862582331058e-07
6.586972517652611502e-07
6.965630547028922381e-07
6.881798100266678375e-07
6.843128460332082098e-07
5.914709504395432305e-07
7.993513804649409880e-07
5.820635180953103858e-07
7.200947266028379302e-07
6.422838282560405575e-07
6.292351940828666345e-07
6.711361720590503167e-07
5.709284607746667038e-07
7.284812170382792617e-07
7.268173817465139807e-07
7.260846814460820011e-07
6.292119707040911149e-07
7.902516699687112335e-07
6.673320626759960274e-07
7.143383271568382042e-07
6.264641172037955099e-07
6.473302391896140762e-07
6.392413126832252389e-07
7.008990166923467980e-07
6.229091695786337368e-07
7.194087572770512938e-07
6.437974207074148580e-07
6.369891082158574348e-07
5.598140973006593413e-07
6.097947363059574431e-07
6.422860394650342641e-07
6.045286426115126021e-07
5.593463953346144778e-07
6.990872009282611332e-07
6.649174281392333584e-07
6.423666320642951601e-07
6.629101847011043415e-07
6.627815537285641979e-07
6.138380115316977026e-07
6.831111846850035786e-07
6.847640037221935927e-07
6.986361938743357526e-07
6.790293298308825311e-07
5.556172311571571785e-07
7.248867632370093330e-07
6.132772256250973865e-07
6.720131125348415966e-07
5.826256767704763175e-07
5.768680409801163690e-07
1.163826351557872798e-06
8.124710632273490562e-07
6.901553263105597792e-07
6.111957304710813332e-07
7.124861554075323511e-07
6.170491644752473380e-07
5.879544119125057689e-07
5.984308359074929983e-07
6.762418649941536873e-07
6.980485125041014240e-07
7.270931632774590557e-07
7.872717048940103692e-07
7.811161879089923301e-07
6.444885372047792771e-07
6.129528543397100505e-07
6.236187232389056378e-07
6.847496308637346586e-07
7.062918427891418105e-07
6.538417153478803600e-07
6.247956150673416718e-07
6.671588153039920144e-07
6.883681180624989793e-07
6.008460729844955706e-07
6.672990366496378979e-07
6.073432189168670659e-07
6.254349926848590258e-07
5.382984994639627773e-07
5.443019290396478451e-07
6.322984773987627281e-07
6.628920687035133385e-07
7.279779737245916780e-07
6.069713037959445289e-07
6.733034268791016287e-07
7.281740664666358710e-07
6.232499288216785803e-07
5.757518238169722767e-07
5.833770501340040725e-07
5.838461959228880217e-07
6.145602412743755637e-07
5.660957469899585280e-07
5.806517322071158984e-07
6.700273132764778195e-07
6.425956456723725053e-07
7.960502387049928286e-07
6.089830094424542251e-07
6.361607347571407445e-07
6.411739690292961313e-07
5.567092443925502964e-07
6.521408920434623936e-07
6.056866311610065380e-07
6.550490525114583275e-07
6.931579036972835152e-07
5.160964974493253764e-07
6.835835364427111926e-07
7.144769000433371244e-07
6.034325252812777762e-07
5.683680683432612992e-07
5.652935158195759445e-07
6.201130958061184660e-07
6.010107995280123274e-07
6.255976359170745127e-07
6.139261159887609696e-07
7.049042778817237863e-07
6.149748969619395635e-07
6.818942551944928498e-07
6.492873808383592616e-07
6.331528936698305188e-07
6.013779028535281699e-07
5.552981349410401678e-07
5.896494769785931990e-07
6.288183271863090340e-07
5.196706837296005476e-07
5.343125877743659234e-07
5.648898820709291824e-07
5.788588055111177223e-07
7.082537962332935845e-07
6.630578894828431658e-07
5.518816436733687138e-07
5.388836086694936543e-07
5.431172269254603148e-07
5.718634497497987044e-07
5.351327445168863474e-07
5.005970876936771462e-07
5.575393487333712559e-07
6.325301569631846664e-07
6.288867865578140270e-07
5.206242633448710178e-07
5.723692424908221741e-07
5.910902643790905343e-07
5.829150524050419759e-07
5.188720336946061950e-07
5.771118878783453997e-07
6.146887926661292811e-07
6.462642772930849090e-07
5.503983146581959286e-07
4.863132431864869855e-07
7.169440266352466583e-07
6.158292137570242419e-07
5.817559383558545537e-07
5.899581140056398210e-07
5.520700113947895959e-07
5.434418284266939736e-07
6.046852178087646978e-07
5.383471432196529138e-07
5.397324514433421004e-07
5.413517868646522190e-07
4.781567270129016622e-07
5.068554628451238175e-07
5.348105361235866016e-07
4.625261425417193201e-07
5.273050192045047879e-07
4.956642925435516676e-07
6.077506924384579179e-07
6.187484615338690188e-07
6.853850067045641904e-07
5.483323491262126058e-07
5.929166150053788654e-07
5.670595385254273636e-07
5.106326511850056492e-07
4.970903859202735899e-07
4.721441655419766903e-07
5.306906473379058086e-07
5.635388959035480882e-07
5.217929867740167961e-07
4.823319443403307074e-07
6.000699642072504079e-07
6.384440240481126662e-07
5.343229929621884366e-07
5.280910187366316254e-07
5.204960018545534695e-07
4.487646350526120037e-07
5.190164699797606286e-07
4.624261350727465258e-07
5.526617314899340272e-07
4.889719662060088436e-07
4.985088509101842223e-07
5.210885092310491018e-07
4.981519595048666392e-07
4.532502458687304382e-07
5.175304409021919551e-07
4.532243337962427071e-07
4.922962176578949068e-07
4.584877757451977232e-07
5.195408107283583165e-07
4.244529009156394962e-07
4.027905077919058279e-07
4.313602403271943119e-07
3.914055412224115359e-07
4.837601522922341034e-07
4.553646277827283484e-07
3.939187905643848565e-07
4.342008111279938127e-07
4.441201951976836214e-07
4.722731773654231590e-07
4.358670366855221801e-07
3.824553203912728561e-07
4.521487227293619177e-07
5.598606094281421974e-07
4.476277979392762063e-07
3.775094342017837440e-07
4.178114920705411350e-07
3.970824792531857172e-07
3.727754375404401587e-07
4.455738661590657800e-07
4.191055467117621447e-07
4.501600187722942686e-07
4.037584062643873040e-07
3.699098698461966706e-07
5.158632475854574083e-07
4.124242025227431335e-07
4.422698850703454598e-07
3.620395830239431340e-07
3.772318081018966252e-07
3.605899564718128902e-07
3.874026816674813639e-07
3.524145114397470236e-07
4.023017339704893053e-07
3.704402757875868701e-07
3.839956264073407510e-07
3.475435477184873889e-07
3.140884288654888329e-07
3.993360479626062337e-07
3.851639377216997885e-07
4.391892076682779589e-07
3.160172497018720605e-07
4.103368354435588223e-07
3.890074623313921832e-07
3.488310142074624098e-07
4.186130396988118962e-07
3.576693245577189267e-07
3.251116226010708699e-07
3.023605785301697218e-07
3.830997229670174208e-07
3.666509854838295512e-07
3.581585445999735384e-07
3.358948276854789477e-07
3.489658652711113867e-07
3.022843984012979490e-07
3.499829290376510365e-07
3.033705922916851917e-07
3.202541250857393818e-07
3.486083102188786143e-07
3.510485996116585950e-07
2.721959191376299714e-07
3.612703011413031861e-07
2.868802880584553562e-07
2.921763012864175623e-07
2.668665146643434127e-07
2.914650650609474026e-07
3.115519490393125822e-07
3.079571499142730106e-07
2.641303041173159833e-07
2.553943858174534292e-07
3.658858844346468580e-07
3.824312585720690338e-07
3.210233032291398452e-07
3.400064670699976189e-07
2.946788171698244802e-07
3.151811895918399387e-07
3.156054560804477872e-07
2.541570637504264384e-07
2.599008254833279246e-07
2.728780046368228795e-07
2.383998918276120094e-07
2.736550243298552020e-07
2.514559596988874758e-07
2.582869470302284965e-07
2.578621845827911086e-07
2.327732218532219228e-07
2.472644382578437217e-07
2.078631425206367673e-07
2.477555895552541082e-07
2.037504742702367366e-07
2.424196935635336347e-07
2.335410243858859705e-07
1.914503201305706117e-07
2.709648214249682390e-07
2.350337240386579651e-07
2.268771993385598709e-07
2.421650989958834332e-07
2.133969474016339412e-07
2.521758929674433391e-07
2.225497894414729566e-07
2.119259491450975527e-07
2.954024878931704946e-07
2.226691748319353686e-07
2.853881170494787300e-07
1.930167925934256451e-07
1.937368153903662513e-07
2.001838041110204411e-07
1.953604609639114748e-07
2.309903436525928608e-07
1.805309253199993691e-07
1.969627660969308636e-07
1.954896291067598107e-07
1.913479280801766489e-07
2.037457647929841134e-07
1.905874086105541157e-07
1.718880653811538756e-07
2.351925019183909171e-07
1.822856170008435478e-07
1.605083980393828877e-07
1.671985387474705825e-07
1.902990064195364486e-07
1.936235449306877748e-07
1.849036365797473885e-07
2.174574888158531447e-07
1.717386368227380338e-07
1.834730213090551790e-07
1.577260157148430206e-07
1.646690378720450152e-07
2.003174145670527703e-07
1.851635133220952465e-07
1.792983979953532927e-07
1.736620035330815828e-07
2.115355172804811340e-07
2.199860652751795040e-07
1.347638523441219255e-07
1.605466749765582843e-07
1.646188515280755329e-07
1.334429981625362310e-07
1.275158957980693125e-07
1.372960298340330959e-07
1.357843167681949073e-07
1.153136189202541546e-07
1.379181981064903137e-07
1.678899337775874407e-07
1.324583514872301695e-07
1.454070094553117140e-07
1.208950017428378381e-07
1.272441210176111781e-07
1.561978010045095236e-07
1.355316896933800414e-07
1.390793279654190026e-07
1.813407251916032639e-07
1.185299076666979090e-07
1.138998207750319072e-07
1.365451694823605014e-07
1.693859289275678695e-07
1.341321222980695893e-07
1.302125454571978586e-07
1.427270582610162766e-07
1.174093490874383887e-07
1.443535623479874683e-07
1.497182751108994125e-07
1.116157527292216347e-07
1.531894653794552247e-07
1.176621090337448497e-07
1.377418634262994495e-07
1.150280489525812247e-07
1.213934083921230816e-07
1.030684494196520920e-07
9.858854213007362507e-08
9.245878374031235580e-08
1.437358520206544252e-07
1.352149340050345874e-07
9.100206810330746521e-08
1.021076940332932308e-07
1.034666688326524282e-07
1.142408336818334647e-07
9.657151771591543101e-08
9.015809965262633341e-08
1.004077390120983182e-07
8.923544569938712812e-08
1.528633902125875571e-07
8.712776207175920982e-08
9.648811243323507105e-08
1.039792557833152440e-07
8.396158222012672393e-08
1.182683160294573099e-07
9.877219326881459248e-08
9.238495337626773637e-08
8.585458637355713753e-08
9.967117620135468314e-08
1.210771458204362610e-07
6.954673956727219245e-08
7.345680899106810632e-08
7.473473999652923984e-08
6.972794182047437326e-08
1.358098383974493170e-07
1.374731596115452650e-07
7.635362884172990942e-08
8.416901167151991633e-08
9.876421316334927344e-08
9.484081431310187327e-08
8.032090974552374709e-08
7.390503959925354403e-08
6.017210516517934064e-08
6.443742641693007119e-08
6.319292573664370403e-08
7.583645995623556056e-08
6.550077067402070877e-08
8.862283564781137631e-08
8.382811600426975929e-08
5.954268580410371082e-08
6.656413518157932611e-08
6.578218609831765471e-08
7.560030574893517306e-08
5.337956814344124458e-08
7.742195791138329051e-08
5.688909183731994100e-08
5.402805314247416391e-08
9.574217436636445465e-08
5.674842533665014079e-08
6.197694375487117478e-08
5.191328895648439621e-08
1.078843943957963294e-07
7.327567104198351709e-08
7.188812674030487225e-08
5.560164879625517907e-08
8.338235701899066044e-08
7.677421010043872229e-08
6.645212309308590458e-08
5.804310703183545874e-08
4.934313651006050085e-08
5.203965010025513303e-08
5.314352868879268499e-08
5.575187476125620511e-08
4.835372102718338283e-08
4.704477127859263551e-08
5.644325185016896285e-08
4.271748643702721893e-08
4.545452334525634929e-08
4.578116481468441899e-08
5.610958098145601980e-08
5.329612697835273006e-08
6.354110375639265575e-08
4.354718505794608196e-08
4.467727503509877087e-08
4.268409696805974553e-08
5.164628671394666394e-08
6.979251772065709057e-08
4.482509865511019465e-08
4.924303684816777737e-08
4.221204239485132480e-08
4.419808075084574739e-08
4.035478653463542154e-08
3.880742500683709560e-08
5.019910407355610137e-08
4.332782985727590263e-08
3.726960624561570777e-08
4.196646230525402643e-08
5.321750116138446306e-08
3.583671155382717453e-08
3.449441230429784032e-08
3.578665150882898293e-08
3.755810897843048092e-08
2.947093040717163670e-08
3.606083058826925216e-08
3.430844834895196717e-08
3.771073746605679579e-08
3.053428123678258866e-08
3.526929326369554474e-08
3.565313324571661592e-08
3.336430989264726899e-08
2.860785341951554983e-08
2.921343700279521727e-08
4.025940310015130573e-08
3.295185067031525382e-08
3.378868971282145272e-08
4.996339324492282421e-08
3.334051026371298444e-08
3.413918925332382059e-08
2.636195484129189026e-08
2.719164751141533865e-08
3.882651444797602380e-08
2.518177506516394649e-08
3.506236891936964507e-08
8.213460755968071680e-08
5.202814138450776449e-01
1.536073744297027588e+00
1.939385521411895796e+00
2.237584400177001775e+00
2.242083191871643066e+00
2.061941659450531095e+00
2.243703293800353826e+00
3.573131394386291682e+00
3.888957667350768865e+00
3.863868474960327148e+00
3.739261174201965243e+00
3.599122953414917170e+00
3.456508445739745916e+00
3.322736763954162509e+00
3.196717023849487305e+00
3.081358122825622381e+00
2.975278949737548917e+00
2.876393675804138184e+00
2.777011871337890625e+00
2.685670542716979803e+00
2.592980742454528809e+00
2.514527487754821600e+00
2.425490856170654297e+00
2.345370984077453702e+00
2.269771313667297452e+00
2.194320249557494940e+00
2.107654380798339666e+00
2.036540532112121493e+00
1.963782513141631991e+00
1.889814627170562700e+00
1.821890497207641513e+00
1.748781108856201083e+00
1.682901966571807906e+00
1.607553267478942782e+00
1.543885231018066406e+00
1.474723923206329390e+00
1.407890450954437211e+00
1.348425078392028853e+00
1.285347485542297274e+00
1.218229162693023726e+00
1.155771183967590376e+00
1.103316676616668657e+00
1.042092800140380859e+00
9.848503649234772173e-01
9.304872453212738037e-01
8.839881181716918723e-01
8.333502411842346191e-01
7.962226331233978049e-01
7.560448467731475386e-01
7.273820698261260764e-01
6.979134082794189453e-01
6.675190448760985884e-01
6.470359325408935325e-01
6.295218348503113237e-01
6.134752869606018288e-01
5.930475115776061568e-01
5.842111349105835183e-01
5.618864655494689719e-01
5.503734290599823220e-01
5.383352279663086160e-01
5.238350033760070801e-01
5.097142040729523149e-01
4.996758818626403920e-01
4.897877961397171243e-01
4.782745778560638650e-01
4.663967937231063843e-01
4.638626217842102273e-01
4.491614967584610096e-01
4.422160744667053001e-01
4.315703719854354636e-01
4.254143893718719260e-01
4.164210140705108532e-01
4.082017332315445168e-01
4.030460536479950062e-01
3.962719291448593140e-01
3.903027147054672352e-01
3.825784295797348133e-01
3.784464895725250244e-01
3.708411633968353160e-01
3.665795564651489480e-01
3.635741680860519187e-01
3.572156071662903054e-01
3.504443496465682872e-01
3.445387512445449718e-01
3.435428142547607422e-01
3.388932853937148826e-01
3.323799073696136475e-01
3.310075610876083152e-01
3.288039237260818592e-01
3.253960669040679710e-01
3.235660284757614358e-01
3.164369672536849754e-01
3.143125414848327859e-01
3.107762128114700539e-01
3.100329160690307728e-01
3.123036682605743186e-01
3.038725763559341209e-01
3.011805772781371848e-01
3.012072265148162953e-01
2.984010368585586770e-01
2.955358922481536865e-01
2.916930496692657360e-01
2.910735309123992920e-01
2.862746119499206543e-01
2.842551171779632568e-01
2.839519530534744263e-01
2.799630999565124734e-01
2.776922017335891613e-01
2.787154078483581321e-01
2.770069509744644276e-01
2.698418617248535267e-01
2.701401725411415322e-01
2.695026755332946555e-01
2.681647658348083607e-01
2.661373659968376271e-01
2.660435795783996360e-01
2.627945587038993946e-01
2.608031839132308738e-01
2.601321250200271384e-01
2.580118343234062417e-01
2.560779556632041820e-01
2.558280438184737937e-01
2.553990244865417258e-01
2.510130375623703114e-01
2.504776269197463989e-01
2.475826174020767101e-01
2.481138050556182806e-01
2.449119031429290716e-01
2.420287832617759594e-01
2.429125338792800792e-01
2.431528016924858204e-01
2.393136173486709595e-01
2.405917108058929499e-01
2.375483915209770092e-01
2.360257387161254772e-01
2.356280878186226002e-01
2.335493683815002552e-01
2.307867392897605952e-01
2.311043530702590887e-01
2.289389818906784058e-01
2.295365557074546814e-01
2.263027176260948292e-01
2.255185186862945501e-01
2.240395382046699579e-01
2.261754348874092102e-01
2.248599797487259022e-01
2.230277344584465082e-01
2.214885875582695007e-01
2.197144880890846141e-01
2.184488281607627758e-01
2.194300517439842224e-01
2.172498747706413380e-01
2.164259985089302118e-01
2.160423934459686224e-01
2.128746584057807922e-01
2.137736320495605413e-01
2.098777726292610224e-01
2.127274572849273682e-01
2.080040052533149719e-01
2.075444698333740179e-01
2.094683527946472057e-01
2.044923201203346363e-01
2.079620361328125000e-01
2.052389413118362316e-01
2.045224770903587286e-01
2.025228559970855824e-01
2.008122235536575206e-01
2.009557768702507075e-01
1.982770681381225697e-01
1.978672862052917591e-01
1.973452016711235157e-01
1.978693962097168024e-01
1.962999954819679149e-01
1.928984463214874212e-01
1.918640583753585815e-01
1.930688038468360845e-01
1.888480156660080067e-01
1.905915617942809948e-01
1.888388201594352611e-01
1.877399221062660273e-01
1.871007502079010121e-01
1.857699558138847240e-01
1.841097906231880243e-01
1.835701212286949269e-01
1.824850231409072820e-01
1.810427725315094105e-01
1.797574341297149547e-01
1.805052280426025502e-01
1.781483799219131525e-01
1.779380097985267528e-01
1.799717247486114502e-01
1.761352285742759649e-01
1.748442709445953425e-01
1.728548213839530834e-01
1.714682757854461559e-01
1.727554023265838734e-01
1.700500711798667852e-01
1.688267543911933788e-01
1.670645713806152288e-01
1.672883361577987560e-01
1.692231222987174988e-01
1.679334416985511780e-01
1.647844582796096913e-01
1.636985316872596741e-01
1.620749950408935658e-01
1.623302400112152100e-01
1.596892938017845098e-01
1.602221950888633728e-01
1.594165012240409962e-01
1.571091592311859020e-01
1.569144308567047008e-01
1.565644323825836071e-01
1.534448593854904064e-01
1.527224004268646351e-01
1.534338787198066822e-01
1.518165081739425715e-01
1.509390294551849476e-01
1.497186601161956676e-01
1.489432215690612848e-01
1.483960539102554266e-01
1.479614391922950689e-01
1.459642738103866522e-01
1.453787535429000854e-01
1.436498299241066035e-01
1.445487268269061987e-01
1.420726351439952906e-01
1.403505980968475231e-01
1.409195199608802851e-01
1.394844815135002081e-01
1.369571670889854487e-01
1.383853092789650019e-01
1.354490593075752258e-01
1.338627651333808843e-01
1.344382613897323608e-01
1.320356152951717432e-01
1.335623174905777033e-01
1.300935313105583135e-01
1.305250845849514063e-01
1.287994742393493708e-01
1.283360749483108409e-01
1.280384577810764202e-01
1.267028838396072332e-01
1.262060008943080847e-01
1.237138338387012426e-01
1.242213249206542969e-01
1.205595381557941492e-01
1.212492510676383972e-01
1.194488763809204157e-01
1.182641677558422116e-01
1.181544579565525083e-01
1.184160232543945285e-01
1.186721183359622928e-01
1.174055956304073389e-01
1.182579778134822818e-01
1.143884636461734716e-01
1.128094047307968140e-01
1.116357430815696772e-01
1.095452480018138941e-01
1.106554299592971830e-01
1.090299226343631744e-01
1.101230293512344416e-01
1.074182406067848150e-01
1.071258842945098932e-01
1.051573500037193271e-01
1.047299385070800809e-01
1.016438774764537867e-01
1.032184243202209500e-01
9.964186772704124173e-02
9.996058642864227850e-02
1.007708273828029633e-01
9.910428673028945368e-02
9.841828271746635992e-02
9.833170920610427579e-02
9.548399373888968866e-02
9.501560479402541837e-02
9.264706224203109186e-02
9.218990206718444269e-02
9.135143607854842585e-02
9.135676696896552484e-02
9.018317312002181729e-02
9.036222249269484919e-02
9.004570022225380499e-02
9.054988846182823736e-02
9.020626768469811041e-02
8.848691582679749090e-02
8.737983107566833774e-02
8.412207737565040311e-02
8.350030854344367426e-02
8.216566890478134433e-02
8.254474252462387640e-02
8.112645372748375494e-02
7.918805032968520563e-02
7.893063575029372891e-02
7.738712131977081021e-02
7.730105742812157232e-02
7.668394222855567932e-02
7.796067520976066034e-02
7.474056333303451261e-02
7.506240904331207275e-02
7.254430651664733887e-02
7.271075546741485873e-02
7.047471217811107635e-02
7.043997831642627439e-02
7.216186672449112494e-02
7.280214130878448486e-02
7.080238796770572940e-02
7.156725488603114804e-02
7.215858772397040766e-02
6.749620363116264066e-02
6.498030647635459622e-02
6.527969464659691412e-02
6.374876983463764746e-02
6.499825343489647189e-02
6.229431331157684465e-02
6.226967908442020139e-02
6.200092993676662584e-02
6.066585369408130507e-02
6.039154492318630357e-02
6.099252551794052263e-02
6.308418735861778814e-02
5.943959206342697144e-02
6.005311645567416867e-02
5.530072003602981567e-02
5.547213628888129910e-02
5.403012894093990603e-02
5.359355397522449355e-02
5.385533906519412994e-02
5.197026878595352450e-02
5.336091890931129317e-02
5.280878655612468442e-02
5.000624582171440263e-02
4.928577393293380460e-02
5.042592920362949649e-02
5.203348621726035933e-02
5.112529322504997392e-02
4.949618875980377197e-02
4.722809605300426483e-02
4.892819561064243317e-02
4.811959341168403625e-02
4.719652049243450165e-02
4.762102589011192599e-02
4.422058574855327467e-02
4.486207291483879089e-02
4.374868087470531325e-02
4.155096225440502167e-02
4.093457423150539259e-02
4.153447262942790846e-02
3.978954888880252561e-02
3.951884023845195909e-02
3.783274739980697909e-02
3.779725842177868167e-02
3.668597992509603500e-02
3.815883658826350888e-02
4.086227267980575839e-02
4.316533617675304135e-02
3.987764641642570218e-02
3.942856751382350922e-02
3.628519531339406690e-02
3.674968499690293988e-02
3.392248935997486253e-02
3.487819805741310120e-02
3.297205083072185516e-02
3.269899599254131456e-02
3.425786830484867096e-02
3.635830227285623273e-02
3.553169667720794400e-02
3.443368710577487946e-02
3.222571462392807146e-02
3.060017731040716102e-02
2.964539956301450591e-02
3.084860090166330338e-02
2.896804101765155723e-02
2.835428770631551881e-02
2.765288520604371886e-02
2.932204660028219292e-02
2.922424040734767844e-02
2.703525256365537505e-02
2.837891541421413283e-02
2.862051445990800719e-02
2.608442306518554688e-02
2.503394782543182442e-02
2.511690668761730125e-02
2.538925800472497871e-02
2.354260720312595367e-02
2.627471536397934029e-02
2.496788948774337699e-02
2.327952440828084946e-02
2.278439700603485107e-02
2.290077824145555357e-02
2.281124535948038032e-02
2.326853871345519950e-02
2.151370029896497796e-02
2.118131555616855483e-02
2.285837456583976815e-02
2.293838672339916160e-02
2.341608107089996477e-02
2.216129284352064133e-02
2.223009765148162981e-02
2.114468123763799806e-02
2.055052891373634200e-02
1.896887067705392907e-02
1.954758316278457780e-02
2.256507128477096627e-02
1.991370134055614471e-02
1.762309176847338607e-02
2.007763907313346932e-02
1.867704931646585464e-02
1.726107206195592880e-02
1.747582079842686584e-02
1.597917648032307764e-02
1.696126610040664742e-02
1.588679635897278716e-02
1.609162744134664397e-02
1.747432723641395569e-02
1.603532675653696060e-02
1.571104107424616675e-02
1.752798408269882341e-02
1.996285161003470351e-02
1.602577110752463271e-02
1.464690240100026061e-02
1.390036894008517265e-02
1.487463265657424857e-02
1.415068963542580674e-02
1.421634685248136451e-02
1.412529582157731091e-02
1.431305324658751522e-02
1.441353233531117439e-02
1.535449037328362465e-02
1.496896110475063289e-02
1.993411416187882562e-02
1.930849067866802216e-02
1.759935133159160753e-02
1.354423174634575809e-02
1.217398177832365071e-02
1.084326971322297981e-02
1.034928876906633308e-02
1.055360157042741810e-02
1.060571512207388913e-02
1.277873469516634976e-02
1.055570635944604908e-02
1.159469448029994999e-02
1.195195117034018005e-02
1.105662053450942074e-02
1.381329558789730003e-02
1.204324429854750599e-02
9.979617130011320808e-03
1.036381246522069012e-02
9.106747247278690685e-03
8.887990191578865745e-03
9.049139125272631992e-03
1.133989193476736546e-02
8.668150519952178001e-03
1.008455902338028023e-02
1.194776985794305732e-02
9.520115982741116784e-03
8.359365724027156483e-03
8.372589293867350319e-03
7.585404952988028353e-03
7.742168102413416082e-03
7.164844544604420662e-03
7.030513975769281734e-03
7.037606369704007929e-03
6.931833131238818516e-03
6.224043667316436768e-03
6.480486644431948488e-03
6.916483165696263313e-03
7.610582280904054642e-03
8.685961831361055374e-03
8.010481763631106117e-03
8.831180399283766747e-03
9.619545657187700272e-03
8.174506900832056305e-03
7.150461710989475077e-03
7.246982865035533558e-03
7.768655708059668367e-03
7.188998581841588194e-03
8.053824352100492218e-03
5.970509606413543224e-03
6.012734607793390751e-03
5.595026724040508444e-03
5.714412359520792788e-03
7.116968417540192951e-03
9.297357406467199326e-03
1.263066250830888713e-02
1.256969328969717060e-02
1.138127595186233521e-02
8.419409440830350616e-03
7.641369709745049477e-03
5.995103996247053493e-03
8.085327874869107506e-03
9.069656440988182328e-03
6.859162217006086956e-03
6.660089129582047462e-03
6.755004683509468859e-03
5.468279309570789511e-03
5.000446201302110802e-03
5.458930484019219528e-03
4.683040687814355243e-03
5.282416706904768944e-03
5.314733157865703453e-03
1.456863272469490801e-02
1.767311906442046304e-02
1.706262314692139764e-02
1.677162237465381484e-02
9.468314144760370601e-03
9.899293165653943669e-03
8.439079625532031059e-03
9.342335304245353092e-03
1.087947217747569154e-02
8.873105328530073860e-03
8.541911095380782387e-03
7.061852328479290182e-03
1.034388104453682830e-02
7.246774202212691134e-03
6.931962072849273335e-03
7.593464525416493589e-03
6.497394759207963943e-03
6.158064282499253576e-03
6.069411220960318869e-03
4.319682391360402454e-03
3.720400505699217319e-03
3.401776310056447983e-03
3.294412558898329561e-03
3.273095004260540009e-03
3.278880077414214438e-03
2.879644278436899185e-03
3.108389629051089460e-03
4.122226336039602930e-03
3.091505425982177084e-03
2.971477457322180271e-03
2.477455674670636567e-03
2.470849605742841959e-03
2.376849926076829260e-03
2.520858298521488731e-03
2.442629786673933441e-03
2.028985298238694668e-03
2.754795365035533905e-03
2.292638027574866923e-03
2.566548530012369156e-03
2.250927744898945267e-03
2.106474025640636856e-03
