9.968365033467611047e-01
9.700614412625631067e-01
8.086245258649190637e-01
4.922403991222381592e-01
3.925414482752482281e-01
4.219715992609660016e-01
3.975230058034260883e-01
4.477183322111765729e-01
4.946088890234629498e-01
4.903512199719746723e-01
5.047437846660614014e-01
5.259175697962442664e-01
5.083404282728830603e-01
5.285230676333109168e-01
5.942851305007934570e-01
5.902282396952310828e-01
5.757130384445190430e-01
6.498342752456665039e-01
5.458513498306274414e-01
5.903653899828592566e-01
6.593951781590779992e-01
6.341883540153503418e-01
5.554333925247192383e-01
6.739376783370971680e-01
6.279984116554260254e-01
6.794972419738769531e-01
6.207514802614847449e-01
6.618287762006124231e-01
6.391578515370687219e-01
6.824010014533996582e-01
6.974347829818725586e-01
7.570033272107442590e-01
7.216223478317260742e-01
7.558200756708780554e-01
7.752843697865804407e-01
8.088069558143615723e-01
7.727034886678060266e-01
8.106446266174316406e-01
8.065357804298400879e-01
8.185798724492391321e-01
8.591256936391195032e-01
8.791930476824442175e-01
8.163891832033792761e-01
9.100092252095540735e-01
8.701010942459106445e-01
8.254043062527974817e-01
9.194843769073486328e-01
8.430984020233154297e-01
9.070458412170410156e-01
9.780896107355753211e-01
9.482109149297078821e-01
9.241381088892618445e-01
1.005725423494974846e+00
9.052091439565023157e-01
1.006473938624064202e+00
9.757791757583618164e-01
9.658441344896951941e-01
9.335636099179586145e-01
1.058162232240041023e+00
1.036963303883870369e+00
1.026518464088439941e+00
1.009531378746032715e+00
1.006408194700876946e+00
1.052181184291839600e+00
1.027778089046478271e+00
1.068948666254679436e+00
1.139386455217997307e+00
1.066136638323466057e+00
1.026062985261281257e+00
1.092576920986175537e+00
1.063043693701426262e+00
1.093704620997111077e+00
1.152008454004923577e+00
1.106597224871317620e+00
1.063127875328063965e+00
1.074522018432617188e+00
1.149316132068634033e+00
1.158541639645894294e+00
1.229613582293192620e+00
1.238361358642578125e+00
1.228188633918762207e+00
1.101463337739308601e+00
1.242521405220031738e+00
1.235803167025248284e+00
1.264362970987955803e+00
1.174611508846282959e+00
1.178963104883829827e+00
1.137870987256367927e+00
1.099551637967427498e+00
1.136837760607401604e+00
1.146151224772135491e+00
1.134594639142354255e+00
1.171026766300201416e+00
1.242225885391235352e+00
1.102968176205952888e+00
1.183556437492370605e+00
1.196423768997192383e+00
1.176140546798706055e+00
1.183546523253123040e+00
1.166446050008137947e+00
1.200556278228759766e+00
1.204186817010243660e+00
1.202090899149576897e+00
1.213463922341664558e+00
1.219821174939473396e+00
1.221130291620890373e+00
1.219749410947163826e+00
1.227980454762776619e+00
1.233822047710418701e+00
1.241041541099548340e+00
1.236702005068461174e+00
1.235840717951456780e+00
1.239801565806071038e+00
1.238821049531300789e+00
1.242664039134979248e+00
1.256466289361317878e+00
1.254685203234354729e+00
1.267602920532226562e+00
1.266192515691121345e+00
1.264337082703908210e+00
1.264864802360534668e+00
1.266387899716695076e+00
1.268824815750122070e+00
1.273581643899281746e+00
1.270524621009826660e+00
1.273463447888692146e+00
1.284981171290079827e+00
1.286972721417744880e+00
1.283392906188964844e+00
1.281872987747192383e+00
1.279137571652730232e+00
1.288509607315063477e+00
1.288120309511820549e+00
1.288349866867065430e+00
1.292252739270528084e+00
1.293218851089477539e+00
1.300320704778035408e+00
1.300117651621500725e+00
1.305028438568115234e+00
1.311658938725789314e+00
1.308356761932373047e+00
1.301571687062581306e+00
1.307531833648681641e+00
1.312258243560791016e+00
1.310688257217407227e+00
1.317019502321879143e+00
1.322686751683552986e+00
1.329616427421569824e+00
1.329248428344726562e+00
1.335068464279174805e+00
1.326805154482523674e+00
1.320292472839355469e+00
1.314946174621582031e+00
1.324624021848042732e+00
1.328696648279825920e+00
1.329757054646809822e+00
1.338978648185729980e+00
1.338938275973002190e+00
1.338490525881449456e+00
1.347508390744527107e+00
1.347351392110188728e+00
1.336172183354695564e+00
1.336795886357625252e+00
1.345646818478902107e+00
1.353846470514933342e+00
1.350606282552083259e+00
1.340460419654846191e+00
1.351211905479431152e+00
1.350940545399983650e+00
1.358470479647318596e+00
1.366913358370463127e+00
1.367630958557128906e+00
1.366896947224934822e+00
1.363231420516967773e+00
1.354355613390604729e+00
1.363459507624308342e+00
1.359910567601521736e+00
1.362879832585652595e+00
1.372284770011901855e+00
1.365944226582844978e+00
1.367493430773417229e+00
1.362808108329772949e+00
1.368558565775553459e+00
1.371097008387247795e+00
1.374495585759480720e+00
1.377887725830078125e+00
1.381453315416971916e+00
1.384584744771321541e+00
1.376524845759073967e+00
1.383852163950602288e+00
1.386428395907084221e+00
1.388394753138224358e+00
1.388886292775471931e+00
1.379614353179931641e+00
1.389358758926391602e+00
1.393910408020019531e+00
1.398192723592122322e+00
1.390954613685607910e+00
1.388654788335164314e+00
1.392330964406331306e+00
1.389433821042378669e+00
1.389303525288899666e+00
1.397856394449869866e+00
1.409325917561848884e+00
1.409140666325886970e+00
1.401714642842610603e+00
1.404295245806376213e+00
1.406766732533772712e+00
1.406607111295064216e+00
1.401604096094767327e+00
1.402805368105570549e+00
1.413000583648681641e+00
1.416361331939697266e+00
1.413246273994445801e+00
1.413882692654927498e+00
1.423140486081441169e+00
1.414558649063110352e+00
1.419398387273152595e+00
1.425016045570373535e+00
1.424786170323689705e+00
1.422994136810302734e+00
1.433013399442036873e+00
1.430007855097452873e+00
1.430291493733723884e+00
1.420633991559346443e+00
1.423408706982930427e+00
1.428837140401204353e+00
1.431132674217224121e+00
1.428365389506022209e+00
1.433506409327189202e+00
1.437709689140319824e+00
1.425291061401367188e+00
1.428855975468953377e+00
1.426179091135660881e+00
1.444712678591410393e+00
1.445528109868367439e+00
1.439849734306335449e+00
1.449584523836771721e+00
1.447195053100585938e+00
1.443667173385620117e+00
1.442245086034138923e+00
1.447118719418843513e+00
1.448848565419514900e+00
1.444052775700886970e+00
1.445955038070678711e+00
1.451444347699483162e+00
1.458269794782002693e+00
1.460236827532450432e+00
1.453768809636433845e+00
1.452729662259419685e+00
1.452120979626973396e+00
1.459849993387858147e+00
1.463805516560872322e+00
1.471507231394449944e+00
1.466826796531677246e+00
1.463028669357299805e+00
1.464527289072672600e+00
1.465326388676961189e+00
1.461840271949768066e+00
1.463172356287638420e+00
1.468747019767761230e+00
1.473930835723876953e+00
1.477107246716817146e+00
1.470736185709635491e+00
1.476621707280476814e+00
1.474504152933756584e+00
1.485653400421142578e+00
1.477012038230895996e+00
1.494451642036437988e+00
1.487668434778849358e+00
1.482774853706359863e+00
1.487508138020833259e+00
1.484940012296040779e+00
1.486559788386027092e+00
1.489737431208292717e+00
1.487807313601176018e+00
1.493926604588826423e+00
1.492444833119710212e+00
1.489573160807291741e+00
1.488922158877054924e+00
1.482671817143758064e+00
1.490983764330546135e+00
1.483245849609375000e+00
1.489710410435994392e+00
1.497812589009602791e+00
1.499065836270650154e+00
1.501254439353942871e+00
1.491986831029256111e+00
1.492984970410664802e+00
1.498820940653483147e+00
1.500648379325866699e+00
1.509123682975769043e+00
1.509371121724446541e+00
1.503291805585225349e+00
1.502459367116292244e+00
1.507412513097127205e+00
1.502814690272013420e+00
1.507881402969360352e+00
1.502229928970336914e+00
1.513233780860900879e+00
1.500897089640299553e+00
1.497953057289123535e+00
1.503847638765970940e+00
1.517051617304484123e+00
1.517147858937581306e+00
1.517253200213114495e+00
1.513195474942525154e+00
1.519290328025817871e+00
1.508998791376749748e+00
1.512234091758728027e+00
1.521631518999735588e+00
1.520410974820454841e+00
1.516175270080566406e+00
1.514832059542338127e+00
1.523365179697672600e+00
1.530124306678771973e+00
1.519120216369628906e+00
1.521594762802124023e+00
1.518273989359537834e+00
1.525884191195170159e+00
1.531841794649760002e+00
1.524308244387308831e+00
1.523077805836995369e+00
1.521599491437276130e+00
1.534635384877522712e+00
1.525317986806233650e+00
1.525483489036560059e+00
1.529180963834126716e+00
1.537105917930603027e+00
1.540714661280314202e+00
1.534987926483154297e+00
1.533247192700703865e+00
1.533857862154642815e+00
1.529110590616862053e+00
1.529825290044148689e+00
1.531537532806396484e+00
1.538557807604471916e+00
1.536101380983988518e+00
1.534855445226033455e+00
1.541199723879496331e+00
1.539374748865763420e+00
1.543817440668741936e+00
1.541767438252766853e+00
1.543643474578857422e+00
1.546787977218627930e+00
1.549518505732218498e+00
1.543088555335998535e+00
1.540522495905558342e+00
1.552815039952595955e+00
1.558094501495361328e+00
1.549210111300150627e+00
1.561098496119181389e+00
1.554593165715535408e+00
1.554120818773905510e+00
1.553839604059855217e+00
1.561127583185831780e+00
1.553254723548889160e+00
1.562993764877319336e+00
1.565642436345418220e+00
1.559150099754333496e+00
1.567820429801940918e+00
1.560023069381713867e+00
1.558247566223144531e+00
1.558574080467224121e+00
1.555917263031005859e+00
1.565558592478434319e+00
1.569332003593444824e+00
1.564773321151733398e+00
1.561749815940856934e+00
1.574561158816019768e+00
1.573193152745564705e+00
1.569192210833231682e+00
1.562069614728291755e+00
1.572569608688354492e+00
1.569309155146280998e+00
1.572313427925109863e+00
1.571946899096171135e+00
1.570063948631286621e+00
1.582090059916178459e+00
1.591325362523396736e+00
1.590975244839986091e+00
1.583662470181782966e+00
1.579501628875732422e+00
1.573930422465006584e+00
1.580763618151346916e+00
1.582051396369934082e+00
1.580338597297668457e+00
1.587538202603657966e+00
1.586067875226338630e+00
1.582158009211222405e+00
1.589361786842346191e+00
1.590654532114664788e+00
1.587368210156758552e+00
1.593775590260823494e+00
1.587255636850992913e+00
1.587074875831604004e+00
1.588374257087707520e+00
1.597412188847859627e+00
1.600743214289347405e+00
1.597711443901062012e+00
1.590044856071472168e+00
1.592268387476603264e+00
1.588504632314046150e+00
1.596161683400471931e+00
1.600158651669820076e+00
1.610106587409973145e+00
1.600868980089823479e+00
1.608086705207824707e+00
1.608472983042399163e+00
1.605562369028727288e+00
1.601992170015970940e+00
1.594253778457641602e+00
1.596758405367533440e+00
1.605227907498677498e+00
1.602187991142272949e+00
1.612621386845906502e+00
1.608439604441324944e+00
1.611814657847086663e+00
1.598925948143005371e+00
1.603322148323059082e+00
1.602932294209798103e+00
1.608573794364929199e+00
1.605110406875610352e+00
1.611623962720235115e+00
1.617547432581583733e+00
1.605043093363444084e+00
1.604823907216389900e+00
1.603433887163798088e+00
1.603605548540751213e+00
1.601011594136555916e+00
1.600861072540283203e+00
1.615606427192687988e+00
1.618357022603352791e+00
1.620744705200195312e+00
1.620102961858113533e+00
1.619411349296569824e+00
1.623453458150227791e+00
1.618722677230834961e+00
1.615669806798299080e+00
1.617374539375305176e+00
1.621534546216328865e+00
1.615831613540649414e+00
1.626535097757975334e+00
1.626481175422668457e+00
1.637789924939473396e+00
1.627187848091125488e+00
1.631701231002807617e+00
1.623267094294230217e+00
1.625277042388916016e+00
1.626109997431437248e+00
1.633005897204081291e+00
1.626893877983093262e+00
1.627225240071614509e+00
1.627379735310872322e+00
1.629966298739115471e+00
1.636669754981994629e+00
1.641723791758219475e+00
1.633679946263631111e+00
1.637714544932047600e+00
1.639266570409138923e+00
1.627939939498901367e+00
1.642792661984761482e+00
1.648210684458414788e+00
1.645498394966125488e+00
1.648713350296020508e+00
1.641171455383300781e+00
1.644721190134684319e+00
1.648058255513509041e+00
1.643633127212524414e+00
1.658052643140156990e+00
9.591525077819824219e+00
1.629766273498535156e+01
1.474489752451578717e+01
8.472175280253091856e+00
9.688765525817871094e+00
9.152000109354654356e+00
1.061360740661621094e+01
4.602938969930012725e+00
7.409980773925781250e+00
6.280623753865559600e+00
5.421260197957356475e+00
5.018877029418945312e+00
4.800618012746174834e+00
4.600561221440632842e+00
4.444368918736775420e+00
4.328511317571003936e+00
4.169240156809489228e+00
4.105824947357177734e+00
3.971905072530110825e+00
3.846574147542317856e+00
3.754258791605631362e+00
3.682647387186686050e+00
3.567773342132568359e+00
3.472456773122151841e+00
3.367254018783569336e+00
3.321159521738688003e+00
3.246374686559041489e+00
3.156733036041259766e+00
3.081678787867228042e+00
2.989915609359741211e+00
2.894702275594075669e+00
2.829603989919026841e+00
2.761117378870646011e+00
2.720434506734212388e+00
2.706874450047811020e+00
2.635176142056783188e+00
2.522443850835164536e+00
2.481439272562662612e+00
2.430908282597859849e+00
2.392408291498819839e+00
2.349412242571512710e+00
2.313669919967651367e+00
2.254196723302205552e+00
2.236191193262735855e+00
2.198221286137898911e+00
2.143626292546590317e+00
2.125409126281738281e+00
2.059924085934957017e+00
2.026494701703389634e+00
1.994367122650146484e+00
1.967487613360087151e+00
1.964102307955424065e+00
1.920376777648925781e+00
1.890419085820515877e+00
1.864830970764160156e+00
1.823135773340861077e+00
1.810663859049479241e+00
1.793863892555236816e+00
1.774186849594116211e+00
1.745597879091898674e+00
1.686464866002400642e+00
1.710805495580037361e+00
1.695999860763549805e+00
1.643944263458251953e+00
1.642347971598307366e+00
1.585946083068847656e+00
1.568992892901102776e+00
1.562737147013346428e+00
1.552609364191691155e+00
1.519407391548156738e+00
1.500993688901265388e+00
1.548360625902811760e+00
1.570740183194478279e+00
1.570799231529235840e+00
1.609782020250956291e+00
1.596789717674255371e+00
1.581504623095194573e+00
1.558641473452250237e+00
1.518696705500284905e+00
1.495376110076904297e+00
1.462593714396158928e+00
1.447433272997538323e+00
1.425553639729817634e+00
1.405337552229563469e+00
1.399928867816925049e+00
1.382870892683665032e+00
1.369763334592183357e+00
1.350123802820841545e+00
1.349130272865295410e+00
1.335561871528625488e+00
1.330302059650421143e+00
1.316086332003275627e+00
1.305733362833658928e+00
1.274703900019327873e+00
1.273460964361826653e+00
1.285236557324727302e+00
1.283394972483317131e+00
1.260432720184326172e+00
1.258772452672322517e+00
1.249891718228657966e+00
1.240764180819193596e+00
1.238563021024068123e+00
1.238908727963765388e+00
1.228873054186503166e+00
1.221570948759714836e+00
1.214797238508860344e+00
1.202372550964355469e+00
1.192896048227946038e+00
1.193229317665100098e+00
1.185479084650675530e+00
1.179172317186991448e+00
1.175159315268198723e+00
1.173306008179982429e+00
1.168774068355560303e+00
1.154418766498565674e+00
1.161874850591023689e+00
1.152826229731241936e+00
1.150560359160105461e+00
1.142766733964284187e+00
1.132208784421284919e+00
1.127789338429768806e+00
1.122574349244435554e+00
1.130856374899546379e+00
1.121490557988484627e+00
1.112290620803833008e+00
1.102533578872680664e+00
1.108589649200439453e+00
1.100552101929982429e+00
1.099209606647491455e+00
1.093731721242268806e+00
1.095656434694926018e+00
1.095908979574839348e+00
1.078877925872802734e+00
1.089815954367319817e+00
1.086877743403116936e+00
1.068067351977030510e+00
1.071363747119903564e+00
1.078317542870839363e+00
1.077287157376607185e+00
1.065350254376729255e+00
1.063167870044708252e+00
1.061706900596618652e+00
1.058344483375549316e+00
1.053085287412007576e+00
1.049926519393920898e+00
1.051369269688924080e+00
1.044684390226999993e+00
1.042245864868164062e+00
1.043541073799133301e+00
1.020886937777201409e+00
1.032944798469543457e+00
1.028967082500457764e+00
1.009765923023223877e+00
1.013508439064025879e+00
1.007448434829711914e+00
1.001909752686818367e+00
1.001036524772644043e+00
1.011793057123820061e+00
9.919092655181884766e-01
9.976855516433715820e-01
9.953224261601766321e-01
9.932344357172647742e-01
9.930073221524556848e-01
9.873573184013366699e-01
9.844893415768941614e-01
9.940097133318582800e-01
9.722246527671813965e-01
9.703705112139383582e-01
9.648470481236776086e-01
9.830024242401123047e-01
9.658122062683105469e-01
9.640013575553894043e-01
9.671030243237813684e-01
9.593530495961507532e-01
9.618137081464132043e-01
9.617110490798950195e-01
9.584247271219888953e-01
9.591599504152933386e-01
9.515194694201151160e-01
9.411616325378417969e-01
9.358420570691426965e-01
9.418631593386331824e-01
9.309561053911844519e-01
9.381126562754312781e-01
9.230296611785888672e-01
9.220135807991027832e-01
9.224098324775695801e-01
9.083186586697896692e-01
9.160779515902200965e-01
9.310932954152425500e-01
9.187725981076558801e-01
9.196883837381998328e-01
9.225982427597045898e-01
9.072239995002746582e-01
9.044085144996643066e-01
9.083659648895263672e-01
9.174731373786926270e-01
9.262928962707519531e-01
9.091505209604898718e-01
9.009441137313842773e-01
8.956027626991271973e-01
8.861390153566995886e-01
8.995735645294189453e-01
8.968823353449503211e-01
8.971158663431803015e-01
8.947939872741699219e-01
8.910509943962097168e-01
8.809663852055867883e-01
8.825563987096151086e-01
8.756466110547383996e-01
8.790185451507568359e-01
8.794866402943929407e-01
8.785423636436462402e-01
8.723294933636983606e-01
8.770552277565002441e-01
8.777093291282653809e-01
8.568158348401387903e-01
8.562588691711425781e-01
8.503796855608621863e-01
8.583037654558817175e-01
8.556202451388040808e-01
8.719988266626993445e-01
8.671280543009439734e-01
8.444776137669881555e-01
8.549872239430745813e-01
8.555445869763692590e-01
8.480696082115173340e-01
8.461501002311706543e-01
8.480456272761026648e-01
8.430655399958292273e-01
8.406828244527181360e-01
8.381492892901102332e-01
8.372903068860372278e-01
8.429023027420043945e-01
8.226432402928670617e-01
8.223772644996643066e-01
8.249627749125162390e-01
8.292876283327738074e-01
8.275668819745382043e-01
8.301321665445963172e-01
8.178240259488424035e-01
8.265771071116129187e-01
8.290182550748189660e-01
8.298672437667846680e-01
8.263386289278665808e-01
8.147059281667073938e-01
8.125797311464945105e-01
8.229692776997884485e-01
8.156534036000570032e-01
8.192378679911295203e-01
8.001522819201151160e-01
8.179147640864053992e-01
8.129628300666809082e-01
8.154002030690511438e-01
8.076177040735880164e-01
7.942234675089517859e-01
8.071883320808410645e-01
8.059076666831970215e-01
8.046490748723348352e-01
8.015743295351663855e-01
7.889887491861978797e-01
7.908367117245992395e-01
7.880816062291463586e-01
7.915707826614379883e-01
7.928070028622945520e-01
7.865818738937377930e-01
7.901524504025777551e-01
7.835943698883056641e-01
7.765535116195678711e-01
7.844227949778238562e-01
7.789079844951629639e-01
7.706948717435201379e-01
7.632758915424346924e-01
7.645030419031778601e-01
7.666324178377786902e-01
7.882619301478067664e-01
7.705608506997426721e-01
7.687169710795084265e-01
7.721163233121236535e-01
7.802008589108785364e-01
7.664097150166829797e-01
7.635928392410278320e-01
7.597309648990631104e-01
7.753545244534810754e-01
7.729890843232473108e-01
7.599695126215616492e-01
7.572459777196248742e-01
7.695636749267578125e-01
7.733402252197265625e-01
7.596712211767832068e-01
7.531337539354959754e-01
7.522779603799184533e-01
7.579432030518850061e-01
7.554055651028951379e-01
7.550707062085469934e-01
7.580259442329406738e-01
7.472181121508280066e-01
7.464545170466104773e-01
7.550488710403442383e-01
7.469989458719888953e-01
7.453223963578542444e-01
7.433587312698364258e-01
7.430902719497680664e-01
7.415619293848673133e-01
7.451141476631164551e-01
7.432279090086618689e-01
7.504757245381673547e-01
7.412812908490499231e-01
7.400738199551900598e-01
7.415333092212677002e-01
7.397917707761129114e-01
7.446138064066568640e-01
7.421825627485910681e-01
7.385875781377156946e-01
7.346185545126596717e-01
7.317614058653513220e-01
7.409999072551727295e-01
7.428080439567565918e-01
7.330235739549001428e-01
7.432657480239868164e-01
7.383272647857666016e-01
7.358007530371347693e-01
7.303993205229440955e-01
7.332516312599182129e-01
7.504153052965799597e-01
7.209497690200805664e-01
7.224874099095662805e-01
7.339482208093007776e-01
7.424802184104919434e-01
7.370327214399973181e-01
7.273019452889760705e-01
7.248469988505045203e-01
7.206530869007110596e-01
7.236336966355642053e-01
7.229840258757272986e-01
7.133115728696187707e-01
7.256927490234375000e-01
7.218800584475199011e-01
7.416902085145314905e-01
7.237140635649362830e-01
7.180988788604736328e-01
7.143600583076477051e-01
7.209684054056803015e-01
7.110327680905660364e-01
7.083146770795186731e-01
7.111828426520029334e-01
7.056196928024291992e-01
7.148468991120656701e-01
7.176206310590108606e-01
7.105504473050435754e-01
7.067230343818664551e-01
7.131806612014770508e-01
7.099492947260538367e-01
7.007154623667398718e-01
6.896426876386007043e-01
6.965957681337991980e-01
7.078848481178283691e-01
7.077736457188924524e-01
6.972487568855285645e-01
7.016569077968597412e-01
7.026003897190093994e-01
7.104883491992950439e-01
6.977615157763162879e-01
6.894553800423940393e-01
7.054046591122945520e-01
7.093569040298461914e-01
6.994156638781229285e-01
6.898609399795532227e-01
6.945012907187143592e-01
6.980450749397277832e-01
7.009425262610117224e-01
6.986766954263051721e-01
6.975886027018228797e-01
6.899358729521433142e-01
6.915980577468872070e-01
6.899396379788717004e-01
6.966268817583719519e-01
6.899992823600769043e-01
6.938689152399698523e-01
6.838891704877217981e-01
6.914605696996053430e-01
7.068024476369222375e-01
6.976034243901571008e-01
7.022897700468698767e-01
6.858644584814707068e-01
6.875867644945780066e-01
6.932093699773153039e-01
6.897655924161275598e-01
6.867543856302896765e-01
6.879161000251770020e-01
6.907931864261627197e-01
6.794475714365640906e-01
6.905694802602132532e-01
6.856339375178018836e-01
6.816907723744710657e-01
6.844338377316793176e-01
6.875289678573608398e-01
6.805863380432128906e-01
6.805598934491475793e-01
6.881433526674906043e-01
6.807208657264709473e-01
6.866512298583984375e-01
6.826572616895040246e-01
6.836516261100769043e-01
6.990478038787841797e-01
6.767456134160360071e-01
6.576564113299051550e-01
6.850091516971588135e-01
6.837420662244161340e-01
6.759864290555318567e-01
6.545470754305521277e-01
6.490989526112874719e-01
6.825265487035115930e-01
6.746335228284200403e-01
6.797033449014028283e-01
6.834542055924733850e-01
6.689743002255758020e-01
6.777691245079040527e-01
6.737928589185079309e-01
6.616908311843872070e-01
6.572635968526204797e-01
6.593589385350545617e-01
6.462207237879434851e-01
6.559833089510599402e-01
6.481240987777709961e-01
6.507767041524251672e-01
6.415989796320596961e-01
6.414090196291605261e-01
6.470172802607218054e-01
6.402771671613057825e-01
6.371042529741922644e-01
6.217221816380819055e-01
6.222686866919199256e-01
6.587511897087097168e-01
6.461877326170603064e-01
6.483851075172424316e-01
6.749150554339090613e-01
6.685443222522735596e-01
6.619567175706227991e-01
6.702515979607900354e-01
6.561180353164672852e-01
6.436612208684285852e-01
6.474948326746622351e-01
6.461270153522491455e-01
6.332266430060068396e-01
6.378487547238668176e-01
6.077355146408081055e-01
6.327899098396301270e-01
6.488869388898214075e-01
6.414315303166707727e-01
6.284055511156717566e-01
6.227475404739379883e-01
6.370830933252970008e-01
6.278877755006154748e-01
6.327684422334035608e-01
6.049328247706095008e-01
5.995894670486450195e-01
6.327810486157735559e-01
6.039470334847768518e-01
6.381868720054626465e-01
6.240278979142507287e-01
6.184249122937520715e-01
6.100188990434011194e-01
6.557138959566751746e-01
6.244037548700968054e-01
6.249255041281381873e-01
6.439207196235656738e-01
6.392961939175924035e-01
6.297134757041931152e-01
6.490764021873474121e-01
6.506106058756510047e-01
6.488049427668253211e-01
6.603916982809702185e-01
6.584913929303487512e-01
6.308826804161071777e-01
6.597459812959035608e-01
6.451315184434255334e-01
6.247706015904744836e-01
6.244083046913146973e-01
6.386789679527282715e-01
6.106657981872558594e-01
6.226469775040944787e-01
6.089649399121602746e-01
6.080610354741414758e-01
6.108143528302510950e-01
6.199869712193807336e-01
5.854128698507944373e-01
6.026988625526428223e-01
6.008295615514119836e-01
6.263638734817504883e-01
5.998180309931436804e-01
5.988860130310058594e-01
6.018825769424438477e-01
5.995230674743652344e-01
5.954766174157460901e-01
6.068330605824788782e-01
5.784271558125814172e-01
5.901382366816202429e-01
5.979008078575134277e-01
6.637005905310312537e-01
6.842593153317769739e-01
6.593984564145406457e-01
6.327572663625081750e-01
6.404538154602050781e-01
6.208575864632924768e-01
6.271402935187021521e-01
6.250534454981485633e-01
6.219004392623901367e-01
6.372615098953247070e-01
6.125863393147786828e-01
6.288735270500183105e-01
6.278789242108663293e-01
6.221046050389608117e-01
6.249197125434875488e-01
6.382614771525064734e-01
6.141053636868795129e-01
6.091614365577697754e-01
6.192694604396820068e-01
6.024844249089559289e-01
5.998208920160928992e-01
6.142169634501138953e-01
6.224911411603292200e-01
6.093433300654093054e-01
6.006832023461660119e-01
6.144648691018422815e-01
6.144846677780151367e-01
6.072481075922647742e-01
5.957000354925791052e-01
5.943132042884826660e-01
6.036838392416635779e-01
6.073865691820780066e-01
5.879870951175689697e-01
6.043696204821268347e-01
5.871027906735738489e-01
6.031256715456644324e-01
5.885914961496988562e-01
6.019235849380493164e-01
5.833701491355895996e-01
5.980255305767059326e-01
5.896338919798532752e-01
5.930409232775369910e-01
6.112518211205800744e-01
6.075845559438070032e-01
5.880872209866842004e-01
6.280114650726318359e-01
6.235704421997070312e-01
6.421486039956411096e-01
6.452332536379495886e-01
6.024840573469797400e-01
6.196756362915039062e-01
6.192533671855926514e-01
6.025026639302571985e-01
6.168515682220458984e-01
6.130082507928212854e-01
6.273677746454874304e-01
6.457789242267608643e-01
6.375096738338470459e-01
5.965368946393331262e-01
6.097535888353983191e-01
5.916007955869039270e-01
5.947905480861663818e-01
5.937307476997375488e-01
5.856149991353353235e-01
5.988525549570719031e-01
5.911851425965627405e-01
5.910458366076151160e-01
6.111813485622406006e-01
5.912310282389322547e-01
6.181315978368123742e-01
6.042557358741760254e-01
6.088704963525136682e-01
6.014861166477203369e-01
5.996297299861907959e-01
6.185895601908365515e-01
5.919903715451558801e-01
6.000753045082092285e-01
6.029826005299886438e-01
5.976777076721191406e-01
6.042118966579437256e-01
5.921698908011118201e-01
6.278502941131591797e-01
6.012602249781290320e-01
6.086809039115905762e-01
6.130323012669881555e-01
6.079350709915161133e-01
6.172771354516347619e-01
5.975866913795471191e-01
6.091516812642415735e-01
6.208073695500692102e-01
6.055103838443756104e-01
6.106285949548085901e-01
6.024075150489807129e-01
6.136759618918100623e-01
6.094345251719156531e-01
6.232707897822061804e-01
6.101712286472320557e-01
6.021780371665954590e-01
5.915967424710592004e-01
6.067951520284017297e-01
6.349740227063497278e-01
5.966773529847463342e-01
6.487096448739370080e-01
6.000712017218271521e-01
6.185844540596008301e-01
6.167951623598734168e-01
5.965074499448140832e-01
6.276154716809591028e-01
3.248752593994140625e+00
1.201579984029134174e+01
1.420645491282145123e+01
4.336399952570597627e+00
2.349961400032043457e+00
2.243530273437500000e+00
2.481724898020426284e+00
2.390062650044759263e+00
2.588725884755452622e+00
2.391002178192138672e+00
1.868855794270833259e+00
2.015963872273763169e+00
2.877349456151326645e+00
2.627453088760375977e+00
2.538686911265055191e+00
2.509905497233072769e+00
2.455132325490315903e+00
2.380119562149047852e+00
2.352596680323282730e+00
2.328872283299764145e+00
2.311475833257039536e+00
2.205552220344543457e+00
2.193076252937316895e+00
2.200074990590413559e+00
2.163350661595662583e+00
2.082021872202555191e+00
2.118992726008097183e+00
2.011167367299397934e+00
2.010925054550170898e+00
1.957146684328715081e+00
1.923642237981160408e+00
1.981562376022338867e+00
1.978334824244181389e+00
1.879607359568278069e+00
1.847040017445882087e+00
1.833188613255818611e+00
1.822383880615234375e+00
1.797354141871134514e+00
1.748836914698282952e+00
1.791011651357014900e+00
1.749261935551961189e+00
1.692782521247863770e+00
1.668881654739379883e+00
1.661530415217081780e+00
1.674689531326293945e+00
1.697019855181376213e+00
1.612128337224324470e+00
1.601992845535278320e+00
1.579539259274800544e+00
1.600415746370951409e+00
1.602497180302937752e+00
1.560604333877563477e+00
1.556063095728556389e+00
1.548751672108968025e+00
1.531508247057596916e+00
1.525650819142659431e+00
1.515466769536336189e+00
1.505536953608195061e+00
1.497904102007548088e+00
1.508939703305562263e+00
1.502982338269551521e+00
1.496808052062988281e+00
1.489254872004191155e+00
1.479425986607869392e+00
1.485350171724955315e+00
1.469870249430338616e+00
1.472575306892395020e+00
1.459366361300150627e+00
1.460194746653239006e+00
1.450748920440673828e+00
1.439866940180460686e+00
1.426205317179362053e+00
1.432415088017781502e+00
1.447048823038737053e+00
1.442750414212544685e+00
1.429741859436035156e+00
1.426350990931193108e+00
1.429818471272786384e+00
1.431264082590739006e+00
1.416057864824930901e+00
1.407676458358764648e+00
1.411651770273844475e+00
1.418524821599324470e+00
1.401764035224914551e+00
1.399029374122619629e+00
1.399117151896158928e+00
1.401764392852783203e+00
1.394356369972229004e+00
1.371755123138427734e+00
1.376395901044209724e+00
1.381543993949890137e+00
1.360963463783264160e+00
1.357430100440979004e+00
1.366036852200825935e+00
1.362203319867451912e+00
1.351526776949564690e+00
1.363512277603149414e+00
1.361544966697692871e+00
1.345896164576212639e+00
1.340257366498311287e+00
1.341963847478230720e+00
1.346195220947265625e+00
1.330785512924194336e+00
1.334977626800537109e+00
1.331029216448466057e+00
1.335290789604187012e+00
1.313768903414408440e+00
1.336143930753072029e+00
1.337199052174885994e+00
1.333321372667948479e+00
1.310041149457295662e+00
1.308232863744099861e+00
1.321077664693196541e+00
1.314345836639404297e+00
1.303226033846537346e+00
1.294346491495768303e+00
1.287294665972391838e+00
1.291936039924621582e+00
1.288360079129536873e+00
1.270705262819926018e+00
1.280210574467976814e+00
1.287080407142639160e+00
1.277680675188700432e+00
1.274138728777567620e+00
1.294360121091206794e+00
1.276303807894388909e+00
1.267218907674153572e+00
1.272819519042968750e+00
1.265838185946146721e+00
1.271955490112304688e+00
1.281240820884704590e+00
1.271159211794535393e+00
1.254440943400065178e+00
1.263624350229899163e+00
1.259140809377034431e+00
1.254403988520304436e+00
1.251507838567097908e+00
1.247896194458007812e+00
1.253175298372904534e+00
1.247791608174641853e+00
1.248262087504069084e+00
1.236963331699371338e+00
1.234935243924458748e+00
1.232031067212422615e+00
1.232391436894734627e+00
1.231838305791219002e+00
1.231206218401591057e+00
1.237085302670796638e+00
1.230789820353190178e+00
1.235479434331258064e+00
1.219510316848754883e+00
1.225152472654978508e+00
1.213752468427022224e+00
1.208786169687906975e+00
1.211259722709655762e+00
1.220026532808939690e+00
1.207688291867573982e+00
1.208372553189595466e+00
1.206624945004781013e+00
1.200384120146433586e+00
1.203363736470540291e+00
1.203173637390136719e+00
1.203029672304789299e+00
1.193611641724904304e+00
1.191311677296956306e+00
1.191905240217844719e+00
1.183157920837402344e+00
1.175419648488362556e+00
1.178662896156311035e+00
1.186468561490376716e+00
1.191283305486043220e+00
1.180771589279174805e+00
1.181888341903686523e+00
1.173800567785898918e+00
1.177359402179718018e+00
1.171921332677205330e+00
1.164304812749226814e+00
1.172705233097076416e+00
1.164739847183227539e+00
1.163710673650105720e+00
1.169486939907073975e+00
1.156035423278808594e+00
1.147223432858784919e+00
1.150910496711730957e+00
1.140981554985046387e+00
1.145237445831298828e+00
1.143329699834187752e+00
1.147074858347574944e+00
1.140470345815022712e+00
1.153647879759470696e+00
1.138481895128885979e+00
1.136196851730346680e+00
1.142137924830118889e+00
1.150942941506703621e+00
1.136165042718251472e+00
1.126572906970977783e+00
1.136983474095662361e+00
1.127733310063679939e+00
1.127140959103902107e+00
1.128133455912272209e+00
1.123684922854105706e+00
1.129804690678914314e+00
1.121764262517293220e+00
1.126005411148071289e+00
1.115639865398406982e+00
1.123217165470123291e+00
1.117408593495686775e+00
1.126162370045979744e+00
1.117473880449930901e+00
1.120006879170735603e+00
1.112480521202087402e+00
1.111996452013651604e+00
1.119374493757883782e+00
1.106059193611145020e+00
1.098899483680725098e+00
1.112312475840250725e+00
1.098912517229716057e+00
1.090749859809875488e+00
1.096992770830790276e+00
1.102768003940582275e+00
1.109573006629943848e+00
1.083237290382385254e+00
1.103449662526448494e+00
1.098011096318562752e+00
1.090809106826782227e+00
1.101694881916046143e+00
1.090346197287241692e+00
1.091663102308909172e+00
1.087249040603637695e+00
1.080607136090596443e+00
1.080600202083587646e+00
1.082806507746378655e+00
1.077754676342010498e+00
1.097443064053853279e+00
1.084600190321604485e+00
1.087076326211293464e+00
1.094537059466044182e+00
1.070037563641865974e+00
1.073757529258728027e+00
1.066578010718027825e+00
1.065927088260650635e+00
1.076617240905761719e+00
1.066505094369252449e+00
1.060979863007863289e+00
1.077888369560241699e+00
1.078122874101002937e+00
1.061298926671345955e+00
1.063141306241353279e+00
1.062161326408386230e+00
1.057752688725789314e+00
1.073541601498921638e+00
1.057156046231587654e+00
1.058174649874369377e+00
1.057004312674204582e+00
1.047523160775502449e+00
1.041231870651245117e+00
1.047083338101704841e+00
1.058753649393717522e+00
1.055938263734181648e+00
1.052139619986216301e+00
1.053268551826477051e+00
1.047943194707234627e+00
1.057209889094034905e+00
1.033844033877054924e+00
1.035515308380126953e+00
1.040330231189727783e+00
1.031498094399770027e+00
1.033384005228678459e+00
1.041682720184326172e+00
1.040276408195495605e+00
1.032556593418121338e+00
1.026062667369842529e+00
1.039518455664316887e+00
1.038708686828613281e+00
1.029867966969807869e+00
1.026257534821828132e+00
1.026062985261281257e+00
1.021078566710154290e+00
1.022173841794331794e+00
1.032106796900431389e+00
1.020686844984690422e+00
1.031320671240488762e+00
1.025190393129984612e+00
1.015613834063212151e+00
1.019144912560780769e+00
1.014063080151875740e+00
1.027777334054311043e+00
1.008447209993998284e+00
1.020917395750681633e+00
1.016739130020141602e+00
1.013328035672505623e+00
1.006121297677357918e+00
1.012377997239430671e+00
9.990011850992838172e-01
9.913317362467447547e-01
1.004165649414062500e+00
9.910988012949625281e-01
9.750324885050455359e-01
9.582277735074361535e-01
9.800499081611633301e-01
1.009696940581003899e+00
9.896428187688192102e-01
9.913098414738973352e-01
9.846808115641275672e-01
9.733222723007202148e-01
9.867256283760070801e-01
9.768139521280924109e-01
9.810288349787393836e-01
9.863888223965963098e-01
9.904151757558187219e-01
9.830070535341898230e-01
9.956503907839456824e-01
9.893583854039510461e-01
9.792296489079793664e-01
9.820892413457235071e-01
9.945267240206400183e-01
9.746021827061971399e-01
9.765082399050394324e-01
9.710561633110046387e-01
9.725150068600972864e-01
9.698788324991861609e-01
9.381842613220214844e-01
9.524994691212972375e-01
9.131133556365966797e-01
9.344844420750936242e-01
9.332658648490905762e-01
9.718002080917358398e-01
9.590903321901956824e-01
9.636926651000976562e-01
9.602772792180379602e-01
9.618612130482991907e-01
9.520860711733499793e-01
9.406444430351257324e-01
9.162694811820983887e-01
9.195650418599446985e-01
9.207792480786641809e-01
9.501550793647766113e-01
9.128604531288146973e-01
9.325274626413980750e-01
9.309044877688089636e-01
9.481878081957498816e-01
9.414556423823038367e-01
9.339129726092020300e-01
9.325208663940429688e-01
9.261405865351358679e-01
9.328515132268270227e-01
8.973448673884073523e-01
8.804943958918253211e-01
8.902894655863443640e-01
9.167360067367553711e-01
9.365868568420410156e-01
9.200482567151387903e-01
8.781253298123677942e-01
8.906471331914266321e-01
9.193640152613321570e-01
9.202601114908853797e-01
9.084466695785522461e-01
8.753124078114827844e-01
8.762156963348388672e-01
8.843623995780944824e-01
8.867697715759277344e-01
9.075739582379659387e-01
9.010192354520162317e-01
8.887842694918314246e-01
9.217715660730997351e-01
8.921140829722086218e-01
8.842723568280538293e-01
8.775090177853902551e-01
8.682848215103149414e-01
8.594702283541361121e-01
8.796500960985819129e-01
8.772291739781697961e-01
8.628091812133789062e-01
8.608348568280538293e-01
8.577542304992675781e-01
8.704286813735961914e-01
8.615833322207132605e-01
8.534527222315470008e-01
8.561948339144388465e-01
8.494268059730529785e-01
8.639438549677530554e-01
8.604647517204284668e-01
8.520822525024414062e-01
8.520751396814981726e-01
8.623621463775634766e-01
8.471002777417501184e-01
8.450040419896444055e-01
8.485319018363952637e-01
8.413966894149780273e-01
8.303827047348022461e-01
8.488999207814534875e-01
8.424845536549886438e-01
8.365577459335327148e-01
8.357490102450052527e-01
8.340787887573242188e-01
8.311510880788167688e-01
8.371364672978719446e-01
8.347757856051126746e-01
8.327179352442423133e-01
8.645249207814534875e-01
8.406301140785217285e-01
8.275758425394693640e-01
8.347781499226888391e-01
8.614289363225301477e-01
8.248100082079569129e-01
8.463981350262960168e-01
8.326293031374613074e-01
8.326734503110250207e-01
8.333197236061096191e-01
8.310946226119995117e-01
8.664442698160806922e-01
8.273026943206787109e-01
8.230443994204202918e-01
8.327655394872029992e-01
8.477507233619689941e-01
8.261027733484903601e-01
8.348441322644551965e-01
8.332256873448690149e-01
8.315728505452474328e-01
8.120804627736409875e-01
8.283286690711975098e-01
8.277672727902730676e-01
8.182734648386637000e-01
8.360865910847982141e-01
8.425538142522176477e-01
8.250915606816610071e-01
8.305636644363403320e-01
8.106247981389363977e-01
8.452438513437906531e-01
8.239425420761108398e-01
8.198699951171875000e-01
8.275071978569030762e-01
8.274768392244974402e-01
8.158934116363525391e-01
8.165581623713175086e-01
8.195322751998901367e-01
8.160990476608276367e-01
8.051316340764363977e-01
8.097181320190429688e-01
8.143023252487182617e-01
8.189879655838012695e-01
8.223157525062561035e-01
8.110178709030151367e-01
8.081613580385843543e-01
8.177728454271951941e-01
8.113799492518106726e-01
8.094205458958944055e-01
8.166779081026712683e-01
8.144641915957132605e-01
8.067130645116170617e-01
8.123462597529093054e-01
8.105050722757974890e-01
8.158767620722452429e-01
8.025612036387125281e-01
8.068487048149108887e-01
8.201504151026407508e-01
8.128346006075540808e-01
8.076687256495157508e-01
8.059357404708862305e-01
8.140911658604940149e-01
8.013720909754434851e-01
8.076552351315816614e-01
7.953996658325195312e-01
8.100748260815938684e-01
8.137854337692260742e-01
7.910931905110677453e-01
7.983918388684591028e-01
7.981695334116617468e-01
7.999768654505411414e-01
7.957681020100911828e-01
8.068208297093709680e-01
8.078900575637817383e-01
7.995073000590006140e-01
8.049819469451904297e-01
7.941700021425882605e-01
7.976594368616739539e-01
8.038371404012044641e-01
7.889275550842285156e-01
7.905571460723876953e-01
7.916592955589294434e-01
8.010606169700622559e-01
7.886296709378560754e-01
7.840691010157266883e-01
7.927493453025817871e-01
7.842276891072591516e-01
7.983353137969970703e-01
8.022093772888183594e-01
8.025468587875366211e-01
7.933122118314107629e-01
7.991131742795308801e-01
7.972999612490335730e-01
8.029892841974893836e-01
7.939138015111287805e-01
8.020708362261453894e-01
7.935423453648885461e-01
8.096709450085958215e-01
7.936700185139974328e-01
8.055524230003356934e-01
7.912337779998779297e-01
7.917706966400146484e-01
7.875331838925679895e-01
7.923030654589334754e-01
8.068757454554239539e-01
7.923029263814290735e-01
7.938463886578878137e-01
7.937873005867004395e-01
7.907254695892333984e-01
7.936863104502359656e-01
7.923750877380371094e-01
8.000025749206542969e-01
7.898024519284566614e-01
7.793899178504943848e-01
7.856492598851522180e-01
7.882221539815267297e-01
8.172279198964437219e-01
7.894822756449381140e-01
7.981432278951009485e-01
7.891461253166198730e-01
7.983287175496419641e-01
7.891087730725606653e-01
8.065730532010396692e-01
7.822218139966329309e-01
7.835188706715902063e-01
7.858166694641113281e-01
7.890144586563110352e-01
7.805459896723428992e-01
7.893058856328328821e-01
7.877804835637410852e-01
7.874270081520080566e-01
7.828113635381063196e-01
7.855667869249979285e-01
7.927413781483968469e-01
7.806980808575948450e-01
7.840703328450521203e-01
7.785855929056803015e-01
7.881961663564046594e-01
7.810349067052205774e-01
7.791856726010640832e-01
7.814763585726419715e-01
7.785814404487609863e-01
7.910783489545186731e-01
7.820138732592264441e-01
7.851896484692891809e-01
7.869372367858886719e-01
7.737247149149576453e-01
7.808584570884704590e-01
7.729119261105855676e-01
7.770647009213765832e-01
7.780526479085286828e-01
7.863696018854776648e-01
7.701845566431680945e-01
7.963468829790750769e-01
7.745511929194132117e-01
7.672964731852213172e-01
7.770752708117166785e-01
7.745461066563924524e-01
7.819072405497232703e-01
7.631644209225972864e-01
7.831227978070577356e-01
7.718207637468973425e-01
7.766012152036031457e-01
7.555527091026306152e-01
7.623077233632405969e-01
7.673692703247070312e-01
7.698629299799600867e-01
7.644867897033691406e-01
7.792767286300659180e-01
7.638816634813944129e-01
7.730425993601480750e-01
7.643074591954549524e-01
7.550324002901712683e-01
7.649095257123311731e-01
7.706310947736104700e-01
7.621561288833618164e-01
7.582154870033264160e-01
7.611044446627298621e-01
7.563723524411519739e-01
7.539841135342916223e-01
7.616649667421976355e-01
7.589573860168457031e-01
7.682285308837890625e-01
7.629948059717813758e-01
7.665613492329915735e-01
7.715465625127156946e-01
7.648452123006185266e-01
7.613446513811746863e-01
7.652958432833353308e-01
7.555707891782125207e-01
7.549475431442260742e-01
7.499754428863525391e-01
7.634338140487670898e-01
7.688615719477335242e-01
7.606384555498758582e-01
7.570728460947672156e-01
7.598010698954263953e-01
7.693932851155599328e-01
7.629062136014302942e-01
7.483956217765808105e-01
7.530992825826009485e-01
7.457898060480753211e-01
7.534812092781066895e-01
7.435350815455118445e-01
7.557628949483236047e-01
7.491109768549600867e-01
7.411595582962036133e-01
7.582417726516723633e-01
7.541651328404744836e-01
7.625412146250406531e-01
7.531963984171549109e-01
7.482906381289163855e-01
7.432427604993184778e-01
1.895556489626566643e+00
1.514550248781840081e+00
1.193413098653157478e+00
1.067861636479695564e+00
1.040641566117604500e+00
9.881891806920369836e-01
9.781966408093770715e-01
9.424374500910440711e-01
9.081841508547464636e-01
8.997147679328918457e-01
8.684276342391967773e-01
8.633166352907816199e-01
8.793477813402811316e-01
8.524084091186523438e-01
8.504287997881571082e-01
8.411170840263366699e-01
8.186566432317098352e-01
8.196321328481038782e-01
8.270885745684305457e-01
8.370606501897176477e-01
8.265264630317687988e-01
8.158778150876363489e-01
8.042464653650919226e-01
8.108171820640563965e-01
7.916803161303201941e-01
7.832446297009786340e-01
7.849504748980203894e-01
7.786450386047363281e-01
7.847046256065368652e-01
7.908754746119180945e-01
7.827853560447692871e-01
7.870092193285623816e-01
7.836420933405557898e-01
7.769537170728048059e-01
7.800966103871663782e-01
7.835158507029215125e-01
7.703290383021036414e-01
7.803741892178853723e-01
7.792761723200479773e-01
7.809981703758239746e-01
7.717106739679971961e-01
7.891337672869364050e-01
7.681443889935811731e-01
7.759220997492471961e-01
7.668155630429586145e-01
7.653844753901163367e-01
7.718121409416198730e-01
7.694043119748433801e-01
7.673656145731607703e-01
7.568436463673909875e-01
7.652117609977722168e-01
7.555475831031799316e-01
7.612370252609252930e-01
7.657196323076883582e-01
7.669565081596374512e-01
7.633542219797769812e-01
7.678743203481038782e-01
7.694017092386881140e-01
7.668395837148030969e-01
7.578066587448120117e-01
7.654873927434285852e-01
7.636301517486572266e-01
7.562082012494405481e-01
7.558950781822204590e-01
7.543148398399353027e-01
7.484206755956014367e-01
7.592136263847351074e-01
7.585141857465108606e-01
7.651470104853311804e-01
7.635640303293863562e-01
7.610042293866475793e-01
7.610303362210592004e-01
7.545737226804097864e-01
7.594415346781412390e-01
7.616051435470581055e-01
7.502089142799377441e-01
7.549565434455871582e-01
7.563652594884237024e-01
7.586746215820312500e-01
7.560150822003682825e-01
7.645956675211588172e-01
7.631477316220601770e-01
7.445474068323770789e-01
7.474142511685689660e-01
7.543288866678873328e-01
7.609992225964864465e-01
7.512681086858113977e-01
7.458326419194539758e-01
7.609447240829467773e-01
7.675110896428426477e-01
7.444118261337280273e-01
7.473210692405700684e-01
7.501361370086669922e-01
7.446788748105367395e-01
7.523184617360433313e-01
7.437131802241007117e-01
7.544403870900472375e-01
7.549815773963928223e-01
7.472822268803914758e-01
7.562370300292968750e-01
7.590745488802591590e-01
7.464196284612020227e-01
7.454158067703247070e-01
7.476354042689005164e-01
7.459311485290527344e-01
7.419217824935913086e-01
7.512571612993875769e-01
7.611321012179056433e-01
7.390356262524923059e-01
7.429690162340799597e-01
7.447302540143331262e-01
7.496185700098673133e-01
7.576211293538411828e-01
7.605287035306295129e-01
7.577809492746988562e-01
7.606811523437500000e-01
7.648200591405233117e-01
7.460110386212667200e-01
7.403119206428527832e-01
7.552417318026224402e-01
7.406559387842813758e-01
7.499318321545919153e-01
7.594323158264160156e-01
7.593449751536051062e-01
7.403260270754495886e-01
7.419587969779968262e-01
7.494226495424906043e-01
7.546971241633096961e-01
7.592453161875406531e-01
7.630096475283304480e-01
7.588705619176229211e-01
7.523672580718994141e-01
7.584031025568643836e-01
7.423957784970601770e-01
7.495424151420593262e-01
7.482338746388753625e-01
7.461238702138265344e-01
7.399051189422607422e-01
7.398623029390970496e-01
7.484459877014160156e-01
7.400900324185689660e-01
7.621807654698690149e-01
7.598829865455627441e-01
7.692170937856038782e-01
7.442125082015991211e-01
7.515014608701070520e-01
7.451293667157491418e-01
7.375768820444742468e-01
7.577331463495889929e-01
7.561357418696085242e-01
7.539588809013366699e-01
7.353186408678690222e-01
7.451702157656351355e-01
7.434829672177633020e-01
7.351978023846944543e-01
7.384460767110189172e-01
7.341956694920858117e-01
7.425552010536193848e-01
7.538513143857320520e-01
7.395455638567606238e-01
7.518934607505798340e-01
7.391690611839294434e-01
7.353975971539815637e-01
7.470778226852416992e-01
7.367580135663350793e-01
7.448900540669759485e-01
7.469495733579000207e-01
7.478310863176981238e-01
7.553836305936177942e-01
7.376798590024312707e-01
7.354034185409545898e-01
7.381955385208129883e-01
7.400289575258890418e-01
7.358956933021545410e-01
7.345799406369527551e-01
7.486170927683512000e-01
7.437956531842550012e-01
7.362294395764669153e-01
7.549179792404174805e-01
7.429267962773641321e-01
7.468321919441223145e-01
7.503787279129028320e-01
7.376022934913635254e-01
7.357659339904785156e-01
7.451206048329671594e-01
7.359481652577718469e-01
7.481732567151387903e-01
7.437858978907266883e-01
7.362544536590576172e-01
7.392844359079996375e-01
7.431735595067342492e-01
7.384243210156758996e-01
7.460976839065551758e-01
7.435009479522705078e-01
7.349173029263814660e-01
7.331789334615071985e-01
7.469749848047891883e-01
7.324193120002746582e-01
7.416931390762329102e-01
7.448790669441223145e-01
7.389600078264871863e-01
7.509511709213256836e-01
7.296802798906961707e-01
7.368451158205667761e-01
7.318933407465616492e-01
7.332478761672973633e-01
7.459375659624735144e-01
7.329030036926269531e-01
7.473533749580383301e-01
7.354100942611694336e-01
7.359412709871927527e-01
7.449441353480020789e-01
7.383790612220764160e-01
7.266064683596292761e-01
7.413281400998433801e-01
7.272147734959920617e-01
7.455502549807230261e-01
7.291349967320760461e-01
7.353064616521199914e-01
7.480602264404296875e-01
7.358223199844360352e-01
7.430114547411600379e-01
7.548032601674398157e-01
7.446491122245788574e-01
7.420787016550699500e-01
7.470752398173013953e-01
7.410116394360860559e-01
7.330514192581176758e-01
7.321968873341878625e-01
7.385682066281636926e-01
7.456522385279337195e-01
7.234580715497335168e-01
7.460363308588663367e-01
7.468765179316202429e-01
7.388945420583089563e-01
7.448266347249349328e-01
7.341040571530660364e-01
7.367800275484720496e-01
7.366434335708618164e-01
7.486786444981893274e-01
7.438369790712991980e-01
7.460538148880004883e-01
7.460430463155111047e-01
7.616556088129678992e-01
7.527951399485269812e-01
7.393728892008463172e-01
7.383101979891458777e-01
7.357584834098815918e-01
7.315243283907572058e-01
7.413488427797952918e-01
7.282743453979492188e-01
7.343151966730753211e-01
7.293037176132202148e-01
7.449194788932800293e-01
7.463959852854410437e-01
7.384011745452880859e-01
7.463437914848327637e-01
7.539727687835693359e-01
7.394261360168457031e-01
7.379350264867147180e-01
7.338678439458211633e-01
7.368801236152648926e-01
7.408192753791809082e-01
7.396610975265502930e-01
7.420101364453633996e-01
7.386568784713745117e-01
7.351728280385335657e-01
7.292871077855428430e-01
7.475633621215820312e-01
7.494977712631225586e-01
7.374958594640096399e-01
7.339005072911580774e-01
7.381606101989746094e-01
7.402802904446920129e-01
7.316097815831502649e-01
7.309094270070394250e-01
7.524431149164835242e-01
7.346439560254415246e-01
7.519535819689432410e-01
7.539726694424947473e-01
7.422081629435220984e-01
7.384017705917358398e-01
7.409007350603739050e-01
7.340923945109049109e-01
7.297361493110656738e-01
7.302110592524210242e-01
7.360812624295552942e-01
7.322538892428079871e-01
7.340519229571024207e-01
7.355216344197591516e-01
7.344631552696228027e-01
7.275803089141845703e-01
7.315855622291564941e-01
7.332677046457926062e-01
7.325513164202371863e-01
7.340748707453409461e-01
7.339438001314798621e-01
7.366279164950052527e-01
7.365672985712686804e-01
7.307518919308980676e-01
7.487049102783203125e-01
7.434997955958048133e-01
7.469062805175781250e-01
7.336840033531188965e-01
7.430343230565389367e-01
7.244188984235128137e-01
7.207167148590087891e-01
7.329010764757791785e-01
7.396780053774515418e-01
7.315300901730855676e-01
7.373726765314737586e-01
7.358432809511820105e-01
7.334587375322977332e-01
