1.010744690895080566e+00
1.263506611188252693e+00
2.171837250391642105e+00
2.823122421900431167e+00
1.912255644798278809e+00
9.376850922902425500e-01
7.054749727249145508e-01
7.231220801671346399e-01
7.413631478945413855e-01
7.574206590652465820e-01
7.958194812138875696e-01
7.999059160550435754e-01
8.938455382982889441e-01
8.626365462938944129e-01
8.719388842582702637e-01
8.975106279055277136e-01
8.346886634826660156e-01
8.743135929107666016e-01
9.013528625170389441e-01
9.360483090082803992e-01
8.529078761736551550e-01
9.734472433725992468e-01
9.958399534225463867e-01
1.014904816945393806e+00
9.875761469205220910e-01
1.250496427218119377e+00
9.851872126261392859e-01
1.091102202733357673e+00
1.041075706481933594e+00
1.017270088195800781e+00
9.568138917287191125e-01
9.803038835525512695e-01
9.762762784957885742e-01
9.127839008967081336e-01
9.740169843037923547e-01
9.792341192563375207e-01
9.617025057474771765e-01
9.660298426946004602e-01
9.754776954650878906e-01
9.839773575464884070e-01
9.809007644653320312e-01
9.858322938283284875e-01
9.750655492146810266e-01
9.823028643925985071e-01
9.864257574081420898e-01
9.898018042246500281e-01
9.825852910677591590e-01
9.910449981689453125e-01
9.911470810572305945e-01
9.943885405858358117e-01
9.936869541803995398e-01
9.966709017753601074e-01
9.972842137018839148e-01
1.001733144124348884e+00
1.001879572868347168e+00
1.005946954091389900e+00
1.005357146263122559e+00
1.006890455881754631e+00
1.013799130916595459e+00
1.024029970169067383e+00
1.018867790699005127e+00
1.014161626497904534e+00
1.017810384432474846e+00
1.011771440505981445e+00
1.007302304108937507e+00
1.018147369225819832e+00
1.016733606656392341e+00
1.019305010636647468e+00
1.023860057195027595e+00
1.020185470581054688e+00
1.029181957244873047e+00
1.019315004348754883e+00
1.016404708226521736e+00
1.014397303263346428e+00
1.025007327397664314e+00
1.019258062044779534e+00
1.024404525756835938e+00
1.024122436841328865e+00
1.033123274644215828e+00
1.038370112578074211e+00
1.032094677289326912e+00
1.032142062981923347e+00
1.041324337323506599e+00
1.042437871297200447e+00
1.039334217707316155e+00
1.031380097071329827e+00
1.037484248479207283e+00
1.033551871776580811e+00
1.034081260363260979e+00
1.034537911415100098e+00
1.040021121501922607e+00
1.046053528785705566e+00
1.043883840243021721e+00
1.048175136248270745e+00
1.048725525538126702e+00
1.048433045546213860e+00
1.048974374930063957e+00
1.050405144691467285e+00
1.043927311897277832e+00
1.048256615797678704e+00
1.044458866119384766e+00
