5.304905742406844649e-01
2.430564045906066784e-01
1.352848708629608154e-01
8.741916380822659094e-02
4.966931454837322096e-02
2.964375633746385574e-02
2.457776702940463881e-02
1.761920098215341568e-02
7.532575447112321680e-03
4.242778010666370565e-03
3.305018390528857795e-03
2.297633688431233341e-03
1.300663320580497341e-03
1.144750235835090323e-03
8.398033911362290599e-04
7.506282534450292154e-04
6.128532928414643028e-04
6.366896559484302998e-04
5.521619052160531716e-04
4.799030488356947682e-04
4.342600237578153827e-04
4.379072866868227937e-04
3.882076911395415447e-04
3.637433197582140782e-04
3.351693478180095445e-04
3.106732052401639738e-04
2.970184083096683242e-04
2.738222858170047294e-04
2.625731052830815098e-04
2.878871629945933710e-04
2.223285715444944745e-04
2.020217027165926884e-04
2.166133548598736579e-04
2.040776278590783585e-04
1.997762621613219272e-04
1.804253697628155351e-04
1.761995896231383031e-04
1.734209101414307844e-04
1.909103288198821301e-04
1.635258668102324009e-04
1.769102542311884409e-04
1.511374735855497366e-04
1.584803525474853868e-04
1.261223871551919620e-04
1.319609706115443205e-04
1.181898027425631935e-04
1.216321041283663335e-04
1.186628105642739683e-04
1.169883711554575766e-04
1.117392246669623974e-04
1.035791588947176879e-04
1.033908542012795860e-04
9.499912121100351757e-05
1.025167221087031066e-04
9.613648726372047717e-05
9.743971822899766537e-05
8.810828876448795199e-05
8.065450238063931736e-05
7.898600306361913410e-05
8.875911007635294849e-05
8.255996945081279224e-05
8.291335834655910188e-05
7.554832554887980765e-05
7.217627353384159505e-05
8.557307119190226969e-05
7.116768210835289210e-05
6.702710743411444128e-05
6.560030960827134821e-05
5.982925213174894317e-05
6.019686989020556076e-05
6.724532613588962704e-05
6.053913748473860459e-05
5.122975962876807763e-05
5.763357294199522720e-05
6.623342887905892256e-05
4.906682515866122869e-05
6.166736966406460851e-05
5.503248903551139073e-05
5.448823430924676630e-05
5.358670314308256182e-05
4.996375646442175183e-05
4.967884378856979175e-05
5.149989228812046214e-05
4.995188573957421157e-05
4.641499690478667346e-05
4.552943719318136708e-05
4.695961870311293480e-05
4.544955809251405434e-05
3.712147517944686250e-05
4.075802353327162293e-05
4.517637062235735086e-05
4.347915673861279948e-05
4.255516250850632787e-05
4.154511007072869824e-05
3.442613269726280394e-05
3.609201139624929327e-05
3.690805624501081184e-05
3.828307235380634937e-05
3.677466520457528532e-05
3.920899835065938668e-05
3.984663726441795006e-05
