6.959565356373786926e-01
6.915523558855056763e-01
6.896217912435531616e-01
6.871234029531478882e-01
6.830190494656562805e-01
6.777150779962539673e-01
6.724845543503761292e-01
6.687041744589805603e-01
6.658201739192008972e-01
6.636294275522232056e-01
6.619672551751136780e-01
6.604534685611724854e-01
6.590670719742774963e-01
6.580582931637763977e-01
6.566868573427200317e-01
6.555667743086814880e-01
6.541110202670097351e-01
6.529177278280258179e-01
6.520292982459068298e-01
6.507545337080955505e-01
6.497436985373497009e-01
6.488675549626350403e-01
6.483676508069038391e-01
6.470444723963737488e-01
6.460169330239295959e-01
6.452694311738014221e-01
6.443036496639251709e-01
6.431286334991455078e-01
6.426000669598579407e-01
6.412959694862365723e-01
6.406519487500190735e-01
6.400149464607238770e-01
6.381713598966598511e-01
6.367768496274948120e-01
6.362855285406112671e-01
6.355619058012962341e-01
6.336221992969512939e-01
6.331452205777168274e-01
6.317446231842041016e-01
6.324238851666450500e-01
6.321456432342529297e-01
6.304300576448440552e-01
6.287657618522644043e-01
6.272961348295211792e-01
6.272629126906394958e-01
6.279130503535270691e-01
6.261181160807609558e-01
6.269081234931945801e-01
6.259413808584213257e-01
6.260516718029975891e-01
6.258951947093009949e-01
6.246121674776077271e-01
6.239149942994117737e-01
6.234483644366264343e-01
6.219734027981758118e-01
6.211268529295921326e-01
6.206750795245170593e-01
6.206577941775321960e-01
6.213895455002784729e-01
6.195449009537696838e-01
6.189228147268295288e-01
6.188405230641365051e-01
6.199104487895965576e-01
6.184400767087936401e-01
6.176726073026657104e-01
6.172372475266456604e-01
6.157507002353668213e-01
6.167721077799797058e-01
6.171414330601692200e-01
6.185176819562911987e-01
6.162409633398056030e-01
6.168371960520744324e-01
6.165603846311569214e-01
6.163309887051582336e-01
6.146187409758567810e-01
6.140400394797325134e-01
6.126907542347908020e-01
6.121104881167411804e-01
6.116437837481498718e-01
6.110413074493408203e-01
6.099762767553329468e-01
6.099419593811035156e-01
6.100943163037300110e-01
6.092830076813697815e-01
6.094574853777885437e-01
6.085595190525054932e-01
6.082235276699066162e-01
6.077956631779670715e-01
6.071412116289138794e-01
6.070570573210716248e-01
6.059105619788169861e-01
6.057738810777664185e-01
6.063109189271926880e-01
6.059059500694274902e-01
6.053633689880371094e-01
6.051255017518997192e-01
6.042709276080131531e-01
6.046831756830215454e-01
6.031553372740745544e-01
6.019928604364395142e-01
6.019511446356773376e-01
6.029976978898048401e-01
6.023008152842521667e-01
6.027092933654785156e-01
6.027890592813491821e-01
6.023683547973632812e-01
6.010543331503868103e-01
6.008692681789398193e-01
6.020251736044883728e-01
6.018690764904022217e-01
6.008104905486106873e-01
5.999730303883552551e-01
5.983046069741249084e-01
5.978239625692367554e-01
5.980821028351783752e-01
5.999592095613479614e-01
5.978184267878532410e-01
5.963014289736747742e-01
5.959313586354255676e-01
5.960384011268615723e-01
5.965034514665603638e-01
5.957863628864288330e-01
5.946567133069038391e-01
5.952325090765953064e-01
5.943726599216461182e-01
5.935613960027694702e-01
5.923917740583419800e-01
5.939714238047599792e-01
5.938903242349624634e-01
5.926081985235214233e-01
5.922984257340431213e-01
5.908407792448997498e-01
5.903665199875831604e-01
5.908634364604949951e-01
5.902776122093200684e-01
5.897918939590454102e-01
5.902416557073593140e-01
5.886048004031181335e-01
5.874880254268646240e-01
5.883087068796157837e-01
5.889615640044212341e-01
5.886072665452957153e-01
5.870672538876533508e-01
5.871638804674148560e-01
5.906120911240577698e-01
5.872072726488113403e-01
5.876941159367561340e-01
5.855140089988708496e-01
5.842686593532562256e-01
5.846898555755615234e-01
5.850934758782386780e-01
5.853059366345405579e-01
5.833865106105804443e-01
5.830569639801979065e-01
5.835449397563934326e-01
5.828941911458969116e-01
5.821832790970802307e-01
5.823281556367874146e-01
5.809303149580955505e-01
5.814135596156120300e-01
5.810841768980026245e-01
5.805125460028648376e-01
5.799262374639511108e-01
5.811106041073799133e-01
5.824083238840103149e-01
5.818781703710556030e-01
5.837591066956520081e-01
5.811716914176940918e-01
5.795297026634216309e-01
5.786257386207580566e-01
5.784562379121780396e-01
5.780156776309013367e-01
5.778189226984977722e-01
5.771559402346611023e-01
5.770082771778106689e-01
5.747513249516487122e-01
5.755055621266365051e-01
5.756096541881561279e-01
5.740590095520019531e-01
5.745648592710494995e-01
5.747144892811775208e-01
5.752806365489959717e-01
5.747544020414352417e-01
5.732875317335128784e-01
5.746081545948982239e-01
5.754503682255744934e-01
5.734827890992164612e-01
5.735547393560409546e-01
5.747397169470787048e-01
5.732188522815704346e-01
5.703374147415161133e-01
5.706644281744956970e-01
5.719119906425476074e-01
5.706430822610855103e-01
5.709406509995460510e-01
5.688747912645339966e-01
5.695924460887908936e-01
5.680336132645606995e-01
5.685436725616455078e-01
5.688212513923645020e-01
5.708344653248786926e-01
5.722185745835304260e-01
5.693981647491455078e-01
5.692868754267692566e-01
5.683884769678115845e-01
5.663285031914710999e-01
5.657694414258003235e-01
5.657547712326049805e-01
5.643905326724052429e-01
5.655264034867286682e-01
5.648475959897041321e-01
5.641936063766479492e-01
5.650146901607513428e-01
5.646567195653915405e-01
5.649527162313461304e-01
5.619385689496994019e-01
5.612795948982238770e-01
5.615984052419662476e-01
5.624873936176300049e-01
5.627981200814247131e-01
5.622767135500907898e-01
5.607054531574249268e-01
5.622940957546234131e-01
5.649572834372520447e-01
5.616415366530418396e-01
5.603325441479682922e-01
5.595186352729797363e-01
5.598567649722099304e-01
5.597013458609580994e-01
5.591126903891563416e-01
5.601979941129684448e-01
5.609157532453536987e-01
5.648280233144760132e-01
5.619823932647705078e-01
5.620641857385635376e-01
5.598286241292953491e-01
5.587190687656402588e-01
5.567214116454124451e-01
5.564619526267051697e-01
5.582727342844009399e-01
5.584662705659866333e-01
5.579057335853576660e-01
5.593985915184020996e-01
5.573438256978988647e-01
5.580178126692771912e-01
5.570574104785919189e-01
5.555975511670112610e-01
5.547635927796363831e-01
5.583434998989105225e-01
5.564899817109107971e-01
5.546303987503051758e-01
5.544246509671211243e-01
5.553949847817420959e-01
5.554325059056282043e-01
5.559600442647933960e-01
5.552121326327323914e-01
5.544525161385536194e-01
5.527049005031585693e-01
5.528793707489967346e-01
5.506888255476951599e-01
5.506874769926071167e-01
5.504530593752861023e-01
5.550004467368125916e-01
5.546944588422775269e-01
5.524132475256919861e-01
5.520629659295082092e-01
5.539891943335533142e-01
5.501737371087074280e-01
5.505788326263427734e-01
5.517766773700714111e-01
5.506467297673225403e-01
5.495021194219589233e-01
5.507496967911720276e-01
5.500058978796005249e-01
5.490941926836967468e-01
5.497881248593330383e-01
5.489758104085922241e-01
5.462324842810630798e-01
5.479894056916236877e-01
5.498316958546638489e-01
5.511189773678779602e-01
5.483786538243293762e-01
5.468026399612426758e-01
5.489001646637916565e-01
5.469923913478851318e-01
5.469565466046333313e-01
5.460551306605339050e-01
5.455179214477539062e-01
5.476870760321617126e-01
5.495559126138687134e-01
5.462807565927505493e-01
5.464699864387512207e-01
5.473620444536209106e-01
5.467208623886108398e-01
5.444997325539588928e-01
5.490176230669021606e-01
5.478010624647140503e-01
5.434498041868209839e-01
5.443116798996925354e-01
5.431197509169578552e-01
5.459592863917350769e-01
5.479801520705223083e-01
5.454249829053878784e-01
5.433956533670425415e-01
5.439964011311531067e-01
5.416960641741752625e-01
5.434303432703018188e-01
5.421893298625946045e-01
5.406835898756980896e-01
5.410395637154579163e-01
5.408306494355201721e-01
5.388853922486305237e-01
5.390992909669876099e-01
5.408068075776100159e-01
5.403150245547294617e-01
5.418180227279663086e-01
5.409752205014228821e-01
5.419209003448486328e-01
5.400032177567481995e-01
5.418055728077888489e-01
5.430604219436645508e-01
5.432506948709487915e-01
5.420443788170814514e-01
5.384301394224166870e-01
5.396905839443206787e-01
5.396246537566184998e-01
5.384050458669662476e-01
5.428536087274551392e-01
5.427804514765739441e-01
5.399224758148193359e-01
5.397766977548599243e-01
5.376862511038780212e-01
5.383799448609352112e-01
5.381928980350494385e-01
5.368133261799812317e-01
5.387012735009193420e-01
5.372148826718330383e-01
5.406457558274269104e-01
5.373330563306808472e-01
5.352123528718948364e-01
5.349206626415252686e-01
5.339775457978248596e-01
5.351749509572982788e-01
5.372943431138992310e-01
5.381980016827583313e-01
5.353774800896644592e-01
5.344467386603355408e-01
5.368183478713035583e-01
5.369062721729278564e-01
5.352126732468605042e-01
5.363450497388839722e-01
5.336545482277870178e-01
5.337486714124679565e-01
5.325045362114906311e-01
5.337436944246292114e-01
5.333841964602470398e-01
5.352955535054206848e-01
5.355525910854339600e-01
5.325357988476753235e-01
5.330748334527015686e-01
5.333902910351753235e-01
5.338106974959373474e-01
5.348688811063766479e-01
5.331824570894241333e-01
5.348828881978988647e-01
5.336506888270378113e-01
5.307730883359909058e-01
5.316554382443428040e-01
5.305090099573135376e-01
5.295972153544425964e-01
5.293465629220008850e-01
5.299575477838516235e-01
5.295617878437042236e-01
5.313733443617820740e-01
5.307436063885688782e-01
5.298984348773956299e-01
5.290007293224334717e-01
5.322587341070175171e-01
5.300384461879730225e-01
5.287434607744216919e-01
5.302617475390434265e-01
5.281948447227478027e-01
5.289964899420738220e-01
5.287265479564666748e-01
5.279243811964988708e-01
5.315315797924995422e-01
5.317785516381263733e-01
5.316959321498870850e-01
5.304324105381965637e-01
5.297959446907043457e-01
5.278257131576538086e-01
5.301769003272056580e-01
5.288007035851478577e-01
5.292699560523033142e-01
5.290628895163536072e-01
5.277817621827125549e-01
5.262762308120727539e-01
5.257491767406463623e-01
5.286832973361015320e-01
5.272177383303642273e-01
5.268738642334938049e-01
5.259718894958496094e-01
5.271454751491546631e-01
5.242454037070274353e-01
5.232701972126960754e-01
5.242308378219604492e-01
5.259920433163642883e-01
5.254574790596961975e-01
5.258694365620613098e-01
5.251095294952392578e-01
5.293974429368972778e-01
5.306121110916137695e-01
5.273880288004875183e-01
5.261820182204246521e-01
5.251412838697433472e-01
5.259319990873336792e-01
5.243357643485069275e-01
5.229857191443443298e-01
5.241141170263290405e-01
5.246552228927612305e-01
5.223335027694702148e-01
5.211552530527114868e-01
5.218771249055862427e-01
5.220836102962493896e-01
5.227329656481742859e-01
5.270818918943405151e-01
5.270722061395645142e-01
5.251803323626518250e-01
5.226343721151351929e-01
5.218083709478378296e-01
5.223853290081024170e-01
5.219401270151138306e-01
5.212447419762611389e-01
5.232538878917694092e-01
5.233573243021965027e-01
5.229863375425338745e-01
5.224787667393684387e-01
5.211887508630752563e-01
5.194782912731170654e-01
5.209020450711250305e-01
5.226433649659156799e-01
5.216017290949821472e-01
5.230838879942893982e-01
5.208765640854835510e-01
5.214200615882873535e-01
5.191957056522369385e-01
5.211195871233940125e-01
5.202547162771224976e-01
5.182226821780204773e-01
5.180272161960601807e-01
5.178956091403961182e-01
5.227313488721847534e-01
5.209816619753837585e-01
5.204489231109619141e-01
5.191891863942146301e-01
5.195223987102508545e-01
5.197865590453147888e-01
5.224771723151206970e-01
5.195308104157447815e-01
5.198298990726470947e-01
5.193194970488548279e-01
5.177620202302932739e-01
5.177522674202919006e-01
5.162269622087478638e-01
5.179958194494247437e-01
5.185567885637283325e-01
5.200001001358032227e-01
5.206874907016754150e-01
5.228196382522583008e-01
5.234201997518539429e-01
5.199500396847724915e-01
5.173605084419250488e-01
5.178509205579757690e-01
5.172038078308105469e-01
5.156526714563369751e-01
5.168950408697128296e-01
5.180869325995445251e-01
5.194358900189399719e-01
5.187959745526313782e-01
5.178756490349769592e-01
5.178346857428550720e-01
5.168806314468383789e-01
5.148722380399703979e-01
5.155639126896858215e-01
5.177426636219024658e-01
5.156529694795608521e-01
5.141137912869453430e-01
5.136316418647766113e-01
5.165373310446739197e-01
5.201782286167144775e-01
5.190405994653701782e-01
5.153661295771598816e-01
5.141391009092330933e-01
5.148456320166587830e-01
5.151253268122673035e-01
5.143533796072006226e-01
5.150037258863449097e-01
5.155022367835044861e-01
5.144874826073646545e-01
5.135167688131332397e-01
5.135293230414390564e-01
5.141132399439811707e-01
5.140967369079589844e-01
5.134504735469818115e-01
5.119622796773910522e-01
5.114332735538482666e-01
5.128138512372970581e-01
5.125602334737777710e-01
5.126514360308647156e-01
5.128328353166580200e-01
5.129622966051101685e-01
5.149871930480003357e-01
5.128010287880897522e-01
5.127413868904113770e-01
5.127626955509185791e-01
5.109876543283462524e-01
5.146855041384696960e-01
5.121602714061737061e-01
5.149364843964576721e-01
5.121132284402847290e-01
5.109849050641059875e-01
5.109272226691246033e-01
5.107481777667999268e-01
5.091441124677658081e-01
5.104673951864242554e-01
5.107385367155075073e-01
5.106638893485069275e-01
5.116845071315765381e-01
5.095445215702056885e-01
5.119104608893394470e-01
5.122064799070358276e-01
5.131219029426574707e-01
5.153329893946647644e-01
5.160453915596008301e-01
5.150149092078208923e-01
5.114381611347198486e-01
5.122827291488647461e-01
5.129666328430175781e-01
5.126386880874633789e-01
5.100654140114784241e-01
5.116292536258697510e-01
5.148073881864547729e-01
5.080367550253868103e-01
5.102600529789924622e-01
5.098002180457115173e-01
5.104266256093978882e-01
5.128537788987159729e-01
5.119954496622085571e-01
5.103335455060005188e-01
5.082087218761444092e-01
5.079656317830085754e-01
5.072604343295097351e-01
5.085894986987113953e-01
5.067555457353591919e-01
5.082959681749343872e-01
5.084598213434219360e-01
5.088852494955062866e-01
5.093245878815650940e-01
5.072824433445930481e-01
5.093649923801422119e-01
5.096894949674606323e-01
5.091440305113792419e-01
5.097432732582092285e-01
5.085508972406387329e-01
5.067314058542251587e-01
5.068831294775009155e-01
5.072294846177101135e-01
5.084852352738380432e-01
5.067036449909210205e-01
5.072181075811386108e-01
5.099510997533798218e-01
5.078734233975410461e-01
5.104594901204109192e-01
5.080348029732704163e-01
5.042426735162734985e-01
5.055976435542106628e-01
5.055799782276153564e-01
5.054840222001075745e-01
5.049411877989768982e-01
5.073953196406364441e-01
5.071847289800643921e-01
5.073160901665687561e-01
5.075767412781715393e-01
5.069199502468109131e-01
5.043324828147888184e-01
5.075474828481674194e-01
5.070308223366737366e-01
5.056390911340713501e-01
5.035601407289505005e-01
5.039537400007247925e-01
5.046774074435234070e-01
5.093029588460922241e-01
5.080142468214035034e-01
5.038823187351226807e-01
5.049468278884887695e-01
5.035193786025047302e-01
5.038788095116615295e-01
5.061633437871932983e-01
5.055691823363304138e-01
5.063087344169616699e-01
5.054951235651969910e-01
5.057884901762008667e-01
5.090485438704490662e-01
5.065752416849136353e-01
5.068223923444747925e-01
5.059176757931709290e-01
5.035634562373161316e-01
5.030981898307800293e-01
5.034232512116432190e-01
5.031040385365486145e-01
5.007345192134380341e-01
5.029343217611312866e-01
5.065066516399383545e-01
5.034614093601703644e-01
5.065771937370300293e-01
5.043085217475891113e-01
5.030948407948017120e-01
5.039737224578857422e-01
5.050008744001388550e-01
5.040317252278327942e-01
5.017828755080699921e-01
5.026284754276275635e-01
5.032287463545799255e-01
5.014725476503372192e-01
5.006437301635742188e-01
5.000835731625556946e-01
4.999198727309703827e-01
5.008816719055175781e-01
5.031706318259239197e-01
5.040488615632057190e-01
5.068732649087905884e-01
5.029153600335121155e-01
5.003587752580642700e-01
5.005179233849048615e-01
4.997854158282279968e-01
5.016097575426101685e-01
5.022448040544986725e-01
5.045396015048027039e-01
5.019700936973094940e-01
5.018418096005916595e-01
5.013336911797523499e-01
4.994192421436309814e-01
4.990991503000259399e-01
5.025083012878894806e-01
5.030187070369720459e-01
5.021545216441154480e-01
5.013438276946544647e-01
5.038476325571537018e-01
5.024261400103569031e-01
4.987958781421184540e-01
5.004008561372756958e-01
5.022100284695625305e-01
5.021458156406879425e-01
4.992577135562896729e-01
4.965685382485389709e-01
4.995822049677371979e-01
5.035339333117008209e-01
5.012717843055725098e-01
4.997061789035797119e-01
4.982905313372612000e-01
4.987507313489913940e-01
4.977166540920734406e-01
4.980486854910850525e-01
4.979845024645328522e-01
4.993275403976440430e-01
4.979973509907722473e-01
4.985670410096645355e-01
4.979879185557365417e-01
4.962337985634803772e-01
5.005880892276763916e-01
4.988095499575138092e-01
4.976317398250102997e-01
5.005309619009494781e-01
5.007292255759239197e-01
4.989078305661678314e-01
4.978130757808685303e-01
4.982378743588924408e-01
4.998598024249076843e-01
4.985641241073608398e-01
4.999020434916019440e-01
4.977485649287700653e-01
4.980842582881450653e-01
4.994075521826744080e-01
4.977653324604034424e-01
4.961964599788188934e-01
4.958533234894275665e-01
4.968015551567077637e-01
4.970509223639965057e-01
4.974807649850845337e-01
4.972397573292255402e-01
4.980581924319267273e-01
4.988512992858886719e-01
4.977027438580989838e-01
4.951883777976036072e-01
4.954330362379550934e-01
4.960037432610988617e-01
4.958547353744506836e-01
4.995133541524410248e-01
4.999504759907722473e-01
4.966133087873458862e-01
4.974673762917518616e-01
4.976318180561065674e-01
4.957150854170322418e-01
4.951014965772628784e-01
4.963412769138813019e-01
4.981171824038028717e-01
4.995796531438827515e-01
5.019112117588520050e-01
5.007631666958332062e-01
4.953284747898578644e-01
4.965832792222499847e-01
4.973904527723789215e-01
4.971143789589405060e-01
4.963356107473373413e-01
4.937963783740997314e-01
4.945418201386928558e-01
4.963855482637882233e-01
4.948320724070072174e-01
4.945670589804649353e-01
4.940805137157440186e-01
4.926883466541767120e-01
4.924171231687068939e-01
4.921551533043384552e-01
4.958021678030490875e-01
4.952034316956996918e-01
4.958524852991104126e-01
4.962668456137180328e-01
4.943950921297073364e-01
4.956164807081222534e-01
4.958427846431732178e-01
4.949356652796268463e-01
4.960574917495250702e-01
4.952193312346935272e-01
4.929292425513267517e-01
4.915416054427623749e-01
4.940105602145195007e-01
4.952072277665138245e-01
4.931480735540390015e-01
4.932522214949131012e-01
4.934673942625522614e-01
4.934495389461517334e-01
4.948139898478984833e-01
4.941012524068355560e-01
4.957151375710964203e-01
4.933289475739002228e-01
4.932303875684738159e-01
4.944942183792591095e-01
4.925852939486503601e-01
4.914347454905509949e-01
4.905014857649803162e-01
4.921458773314952850e-01
4.922229088842868805e-01
4.926498271524906158e-01
4.922434315085411072e-01
4.897689670324325562e-01
4.932277910411357880e-01
4.927950166165828705e-01
4.932258501648902893e-01
4.921798631548881531e-01
4.915994964540004730e-01
4.954934790730476379e-01
4.943059720098972321e-01
4.945302456617355347e-01
4.954038411378860474e-01
4.936525337398052216e-01
4.920285008847713470e-01
4.896670728921890259e-01
4.899991527199745178e-01
4.910073056817054749e-01
4.896128736436367035e-01
4.922449961304664612e-01
4.909121915698051453e-01
4.902595281600952148e-01
4.901120439171791077e-01
4.916675910353660583e-01
4.894050918519496918e-01
4.918052069842815399e-01
4.943801909685134888e-01
4.941851831972599030e-01
4.934902600944042206e-01
4.919961728155612946e-01
4.903727434575557709e-01
4.922726675868034363e-01
4.915751628577709198e-01
4.909850917756557465e-01
4.923870526254177094e-01
4.934295900166034698e-01
4.940137527883052826e-01
4.906819686293601990e-01
4.907999299466609955e-01
4.893433935940265656e-01
4.878332503139972687e-01
4.883680529892444611e-01
4.892706014215946198e-01
4.888407252728939056e-01
4.881292246282100677e-01
4.900255352258682251e-01
4.898554719984531403e-01
4.875984787940979004e-01
4.894064664840698242e-01
4.937366768717765808e-01
4.929634891450405121e-01
4.920493811368942261e-01
4.897930510342121124e-01
4.906970895826816559e-01
4.891556054353713989e-01
4.894397929310798645e-01
4.868701696395874023e-01
4.876049123704433441e-01
4.878822006285190582e-01
4.878130406141281128e-01
4.875763319432735443e-01
4.864148721098899841e-01
4.884973727166652679e-01
4.907845295965671539e-01
4.908148199319839478e-01
4.870695658028125763e-01
4.855861365795135498e-01
4.859549328684806824e-01
4.881204031407833099e-01
4.880371652543544769e-01
4.889159575104713440e-01
4.868153147399425507e-01
4.886697344481945038e-01
4.871269054710865021e-01
4.897537343204021454e-01
4.874591492116451263e-01
4.876066818833351135e-01
4.885723032057285309e-01
4.874671176075935364e-01
4.870130605995655060e-01
4.876042865216732025e-01
4.874755740165710449e-01
4.879391528666019440e-01
4.873947724699974060e-01
4.859053902328014374e-01
4.868356585502624512e-01
4.870302379131317139e-01
4.866670742630958557e-01
4.874527044594287872e-01
4.867177642881870270e-01
4.884294979274272919e-01
4.869591258466243744e-01
4.866279661655426025e-01
4.869011342525482178e-01
4.855267405509948730e-01
4.860577955842018127e-01
4.845339804887771606e-01
4.865430742502212524e-01
4.865268208086490631e-01
4.856644123792648315e-01
4.844488985836505890e-01
4.845936633646488190e-01
4.862560145556926727e-01
4.860841967165470123e-01
4.874414168298244476e-01
4.852878041565418243e-01
4.857728518545627594e-01
4.842938631772994995e-01
4.852577820420265198e-01
4.904668219387531281e-01
4.865427650511264801e-01
4.834512025117874146e-01
4.839471168816089630e-01
4.853082895278930664e-01
4.865494407713413239e-01
4.859634265303611755e-01
4.848659932613372803e-01
4.880158901214599609e-01
4.871135354042053223e-01
4.849053360521793365e-01
4.830055572092533112e-01
4.824688881635665894e-01
4.818434454500675201e-01
4.833649471402168274e-01
4.854283928871154785e-01
4.876560159027576447e-01
4.866903573274612427e-01
4.868977665901184082e-01
4.830390438437461853e-01
4.819495975971221924e-01
4.818528071045875549e-01
4.856294952332973480e-01
4.837878271937370300e-01
4.819242618978023529e-01
4.846652038395404816e-01
4.851234443485736847e-01
4.855382554233074188e-01
4.822970554232597351e-01
4.834127351641654968e-01
4.863153845071792603e-01
4.840339757502079010e-01
4.847645610570907593e-01
4.853812418878078461e-01
4.853428415954113007e-01
4.841431342065334320e-01
4.889012128114700317e-01
4.851167276501655579e-01
4.828374683856964111e-01
4.849502071738243103e-01
4.847501330077648163e-01
4.831082597374916077e-01
4.838875867426395416e-01
4.832840710878372192e-01
4.839661791920661926e-01
4.815999567508697510e-01
4.807031527161598206e-01
4.823909811675548553e-01
4.807642623782157898e-01
4.824579469859600067e-01
4.810346476733684540e-01
4.799320995807647705e-01
4.818403422832489014e-01
4.812574908137321472e-01
4.825215153396129608e-01
4.857289344072341919e-01
4.849510565400123596e-01
4.829254597425460815e-01
4.810651242733001709e-01
4.835425354540348053e-01
4.854555986821651459e-01
4.839469604194164276e-01
4.827676787972450256e-01
4.825635030865669250e-01
4.798901528120040894e-01
4.808567315340042114e-01
4.834543988108634949e-01
4.831639528274536133e-01
4.808168075978755951e-01
4.828357733786106110e-01
4.810025990009307861e-01
4.819411002099514008e-01
4.801333211362361908e-01
4.804469831287860870e-01
4.799178019165992737e-01
4.814494773745536804e-01
4.828537367284297943e-01
4.798438288271427155e-01
4.804226420819759369e-01
4.797074943780899048e-01
4.820409640669822693e-01
4.829823486506938934e-01
4.851635023951530457e-01
4.850370809435844421e-01
4.818534329533576965e-01
4.819132909178733826e-01
4.823483675718307495e-01
4.826133847236633301e-01
4.818143360316753387e-01
4.795967638492584229e-01
4.793116822838783264e-01
4.799931868910789490e-01
4.797343090176582336e-01
4.773508757352828979e-01
4.785046763718128204e-01
4.777324683964252472e-01
4.773803204298019409e-01
4.797434024512767792e-01
4.799897707998752594e-01
4.847124032676219940e-01
4.835306107997894287e-01
4.838895015418529510e-01
4.817935265600681305e-01
4.811071343719959259e-01
4.790336266160011292e-01
4.775474146008491516e-01
4.771027863025665283e-01
4.788325354456901550e-01
4.782232530415058136e-01
4.807644300162792206e-01
4.776204787194728851e-01
4.772018641233444214e-01
4.780413247644901276e-01
4.783263355493545532e-01
4.805344156920909882e-01
4.801176711916923523e-01
4.828014522790908813e-01
4.805310219526290894e-01
4.809522405266761780e-01
4.793008342385292053e-01
4.794409163296222687e-01
4.785489439964294434e-01
4.783687032759189606e-01
4.769766367971897125e-01
4.782965369522571564e-01
4.789429605007171631e-01
4.777203351259231567e-01
4.767714329063892365e-01
4.747505672276020050e-01
4.753274023532867432e-01
4.789808318018913269e-01
4.784092120826244354e-01
4.760962687432765961e-01
4.780486561357975006e-01
4.811224229633808136e-01
4.811411984264850616e-01
4.786135368049144745e-01
4.800246320664882660e-01
4.798729382455348969e-01
4.774641394615173340e-01
4.777486994862556458e-01
