5.263157894736841987e-03
5.263157894736841987e-03
6.000000000000000125e-03
1.278947368421052590e-02
1.436842105263157893e-02
1.731578947368421148e-02
2.294736842105263297e-02
2.615789473684210567e-02
3.152631578947368701e-02
3.394736842105262886e-02
3.878947368421052644e-02
4.126315789473684187e-02
4.268421052631578977e-02
4.484210526315789147e-02
4.615789473684210609e-02
4.926315789473684204e-02
5.094736842105263008e-02
5.310526315789473872e-02
5.573684210526316102e-02
5.768421052631578921e-02
5.884210526315789697e-02
6.168421052631579277e-02
6.452631578947368163e-02
6.647368421052630982e-02
6.684210526315789713e-02
7.163157894736842113e-02
7.552631578947367752e-02
7.321052631578947589e-02
7.573684210526315796e-02
7.810526315789473317e-02
8.289473684210525717e-02
8.426315789473684537e-02
8.542105263157895312e-02
8.042105263157894868e-02
8.852631578947368907e-02
9.347368421052631993e-02
9.763157894736841647e-02
9.989473684210525839e-02
1.004210526315789526e-01
1.008421052631578996e-01
1.090526315789473732e-01
1.087368421052631595e-01
1.165789473684210459e-01
1.161052631578947392e-01
1.107368421052631613e-01
1.158947368421052587e-01
1.296842105263157907e-01
1.354736842105263295e-01
1.347368421052631549e-01
1.362631578947368360e-01
1.443157894736842028e-01
1.500526315789473819e-01
1.555263157894736792e-01
1.304736842105263250e-01
1.616315789473684317e-01
1.630000000000000060e-01
1.692105263157894779e-01
1.657894736842105143e-01
1.772105263157894850e-01
1.742105263157894823e-01
1.824736842105263157e-01
1.788947368421052730e-01
1.885263157894736807e-01
1.922105263157894706e-01
2.034210526315789469e-01
2.031052631578947332e-01
2.067894736842105230e-01
2.117894736842105274e-01
1.996842105263157974e-01
2.149473684210526370e-01
2.289473684210526216e-01
2.232105263157894703e-01
2.204210526315789342e-01
2.491052631578947463e-01
2.446842105263157818e-01
2.459473684210526367e-01
2.612105263157894486e-01
2.646315789473684399e-01
2.568947368421052868e-01
2.600526315789473686e-01
2.678421052631578814e-01
2.621578947368420898e-01
2.749473684210526070e-01
2.518421052631578672e-01
2.459473684210526367e-01
2.657368421052631602e-01
2.899999999999999800e-01
2.936315789473684101e-01
2.951052631578947594e-01
2.849999999999999756e-01
2.680526315789473757e-01
2.772631578947368225e-01
2.757368421052631691e-01
2.944210526315789722e-01
3.225789473684210762e-01
3.207368421052631535e-01
3.176842105263157912e-01
3.171052631578947234e-01
3.411052631578947447e-01
3.318947368421052424e-01
3.299473684210526558e-01
3.155263157894737103e-01
3.262105263157894508e-01
3.500526315789473930e-01
3.432631578947368256e-01
3.404210526315789576e-01
3.438421052631578934e-01
3.523157894736841933e-01
3.704736842105262884e-01
3.591578947368421204e-01
3.732105263157894925e-01
3.830526315789473668e-01
3.524210526315789682e-01
3.302105263157894544e-01
3.816315789473684328e-01
3.852631578947368629e-01
3.738947368421052797e-01
3.794210526315789367e-01
3.863684210526315832e-01
3.947894736842105234e-01
3.685263157894737018e-01
4.020526315789473837e-01
3.987368421052631673e-01
3.726315789473684248e-01
3.797368421052631504e-01
4.140526315789473943e-01
3.802631578947368585e-01
4.197368421052631304e-01
4.223684210526315597e-01
3.924736842105263079e-01
3.815263157894736579e-01
4.233684210526315606e-01
3.964736842105263115e-01
4.401578947368420813e-01
4.158421052631579018e-01
4.027894736842105305e-01
4.343157894736842106e-01
4.255789473684210567e-01
4.217368421052631322e-01
4.420526315789473637e-01
4.448421052631578720e-01
4.373157894736842133e-01
4.568421052631578827e-01
4.376842105263157867e-01
4.494210526315789433e-01
4.362631578947368527e-01
4.565263157894736690e-01
4.521052631578947323e-01
4.721578947368421098e-01
4.838421052631579067e-01
4.304210526315789265e-01
4.675263157894736787e-01
4.798421052631579031e-01
4.578947368421052433e-01
4.869999999999999885e-01
4.689473684210526128e-01
4.514210526315789451e-01
4.785263157894736885e-01
4.806842105263157694e-01
4.626315789473683937e-01
4.699999999999999734e-01
4.485263157894736619e-01
4.924736842105263412e-01
4.817368421052631855e-01
4.769999999999999796e-01
5.043157894736841618e-01
5.006315789473684275e-01
4.767368421052631811e-01
4.443684210526315792e-01
4.980526315789473579e-01
5.011052631578947203e-01
5.101578947368421435e-01
5.045789473684210158e-01
5.113684210526315832e-01
5.343157894736841884e-01
5.151052631578947327e-01
4.955789473684210633e-01
4.862631578947368416e-01
4.858947368421052682e-01
4.773684210526315530e-01
4.864736842105263359e-01
4.813157894736841969e-01
4.948947368421052762e-01
5.110526315789473140e-01
5.330526315789473335e-01
5.146315789473684399e-01
5.446315789473684665e-01
5.474736842105263346e-01
5.133684210526315850e-01
5.088947368421052886e-01
5.257894736842104733e-01
5.456842105263157716e-01
5.057894736842105665e-01
5.151578947368421479e-01
5.296315789473684532e-01
5.426315789473684648e-01
5.315789473684210398e-01
5.628947368421052255e-01
5.710526315789473673e-01
5.703157894736842204e-01
5.337894736842104804e-01
5.544736842105263408e-01
5.785789473684210815e-01
5.446842105263157707e-01
5.206842105263157494e-01
5.547894736842104990e-01
5.714736842105263559e-01
5.514210526315789229e-01
5.738421052631579311e-01
5.709999999999999520e-01
5.678947368421052300e-01
5.227368421052631664e-01
5.373684210526316063e-01
5.552105263157894877e-01
5.311052631578947469e-01
5.495263157894736405e-01
5.908947368421052504e-01
5.687894736842105115e-01
5.862105263157895152e-01
5.615263157894736512e-01
5.553157894736842071e-01
5.935789473684210948e-01
5.947894736842105345e-01
5.849999999999999645e-01
5.600526315789473575e-01
5.710526315789473673e-01
5.423157894736841955e-01
5.839999999999999636e-01
6.002631578947368318e-01
5.905263157894736770e-01
5.402631578947368896e-01
5.729999999999999538e-01
5.572105263157894894e-01
5.922105263157895205e-01
6.066842105263158258e-01
5.266842105263157547e-01
5.927368421052631176e-01
5.977368421052631220e-01
6.117368421052631344e-01
6.275263157894737098e-01
6.114210526315789762e-01
6.213684210526315699e-01
5.679473684210526452e-01
5.750526315789473708e-01
5.853157894736842337e-01
5.896842105263158107e-01
6.075789473684211073e-01
6.011052631578946981e-01
6.207894736842105576e-01
6.224210526315789860e-01
6.009999999999999787e-01
6.181578947368421284e-01
6.293157894736841618e-01
6.119999999999999885e-01
5.806315789473683875e-01
5.894736842105262609e-01
5.944736842105262653e-01
6.099473684210526825e-01
6.125789473684210007e-01
6.126842105263158311e-01
6.184210526315789824e-01
5.971052631578946945e-01
6.184736842105262866e-01
5.725789473684210762e-01
5.767894736842105186e-01
5.961052631578946936e-01
6.235263157894737063e-01
6.028421052631578458e-01
6.364210526315789984e-01
6.569473684210526132e-01
6.384736842105263044e-01
6.494736842105263142e-01
6.284736842105262955e-01
6.171578947368421275e-01
6.038421052631578467e-01
6.229473684210525830e-01
6.318947368421052868e-01
6.153157894736842604e-01
6.502631578947368762e-01
6.388421052631578778e-01
6.597894736842104813e-01
6.565789473684210398e-01
6.693157894736841973e-01
6.603157894736841893e-01
6.402105263157894521e-01
6.285263157894737107e-01
6.614210526315789096e-01
6.350526315789473131e-01
6.496315789473684488e-01
6.313684210526315788e-01
6.736842105263157743e-01
6.646842105263157663e-01
6.698947368421052095e-01
6.616315789473684594e-01
6.662631578947368904e-01
6.444210526315788945e-01
6.721578947368420653e-01
6.598947368421053117e-01
6.676842105263157690e-01
6.576842105263157601e-01
6.686842105263157698e-01
6.643157894736841929e-01
6.545789473684210380e-01
6.520526315789473282e-01
6.513684210526315965e-01
6.835263157894736485e-01
6.421578947368421497e-01
6.709473684210526256e-01
6.651578947368420591e-01
6.897368421052632037e-01
6.897368421052632037e-01
6.872105263157894939e-01
6.489473684210526061e-01
6.632631578947368878e-01
6.317894736842105674e-01
6.322105263157894450e-01
6.817368421052631966e-01
6.481052631578947398e-01
6.659473684210526212e-01
6.546842105263157574e-01
6.678421052631579036e-01
6.734736842105263355e-01
6.814210526315789274e-01
6.774210526315789238e-01
6.556842105263157583e-01
6.878947368421052255e-01
6.883157894736842142e-01
6.774210526315789238e-01
6.614210526315789096e-01
6.668421052631579027e-01
6.897894736842105079e-01
6.933157894736842186e-01
6.384210526315790002e-01
6.803684210526316223e-01
6.880526315789473601e-01
6.773157894736842044e-01
7.005263157894736636e-01
6.931578947368420840e-01
5.940526315789473877e-01
6.985263157894736619e-01
6.949473684210526470e-01
6.896842105263157885e-01
7.073684210526315352e-01
7.008947368421052371e-01
7.098947368421052451e-01
6.675263157894736343e-01
6.416842105263157459e-01
6.689473684210526239e-01
6.894210526315789345e-01
6.514736842105263159e-01
6.679473684210526230e-01
6.911578947368420822e-01
6.750000000000000444e-01
6.682631578947368922e-01
7.021052631578947878e-01
6.968947368421052335e-01
7.058947368421052415e-01
7.083684210526315361e-01
6.702631578947368940e-01
6.964210526315789407e-01
7.024736842105263612e-01
6.840000000000000524e-01
7.211052631578946936e-01
7.151578947368421035e-01
7.274736842105262724e-01
7.211578947368421089e-01
7.094736842105263674e-01
6.758421052631579107e-01
6.777368421052631930e-01
7.001578947368420902e-01
6.972105263157895028e-01
7.209999999999999742e-01
7.080526315789473779e-01
6.988421052631579311e-01
7.199473684210526692e-01
7.189999999999999725e-01
6.647894736842104857e-01
7.119473684210526621e-01
6.960526315789473673e-01
6.918947368421052291e-01
7.359999999999999876e-01
7.050526315789473752e-01
6.859473684210526390e-01
7.296315789473684088e-01
7.181052631578946910e-01
7.119473684210526621e-01
6.663684210526316098e-01
6.468947368421053001e-01
7.003157894736842248e-01
6.133684210526315628e-01
7.213157894736842435e-01
7.078421052631579391e-01
7.242631578947368309e-01
7.260526315789473939e-01
7.317894736842105452e-01
7.367894736842105496e-01
7.224210526315789638e-01
7.185263157894736796e-01
7.188421052631579489e-01
7.158421052631579462e-01
7.294736842105262742e-01
6.776842105263157778e-01
7.202631578947368274e-01
7.046315789473683866e-01
6.953157894736842204e-01
7.424210526315789815e-01
7.118947368421052468e-01
7.320526315789473992e-01
7.371052631578947079e-01
7.386315789473684168e-01
7.286315789473684079e-01
7.161578947368421044e-01
7.485263157894737063e-01
7.311578947368421177e-01
7.359999999999999876e-01
7.541052631578947230e-01
7.484210526315789869e-01
7.413157894736842612e-01
7.126315789473683937e-01
7.339999999999999858e-01
7.335789473684209971e-01
7.304736842105262751e-01
7.357368421052631335e-01
7.268421052631578450e-01
7.392631578947368443e-01
7.340526315789474010e-01
7.163157894736842390e-01
7.397368421052631371e-01
7.394210526315789789e-01
7.221578947368421098e-01
7.160526315789473850e-01
7.495789473684210114e-01
7.307368421052631291e-01
7.511578947368421355e-01
7.327894736842105461e-01
7.428947368421052744e-01
7.212105263157895241e-01
7.455263157894737036e-01
7.382105263157894282e-01
7.557894736842105665e-01
7.347894736842105479e-01
7.433684210526315672e-01
7.523157894736841600e-01
7.466315789473684239e-01
7.491052631578947185e-01
7.488421052631578645e-01
7.554736842105262973e-01
7.362105263157894264e-01
7.604210526315789975e-01
7.524736842105262946e-01
7.307368421052631291e-01
7.521578947368421364e-01
7.365789473684209998e-01
7.591052631578947274e-01
7.449999999999999956e-01
7.533684210526315761e-01
7.697368421052631637e-01
7.542105263157894424e-01
7.662105263157894530e-01
7.358947368421052682e-01
7.633157894736841698e-01
7.541578947368421382e-01
7.152631578947368229e-01
7.381578947368421240e-01
7.521578947368421364e-01
7.532105263157894415e-01
7.448947368421052762e-01
7.546842105263157352e-01
7.229473684210526718e-01
7.546315789473684310e-01
7.644210526315790011e-01
7.291052631578947008e-01
7.483684210526315717e-01
7.481578947368421328e-01
7.477368421052631442e-01
7.501578947368421346e-01
7.730000000000000204e-01
7.262105263157895285e-01
7.302105263157894210e-01
7.436315789473684212e-01
7.541052631578947230e-01
7.684210526315788936e-01
7.569473684210525910e-01
7.748947368421053028e-01
7.690526315789473211e-01
7.545263157894737116e-01
7.509473684210525857e-01
7.612105263157894486e-01
7.490526315789474143e-01
7.673157894736841733e-01
7.578947368421052877e-01
7.498947368421052806e-01
7.614210526315789984e-01
7.397368421052631371e-01
7.483684210526315717e-01
7.738421052631578867e-01
7.684736842105263088e-01
7.417894736842105541e-01
7.447368421052631415e-01
7.684736842105263088e-01
7.505789473684210122e-01
7.663684210526315876e-01
7.755263157894737303e-01
7.663157894736841724e-01
7.486842105263158409e-01
7.676842105263157467e-01
7.649473684210525981e-01
7.766315789473684505e-01
7.676315789473684426e-01
7.810526315789473317e-01
7.626842105263157423e-01
7.662105263157894530e-01
7.302105263157894210e-01
7.409999999999999920e-01
7.728947368421053010e-01
7.203684210526315468e-01
7.132105263157895170e-01
7.412631578947368460e-01
7.508947368421052815e-01
7.815263157894737356e-01
7.625263157894737187e-01
7.402631578947368451e-01
7.700000000000000178e-01
7.846315789473684577e-01
7.853684210526316045e-01
7.640000000000000124e-01
7.759473684210526079e-01
7.591578947368421426e-01
7.563157894736841635e-01
7.311578947368421177e-01
7.557368421052631513e-01
7.776842105263157556e-01
7.842105263157894690e-01
7.695789473684210291e-01
7.668947368421052957e-01
7.717368421052631655e-01
7.778421052631578902e-01
7.440526315789474099e-01
7.631052631578947310e-01
7.566842105263157370e-01
7.875263157894736299e-01
7.785789473684210371e-01
7.830000000000000293e-01
7.802105263157894655e-01
7.554210526315789931e-01
7.906842105263157672e-01
7.279473684210526763e-01
7.788947368421053064e-01
7.935263157894736352e-01
7.436315789473684212e-01
7.514736842105262937e-01
7.933684210526316116e-01
7.369473684210526843e-01
7.760526315789473273e-01
7.864210526315789096e-01
7.899473684210526203e-01
7.574210526315789949e-01
7.731578947368421550e-01
7.922105263157894761e-01
7.751578947368421568e-01
7.943684210526316125e-01
7.906315789473684630e-01
7.770000000000000240e-01
7.701578947368421524e-01
7.864210526315789096e-01
7.555263157894737125e-01
7.673684210526315885e-01
7.954210526315789176e-01
7.836315789473684568e-01
7.968947368421052113e-01
7.986315789473684701e-01
8.034736842105263399e-01
7.800526315789473308e-01
7.695263157894737249e-01
7.936315789473684656e-01
7.968421052631579071e-01
7.661052631578947336e-01
7.658421052631578796e-01
7.846315789473684577e-01
8.010526315789473495e-01
8.035263157894736441e-01
8.098421052631579187e-01
7.945263157894736361e-01
7.768947368421053046e-01
8.039473684210526327e-01
7.945263157894736361e-01
7.893157894736841929e-01
7.744736842105263142e-01
7.918947368421053179e-01
7.829473684210526141e-01
7.997894736842104946e-01
7.895263157894736317e-01
8.090526315789473566e-01
7.827894736842104795e-01
8.098421052631579187e-01
7.877368421052631797e-01
8.048421052631579142e-01
8.052631578947367919e-01
7.541578947368421382e-01
7.960000000000000409e-01
7.838421052631578956e-01
7.942631578947368931e-01
7.961578947368420645e-01
7.962105263157894797e-01
7.281052631578946999e-01
7.810526315789473317e-01
7.809473684210526123e-01
7.719473684210526043e-01
7.742105263157894601e-01
7.812105263157894663e-01
8.021052631578947656e-01
7.932631578947368922e-01
7.992105263157894823e-01
7.908421052631579018e-01
7.978421052631579080e-01
8.117894736842105052e-01
7.805789473684210389e-01
7.970526315789473459e-01
7.541578947368421382e-01
7.482105263157894370e-01
7.493157894736841573e-01
7.799473684210526114e-01
7.870000000000000329e-01
7.982631578947368967e-01
8.050000000000000488e-01
8.182105263157894992e-01
8.133157894736842142e-01
7.734210526315788981e-01
8.179473684210526452e-01
8.120000000000000551e-01
8.205263157894736592e-01
8.193684210526315237e-01
8.118421052631579204e-01
7.896842105263157663e-01
8.077894736842105017e-01
7.855263157894737391e-01
7.971052631578947612e-01
7.680526315789473202e-01
7.979473684210526274e-01
8.126315789473683715e-01
7.795789473684210380e-01
7.953684210526316134e-01
8.020526315789473504e-01
8.003684210526316178e-01
8.177894736842105106e-01
7.848947368421053117e-01
7.901578947368420591e-01
8.058421052631579151e-01
8.125789473684210673e-01
8.024736842105263390e-01
8.132105263157894948e-01
8.183684210526316338e-01
8.138421052631579222e-01
7.714736842105263115e-01
7.706842105263157494e-01
8.070526315789473548e-01
8.120526315789473593e-01
8.038421052631579133e-01
8.165789473684210709e-01
7.972105263157894806e-01
7.966842105263157725e-01
8.065263157894736468e-01
8.148421052631579231e-01
7.983684210526316161e-01
8.114210526315789318e-01
8.210526315789473673e-01
8.198421052631579276e-01
8.145263157894736539e-01
8.237894736842105159e-01
8.211052631578947825e-01
8.216315789473683795e-01
8.201052631578947816e-01
8.095263157894736494e-01
7.827368421052631753e-01
8.028947368421052166e-01
8.144736842105263497e-01
8.097368421052631993e-01
8.090526315789473566e-01
8.101578947368420769e-01
8.301578947368420947e-01
8.227894736842105150e-01
7.976315789473684692e-01
8.160526315789473628e-01
7.456315789473684230e-01
7.991052631578947629e-01
7.945789473684210513e-01
8.118947368421052246e-01
8.227894736842105150e-01
8.079473684210526363e-01
8.139473684210526416e-01
7.698947368421052984e-01
8.235263157894736619e-01
8.118947368421052246e-01
8.051578947368420724e-01
8.161578947368420822e-01
8.073157894736842088e-01
8.059473684210526345e-01
7.915789473684210487e-01
7.982631578947368967e-01
8.076842105263157823e-01
8.119473684210526399e-01
8.162105263157894974e-01
8.158421052631579240e-01
8.018421052631579116e-01
8.043684210526316214e-01
7.908947368421053170e-01
8.041578947368420716e-01
8.137368421052632028e-01
8.118947368421052246e-01
8.208947368421052326e-01
8.256842105263157983e-01
8.149999999999999467e-01
8.223684210526315264e-01
7.750000000000000222e-01
7.631578947368421462e-01
8.093157894736842106e-01
8.157894736842105088e-01
8.083157894736842097e-01
8.341578947368420982e-01
7.984736842105263355e-01
7.996315789473684710e-01
8.185789473684210726e-01
8.120000000000000551e-01
7.857368421052631779e-01
7.876315789473684603e-01
8.215789473684210753e-01
7.916315789473684639e-01
8.297894736842105212e-01
8.209473684210526478e-01
7.780526315789473291e-01
8.099473684210526381e-01
8.254736842105263595e-01
8.017368421052631922e-01
8.041578947368420716e-01
8.308947368421052415e-01
8.221052631578947834e-01
8.194736842105263541e-01
8.342631578947368176e-01
8.159473684210526434e-01
8.173157894736842177e-01
8.322631578947368158e-01
8.278421052631579347e-01
7.570000000000000062e-01
8.329473684210526585e-01
8.264210526315789451e-01
8.279999999999999583e-01
8.149473684210526425e-01
8.192631578947368043e-01
8.321052631578947922e-01
8.304736842105263639e-01
8.080526315789473557e-01
8.315789473684210842e-01
8.302631578947368141e-01
8.332631578947368167e-01
8.301578947368420947e-01
8.324736842105263657e-01
8.260526315789473717e-01
8.338421052631579400e-01
8.289473684210526550e-01
8.132631578947367990e-01
8.133684210526316294e-01
8.218421052631579293e-01
8.070526315789473548e-01
7.872631578947368869e-01
8.047894736842104990e-01
8.117894736842105052e-01
8.299999999999999600e-01
8.305789473684210833e-01
8.291578947368420938e-01
8.084736842105263444e-01
8.182105263157894992e-01
7.859473684210526168e-01
8.047368421052631948e-01
8.169473684210526443e-01
7.882105263157894726e-01
8.083684210526316249e-01
8.346315789473683910e-01
8.253684210526315290e-01
8.221578947368420875e-01
8.318947368421052424e-01
8.117368421052632010e-01
8.277368421052631042e-01
8.091052631578947718e-01
8.219999999999999529e-01
8.278947368421052388e-01
8.196315789473683777e-01
8.361578947368421000e-01
7.687368421052631628e-01
8.108947368421052238e-01
8.100000000000000533e-01
7.951578947368420636e-01
8.269473684210526532e-01
8.302631578947368141e-01
8.380526315789473824e-01
8.327368421052631087e-01
8.134210526315789336e-01
8.299473684210526558e-01
8.341578947368420982e-01
8.392631578947368221e-01
8.380526315789473824e-01
8.165789473684210709e-01
7.571578947368421408e-01
8.125789473684210673e-01
8.241052631578947851e-01
8.309999999999999609e-01
8.290526315789473744e-01
8.041052631578947674e-01
8.097894736842105035e-01
8.078947368421052211e-01
8.300526315789473752e-01
8.388421052631579444e-01
8.256842105263157983e-01
8.420526315789473859e-01
8.416315789473683973e-01
8.264736842105263603e-01
8.431052631578946910e-01
8.325263157894736699e-01
8.309473684210526567e-01
8.073157894736842088e-01
8.236842105263157965e-01
7.959473684210526256e-01
8.095789473684210646e-01
8.422631578947368247e-01
8.319473684210526576e-01
8.312105263157895108e-01
8.294736842105263630e-01
8.389999999999999680e-01
8.187894736842105115e-01
8.472631578947368292e-01
8.378947368421052477e-01
8.269999999999999574e-01
8.450526315789473886e-01
8.349999999999999645e-01
8.324210526315789505e-01
8.205263157894736592e-01
8.278421052631579347e-01
8.148421052631579231e-01
8.312631578947368149e-01
8.451052631578946928e-01
8.382105263157895170e-01
8.423157894736842399e-01
8.145789473684210691e-01
7.906842105263157672e-01
8.185789473684210726e-01
8.386842105263158098e-01
8.284210526315789469e-01
8.445789473684210957e-01
8.518421052631578450e-01
8.391578947368421026e-01
8.389473684210526638e-01
8.481578947368421106e-01
8.193684210526315237e-01
8.234736842105263577e-01
8.057368421052631957e-01
8.433157894736842408e-01
8.107894736842105043e-01
7.680526315789473202e-01
8.294210526315789478e-01
8.406842105263158116e-01
8.203684210526315246e-01
8.328421052631579391e-01
8.281578947368420929e-01
8.321052631578947922e-01
8.377894736842105283e-01
8.385263157894736752e-01
8.458421052631578396e-01
8.442105263157895223e-01
8.093684210526316258e-01
8.337368421052631096e-01
8.325263157894736699e-01
8.379473684210526629e-01
8.371052631578946857e-01
8.257894736842105177e-01
8.508421052631578441e-01
7.722631578947368736e-01
7.693684210526315903e-01
8.141578947368420804e-01
8.230526315789473690e-01
8.356842105263158071e-01
8.476842105263158178e-01
8.287368421052631051e-01
8.351578947368420991e-01
8.314210526315789496e-01
8.362631578947368194e-01
8.312631578947368149e-01
8.406842105263158116e-01
8.371578947368421009e-01
8.364210526315789540e-01
8.499999999999999778e-01
7.792105263157894646e-01
8.239473684210526505e-01
8.297368421052631060e-01
7.512105263157894397e-01
7.871578947368420565e-01
8.208947368421052326e-01
8.374210526315789549e-01
8.448421052631579498e-01
8.282631578947368123e-01
8.505789473684211011e-01
8.385263157894736752e-01
8.446315789473683999e-01
8.468947368421052557e-01
8.337894736842105248e-01
8.307894736842105221e-01
8.302105263157895099e-01
8.495789473684211002e-01
8.497368421052631238e-01
8.547368421052631282e-01
8.333157894736842319e-01
8.505789473684211011e-01
8.409473684210526656e-01
8.423157894736842399e-01
8.317368421052631078e-01
8.297894736842105212e-01
8.368947368421052468e-01
8.427368421052631176e-01
8.561578947368421177e-01
8.369473684210526621e-01
8.468947368421052557e-01
8.382105263157895170e-01
8.360526315789473806e-01
8.399473684210526647e-01
8.418947368421052513e-01
8.479999999999999760e-01
8.404210526315789576e-01
8.488947368421052575e-01
8.488421052631578423e-01
8.425263157894736787e-01
8.365263157894736734e-01
8.243684210526315281e-01
8.312105263157895108e-01
8.341052631578946830e-01
8.387894736842105292e-01
8.334736842105263666e-01
8.246315789473683822e-01
8.419473684210526665e-01
8.462105263157895241e-01
8.448421052631579498e-01
8.289473684210526550e-01
8.078947368421052211e-01
7.910000000000000364e-01
8.357894736842105265e-01
8.498421052631578432e-01
8.408947368421052504e-01
8.495789473684211002e-01
8.503684210526315512e-01
8.479999999999999760e-01
8.512631578947368327e-01
8.588421052631578512e-01
8.498421052631578432e-01
8.313684210526315344e-01
8.117368421052632010e-01
8.465789473684210975e-01
8.313157894736842302e-01
8.420526315789473859e-01
8.482105263157895259e-01
8.553684210526315557e-01
8.454736842105262662e-01
8.330526315789473779e-01
8.427368421052631176e-01
8.577894736842105461e-01
8.354736842105263683e-01
8.321052631578947922e-01
8.434210526315789602e-01
8.487368421052631229e-01
8.579473684210526807e-01
8.477368421052631220e-01
8.565789473684211064e-01
8.363157894736842346e-01
8.504210526315789664e-01
8.485263157894736841e-01
8.214736842105263559e-01
8.362631578947368194e-01
8.347368421052631104e-01
8.442105263157895223e-01
8.544736842105262742e-01
8.413157894736842390e-01
8.483157894736842453e-01
8.152105263157894965e-01
8.421052631578946901e-01
8.028947368421052166e-01
8.398947368421052495e-01
8.541578947368421160e-01
8.422631578947368247e-01
8.440526315789473877e-01
8.555789473684211055e-01
8.619999999999999885e-01
8.448947368421052539e-01
8.619999999999999885e-01
8.561052631578947025e-01
8.416842105263158125e-01
8.524210526315789682e-01
8.501052631578946972e-01
8.249999999999999556e-01
8.411578947368421044e-01
8.314736842105263648e-01
8.554736842105262751e-01
8.495263157894736850e-01
8.408421052631579462e-01
8.491052631578946963e-01
8.607368421052631335e-01
