6.915764808654785156e-01
6.917974948883056641e-01
6.918323636054992676e-01
6.891008317470550537e-01
6.767063140869140625e-01
6.558162569999694824e-01
6.365940868854522705e-01
6.221854686737060547e-01
6.118525862693786621e-01
6.043592691421508789e-01
5.988119840621948242e-01
5.936204791069030762e-01
5.895889997482299805e-01
5.857956409454345703e-01
5.814593732357025146e-01
5.772052109241485596e-01
5.741779804229736328e-01
5.694532692432403564e-01
5.659776628017425537e-01
5.610945820808410645e-01
5.579527616500854492e-01
5.532879829406738281e-01
5.488638877868652344e-01
5.443427264690399170e-01
5.412573218345642090e-01
5.364239215850830078e-01
5.326400101184844971e-01
5.292669534683227539e-01
5.262950956821441650e-01
5.222710371017456055e-01
5.177827179431915283e-01
5.144004523754119873e-01
5.120965838432312012e-01
5.109184384346008301e-01
5.062886774539947510e-01
5.023423135280609131e-01
4.988241195678710938e-01
4.961868822574615479e-01
4.934288859367370605e-01
4.901744723320007324e-01
4.867186844348907471e-01
4.848080128431320190e-01
4.809853136539459229e-01
4.782639741897583008e-01
4.771644473075866699e-01
4.739301204681396484e-01
4.701238274574279785e-01
4.674315452575683594e-01
4.657383263111114502e-01
4.620178341865539551e-01
4.598499536514282227e-01
4.569800645112991333e-01
4.545516222715377808e-01
4.580899178981781006e-01
4.503181427717208862e-01
4.481680095195770264e-01
4.448024630546569824e-01
4.437663853168487549e-01
4.407251328229904175e-01
4.399313926696777344e-01
4.382596164941787720e-01
4.369098842144012451e-01
4.339347779750823975e-01
4.317851960659027100e-01
4.299745410680770874e-01
4.275651574134826660e-01
4.251368641853332520e-01
4.257604032754898071e-01
4.241968840360641479e-01
4.217087030410766602e-01
4.190411269664764404e-01
4.182204753160476685e-01
4.178501069545745850e-01
4.141921699047088623e-01
4.126879423856735229e-01
4.113882482051849365e-01
4.083394706249237061e-01
4.066084027290344238e-01
4.068528860807418823e-01
4.056689143180847168e-01
4.031832069158554077e-01
4.026778042316436768e-01
4.011607021093368530e-01
4.064119011163711548e-01
4.031879454851150513e-01
3.995376825332641602e-01
3.954999595880508423e-01
3.943902254104614258e-01
3.930129110813140869e-01
3.943754285573959351e-01
3.958011269569396973e-01
3.920562267303466797e-01
3.931555002927780151e-01
3.890824168920516968e-01
3.841177821159362793e-01
3.842631876468658447e-01
3.835492134094238281e-01
3.834936320781707764e-01
3.792506605386734009e-01
3.805848062038421631e-01
3.808232843875885010e-01
3.831552267074584961e-01
3.781073242425918579e-01
3.753486871719360352e-01
3.755075782537460327e-01
3.755983412265777588e-01
3.736259639263153076e-01
3.723912090063095093e-01
3.698528707027435303e-01
3.699069172143936157e-01
3.672777414321899414e-01
3.662570118904113770e-01
3.676254004240036011e-01
3.720950335264205933e-01
3.639346659183502197e-01
3.637610822916030884e-01
3.644024133682250977e-01
3.616451025009155273e-01
3.612701445817947388e-01
3.597932010889053345e-01
3.622791916131973267e-01
3.576442599296569824e-01
3.567227423191070557e-01
3.602250814437866211e-01
3.584106862545013428e-01
3.538963198661804199e-01
3.568691909313201904e-01
3.519680202007293701e-01
3.524196892976760864e-01
3.537359833717346191e-01
3.563327044248580933e-01
3.492849171161651611e-01
3.532586991786956787e-01
3.471441417932510376e-01
3.491172790527343750e-01
3.522538244724273682e-01
3.466626554727554321e-01
3.470146358013153076e-01
3.470794409513473511e-01
3.446512669324874878e-01
3.426703512668609619e-01
3.434201776981353760e-01
3.405741751194000244e-01
3.437708914279937744e-01
3.398395627737045288e-01
3.416791558265686035e-01
3.406123518943786621e-01
3.398421704769134521e-01
3.376669436693191528e-01
3.349766135215759277e-01
3.396998047828674316e-01
3.355102688074111938e-01
3.332726806402206421e-01
3.349373042583465576e-01
3.323250710964202881e-01
3.365589231252670288e-01
3.365217000246047974e-01
3.328872621059417725e-01
3.323882222175598145e-01
3.338148295879364014e-01
3.322859853506088257e-01
3.359665721654891968e-01
3.285425007343292236e-01
3.300597667694091797e-01
3.291209489107131958e-01
3.258161097764968872e-01
3.259327411651611328e-01
3.270649313926696777e-01
3.319886773824691772e-01
3.240918666124343872e-01
3.260760456323623657e-01
3.236080110073089600e-01
3.228780627250671387e-01
3.215979039669036865e-01
3.188208639621734619e-01
3.202196955680847168e-01
3.235627263784408569e-01
3.232291638851165771e-01
3.227765858173370361e-01
3.266988843679428101e-01
3.240711688995361328e-01
3.245957791805267334e-01
3.214296549558639526e-01
3.185648918151855469e-01
3.162038922309875488e-01
3.205522298812866211e-01
3.131313771009445190e-01
3.129494488239288330e-01
3.178941756486892700e-01
3.188425451517105103e-01
3.164203166961669922e-01
3.122273534536361694e-01
3.209274709224700928e-01
3.168962597846984863e-01
3.118178993463516235e-01
3.123832941055297852e-01
3.128653466701507568e-01
3.075501620769500732e-01
3.065347522497177124e-01
3.057973235845565796e-01
3.111595958471298218e-01
3.063719570636749268e-01
3.042325824499130249e-01
3.074214458465576172e-01
3.116137236356735229e-01
3.066170215606689453e-01
3.052099049091339111e-01
3.086425513029098511e-01
3.034954965114593506e-01
3.031343519687652588e-01
3.031748682260513306e-01
3.110269904136657715e-01
3.069500178098678589e-01
3.039737194776535034e-01
3.109428733587265015e-01
3.053492456674575806e-01
2.999692708253860474e-01
3.040823340415954590e-01
3.010921329259872437e-01
3.037776052951812744e-01
3.054171502590179443e-01
2.976446598768234253e-01
2.978229522705078125e-01
2.973648607730865479e-01
3.037053197622299194e-01
2.997564971446990967e-01
3.039109408855438232e-01
2.999980896711349487e-01
2.953945994377136230e-01
2.953824102878570557e-01
3.059767931699752808e-01
3.007862865924835205e-01
3.044453710317611694e-01
2.951473444700241089e-01
2.924452722072601318e-01
3.091223239898681641e-01
2.955717146396636963e-01
2.939232736825942993e-01
2.909408062696456909e-01
2.897661179304122925e-01
2.912399619817733765e-01
2.911799401044845581e-01
2.986383736133575439e-01
2.978165447711944580e-01
2.951975017786026001e-01
2.961149513721466064e-01
2.893234044313430786e-01
2.920757830142974854e-01
2.877964973449707031e-01
2.876085340976715088e-01
2.913295626640319824e-01
2.872037589550018311e-01
2.862746566534042358e-01
2.879446148872375488e-01
2.970427870750427246e-01
2.928475141525268555e-01
2.903795689344406128e-01
2.890198081731796265e-01
2.893689125776290894e-01
2.883053272962570190e-01
2.874124050140380859e-01
2.897890657186508179e-01
2.867410331964492798e-01
2.992315590381622314e-01
2.947698533535003662e-01
2.900099009275436401e-01
2.866780906915664673e-01
2.921133935451507568e-01
2.844484299421310425e-01
2.788923382759094238e-01
2.830133885145187378e-01
2.806402593851089478e-01
2.829408049583435059e-01
2.843414992094039917e-01
2.875542193651199341e-01
2.835572957992553711e-01
2.812060117721557617e-01
2.847154736518859863e-01
2.797094732522964478e-01
2.818825542926788330e-01
2.770326584577560425e-01
2.768970131874084473e-01
2.750596553087234497e-01
2.756507545709609985e-01
2.783358395099639893e-01
2.819749116897583008e-01
2.756803929805755615e-01
2.785635739564895630e-01
2.779726088047027588e-01
2.805083692073822021e-01
2.727496773004531860e-01
2.762916982173919678e-01
2.741259634494781494e-01
2.761963456869125366e-01
2.744396924972534180e-01
2.769021093845367432e-01
2.738939821720123291e-01
2.735692113637924194e-01
2.739812284708023071e-01
2.759942859411239624e-01
2.719584554433822632e-01
2.727850675582885742e-01
2.751641124486923218e-01
2.749392986297607422e-01
2.748437523841857910e-01
2.696609646081924438e-01
2.780318260192871094e-01
2.732999771833419800e-01
2.730598151683807373e-01
2.685202956199645996e-01
2.683354318141937256e-01
2.680808901786804199e-01
2.751408368349075317e-01
2.714159339666366577e-01
2.774245738983154297e-01
2.785882204771041870e-01
2.688670158386230469e-01
2.769411206245422363e-01
2.736311852931976318e-01
2.723876982927322388e-01
2.699244767427444458e-01
2.704299837350845337e-01
2.680478990077972412e-01
2.685825675725936890e-01
2.706368565559387207e-01
2.674974948167800903e-01
2.662196010351181030e-01
2.676642835140228271e-01
2.718136310577392578e-01
2.687268853187561035e-01
2.664172649383544922e-01
2.651740014553070068e-01
2.754149734973907471e-01
2.672712653875350952e-01
2.664893567562103271e-01
2.693291753530502319e-01
2.635603845119476318e-01
2.643127143383026123e-01
2.881215214729309082e-01
2.628170549869537354e-01
2.632138729095458984e-01
2.660747766494750977e-01
2.627940177917480469e-01
2.624137252569198608e-01
2.617449015378952026e-01
2.705061733722686768e-01
2.737108618021011353e-01
2.685296535491943359e-01
2.640527784824371338e-01
2.698443681001663208e-01
2.690602391958236694e-01
2.648536264896392822e-01
2.645889967679977417e-01
2.663392126560211182e-01
2.600312680006027222e-01
2.633011192083358765e-01
2.590585500001907349e-01
2.591873705387115479e-01
2.681448757648468018e-01
2.623274177312850952e-01
2.626994848251342773e-01
2.634352147579193115e-01
2.578754723072052002e-01
2.582362592220306396e-01
2.552820593118667603e-01
2.564683109521865845e-01
2.580687254667282104e-01
2.653991878032684326e-01
2.656029164791107178e-01
2.601375430822372437e-01
2.611964643001556396e-01
2.569755315780639648e-01
2.609289288520812988e-01
2.601766437292098999e-01
2.573004066944122314e-01
2.567932903766632080e-01
2.682283073663711548e-01
2.590903639793395996e-01
2.624474316835403442e-01
2.625372111797332764e-01
2.537086009979248047e-01
2.611609697341918945e-01
2.649214565753936768e-01
2.534281313419342041e-01
2.570632547140121460e-01
2.577891647815704346e-01
2.675558477640151978e-01
2.741112858057022095e-01
2.594426721334457397e-01
2.776674479246139526e-01
2.565058022737503052e-01
2.564534246921539307e-01
2.548961713910102844e-01
2.531706690788269043e-01
2.537143304944038391e-01
2.521070614457130432e-01
2.538310438394546509e-01
2.555532306432723999e-01
2.546645253896713257e-01
2.547231316566467285e-01
2.529904693365097046e-01
2.653510719537734985e-01
2.539508044719696045e-01
2.560438066720962524e-01
2.587205767631530762e-01
2.497298121452331543e-01
2.551131322979927063e-01
2.523366361856460571e-01
2.517725974321365356e-01
2.513406053185462952e-01
2.527715638279914856e-01
2.545776516199111938e-01
2.482297196984291077e-01
2.527183964848518372e-01
2.482877895236015320e-01
2.472984120249748230e-01
2.475661486387252808e-01
2.496157139539718628e-01
2.569886147975921631e-01
2.498996704816818237e-01
2.490850538015365601e-01
2.510198950767517090e-01
2.500865831971168518e-01
2.516044452786445618e-01
2.505268529057502747e-01
2.511077299714088440e-01
2.519848644733428955e-01
2.482858449220657349e-01
2.474816292524337769e-01
2.551346272230148315e-01
2.522207349538803101e-01
2.483380660414695740e-01
2.517737150192260742e-01
2.464430183172225952e-01
2.516344487667083740e-01
2.476847767829895020e-01
2.542186453938484192e-01
2.467533349990844727e-01
2.505469918251037598e-01
2.444674223661422729e-01
2.480400353670120239e-01
2.453875318169593811e-01
2.445951104164123535e-01
2.453737929463386536e-01
2.462933659553527832e-01
2.446693405508995056e-01
2.449042946100234985e-01
2.471271157264709473e-01
2.420846000313758850e-01
2.454116940498352051e-01
2.484502345323562622e-01
2.450836077332496643e-01
2.484974265098571777e-01
2.427308857440948486e-01
2.459856718778610229e-01
2.442375943064689636e-01
2.411022409796714783e-01
2.454952821135520935e-01
2.408579438924789429e-01
2.465708702802658081e-01
2.418277263641357422e-01
2.446889579296112061e-01
2.574531883001327515e-01
2.471873238682746887e-01
2.434204965829849243e-01
2.440096288919448853e-01
2.447556108236312866e-01
2.438343167304992676e-01
2.524248734116554260e-01
2.434811964631080627e-01
2.420250326395034790e-01
2.472569644451141357e-01
2.439786344766616821e-01
2.459163442254066467e-01
2.455134987831115723e-01
2.442683726549148560e-01
2.393248677253723145e-01
2.515729740262031555e-01
2.495705485343933105e-01
2.447916120290756226e-01
2.432583495974540710e-01
2.401594743132591248e-01
2.442956864833831787e-01
2.387551814317703247e-01
2.388766407966613770e-01
2.440326213836669922e-01
2.425112351775169373e-01
2.416139841079711914e-01
2.459917068481445312e-01
2.391330972313880920e-01
2.408382892608642578e-01
2.425657659769058228e-01
2.414748817682266235e-01
2.451476752758026123e-01
2.417948171496391296e-01
2.392599135637283325e-01
2.395080104470252991e-01
2.455730587244033813e-01
2.426320984959602356e-01
2.385663390159606934e-01
2.420268654823303223e-01
2.391259372234344482e-01
2.368740662932395935e-01
2.395268976688385010e-01
2.428479194641113281e-01
2.399829104542732239e-01
2.395890504121780396e-01
2.375254184007644653e-01
2.402887195348739624e-01
2.375600337982177734e-01
2.405221760272979736e-01
2.393963485956192017e-01
2.472038567066192627e-01
2.436181977391242981e-01
2.367557734251022339e-01
2.498159110546112061e-01
2.531996667385101318e-01
2.465335726737976074e-01
2.419521138072013855e-01
2.362506613135337830e-01
2.407436668872833252e-01
2.444012388586997986e-01
2.379465103149414062e-01
2.349323630332946777e-01
2.339527606964111328e-01
2.385986223816871643e-01
2.360318005084991455e-01
2.387244626879692078e-01
2.412142753601074219e-01
2.518517673015594482e-01
2.413457781076431274e-01
2.357945367693901062e-01
2.335835993289947510e-01
2.392526715993881226e-01
2.370875179767608643e-01
2.359163910150527954e-01
2.343009188771247864e-01
2.447193041443824768e-01
2.385078892111778259e-01
2.403990626335144043e-01
2.332831174135208130e-01
2.360942885279655457e-01
2.341674417257308960e-01
2.346021011471748352e-01
2.425275295972824097e-01
2.329647168517112732e-01
2.458034604787826538e-01
2.363800555467605591e-01
2.316058278083801270e-01
2.413458526134490967e-01
2.428838759660720825e-01
2.326467707753181458e-01
2.454317063093185425e-01
2.343804016709327698e-01
2.324036210775375366e-01
2.323208525776863098e-01
2.400306612253189087e-01
2.372161895036697388e-01
2.321517840027809143e-01
2.348023653030395508e-01
2.305767685174942017e-01
2.313191071152687073e-01
2.343273460865020752e-01
2.364395558834075928e-01
2.316724509000778198e-01
2.377112507820129395e-01
2.390147894620895386e-01
2.307970821857452393e-01
2.352716177701950073e-01
2.310146316885948181e-01
2.297501862049102783e-01
2.283595800399780273e-01
2.348636388778686523e-01
2.356387972831726074e-01
2.311032637953758240e-01
2.298962920904159546e-01
2.360032349824905396e-01
2.375471666455268860e-01
2.315084934234619141e-01
2.283192127943038940e-01
2.282604575157165527e-01
2.267192751169204712e-01
2.296148985624313354e-01
2.336082234978675842e-01
2.276816815137863159e-01
2.298149764537811279e-01
2.316863536834716797e-01
2.350877821445465088e-01
2.310674339532852173e-01
2.339835315942764282e-01
2.287125587463378906e-01
2.317260056734085083e-01
2.262881621718406677e-01
2.328644841909408569e-01
2.261337935924530029e-01
2.300944179296493530e-01
2.271431833505630493e-01
2.274819016456604004e-01
2.377078160643577576e-01
2.293729409575462341e-01
2.316852658987045288e-01
2.310379520058631897e-01
2.306952476501464844e-01
2.302792444825172424e-01
2.456564307212829590e-01
2.339226379990577698e-01
2.346410676836967468e-01
2.347157150506973267e-01
2.343524545431137085e-01
2.323972582817077637e-01
2.267280071973800659e-01
2.313383296132087708e-01
2.278282344341278076e-01
2.296230271458625793e-01
2.289886847138404846e-01
2.246128767728805542e-01
2.322613298892974854e-01
2.280489951372146606e-01
2.406099364161491394e-01
2.420492768287658691e-01
2.416217923164367676e-01
2.315950542688369751e-01
2.320564240217208862e-01
2.304540425539016724e-01
2.274819314479827881e-01
2.238400354981422424e-01
2.244546711444854736e-01
2.317767813801765442e-01
2.242554798722267151e-01
2.254974544048309326e-01
2.234648019075393677e-01
2.226066440343856812e-01
2.250162288546562195e-01
2.294779494404792786e-01
2.248012274503707886e-01
2.325985729694366455e-01
2.272454127669334412e-01
2.333795204758644104e-01
2.299234271049499512e-01
2.242828458547592163e-01
2.318358421325683594e-01
2.292707413434982300e-01
2.270367071032524109e-01
2.283450514078140259e-01
2.228477597236633301e-01
2.301125302910804749e-01
2.285252362489700317e-01
2.275775074958801270e-01
2.238323017954826355e-01
2.275722920894622803e-01
2.240156456828117371e-01
2.223647907376289368e-01
2.238791659474372864e-01
2.356256470084190369e-01
2.369357943534851074e-01
2.244834750890731812e-01
2.239342331886291504e-01
2.250906527042388916e-01
2.224207818508148193e-01
2.290540710091590881e-01
2.264938727021217346e-01
2.247953712940216064e-01
2.238903790712356567e-01
2.269120141863822937e-01
2.238157838582992554e-01
2.220763340592384338e-01
2.222161591053009033e-01
2.232214212417602539e-01
2.208865359425544739e-01
2.221050262451171875e-01
2.208675146102905273e-01
2.211535647511482239e-01
2.258818149566650391e-01
2.343803942203521729e-01
2.267168909311294556e-01
2.229385450482368469e-01
2.235389575362205505e-01
2.239547520875930786e-01
2.235300168395042419e-01
2.191962897777557373e-01
2.206505089998245239e-01
2.260883525013923645e-01
2.217806130647659302e-01
2.457323819398880005e-01
2.287484183907508850e-01
2.294829711318016052e-01
2.238610237836837769e-01
2.207437828183174133e-01
2.245267480611801147e-01
2.227934971451759338e-01
2.315678223967552185e-01
2.216070070862770081e-01
2.231729328632354736e-01
2.244996428489685059e-01
2.233016490936279297e-01
2.247988730669021606e-01
2.240549027919769287e-01
2.269586026668548584e-01
2.271424755454063416e-01
2.243043482303619385e-01
2.231819704174995422e-01
2.220873087644577026e-01
2.220111712813377380e-01
2.275421544909477234e-01
2.243821695446968079e-01
2.279165387153625488e-01
2.258430197834968567e-01
2.240103706717491150e-01
2.240330129861831665e-01
2.205218449234962463e-01
2.204863056540489197e-01
2.233574986457824707e-01
2.192504629492759705e-01
2.313530668616294861e-01
2.343382164835929871e-01
2.240030243992805481e-01
2.223267629742622375e-01
2.233797013759613037e-01
2.178721725940704346e-01
2.281991466879844666e-01
2.281957417726516724e-01
2.204359173774719238e-01
2.222430035471916199e-01
2.328973114490509033e-01
2.305787801742553711e-01
2.195269316434860229e-01
2.291850149631500244e-01
2.190367430448532104e-01
2.200649157166481018e-01
2.305699363350868225e-01
2.223698794841766357e-01
2.201718837022781372e-01
2.262613549828529358e-01
2.244565188884735107e-01
2.179383486509323120e-01
2.205175310373306274e-01
2.203581631183624268e-01
2.164549678564071655e-01
2.218378707766532898e-01
2.210298031568527222e-01
2.170964181423187256e-01
2.187443226575851440e-01
2.363941669464111328e-01
2.165452688932418823e-01
2.183110862970352173e-01
2.185301780700683594e-01
2.223405614495277405e-01
2.204938009381294250e-01
2.176052182912826538e-01
2.178214341402053833e-01
2.240450903773307800e-01
2.175113335251808167e-01
2.175848484039306641e-01
2.169647514820098877e-01
2.174572721123695374e-01
2.163174599409103394e-01
2.189354449510574341e-01
2.166297361254692078e-01
2.168726325035095215e-01
2.211701869964599609e-01
2.215350791811943054e-01
2.206914424896240234e-01
2.234042510390281677e-01
2.280641198158264160e-01
2.232439368963241577e-01
2.218324989080429077e-01
2.171725928783416748e-01
2.179649844765663147e-01
2.173391431570053101e-01
2.230108827352523804e-01
2.199007645249366760e-01
2.274146378040313721e-01
2.263532727956771851e-01
2.208480909466743469e-01
2.267187833786010742e-01
2.223479151725769043e-01
2.169745266437530518e-01
2.193160727620124817e-01
2.180003896355628967e-01
2.184179574251174927e-01
2.207585349678993225e-01
2.175183817744255066e-01
2.237520590424537659e-01
2.201523631811141968e-01
2.173949778079986572e-01
2.190087065100669861e-01
2.157243043184280396e-01
2.337370067834854126e-01
2.209077477455139160e-01
2.217119783163070679e-01
2.274639308452606201e-01
2.187993675470352173e-01
2.164866179227828979e-01
2.146652787923812866e-01
2.157098725438117981e-01
2.209853976964950562e-01
2.178823202848434448e-01
2.162898033857345581e-01
2.144301906228065491e-01
2.160421535372734070e-01
2.221862524747848511e-01
2.388382852077484131e-01
2.224700599908828735e-01
2.173245325684547424e-01
2.173255532979965210e-01
2.182039916515350342e-01
2.240576595067977905e-01
2.214585393667221069e-01
2.243525162339210510e-01
2.167422622442245483e-01
2.150131464004516602e-01
2.176546379923820496e-01
2.136358171701431274e-01
2.141083702445030212e-01
2.177108600735664368e-01
2.135914862155914307e-01
2.164246812462806702e-01
2.165280357003211975e-01
2.237573340535163879e-01
2.193139791488647461e-01
2.276191562414169312e-01
2.220017015933990479e-01
2.137107774615287781e-01
2.167856097221374512e-01
2.159793674945831299e-01
2.178231328725814819e-01
2.149962186813354492e-01
2.198391258716583252e-01
2.128993868827819824e-01
2.153330147266387939e-01
2.166030779480934143e-01
2.133809402585029602e-01
2.159262597560882568e-01
2.157847508788108826e-01
2.204282879829406738e-01
2.168677896261215210e-01
2.211039811372756958e-01
2.173889279365539551e-01
2.130475044250488281e-01
2.146920263767242432e-01
2.136058434844017029e-01
2.208352833986282349e-01
2.275500893592834473e-01
2.219647914171218872e-01
2.145812660455703735e-01
2.163298279047012329e-01
2.121916040778160095e-01
2.105765789747238159e-01
2.145608291029930115e-01
2.137632519006729126e-01
2.124128341674804688e-01
2.198973819613456726e-01
2.175479978322982788e-01
2.235262095928192139e-01
2.134369462728500366e-01
2.225653231143951416e-01
2.313432916998863220e-01
2.160601019859313965e-01
2.147338017821311951e-01
2.190245836973190308e-01
2.153637781739234924e-01
2.172552943229675293e-01
2.159543931484222412e-01
2.154444381594657898e-01
2.136068195104598999e-01
2.121977061033248901e-01
2.124368697404861450e-01
2.211995273828506470e-01
2.171647846698760986e-01
2.183891832828521729e-01
2.147916927933692932e-01
2.142998203635215759e-01
2.181915342807769775e-01
2.114121615886688232e-01
2.348784953355789185e-01
2.331165894865989685e-01
2.229971289634704590e-01
2.177528440952301025e-01
2.151512354612350464e-01
2.113586962223052979e-01
2.176002711057662964e-01
2.158443927764892578e-01
2.158394604921340942e-01
2.155703827738761902e-01
2.157618775963783264e-01
2.144642025232315063e-01
2.133181244134902954e-01
2.142241224646568298e-01
2.116760015487670898e-01
2.290363609790802002e-01
2.197384014725685120e-01
2.162241339683532715e-01
2.447700053453445435e-01
2.281675413250923157e-01
2.194685265421867371e-01
2.145006731152534485e-01
2.128653153777122498e-01
2.179257273674011230e-01
2.099571898579597473e-01
2.145062610507011414e-01
2.129063308238983154e-01
2.119505554437637329e-01
2.151480913162231445e-01
2.156053408980369568e-01
2.145904824137687683e-01
2.105293124914169312e-01
2.100837156176567078e-01
2.093123719096183777e-01
2.162680774927139282e-01
2.104800641536712646e-01
2.129616811871528625e-01
2.134623527526855469e-01
2.169851437211036682e-01
2.153520584106445312e-01
2.148490473628044128e-01
2.116481065750122070e-01
2.084420248866081238e-01
2.154009863734245300e-01
2.118971198797225952e-01
2.148846760392189026e-01
2.151797637343406677e-01
2.126423567533493042e-01
2.121355682611465454e-01
2.103716507554054260e-01
2.128313779830932617e-01
2.112770602107048035e-01
2.116733789443969727e-01
2.122338861227035522e-01
2.141553834080696106e-01
2.186375781893730164e-01
2.167482301592826843e-01
2.143507152795791626e-01
2.137036621570587158e-01
2.143902108073234558e-01
2.202250063419342041e-01
2.126417458057403564e-01
2.113859802484512329e-01
2.129190042614936829e-01
2.159602120518684387e-01
2.234510183334350586e-01
2.298026457428932190e-01
2.148030847311019897e-01
2.102141752839088440e-01
2.134256809949874878e-01
2.114643156528472900e-01
2.097314223647117615e-01
2.111671641469001770e-01
2.104617133736610413e-01
2.076030969619750977e-01
2.096969634294509888e-01
2.161992192268371582e-01
2.226681858301162720e-01
2.115282416343688965e-01
2.147831022739410400e-01
2.133177816867828369e-01
2.119899541139602661e-01
2.086582779884338379e-01
2.105912566184997559e-01
2.142391353845596313e-01
2.118038386106491089e-01
2.078501582145690918e-01
2.135596573352813721e-01
2.149702087044715881e-01
2.124044373631477356e-01
2.102992460131645203e-01
2.080242633819580078e-01
2.108953595161437988e-01
2.079664617776870728e-01
2.130213230848312378e-01
2.096890509128570557e-01
2.105398997664451599e-01
2.205664291977882385e-01
2.147970646619796753e-01
2.140453457832336426e-01
2.130009606480598450e-01
2.088622078299522400e-01
2.129936665296554565e-01
2.104161456227302551e-01
2.186424583196640015e-01
2.138168215751647949e-01
2.253879606723785400e-01
2.120627164840698242e-01
2.087129801511764526e-01
2.130757272243499756e-01
2.120651677250862122e-01
2.079427912831306458e-01
2.067141681909561157e-01
2.124448567628860474e-01
2.067792713642120361e-01
2.081359997391700745e-01
2.124462872743606567e-01
2.091102525591850281e-01
2.101976722478866577e-01
2.163329273462295532e-01
2.135379463434219360e-01
2.144480049610137939e-01
2.083044275641441345e-01
2.105317562818527222e-01
2.133433818817138672e-01
2.099787965416908264e-01
2.065316587686538696e-01
