2.000000000000000111e-01
2.000000000000000111e-01
2.393333333333333424e-01
3.920000000000000151e-01
6.360000000000000098e-01
6.633333333333333304e-01
6.606666666666666243e-01
6.620000000000000329e-01
6.713333333333333375e-01
6.620000000000000329e-01
6.593333333333333268e-01
6.526666666666666172e-01
6.546666666666666190e-01
6.560000000000000275e-01
6.593333333333333268e-01
6.546666666666666190e-01
6.553333333333333233e-01
6.580000000000000293e-01
6.573333333333333250e-01
6.573333333333333250e-01
6.540000000000000258e-01
6.546666666666666190e-01
6.560000000000000275e-01
6.520000000000000240e-01
6.533333333333333215e-01
6.533333333333333215e-01
6.533333333333333215e-01
6.533333333333333215e-01
6.566666666666666208e-01
6.526666666666666172e-01
6.506666666666666154e-01
6.546666666666666190e-01
6.526666666666666172e-01
6.513333333333333197e-01
6.513333333333333197e-01
6.520000000000000240e-01
6.520000000000000240e-01
6.546666666666666190e-01
6.486666666666666137e-01
6.506666666666666154e-01
6.533333333333333215e-01
6.513333333333333197e-01
6.553333333333333233e-01
6.493333333333333179e-01
6.526666666666666172e-01
6.520000000000000240e-01
6.526666666666666172e-01
6.540000000000000258e-01
6.533333333333333215e-01
6.540000000000000258e-01
6.546666666666666190e-01
6.546666666666666190e-01
6.533333333333333215e-01
6.540000000000000258e-01
6.540000000000000258e-01
6.526666666666666172e-01
6.520000000000000240e-01
6.526666666666666172e-01
6.513333333333333197e-01
6.566666666666666208e-01
6.560000000000000275e-01
6.493333333333333179e-01
6.500000000000000222e-01
6.513333333333333197e-01
6.506666666666666154e-01
6.500000000000000222e-01
6.506666666666666154e-01
6.513333333333333197e-01
6.513333333333333197e-01
6.480000000000000204e-01
6.466666666666666119e-01
6.500000000000000222e-01
6.533333333333333215e-01
6.506666666666666154e-01
6.526666666666666172e-01
6.500000000000000222e-01
6.493333333333333179e-01
6.500000000000000222e-01
6.473333333333333162e-01
6.493333333333333179e-01
6.500000000000000222e-01
6.520000000000000240e-01
6.493333333333333179e-01
6.540000000000000258e-01
6.500000000000000222e-01
6.520000000000000240e-01
6.513333333333333197e-01
6.540000000000000258e-01
6.513333333333333197e-01
6.506666666666666154e-01
6.500000000000000222e-01
6.500000000000000222e-01
6.520000000000000240e-01
6.526666666666666172e-01
6.493333333333333179e-01
6.546666666666666190e-01
6.506666666666666154e-01
6.506666666666666154e-01
6.526666666666666172e-01
6.500000000000000222e-01
6.480000000000000204e-01
