6.892255842685699463e-01
6.685332879424095154e-01
6.548874974250793457e-01
6.460047140717506409e-01
6.397761404514312744e-01
6.344470977783203125e-01
6.295226365327835083e-01
6.248459517955780029e-01
6.205402463674545288e-01
6.166431680321693420e-01
6.130276992917060852e-01
6.096329092979431152e-01
6.063711121678352356e-01
6.032757610082626343e-01
6.003389731049537659e-01
5.974602475762367249e-01
5.947324782609939575e-01
5.919691100716590881e-01
5.893970876932144165e-01
5.867617726325988770e-01
5.842008069157600403e-01
5.816556140780448914e-01
5.791492238640785217e-01
5.766137540340423584e-01
5.741310864686965942e-01
5.716611966490745544e-01
5.692394524812698364e-01
5.668070614337921143e-01
5.643579736351966858e-01
5.618710964918136597e-01
5.594896674156188965e-01
5.571755468845367432e-01
5.548123717308044434e-01
5.524303689599037170e-01
5.501937270164489746e-01
5.478376671671867371e-01
5.455816835165023804e-01
5.433469712734222412e-01
5.412094816565513611e-01
5.389815792441368103e-01
5.366048738360404968e-01
5.344420894980430603e-01
5.321971029043197632e-01
5.300663784146308899e-01
5.276912078261375427e-01
5.259552747011184692e-01
5.236904993653297424e-01
5.216492563486099243e-01
5.195710882544517517e-01
5.176051482558250427e-01
5.152922421693801880e-01
5.132821202278137207e-01
5.114787146449089050e-01
5.095200762152671814e-01
5.075895562767982483e-01
5.055336207151412964e-01
5.036775469779968262e-01
5.020693913102149963e-01
5.000378042459487915e-01
4.981313087046146393e-01
4.963408447802066803e-01
4.946244470775127411e-01
4.930400289595127106e-01
4.911729320883750916e-01
4.893995150923728943e-01
4.878579191863536835e-01
4.862403012812137604e-01
4.844619855284690857e-01
4.827759899199008942e-01
4.814191758632659912e-01
4.799384921789169312e-01
4.782777428627014160e-01
4.766901023685932159e-01
4.751847386360168457e-01
4.737321771681308746e-01
4.722305797040462494e-01
4.709092713892459869e-01
4.691568389534950256e-01
4.678733386099338531e-01
4.663143083453178406e-01
4.650857560336589813e-01
4.636255875229835510e-01
4.622519686818122864e-01
4.610987938940525055e-01
4.597365669906139374e-01
4.587769471108913422e-01
4.572688154876232147e-01
4.559408873319625854e-01
4.549346864223480225e-01
4.540318697690963745e-01
4.527035318315029144e-01
4.513031318783760071e-01
4.501736834645271301e-01
4.487209804356098175e-01
4.474555440247058868e-01
4.461207427084445953e-01
4.449093230068683624e-01
4.439585655927658081e-01
4.429370686411857605e-01
4.419120587408542633e-01
4.408122450113296509e-01
4.393333978950977325e-01
4.385038204491138458e-01
4.376092851161956787e-01
4.367265477776527405e-01
4.355178698897361755e-01
4.342837892472743988e-01
4.334746673703193665e-01
4.324603974819183350e-01
4.314924441277980804e-01
4.306470118463039398e-01
4.293772056698799133e-01
4.288442321121692657e-01
4.276920817792415619e-01
4.267136044800281525e-01
4.257783591747283936e-01
4.247359149158000946e-01
4.237828440964221954e-01
4.230119436979293823e-01
4.214433915913105011e-01
4.206804893910884857e-01
4.201070442795753479e-01
4.198592379689216614e-01
4.183582253754138947e-01
4.175532571971416473e-01
4.168870486319065094e-01
4.157742746174335480e-01
4.146702997386455536e-01
4.139375127851963043e-01
4.129109941422939301e-01
4.124547578394412994e-01
4.114486761391162872e-01
4.104671813547611237e-01
4.096766002476215363e-01
4.089680202305316925e-01
4.084276892244815826e-01
4.075789935886859894e-01
4.071238934993743896e-01
4.058018662035465240e-01
4.049640819430351257e-01
4.042346738278865814e-01
4.035993143916130066e-01
4.030834622681140900e-01
4.024448692798614502e-01
4.012725390493869781e-01
4.009395912289619446e-01
3.998678177595138550e-01
3.997934982180595398e-01
3.990382924675941467e-01
3.987236060202121735e-01
3.979898169636726379e-01
3.966323286294937134e-01
3.960827477276325226e-01
3.949396722018718719e-01
3.940169252455234528e-01
3.939281105995178223e-01
3.930838704109191895e-01
3.921163156628608704e-01
3.910820148885250092e-01
3.914819471538066864e-01
3.907914683222770691e-01
3.891877271234989166e-01
3.885426893830299377e-01
3.885424062609672546e-01
3.875346183776855469e-01
3.864132054150104523e-01
3.860309086740016937e-01
3.853074088692665100e-01
3.847972415387630463e-01
3.843039274215698242e-01
3.839728981256484985e-01
3.828019611537456512e-01
3.821898438036441803e-01
3.820918835699558258e-01
3.817024230957031250e-01
3.805857412517070770e-01
3.799848593771457672e-01
3.788121081888675690e-01
3.784719929099082947e-01
3.779780976474285126e-01
3.776044324040412903e-01
3.768387772142887115e-01
3.766675926744937897e-01
3.759636916220188141e-01
3.756027556955814362e-01
3.749339655041694641e-01
3.745270967483520508e-01
3.740178123116493225e-01
3.729298524558544159e-01
3.725205883383750916e-01
3.723667748272418976e-01
3.714774511754512787e-01
3.706865422427654266e-01
3.711247257888317108e-01
3.700284026563167572e-01
3.689064234495162964e-01
3.683063499629497528e-01
3.684510514140129089e-01
3.671593330800533295e-01
3.662801608443260193e-01
3.659335784614086151e-01
3.656179197132587433e-01
3.655171394348144531e-01
3.660283721983432770e-01
3.648979850113391876e-01
3.640267141163349152e-01
3.629838973283767700e-01
3.631426095962524414e-01
3.621069192886352539e-01
3.619727939367294312e-01
3.608342781662940979e-01
3.603562228381633759e-01
3.601273298263549805e-01
3.597575165331363678e-01
3.587037324905395508e-01
3.589190989732742310e-01
3.589713238179683685e-01
3.582014963030815125e-01
3.574911355972290039e-01
3.563781864941120148e-01
3.560116663575172424e-01
3.554870970547199249e-01
3.555641546845436096e-01
3.546026647090911865e-01
3.540322221815586090e-01
3.535559251904487610e-01
3.537829518318176270e-01
3.529774881899356842e-01
3.522531241178512573e-01
3.514090850949287415e-01
3.511929176747798920e-01
3.511709719896316528e-01
3.510358147323131561e-01
3.504167497158050537e-01
3.498323000967502594e-01
3.492145873606204987e-01
3.486576043069362640e-01
3.480723090469837189e-01
3.477238081395626068e-01
3.468144647777080536e-01
3.463879786431789398e-01
3.470573574304580688e-01
3.476959839463233948e-01
3.469474464654922485e-01
3.459024876356124878e-01
3.449606113135814667e-01
3.445595502853393555e-01
3.437814079225063324e-01
3.435934148728847504e-01
3.429862186312675476e-01
3.425007089972496033e-01
3.422538004815578461e-01
3.420436829328536987e-01
3.420306518673896790e-01
3.416558578610420227e-01
3.418361097574234009e-01
3.410147838294506073e-01
3.400848656892776489e-01
3.395500592887401581e-01
3.392570428550243378e-01
3.385562412440776825e-01
3.383933901786804199e-01
3.379426077008247375e-01
3.380383290350437164e-01
3.377893008291721344e-01
3.371131718158721924e-01
3.364444375038146973e-01
3.365727365016937256e-01
3.355403169989585876e-01
3.351238369941711426e-01
3.348716311156749725e-01
3.342539891600608826e-01
3.336166143417358398e-01
3.328487835824489594e-01
3.329716473817825317e-01
3.333111144602298737e-01
3.331671096384525299e-01
3.321995027363300323e-01
3.314045332372188568e-01
3.308958075940608978e-01
3.304290212690830231e-01
3.297906331717967987e-01
3.298575095832347870e-01
3.297190219163894653e-01
3.304680623114109039e-01
3.303586952388286591e-01
3.297764249145984650e-01
3.288980871438980103e-01
3.281640447676181793e-01
3.272919729351997375e-01
3.274114094674587250e-01
3.268320523202419281e-01
3.264826238155364990e-01
3.258179910480976105e-01
3.254992812871932983e-01
3.256245218217372894e-01
3.249899111688137054e-01
3.246454112231731415e-01
3.243579529225826263e-01
3.239680007100105286e-01
3.238540627062320709e-01
3.231765702366828918e-01
3.225453272461891174e-01
3.223849758505821228e-01
3.217799402773380280e-01
3.220200203359127045e-01
3.221280314028263092e-01
3.211422711610794067e-01
3.223210796713829041e-01
3.206286169588565826e-01
3.197961971163749695e-01
3.198035471141338348e-01
3.195716515183448792e-01
3.198645636439323425e-01
3.194083087146282196e-01
3.192272409796714783e-01
3.181500099599361420e-01
3.183936141431331635e-01
3.186771050095558167e-01
3.175319060683250427e-01
3.169407807290554047e-01
3.173912800848484039e-01
3.164086602628231049e-01
3.164805248379707336e-01
3.160919211804866791e-01
3.156031072139739990e-01
3.153455778956413269e-01
3.160844072699546814e-01
3.158566839993000031e-01
3.143773637712001801e-01
3.135668486356735229e-01
3.134822025895118713e-01
3.136912025511264801e-01
3.138420730829238892e-01
3.136626742780208588e-01
3.126469962298870087e-01
3.117568790912628174e-01
3.113462440669536591e-01
3.109764829277992249e-01
3.109587319195270538e-01
3.108751475811004639e-01
3.108340092003345490e-01
3.113622963428497314e-01
3.108497522771358490e-01
3.101083263754844666e-01
3.098789602518081665e-01
3.089135773479938507e-01
3.086827807128429413e-01
3.077909909188747406e-01
3.076171353459358215e-01
3.072111047804355621e-01
3.073322772979736328e-01
3.070487342774868011e-01
3.073642700910568237e-01
3.076066970825195312e-01
3.080263733863830566e-01
3.064997047185897827e-01
3.059488162398338318e-01
3.056019730865955353e-01
3.056356124579906464e-01
3.054430074989795685e-01
3.048594892024993896e-01
3.048068508505821228e-01
3.050886094570159912e-01
3.050693571567535400e-01
3.057640567421913147e-01
3.051030822098255157e-01
3.043436072766780853e-01
3.037115596234798431e-01
3.022269941866397858e-01
3.017276749014854431e-01
3.023225292563438416e-01
3.015445880591869354e-01
3.021244853734970093e-01
3.019746728241443634e-01
3.011648803949356079e-01
3.007333874702453613e-01
3.001439981162548065e-01
2.997622564435005188e-01
3.003388904035091400e-01
2.995764128863811493e-01
2.989563904702663422e-01
2.985738329589366913e-01
2.986499331891536713e-01
2.977253720164299011e-01
2.978583313524723053e-01
2.978934682905673981e-01
2.989475466310977936e-01
2.979709468781948090e-01
2.978972904384136200e-01
2.983648404479026794e-01
2.979729622602462769e-01
2.965300530195236206e-01
2.969410978257656097e-01
2.960190996527671814e-01
2.952359430491924286e-01
2.944802008569240570e-01
2.945521958172321320e-01
2.941115051507949829e-01
2.941738739609718323e-01
2.951959818601608276e-01
2.950952239334583282e-01
2.948807030916213989e-01
2.937354817986488342e-01
2.930869087576866150e-01
2.930487617850303650e-01
2.930403463542461395e-01
2.927861660718917847e-01
2.924638427793979645e-01
2.916864827275276184e-01
2.917563877999782562e-01
2.920522950589656830e-01
2.917267940938472748e-01
2.916486151516437531e-01
2.915653996169567108e-01
2.916623875498771667e-01
2.916907705366611481e-01
2.927514202892780304e-01
2.906512096524238586e-01
2.906275838613510132e-01
2.914523743093013763e-01
2.909481488168239594e-01
2.901739068329334259e-01
2.896937318146228790e-01
2.892814129590988159e-01
2.886503934860229492e-01
2.882683984935283661e-01
2.880776487290859222e-01
2.880499176681041718e-01
2.876649349927902222e-01
2.876006327569484711e-01
2.878025248646736145e-01
2.873542942106723785e-01
2.880544923245906830e-01
2.866041958332061768e-01
2.867302224040031433e-01
2.864123210310935974e-01
2.863919064402580261e-01
2.857173606753349304e-01
2.854421362280845642e-01
2.849067784845829010e-01
2.854781523346900940e-01
2.860920913517475128e-01
2.848060168325901031e-01
2.847568094730377197e-01
2.845275178551673889e-01
2.843059003353118896e-01
2.841339819133281708e-01
2.838153913617134094e-01
2.825519591569900513e-01
2.819233536720275879e-01
2.834102362394332886e-01
2.839046269655227661e-01
2.834525406360626221e-01
2.829142622649669647e-01
2.816583178937435150e-01
2.822297662496566772e-01
2.819257676601409912e-01
2.808914072811603546e-01
2.806745097041130066e-01
2.795155048370361328e-01
2.801791429519653320e-01
2.801714353263378143e-01
2.810304574668407440e-01
2.803956642746925354e-01
2.791594415903091431e-01
2.794372327625751495e-01
2.801599316298961639e-01
2.800920829176902771e-01
2.787273414433002472e-01
2.787501029670238495e-01
2.789807915687561035e-01
2.779946587979793549e-01
2.779369503259658813e-01
2.784608900547027588e-01
2.773798853158950806e-01
2.779853157699108124e-01
2.777228355407714844e-01
2.765233106911182404e-01
2.767660506069660187e-01
2.772750630974769592e-01
2.779934629797935486e-01
2.778066620230674744e-01
2.763540856540203094e-01
2.763959839940071106e-01
2.751826122403144836e-01
2.755570709705352783e-01
2.759530730545520782e-01
2.742597348988056183e-01
2.751081213355064392e-01
2.741086594760417938e-01
2.737121842801570892e-01
2.743875868618488312e-01
2.741981074213981628e-01
2.724200673401355743e-01
2.733019217848777771e-01
2.726930789649486542e-01
2.730296142399311066e-01
2.724994830787181854e-01
2.725044041872024536e-01
2.716062478721141815e-01
2.714856602251529694e-01
2.719858549535274506e-01
2.721718400716781616e-01
2.727001346647739410e-01
2.721681296825408936e-01
2.717547230422496796e-01
2.703977413475513458e-01
2.702196910977363586e-01
2.706979066133499146e-01
2.707756049931049347e-01
2.714326716959476471e-01
2.703070603311061859e-01
2.697855606675148010e-01
2.696262151002883911e-01
2.693345136940479279e-01
2.693200372159481049e-01
2.701858021318912506e-01
2.700557000935077667e-01
2.690751925110816956e-01
2.687087170779705048e-01
2.673091739416122437e-01
2.672898769378662109e-01
2.675909660756587982e-01
2.679590024054050446e-01
2.680953964591026306e-01
2.675790451467037201e-01
2.667536437511444092e-01
2.675745077431201935e-01
2.668625339865684509e-01
2.662448287010192871e-01
2.664680331945419312e-01
2.667450197041034698e-01
2.659200392663478851e-01
2.661365047097206116e-01
2.661215364933013916e-01
2.656534537672996521e-01
2.666492983698844910e-01
2.663882263004779816e-01
2.659092396497726440e-01
2.649242989718914032e-01
2.645453400909900665e-01
2.651282921433448792e-01
2.644355110824108124e-01
2.647417858242988586e-01
2.645002864301204681e-01
2.643940299749374390e-01
2.650032490491867065e-01
2.641971930861473083e-01
2.632979378104209900e-01
2.646255232393741608e-01
2.662006691098213196e-01
2.629571929574012756e-01
2.622402496635913849e-01
2.617804482579231262e-01
2.616540193557739258e-01
2.616705559194087982e-01
2.631604447960853577e-01
2.632278092205524445e-01
2.629817686975002289e-01
2.618337981402873993e-01
2.614653706550598145e-01
2.614334933459758759e-01
2.611752264201641083e-01
2.605208829045295715e-01
2.612016946077346802e-01
2.611831352114677429e-01
2.605264484882354736e-01
2.594209313392639160e-01
2.597238570451736450e-01
2.593077644705772400e-01
2.603069543838500977e-01
2.609895467758178711e-01
2.610170245170593262e-01
2.605782039463520050e-01
2.596217729151248932e-01
2.587797380983829498e-01
2.589781582355499268e-01
2.577974312007427216e-01
2.583668753504753113e-01
2.582149542868137360e-01
2.571236044168472290e-01
2.580557018518447876e-01
2.575769200921058655e-01
2.588034644722938538e-01
2.583352029323577881e-01
2.571388445794582367e-01
2.573824375867843628e-01
2.577105090022087097e-01
2.575063854455947876e-01
2.570513635873794556e-01
2.560772001743316650e-01
2.563129849731922150e-01
2.558690458536148071e-01
2.557514943182468414e-01
2.557806223630905151e-01
2.558275237679481506e-01
2.561969272792339325e-01
2.549761459231376648e-01
2.545497380197048187e-01
2.541720084846019745e-01
2.539912946522235870e-01
2.543554529547691345e-01
2.536926157772541046e-01
2.546125128865242004e-01
2.550821714103221893e-01
2.545907683670520782e-01
2.535732910037040710e-01
2.531434111297130585e-01
2.534661963582038879e-01
2.530670762062072754e-01
2.536359243094921112e-01
2.536051720380783081e-01
2.533835433423519135e-01
2.527379877865314484e-01
2.538644410669803619e-01
2.535406276583671570e-01
2.525128126144409180e-01
2.537936940789222717e-01
2.520750761032104492e-01
2.517719194293022156e-01
2.521656714379787445e-01
2.514239680022001266e-01
2.514831572771072388e-01
2.508498951792716980e-01
2.519777379930019379e-01
2.515241540968418121e-01
2.502803839743137360e-01
2.512077949941158295e-01
2.507499996572732925e-01
2.501181438565254211e-01
2.512769401073455811e-01
2.512709535658359528e-01
2.510416582226753235e-01
2.498260978609323502e-01
2.498203404247760773e-01
2.500406019389629364e-01
2.504629921168088913e-01
2.501716818660497665e-01
2.501525804400444031e-01
2.497989535331726074e-01
2.486408296972513199e-01
2.492083273828029633e-01
2.498374786227941513e-01
2.498831190168857574e-01
2.497894689440727234e-01
2.478733211755752563e-01
2.479145918041467667e-01
2.486963551491498947e-01
2.483748942613601685e-01
2.482715230435132980e-01
2.484456636011600494e-01
2.479447927325963974e-01
2.467515990138053894e-01
2.466745506972074509e-01
2.463552206754684448e-01
2.467773593962192535e-01
2.459018081426620483e-01
2.462824881076812744e-01
2.463390789926052094e-01
2.471000850200653076e-01
2.462870515882968903e-01
2.467633262276649475e-01
2.480431850999593735e-01
2.460801582783460617e-01
2.462156675755977631e-01
2.465454973280429840e-01
2.460268102586269379e-01
2.461655195802450180e-01
2.455729264765977859e-01
2.452269494533538818e-01
2.447657678276300430e-01
2.451406233012676239e-01
2.452185172587633133e-01
2.441947087645530701e-01
2.449456546455621719e-01
2.453445494174957275e-01
2.443979214876890182e-01
2.441558782011270523e-01
2.438382711261510849e-01
2.430677600204944611e-01
2.430459167808294296e-01
2.441736776381731033e-01
2.434497568756341934e-01
2.433068733662366867e-01
2.432151325047016144e-01
2.438085842877626419e-01
2.428323719650506973e-01
2.413258571177721024e-01
2.408378385007381439e-01
2.415748089551925659e-01
2.424316536635160446e-01
2.416690830141305923e-01
2.417441960424184799e-01
2.413757406175136566e-01
2.417749594897031784e-01
2.412718422710895538e-01
2.409848570823669434e-01
2.418605424463748932e-01
2.408898863941431046e-01
2.409272976219654083e-01
2.413927204906940460e-01
2.416738383471965790e-01
2.407537326216697693e-01
2.397697959095239639e-01
2.406244426965713501e-01
2.408050391823053360e-01
2.404904235154390335e-01
2.403802592307329178e-01
2.408421598374843597e-01
2.398046068847179413e-01
2.404364775866270065e-01
2.394031826406717300e-01
2.392836324870586395e-01
2.397841904312372208e-01
2.400731816887855530e-01
2.395407464355230331e-01
2.394351698458194733e-01
2.381580956280231476e-01
2.378601618111133575e-01
2.375428546220064163e-01
2.386071849614381790e-01
2.379925157874822617e-01
2.381284907460212708e-01
2.383857946842908859e-01
2.378022335469722748e-01
2.379914037883281708e-01
2.385849934071302414e-01
2.383112497627735138e-01
2.369614057242870331e-01
2.374894637614488602e-01
2.374527808278799057e-01
2.372186947613954544e-01
2.368016876280307770e-01
2.368208821862936020e-01
2.367380950599908829e-01
2.369774840772151947e-01
2.372437361627817154e-01
2.382689304649829865e-01
2.379196267575025558e-01
2.368674688041210175e-01
2.367647681385278702e-01
2.353094164282083511e-01
2.356519140303134918e-01
2.358214408159255981e-01
2.353738900274038315e-01
2.358619552105665207e-01
2.364312205463647842e-01
2.348380554467439651e-01
2.349448483437299728e-01
2.357145752757787704e-01
2.363304104655981064e-01
2.350553087890148163e-01
2.350546084344387054e-01
2.348826006054878235e-01
2.342737726867198944e-01
2.345637828111648560e-01
2.342678122222423553e-01
2.343682367354631424e-01
2.329782862216234207e-01
2.334509398788213730e-01
2.332937791943550110e-01
2.337741367518901825e-01
2.341100182384252548e-01
2.343149445950984955e-01
2.350262273102998734e-01
2.338987588882446289e-01
2.331283669918775558e-01
2.322354950010776520e-01
2.323483824729919434e-01
2.333157174289226532e-01
2.331322748214006424e-01
2.329483535140752792e-01
2.330265250056982040e-01
2.343763541430234909e-01
2.329948302358388901e-01
2.316841203719377518e-01
2.315245531499385834e-01
2.317736390978097916e-01
2.301909867674112320e-01
2.314690686762332916e-01
2.313149739056825638e-01
2.299006748944520950e-01
2.305629104375839233e-01
2.308532092720270157e-01
2.302546910941600800e-01
2.300696466118097305e-01
2.303646691143512726e-01
2.296684198081493378e-01
2.297700587660074234e-01
2.301870509982109070e-01
2.296514920890331268e-01
2.295121289789676666e-01
2.303219530731439590e-01
2.310789097100496292e-01
2.309787943959236145e-01
2.291826922446489334e-01
2.297095023095607758e-01
2.299669366329908371e-01
2.309603374451398849e-01
2.302932199090719223e-01
2.293131686747074127e-01
2.294609658420085907e-01
2.293411456048488617e-01
2.299116384238004684e-01
2.303749006241559982e-01
2.294179573655128479e-01
2.281606663018465042e-01
2.280524186789989471e-01
2.282139994204044342e-01
2.277432400733232498e-01
2.268856912851333618e-01
2.266834862530231476e-01
2.275322861969470978e-01
2.265093736350536346e-01
2.269470207393169403e-01
2.268730141222476959e-01
2.264123167842626572e-01
2.267742529511451721e-01
2.283834088593721390e-01
2.271404340863227844e-01
2.268360108137130737e-01
2.280085720121860504e-01
2.284766025841236115e-01
2.277363948523998260e-01
2.266772687435150146e-01
2.263939473778009415e-01
2.261194828897714615e-01
2.261165156960487366e-01
2.265111394226551056e-01
2.261738032102584839e-01
2.262138035148382187e-01
2.246388848870992661e-01
2.248203009366989136e-01
2.246865704655647278e-01
2.254713363945484161e-01
2.258807625621557236e-01
2.265407145023345947e-01
2.257491759955883026e-01
2.258514016866683960e-01
2.258763127028942108e-01
2.249957732856273651e-01
2.254626434296369553e-01
2.247494123876094818e-01
2.246809527277946472e-01
2.239225469529628754e-01
2.248513679951429367e-01
2.249230090528726578e-01
2.234869599342346191e-01
2.230667136609554291e-01
2.237402312457561493e-01
2.232200019061565399e-01
2.237968556582927704e-01
2.246293276548385620e-01
2.251611035317182541e-01
2.252308279275894165e-01
2.241660971194505692e-01
2.241557259112596512e-01
2.238017693161964417e-01
2.228164430707693100e-01
2.230614144355058670e-01
2.217294797301292419e-01
2.229383513331413269e-01
2.232185322791337967e-01
2.225649319589138031e-01
2.222643811255693436e-01
2.222027722746133804e-01
2.231929022818803787e-01
2.212683111429214478e-01
2.216281276196241379e-01
2.222694456577301025e-01
2.216408718377351761e-01
2.220165207982063293e-01
2.217769920825958252e-01
2.221825458109378815e-01
2.214123159646987915e-01
2.221609689295291901e-01
2.211407255381345749e-01
2.208337560296058655e-01
2.216763850301504135e-01
2.219233866780996323e-01
2.206407394260168076e-01
2.208590283989906311e-01
2.215450145304203033e-01
2.219448890537023544e-01
2.209598850458860397e-01
2.202785760164260864e-01
2.206047624349594116e-01
2.200555112212896347e-01
2.203867249190807343e-01
2.206405531615018845e-01
2.203800901770591736e-01
2.194204740226268768e-01
2.200241349637508392e-01
2.202640082687139511e-01
2.204469610005617142e-01
2.209374960511922836e-01
2.205257322639226913e-01
2.214653827250003815e-01
2.213370483368635178e-01
2.200289499014616013e-01
2.200477346777915955e-01
2.204121910035610199e-01
2.195611167699098587e-01
2.192826531827449799e-01
2.191547509282827377e-01
2.194333672523498535e-01
2.191252354532480240e-01
2.199846841394901276e-01
2.198669016361236572e-01
2.181194163858890533e-01
2.183184958994388580e-01
2.179703228175640106e-01
2.183578368276357651e-01
2.178091201931238174e-01
2.177639883011579514e-01
2.176140975207090378e-01
2.175835408270359039e-01
2.169515118002891541e-01
2.179506290704011917e-01
2.178883198648691177e-01
2.175877466797828674e-01
2.169487029314041138e-01
2.174580954015254974e-01
2.175451889634132385e-01
2.170942854136228561e-01
2.184543535113334656e-01
2.177201621234416962e-01
2.172853723168373108e-01
2.178508061915636063e-01
2.171835377812385559e-01
2.167894933372735977e-01
2.166554890573024750e-01
2.160326782613992691e-01
2.155232224613428116e-01
2.164609115570783615e-01
2.158566787838935852e-01
2.155565973371267319e-01
2.159676309674978256e-01
2.159174550324678421e-01
2.156279478222131729e-01
2.156880330294370651e-01
2.164620980620384216e-01
2.157565243542194366e-01
2.158086653798818588e-01
2.150965444743633270e-01
2.150318045169115067e-01
2.143359705805778503e-01
2.145215421915054321e-01
2.144378181546926498e-01
2.151912469416856766e-01
2.159199081361293793e-01
2.148305904120206833e-01
2.154069077223539352e-01
2.154880668967962265e-01
2.154669295996427536e-01
2.147247008979320526e-01
2.137605287134647369e-01
2.142082620412111282e-01
2.142470758408308029e-01
2.146495059132575989e-01
2.143212780356407166e-01
2.134230118244886398e-01
2.135084327310323715e-01
2.134605720639228821e-01
2.134258560836315155e-01
2.140902895480394363e-01
2.142850365489721298e-01
2.143225632607936859e-01
2.133487761020660400e-01
2.133728377521038055e-01
2.128089591860771179e-01
2.124082297086715698e-01
2.136485371738672256e-01
2.146124411374330521e-01
2.141746897250413895e-01
2.136035040020942688e-01
2.129164263606071472e-01
2.126974035054445267e-01
2.136972155421972275e-01
2.138406969606876373e-01
2.138623725622892380e-01
2.139407247304916382e-01
2.132223919034004211e-01
2.122097536921501160e-01
2.124609556049108505e-01
2.126494385302066803e-01
2.121714055538177490e-01
2.124419547617435455e-01
2.130967676639556885e-01
2.117018140852451324e-01
2.114077117294073105e-01
2.112058848142623901e-01
2.118795532733201981e-01
2.114913407713174820e-01
2.105405982583761215e-01
2.127160038799047470e-01
2.123799901455640793e-01
2.120371293276548386e-01
2.119922880083322525e-01
2.113105729222297668e-01
