6.922270134091377258e-01
6.762839406728744507e-01
6.648664921522140503e-01
6.551162898540496826e-01
6.481083855032920837e-01
6.436909809708595276e-01
6.410104632377624512e-01
6.390926614403724670e-01
6.376842260360717773e-01
6.364219188690185547e-01
6.354306861758232117e-01
6.345112323760986328e-01
6.337458789348602295e-01
6.329031288623809814e-01
6.322498694062232971e-01
6.315839067101478577e-01
6.309130415320396423e-01
6.303356736898422241e-01
6.295865327119827271e-01
6.290889233350753784e-01
6.284891515970230103e-01
6.278586089611053467e-01
6.273341253399848938e-01
6.269306465983390808e-01
6.263074055314064026e-01
6.259424462914466858e-01
6.254088208079338074e-01
6.248631179332733154e-01
6.244590282440185547e-01
6.241429746150970459e-01
6.235725954174995422e-01
6.231635510921478271e-01
6.228312104940414429e-01
6.226174905896186829e-01
6.220970004796981812e-01
6.220201402902603149e-01
6.216953322291374207e-01
6.213757023215293884e-01
6.209333166480064392e-01
6.208728775382041931e-01
6.206619367003440857e-01
6.203323081135749817e-01
6.200326606631278992e-01
6.198850423097610474e-01
6.196180284023284912e-01
6.195851862430572510e-01
6.194231808185577393e-01
6.190603449940681458e-01
6.190138384699821472e-01
6.188275143504142761e-01
6.186692044138908386e-01
6.186317875981330872e-01
6.184666454792022705e-01
6.182912066578865051e-01
6.181117817759513855e-01
6.179926916956901550e-01
6.175943017005920410e-01
6.175385266542434692e-01
6.172740161418914795e-01
6.171272695064544678e-01
6.169852912425994873e-01
6.167493239045143127e-01
6.163468658924102783e-01
6.162471696734428406e-01
6.159264147281646729e-01
6.158060207962989807e-01
6.158599331974983215e-01
6.156426817178726196e-01
6.154203340411186218e-01
6.154100224375724792e-01
6.151370033621788025e-01
6.152374520897865295e-01
6.146559566259384155e-01
6.141115128993988037e-01
6.141251623630523682e-01
6.156477779150009155e-01
6.157496869564056396e-01
6.151405796408653259e-01
6.142603754997253418e-01
6.135021597146987915e-01
6.132402569055557251e-01
6.137741878628730774e-01
6.131253018975257874e-01
6.132139712572097778e-01
6.127099692821502686e-01
6.119533926248550415e-01
6.125394776463508606e-01
6.120235919952392578e-01
6.118011847138404846e-01
6.114175170660018921e-01
6.111226379871368408e-01
6.105321943759918213e-01
6.108142435550689697e-01
6.109239459037780762e-01
6.107754260301589966e-01
6.099739223718643188e-01
6.114819198846817017e-01
6.107638403773307800e-01
6.100365892052650452e-01
6.097536385059356689e-01
6.101136878132820129e-01
6.094398573040962219e-01
6.084521710872650146e-01
6.082877442240715027e-01
6.088981479406356812e-01
6.085644662380218506e-01
6.079367473721504211e-01
6.084800735116004944e-01
6.086297184228897095e-01
6.088558658957481384e-01
6.092695146799087524e-01
6.078120321035385132e-01
6.057825461030006409e-01
6.055662781000137329e-01
6.055570244789123535e-01
6.053498908877372742e-01
6.057110130786895752e-01
6.053633391857147217e-01
6.071078106760978699e-01
6.071445569396018982e-01
6.054629385471343994e-01
6.032710969448089600e-01
6.051985919475555420e-01
6.051556393504142761e-01
6.022879257798194885e-01
6.037095934152603149e-01
6.036595851182937622e-01
6.029011979699134827e-01
6.033268794417381287e-01
6.035028547048568726e-01
6.042674258351325989e-01
6.049283072352409363e-01
6.021502017974853516e-01
6.029418557882308960e-01
6.047893539071083069e-01
6.029310747981071472e-01
6.012103632092475891e-01
6.018267273902893066e-01
6.009972989559173584e-01
5.999031662940979004e-01
6.049282029271125793e-01
6.030843704938888550e-01
6.004466712474822998e-01
6.002414450049400330e-01
5.985173210501670837e-01
5.969852879643440247e-01
6.004681587219238281e-01
6.009988114237785339e-01
6.023011654615402222e-01
5.987353995442390442e-01
5.973403006792068481e-01
5.971466749906539917e-01
5.971000492572784424e-01
5.986743494868278503e-01
5.975988134741783142e-01
5.992333590984344482e-01
5.985121652483940125e-01
5.993547216057777405e-01
5.986423343420028687e-01
5.965346321463584900e-01
5.945537686347961426e-01
5.962676778435707092e-01
5.953997969627380371e-01
5.977208614349365234e-01
5.983220711350440979e-01
5.964354351162910461e-01
5.980897247791290283e-01
5.984833836555480957e-01
5.964931398630142212e-01
5.958339720964431763e-01
5.937501043081283569e-01
5.948368087410926819e-01
5.944647341966629028e-01
5.951535701751708984e-01
5.958588570356369019e-01
5.974944084882736206e-01
5.959280654788017273e-01
5.931827351450920105e-01
5.930675715208053589e-01
5.930279195308685303e-01
5.942746773362159729e-01
5.955942347645759583e-01
5.928881168365478516e-01
5.927333310246467590e-01
5.949909985065460205e-01
5.966514870524406433e-01
5.960365757346153259e-01
5.936648994684219360e-01
5.925288572907447815e-01
5.938439592719078064e-01
5.966981425881385803e-01
6.004561483860015869e-01
5.968357771635055542e-01
5.921047329902648926e-01
5.912600681185722351e-01
5.914840996265411377e-01
5.890835002064704895e-01
5.908258482813835144e-01
5.895184427499771118e-01
5.897330120205879211e-01
5.920513123273849487e-01
5.910772979259490967e-01
5.893453806638717651e-01
5.919467881321907043e-01
5.910421013832092285e-01
5.897267237305641174e-01
5.905467867851257324e-01
5.891208499670028687e-01
5.882641077041625977e-01
5.925283730030059814e-01
5.899162143468856812e-01
5.897418260574340820e-01
5.886396467685699463e-01
5.914266780018806458e-01
5.890106558799743652e-01
5.896108746528625488e-01
5.862771421670913696e-01
5.858951881527900696e-01
5.896234810352325439e-01
5.871888548135757446e-01
5.877294018864631653e-01
5.870199576020240784e-01
5.848423987627029419e-01
5.873518958687782288e-01
5.899909958243370056e-01
5.868459790945053101e-01
5.843488052487373352e-01
5.837162360548973083e-01
5.855695083737373352e-01
5.870230123400688171e-01
5.898395627737045288e-01
5.885749459266662598e-01
5.850526317954063416e-01
5.843838080763816833e-01
5.833031460642814636e-01
5.838303789496421814e-01
5.844927132129669189e-01
5.824514180421829224e-01
5.824059620499610901e-01
5.856156647205352783e-01
5.866907387971878052e-01
5.843393653631210327e-01
5.850742459297180176e-01
5.818948075175285339e-01
5.869615003466606140e-01
5.871047526597976685e-01
5.860985517501831055e-01
5.849581882357597351e-01
5.863789096474647522e-01
5.855698212981224060e-01
5.839534252882003784e-01
5.841195434331893921e-01
5.863223671913146973e-01
5.847077518701553345e-01
5.844379216432571411e-01
5.837500169873237610e-01
5.806269720196723938e-01
5.852879956364631653e-01
5.860101208090782166e-01
5.843663141131401062e-01
5.812519341707229614e-01
5.794852226972579956e-01
5.841071829199790955e-01
5.853840038180351257e-01
5.845216140151023865e-01
5.827922374010086060e-01
5.803562104701995850e-01
5.806448385119438171e-01
5.808638855814933777e-01
5.802757665514945984e-01
5.799361690878868103e-01
5.798546001315116882e-01
5.790905803442001343e-01
5.845540165901184082e-01
5.829336494207382202e-01
5.819719806313514709e-01
5.833432599902153015e-01
5.827358961105346680e-01
5.794976800680160522e-01
5.805429890751838684e-01
5.824275240302085876e-01
5.815424248576164246e-01
5.790424868464469910e-01
5.790500044822692871e-01
5.778393968939781189e-01
5.781410709023475647e-01
5.777097791433334351e-01
5.795839428901672363e-01
5.778553113341331482e-01
5.769721046090126038e-01
5.786800384521484375e-01
5.764484256505966187e-01
5.770719870924949646e-01
5.781238451600074768e-01
5.772137716412544250e-01
5.765933543443679810e-01
5.783991888165473938e-01
5.780137404799461365e-01
5.750349834561347961e-01
5.759230554103851318e-01
5.765957981348037720e-01
5.743404477834701538e-01
5.775524675846099854e-01
5.795021280646324158e-01
5.792087987065315247e-01
5.813319534063339233e-01
5.821700394153594971e-01
5.781946778297424316e-01
5.763000920414924622e-01
5.771244764328002930e-01
5.764255300164222717e-01
5.748573169112205505e-01
5.758235007524490356e-01
5.739169418811798096e-01
5.739976316690444946e-01
5.743942558765411377e-01
5.763065889477729797e-01
5.762754976749420166e-01
5.771090313792228699e-01
5.747874677181243896e-01
5.741373077034950256e-01
5.725887939333915710e-01
5.782471671700477600e-01
5.771522447466850281e-01
5.731687322258949280e-01
5.735014155507087708e-01
5.734484121203422546e-01
5.770564228296279907e-01
5.756819993257522583e-01
5.753773376345634460e-01
5.780056789517402649e-01
5.764231160283088684e-01
5.749080181121826172e-01
5.749810189008712769e-01
5.766701325774192810e-01
5.751999765634536743e-01
5.729211345314979553e-01
5.716808438301086426e-01
5.724574178457260132e-01
5.785549283027648926e-01
5.754624158143997192e-01
5.711458697915077209e-01
5.727508291602134705e-01
5.716667100787162781e-01
5.740396082401275635e-01
5.682594254612922668e-01
5.708242282271385193e-01
5.730198398232460022e-01
5.730379223823547363e-01
5.733045041561126709e-01
5.725257247686386108e-01
5.723759979009628296e-01
5.728608295321464539e-01
5.730767697095870972e-01
5.719216167926788330e-01
5.685820952057838440e-01
5.710336416959762573e-01
5.709748044610023499e-01
5.729461088776588440e-01
5.702444836497306824e-01
5.693752318620681763e-01
5.725190266966819763e-01
5.734258517622947693e-01
5.706090629100799561e-01
5.740876570343971252e-01
5.724498033523559570e-01
5.713457316160202026e-01
5.780145302414894104e-01
5.776224657893180847e-01
5.750126764178276062e-01
5.729684233665466309e-01
5.701102688908576965e-01
5.706387162208557129e-01
5.706158205866813660e-01
5.701477602124214172e-01
5.685674175620079041e-01
5.669213160872459412e-01
5.677960813045501709e-01
5.685096085071563721e-01
5.679643452167510986e-01
5.691876411437988281e-01
5.712600499391555786e-01
5.708215609192848206e-01
5.705835893750190735e-01
5.682359188795089722e-01
5.706727430224418640e-01
5.715305954217910767e-01
5.699218139052391052e-01
5.676064044237136841e-01
5.660062506794929504e-01
5.656884610652923584e-01
5.716397166252136230e-01
5.697486251592636108e-01
5.682284310460090637e-01
5.702640265226364136e-01
5.714791491627693176e-01
5.657782554626464844e-01
5.677547901868820190e-01
5.702768564224243164e-01
5.719618350267410278e-01
5.686095282435417175e-01
5.689564868807792664e-01
5.681491121649742126e-01
5.666422471404075623e-01
5.686393082141876221e-01
5.695672482252120972e-01
5.696751028299331665e-01
5.666245073080062866e-01
5.657652989029884338e-01
5.649225637316703796e-01
5.656994581222534180e-01
5.700956135988235474e-01
5.672102496027946472e-01
5.624054670333862305e-01
5.638074204325675964e-01
5.646600723266601562e-01
5.686393752694129944e-01
5.707350596785545349e-01
5.664154514670372009e-01
5.670112520456314087e-01
5.657646879553794861e-01
5.672319084405899048e-01
5.619832351803779602e-01
5.645933002233505249e-01
5.644808039069175720e-01
5.643093883991241455e-01
5.665269866585731506e-01
5.652633756399154663e-01
5.655131340026855469e-01
5.686544552445411682e-01
5.647236630320549011e-01
5.604419782757759094e-01
5.603401958942413330e-01
5.660299509763717651e-01
5.628961175680160522e-01
5.637854188680648804e-01
5.626839175820350647e-01
5.614271238446235657e-01
5.611813813447952271e-01
5.635905414819717407e-01
5.652856081724166870e-01
5.613385215401649475e-01
5.623040944337844849e-01
5.630533397197723389e-01
5.642789080739021301e-01
5.665355622768402100e-01
5.684386193752288818e-01
5.627047121524810791e-01
5.608658939599990845e-01
5.617781355977058411e-01
5.612065568566322327e-01
5.607895106077194214e-01
5.596397295594215393e-01
5.598344504833221436e-01
5.590677335858345032e-01
5.637356117367744446e-01
5.638253092765808105e-01
5.613113790750503540e-01
5.601461678743362427e-01
5.675780177116394043e-01
5.642984434962272644e-01
5.656749084591865540e-01
5.660542994737625122e-01
5.619625300168991089e-01
5.616843551397323608e-01
5.651505067944526672e-01
5.612966194748878479e-01
5.597589388489723206e-01
5.594491437077522278e-01
5.589091926813125610e-01
5.564199239015579224e-01
5.596996396780014038e-01
5.648614838719367981e-01
5.663534551858901978e-01
5.635191574692726135e-01
5.602909401059150696e-01
5.571456626057624817e-01
5.566956773400306702e-01
5.616168454289436340e-01
5.619373098015785217e-01
5.604395940899848938e-01
5.604251027107238770e-01
5.614660158753395081e-01
5.604616478085517883e-01
5.633790940046310425e-01
5.623459741473197937e-01
5.601155981421470642e-01
5.547689348459243774e-01
5.595702305436134338e-01
5.603241994976997375e-01
5.575819835066795349e-01
5.589178130030632019e-01
5.594682767987251282e-01
5.553817227482795715e-01
5.559420734643936157e-01
5.535505637526512146e-01
5.523323640227317810e-01
5.569355189800262451e-01
5.566923990845680237e-01
5.571998879313468933e-01
5.580221712589263916e-01
5.575311034917831421e-01
5.611026883125305176e-01
5.575964003801345825e-01
5.584803521633148193e-01
5.534358397126197815e-01
5.542866736650466919e-01
5.556908473372459412e-01
5.633661895990371704e-01
5.601608678698539734e-01
5.576848015189170837e-01
5.552592054009437561e-01
5.584388747811317444e-01
5.547192543745040894e-01
5.544183701276779175e-01
5.521514117717742920e-01
5.516757294535636902e-01
5.593999922275543213e-01
5.606217384338378906e-01
5.586329996585845947e-01
5.562165826559066772e-01
5.620716959238052368e-01
5.605157464742660522e-01
5.596622154116630554e-01
5.673668906092643738e-01
5.673578828573226929e-01
5.613644346594810486e-01
5.596142858266830444e-01
5.584593340754508972e-01
5.596007332205772400e-01
5.575027242302894592e-01
5.550702288746833801e-01
5.559082329273223877e-01
5.577423498034477234e-01
5.576742440462112427e-01
5.568493604660034180e-01
5.574782490730285645e-01
5.561733469367027283e-01
5.520370677113533020e-01
5.514587834477424622e-01
5.522923022508621216e-01
5.554703325033187866e-01
5.528671145439147949e-01
5.536483228206634521e-01
5.515553057193756104e-01
5.522296950221061707e-01
5.547308474779129028e-01
5.542081072926521301e-01
5.560804605484008789e-01
5.547740533947944641e-01
5.561896786093711853e-01
5.539001896977424622e-01
5.553583130240440369e-01
5.531403124332427979e-01
5.558748245239257812e-01
5.537581890821456909e-01
5.536594465374946594e-01
5.544441267848014832e-01
5.518885180354118347e-01
5.524026304483413696e-01
5.525100901722908020e-01
5.535895079374313354e-01
5.524668172001838684e-01
5.485523417592048645e-01
5.497375130653381348e-01
5.534236356616020203e-01
5.531146451830863953e-01
5.511523932218551636e-01
5.509918853640556335e-01
5.512166246771812439e-01
5.522013455629348755e-01
5.563445836305618286e-01
5.525872334837913513e-01
5.536761730909347534e-01
5.510893166065216064e-01
5.486846566200256348e-01
5.516804307699203491e-01
5.506548359990119934e-01
5.527660250663757324e-01
5.516629740595817566e-01
5.510656982660293579e-01
5.549278482794761658e-01
5.519486442208290100e-01
5.531528517603874207e-01
5.536616519093513489e-01
5.520627945661544800e-01
5.538832843303680420e-01
5.498618111014366150e-01
5.502894893288612366e-01
5.498491749167442322e-01
5.476581379771232605e-01
5.520331487059593201e-01
5.502636060118675232e-01
5.525884628295898438e-01
5.593515038490295410e-01
5.499857738614082336e-01
5.531754344701766968e-01
5.518120080232620239e-01
5.509429648518562317e-01
5.505153089761734009e-01
5.483327135443687439e-01
5.553030818700790405e-01
5.510173216462135315e-01
5.488334000110626221e-01
5.544587969779968262e-01
5.537916570901870728e-01
5.487479940056800842e-01
5.521505475044250488e-01
5.542790144681930542e-01
5.519172921776771545e-01
5.489749982953071594e-01
5.465364530682563782e-01
5.455362498760223389e-01
5.521557852625846863e-01
5.492914468050003052e-01
5.509747564792633057e-01
5.523526519536972046e-01
5.481221824884414673e-01
5.482142567634582520e-01
5.452904030680656433e-01
5.502796247601509094e-01
5.508682206273078918e-01
5.552129745483398438e-01
5.473757758736610413e-01
5.472099706530570984e-01
5.486979633569717407e-01
5.480683818459510803e-01
5.496797636151313782e-01
5.527023598551750183e-01
5.467613488435745239e-01
5.453197434544563293e-01
5.524521991610527039e-01
5.608563423156738281e-01
5.529882311820983887e-01
5.498467758297920227e-01
5.470404699444770813e-01
5.510992705821990967e-01
5.504579693078994751e-01
5.517621859908103943e-01
5.556072667241096497e-01
5.503363311290740967e-01
5.472937226295471191e-01
5.439009442925453186e-01
5.480900630354881287e-01
5.515426322817802429e-01
5.505633577704429626e-01
5.475061535835266113e-01
5.486087799072265625e-01
5.482439994812011719e-01
5.467301085591316223e-01
5.519279688596725464e-01
5.438644960522651672e-01
5.427292659878730774e-01
5.460776239633560181e-01
5.480729565024375916e-01
5.489589720964431763e-01
5.449087992310523987e-01
5.485495105385780334e-01
5.502655953168869019e-01
5.483832359313964844e-01
5.478054359555244446e-01
5.444025546312332153e-01
5.494202226400375366e-01
5.464561060070991516e-01
5.431430935859680176e-01
5.434062257409095764e-01
5.445812344551086426e-01
5.445932894945144653e-01
5.463373139500617981e-01
5.482066795229911804e-01
5.431642457842826843e-01
5.454569533467292786e-01
5.447912886738777161e-01
5.563895776867866516e-01
5.483145043253898621e-01
5.480630695819854736e-01
5.462014600634574890e-01
5.486406832933425903e-01
5.408157184720039368e-01
5.411320254206657410e-01
5.406459793448448181e-01
5.491649433970451355e-01
5.471144393086433411e-01
5.483313351869583130e-01
5.484844371676445007e-01
5.476143807172775269e-01
5.436923205852508545e-01
5.428315699100494385e-01
5.451544448733329773e-01
5.448138341307640076e-01
5.462098792195320129e-01
5.433966219425201416e-01
5.409654527902603149e-01
5.406518056988716125e-01
5.397229567170143127e-01
5.434988066554069519e-01
5.401806235313415527e-01
5.436900481581687927e-01
5.489212572574615479e-01
5.429347157478332520e-01
5.431479215621948242e-01
5.483467504382133484e-01
5.452329143881797791e-01
5.449510216712951660e-01
5.462983027100563049e-01
5.438118427991867065e-01
5.448012202978134155e-01
5.437436699867248535e-01
5.422160103917121887e-01
5.449071452021598816e-01
5.455655381083488464e-01
5.456659048795700073e-01
5.439154058694839478e-01
5.408910959959030151e-01
5.414602607488632202e-01
5.381451845169067383e-01
5.419039428234100342e-01
5.474983528256416321e-01
5.443935841321945190e-01
5.487368255853652954e-01
5.400678068399429321e-01
5.374251380562782288e-01
5.390174910426139832e-01
5.388914942741394043e-01
5.383228510618209839e-01
5.464723706245422363e-01
5.445882230997085571e-01
5.402534082531929016e-01
5.473340004682540894e-01
5.423479899764060974e-01
5.417316704988479614e-01
5.394109189510345459e-01
5.414453819394111633e-01
5.466640144586563110e-01
5.435863062739372253e-01
5.405586361885070801e-01
5.366772785782814026e-01
5.380185544490814209e-01
5.399496704339981079e-01
5.398952439427375793e-01
5.489335507154464722e-01
5.483199805021286011e-01
5.433043688535690308e-01
5.438847169280052185e-01
5.392812490463256836e-01
5.367639586329460144e-01
5.399549379944801331e-01
5.412170886993408203e-01
5.419587865471839905e-01
5.407262668013572693e-01
5.403652638196945190e-01
5.445938035845756531e-01
5.446780771017074585e-01
5.426518246531486511e-01
5.420399904251098633e-01
5.487269535660743713e-01
5.445289686322212219e-01
5.407373532652854919e-01
5.405909419059753418e-01
5.352751612663269043e-01
5.360936075448989868e-01
5.433956608176231384e-01
5.421385392546653748e-01
5.383587107062339783e-01
5.383347719907760620e-01
5.359145328402519226e-01
5.366862118244171143e-01
5.393438711762428284e-01
5.434536263346672058e-01
5.440017655491828918e-01
5.423913821578025818e-01
5.388956144452095032e-01
5.396264716982841492e-01
5.369852557778358459e-01
5.408849269151687622e-01
5.386250838637351990e-01
5.425530299544334412e-01
5.419364273548126221e-01
5.432474911212921143e-01
5.384199991822242737e-01
5.405973717570304871e-01
5.370379835367202759e-01
5.422624051570892334e-01
5.448248162865638733e-01
5.410047844052314758e-01
5.418063178658485413e-01
5.430106967687606812e-01
5.417195260524749756e-01
5.395254120230674744e-01
5.396095141768455505e-01
5.434907004237174988e-01
5.459077209234237671e-01
5.387807041406631470e-01
5.362088456749916077e-01
5.353086590766906738e-01
5.353858545422554016e-01
5.391411259770393372e-01
5.364630594849586487e-01
5.421521142125129700e-01
5.400138422846794128e-01
5.380741432309150696e-01
5.349202901124954224e-01
5.345202088356018066e-01
5.354482904076576233e-01
5.416641905903816223e-01
5.357512682676315308e-01
5.369608476758003235e-01
5.373478904366493225e-01
5.331723242998123169e-01
5.343445464968681335e-01
5.426059961318969727e-01
5.369040146470069885e-01
5.398908257484436035e-01
5.332503467798233032e-01
5.357528775930404663e-01
5.346766486763954163e-01
5.380611792206764221e-01
5.357395112514495850e-01
5.317206382751464844e-01
5.356206595897674561e-01
5.388252958655357361e-01
5.387305319309234619e-01
5.416653230786323547e-01
5.404919832944869995e-01
5.361398756504058838e-01
5.366874039173126221e-01
5.369540601968765259e-01
5.369495004415512085e-01
5.352517142891883850e-01
5.321821793913841248e-01
5.331345200538635254e-01
5.345462933182716370e-01
5.323945432901382446e-01
5.358130633831024170e-01
5.343962460756301880e-01
5.344899892807006836e-01
5.322235599160194397e-01
5.387800261378288269e-01
5.354342907667160034e-01
5.348985418677330017e-01
5.359005704522132874e-01
5.324973165988922119e-01
5.336539298295974731e-01
5.354573428630828857e-01
5.353989601135253906e-01
5.374183356761932373e-01
5.317438915371894836e-01
5.359808653593063354e-01
5.405570268630981445e-01
5.415753424167633057e-01
5.383555442094802856e-01
5.345154330134391785e-01
5.357181876897811890e-01
5.338256806135177612e-01
5.375952869653701782e-01
5.350069105625152588e-01
5.335365831851959229e-01
5.345661342144012451e-01
5.304741188883781433e-01
5.326700434088706970e-01
5.376442521810531616e-01
5.315784066915512085e-01
5.300184711813926697e-01
5.333918482065200806e-01
5.329742357134819031e-01
5.342945903539657593e-01
5.370584353804588318e-01
5.330785363912582397e-01
5.296128019690513611e-01
5.328694134950637817e-01
5.328219607472419739e-01
5.329797342419624329e-01
5.377661138772964478e-01
5.330175608396530151e-01
5.344388261437416077e-01
5.341244861483573914e-01
5.334026589989662170e-01
5.314779356122016907e-01
5.295750498771667480e-01
5.316769778728485107e-01
5.331175923347473145e-01
5.281648933887481689e-01
5.315021276473999023e-01
5.345261320471763611e-01
5.288703292608261108e-01
5.314791947603225708e-01
5.308413803577423096e-01
5.298046320676803589e-01
5.327965468168258667e-01
5.427372977137565613e-01
5.351601615548133850e-01
5.346261486411094666e-01
5.332574993371963501e-01
5.310536921024322510e-01
5.335891842842102051e-01
5.309055224061012268e-01
5.298440903425216675e-01
5.312013998627662659e-01
5.284836366772651672e-01
5.292787104845046997e-01
5.363335907459259033e-01
5.293982699513435364e-01
5.299973413348197937e-01
5.349849909543991089e-01
5.290863886475563049e-01
5.311283022165298462e-01
5.290508121252059937e-01
5.282417088747024536e-01
5.319361463189125061e-01
5.289568975567817688e-01
5.302700549364089966e-01
5.294804796576499939e-01
5.320270508527755737e-01
5.285421684384346008e-01
5.303875654935836792e-01
5.295434892177581787e-01
5.290215313434600830e-01
5.273121669888496399e-01
5.294497087597846985e-01
5.277022719383239746e-01
5.357377678155899048e-01
5.390609949827194214e-01
5.322361737489700317e-01
5.327681452035903931e-01
5.345318168401718140e-01
5.332448482513427734e-01
5.330084264278411865e-01
5.306958407163619995e-01
5.279769301414489746e-01
5.273033455014228821e-01
5.285793021321296692e-01
5.313438400626182556e-01
5.256121829152107239e-01
5.253015756607055664e-01
5.305040627717971802e-01
5.297175571322441101e-01
5.327102541923522949e-01
5.291622430086135864e-01
5.254426747560501099e-01
5.335825085639953613e-01
5.306051895022392273e-01
5.284542813897132874e-01
5.262696146965026855e-01
5.248890146613121033e-01
5.293254256248474121e-01
5.335870087146759033e-01
5.311347171664237976e-01
5.275025963783264160e-01
5.312536433339118958e-01
5.291597843170166016e-01
5.252439901232719421e-01
5.214109718799591064e-01
5.254315286874771118e-01
5.309599414467811584e-01
5.308938771486282349e-01
5.285007059574127197e-01
5.327302888035774231e-01
5.316213592886924744e-01
5.299463793635368347e-01
5.261683687567710876e-01
5.289312899112701416e-01
5.308593511581420898e-01
5.319842547178268433e-01
5.351234525442123413e-01
5.337291061878204346e-01
5.355629101395606995e-01
5.343126654624938965e-01
5.260756835341453552e-01
5.258157104253768921e-01
5.242057964205741882e-01
5.270348638296127319e-01
5.248498916625976562e-01
5.236407667398452759e-01
5.260586291551589966e-01
5.307569131255149841e-01
5.300281420350074768e-01
5.243943855166435242e-01
5.265507102012634277e-01
5.276999250054359436e-01
5.256487503647804260e-01
5.264961495995521545e-01
5.288498625159263611e-01
5.262117460370063782e-01
5.241924375295639038e-01
5.245816111564636230e-01
5.217649266123771667e-01
5.234469473361968994e-01
5.241129696369171143e-01
5.222328826785087585e-01
5.236785411834716797e-01
5.229145213961601257e-01
5.208330824971199036e-01
5.215691030025482178e-01
5.320361256599426270e-01
5.327448397874832153e-01
5.296858623623847961e-01
5.258568897843360901e-01
5.267738178372383118e-01
5.237720534205436707e-01
5.195716768503189087e-01
5.248800739645957947e-01
