5.054814814814815316e-01
5.184259259259259567e-01
5.341666666666666785e-01
5.292037037037037317e-01
5.210555555555556051e-01
5.293333333333333224e-01
5.277962962962963189e-01
5.318888888888888555e-01
5.234444444444444899e-01
5.388333333333333863e-01
5.135185185185184853e-01
5.223518518518518450e-01
5.288703703703703241e-01
5.198148148148148406e-01
5.349629629629629735e-01
5.162592592592593066e-01
5.313333333333333242e-01
5.311666666666666758e-01
5.255925925925926112e-01
5.179259259259259007e-01
5.225925925925926085e-01
5.298148148148148495e-01
5.218888888888888467e-01
5.174999999999999600e-01
5.322222222222222632e-01
5.327222222222222081e-01
5.234629629629629077e-01
5.260740740740740273e-01
5.210925925925925517e-01
5.238333333333333730e-01
5.247592592592592586e-01
5.209259259259259034e-01
5.287592592592592622e-01
5.270000000000000240e-01
5.175925925925926041e-01
5.270370370370370816e-01
5.260740740740740273e-01
5.102592592592593013e-01
5.081851851851851842e-01
5.166111111111111320e-01
5.195370370370370194e-01
5.168518518518518956e-01
5.255555555555555536e-01
5.217222222222221983e-01
5.208518518518518992e-01
5.187037037037036669e-01
5.229259259259259052e-01
5.092037037037037139e-01
5.244444444444444908e-01
5.221481481481481390e-01
5.040740740740741188e-01
5.156851851851851354e-01
5.086111111111111249e-01
5.101481481481481284e-01
5.239629629629629637e-01
5.113518518518518352e-01
5.071666666666666545e-01
5.226666666666666128e-01
5.155740740740740735e-01
5.167037037037036651e-01
5.162962962962962532e-01
5.109814814814814810e-01
5.077777777777777724e-01
5.156481481481481888e-01
5.150000000000000133e-01
5.178148148148148389e-01
5.223333333333333162e-01
5.160000000000000142e-01
5.106666666666667131e-01
5.100000000000000089e-01
5.057962962962962994e-01
5.152037037037037193e-01
5.143333333333333091e-01
5.082037037037037130e-01
5.112407407407407733e-01
5.063518518518518308e-01
5.160370370370370718e-01
5.084629629629630054e-01
5.134074074074074234e-01
5.152962962962962523e-01
5.136481481481481870e-01
5.027407407407407103e-01
5.090000000000000080e-01
5.017407407407407094e-01
5.122962962962962497e-01
5.102037037037037148e-01
5.037037037037036535e-01
5.151111111111110752e-01
5.058888888888889435e-01
5.138333333333333641e-01
5.072407407407407698e-01
5.082962962962962461e-01
5.020555555555555882e-01
5.055185185185184782e-01
5.103333333333333055e-01
5.096111111111111258e-01
5.046851851851852366e-01
5.132962962962962505e-01
5.111296296296296005e-01
5.139814814814814836e-01
5.044074074074074154e-01
5.077037037037036571e-01
5.002222222222222348e-01
5.060925925925925384e-01
5.086851851851852402e-01
5.077962962962963012e-01
5.126296296296296573e-01
5.071481481481481257e-01
5.043888888888888866e-01
4.955740740740740558e-01
5.130740740740741268e-01
5.083703703703703614e-01
5.085925925925925961e-01
5.076851851851852393e-01
5.063703703703703596e-01
5.110555555555555962e-01
5.109074074074073657e-01
5.042407407407407671e-01
5.040185185185185324e-01
5.097777777777777741e-01
5.073518518518518317e-01
5.082222222222222419e-01
5.090000000000000080e-01
5.029074074074073586e-01
4.999259259259259403e-01
4.954444444444444651e-01
5.121851851851851878e-01
4.969999999999999973e-01
4.923518518518518738e-01
5.067407407407407138e-01
4.905185185185185204e-01
5.080555555555555935e-01
5.035925925925925917e-01
5.054814814814815316e-01
5.071851851851851833e-01
4.997962962962962941e-01
5.016111111111111187e-01
5.027962962962962967e-01
5.028518518518518832e-01
5.007777777777777661e-01
5.016111111111111187e-01
5.077222222222221859e-01
4.993148148148148224e-01
5.052777777777778256e-01
5.066111111111111232e-01
5.050000000000000044e-01
5.050925925925925375e-01
5.070000000000000062e-01
5.015185185185184746e-01
5.050000000000000044e-01
4.994074074074074110e-01
4.984814814814814699e-01
4.950555555555555820e-01
4.907592592592592839e-01
5.078518518518518876e-01
4.949074074074074070e-01
5.015185185185184746e-01
5.008888888888889390e-01
4.981481481481481732e-01
4.947222222222222299e-01
5.015370370370370035e-01
5.007962962962962949e-01
5.093148148148147758e-01
4.977777777777777635e-01
4.948888888888888782e-01
4.980740740740740580e-01
5.030925925925926467e-01
5.086851851851852402e-01
5.023888888888888848e-01
5.012592592592592933e-01
5.064074074074074172e-01
4.944814814814814663e-01
5.085925925925925961e-01
5.019259259259258865e-01
5.072407407407407698e-01
4.993333333333333512e-01
5.020370370370370594e-01
5.065370370370370079e-01
4.961296296296296426e-01
4.994629629629629419e-01
4.942222222222222294e-01
5.030000000000000027e-01
4.979444444444444673e-01
4.998518518518518250e-01
5.007407407407407085e-01
4.911851851851851691e-01
4.878518518518518698e-01
4.953888888888888786e-01
4.935925925925925828e-01
4.980370370370370559e-01
5.018518518518518823e-01
4.911111111111111094e-01
5.009444444444444144e-01
4.987222222222222334e-01
5.012407407407407645e-01
4.978703703703703520e-01
4.949074074074074070e-01
4.968518518518518778e-01
4.983518518518518792e-01
5.038518518518518841e-01
4.996481481481481746e-01
4.981111111111111156e-01
4.902407407407407547e-01
4.967777777777777626e-01
4.915185185185185213e-01
4.901111111111111085e-01
5.007222222222221797e-01
5.016481481481481763e-01
4.967037037037037028e-01
5.104074074074074208e-01
4.987777777777777644e-01
4.991666666666666474e-01
4.944629629629629375e-01
4.941296296296296409e-01
4.949259259259259358e-01
4.910740740740740518e-01
4.928333333333333455e-01
4.959999999999999964e-01
4.951296296296296418e-01
4.939629629629629370e-01
4.932407407407407574e-01
4.988148148148148220e-01
4.902037037037036971e-01
4.930740740740740535e-01
4.922777777777777586e-01
4.924629629629629357e-01
4.933518518518518747e-01
4.949444444444444646e-01
4.935370370370370519e-01
4.856111111111111045e-01
4.980185185185185270e-01
4.960185185185185253e-01
4.873703703703703427e-01
4.908888888888888746e-01
4.980740740740740580e-01
4.922592592592592853e-01
4.972407407407407609e-01
4.906851851851851687e-01
5.017037037037036518e-01
4.922037037037036988e-01
4.968518518518518778e-01
4.909259259259259323e-01
4.843518518518518667e-01
4.984074074074074101e-01
4.941666666666666430e-01
4.967037037037037028e-01
4.883703703703703436e-01
4.894074074074074021e-01
4.922962962962962874e-01
4.872037037037036944e-01
5.004444444444444695e-01
4.862222222222222223e-01
4.966111111111111143e-01
4.824629629629629823e-01
4.938333333333333464e-01
4.955185185185185248e-01
4.972777777777777630e-01
4.907777777777777573e-01
4.932777777777777595e-01
4.919444444444444620e-01
4.957592592592592329e-01
4.897037037037036966e-01
5.022222222222222365e-01
4.912037037037036979e-01
4.904259259259259318e-01
4.898518518518518716e-01
4.826481481481481595e-01
4.807592592592592751e-01
4.890370370370370479e-01
5.020370370370370594e-01
4.987962962962962932e-01
4.999444444444444691e-01
4.882962962962962838e-01
4.927037037037036993e-01
4.993333333333333512e-01
4.871851851851851656e-01
4.976481481481481728e-01
4.921296296296296391e-01
4.917777777777777581e-01
4.978518518518518787e-01
4.888518518518518707e-01
4.959999999999999964e-01
4.979629629629629406e-01
4.856481481481481621e-01
4.986851851851851758e-01
4.917592592592592848e-01
4.860555555555555740e-01
4.869444444444444575e-01
4.876296296296296351e-01
4.989074074074074105e-01
4.939814814814814659e-01
4.955925925925925846e-01
4.999814814814814712e-01
4.838333333333333375e-01
4.889444444444444593e-01
4.962962962962962910e-01
4.873888888888888715e-01
4.868703703703703978e-01
4.921851851851851700e-01
4.944074074074074066e-01
4.899629629629629890e-01
4.902962962962962856e-01
4.901111111111111085e-01
4.920185185185185217e-01
4.975740740740740575e-01
5.002777777777778212e-01
4.924999999999999933e-01
4.894629629629629886e-01
4.930740740740740535e-01
4.822592592592592764e-01
4.934259259259259345e-01
4.883888888888888724e-01
4.885185185185185186e-01
4.967037037037037028e-01
4.922222222222222276e-01
4.848888888888888693e-01
4.869629629629629863e-01
4.897777777777777564e-01
4.884259259259259300e-01
4.965925925925925855e-01
4.816666666666666874e-01
4.898518518518518716e-01
4.919814814814814641e-01
4.946666666666666434e-01
4.934999999999999942e-01
4.846481481481481612e-01
4.855370370370370448e-01
4.917037037037036984e-01
4.863518518518518685e-01
4.909259259259259323e-01
4.884629629629629877e-01
4.970370370370370550e-01
4.916111111111111098e-01
4.946666666666666434e-01
4.960370370370370541e-01
4.885740740740740495e-01
4.947962962962962896e-01
4.925555555555555798e-01
4.897407407407407542e-01
4.921851851851851700e-01
4.863518518518518685e-01
4.913333333333333441e-01
4.829074074074073963e-01
4.875925925925925775e-01
4.849444444444444557e-01
4.891296296296296364e-01
4.830370370370370425e-01
4.968333333333333490e-01
4.895185185185185195e-01
4.952407407407407591e-01
4.952777777777777612e-01
4.907777777777777573e-01
4.957037037037037019e-01
4.888703703703703440e-01
4.983888888888888813e-01
4.923703703703703471e-01
4.897407407407407542e-01
4.948518518518518761e-01
4.814999999999999836e-01
4.984629629629629410e-01
4.842777777777777515e-01
4.927407407407407569e-01
4.906481481481481666e-01
4.854444444444444562e-01
4.853518518518518676e-01
4.909999999999999920e-01
4.895185185185185195e-01
4.945555555555555816e-01
4.880925925925925779e-01
4.953888888888888786e-01
4.900555555555555776e-01
4.919259259259259331e-01
4.927962962962962878e-01
4.831666666666666887e-01
4.899999999999999911e-01
4.862222222222222223e-01
4.960555555555555829e-01
4.935185185185185230e-01
4.932777777777777595e-01
4.919444444444444620e-01
4.879814814814814605e-01
4.887037037037036957e-01
4.774999999999999800e-01
4.919444444444444620e-01
4.899259259259259314e-01
4.932407407407407574e-01
4.805555555555555691e-01
4.862592592592592800e-01
4.887407407407407534e-01
4.951851851851851727e-01
4.921296296296296391e-01
4.862407407407407511e-01
4.821666666666666878e-01
4.893148148148148135e-01
4.874259259259259291e-01
4.921296296296296391e-01
4.765370370370370368e-01
4.842962962962962803e-01
4.901666666666666394e-01
4.941296296296296409e-01
4.879074074074074008e-01
4.900370370370370487e-01
4.895185185185185195e-01
4.851666666666666905e-01
4.866481481481481630e-01
4.826111111111111018e-01
4.899444444444444602e-01
4.936296296296296404e-01
4.944444444444444642e-01
4.934999999999999942e-01
4.910925925925925806e-01
4.898518518518518716e-01
4.911851851851851691e-01
4.842777777777777515e-01
4.918333333333333446e-01
4.949814814814814667e-01
4.911666666666666403e-01
4.870555555555555749e-01
4.983333333333333504e-01
4.969074074074074088e-01
4.858518518518518681e-01
4.907222222222222263e-01
4.832037037037036908e-01
4.925740740740740531e-01
4.870925925925925770e-01
4.915370370370370501e-01
4.920370370370370505e-01
4.835185185185185142e-01
4.904814814814814627e-01
4.837037037037036913e-01
4.917407407407407560e-01
4.814444444444444526e-01
4.922592592592592853e-01
4.889999999999999902e-01
4.910185185185185208e-01
4.956851851851851731e-01
4.860185185185185164e-01
4.882407407407407529e-01
4.951851851851851727e-01
4.928333333333333455e-01
4.907407407407407551e-01
4.884259259259259300e-01
4.928703703703703476e-01
4.898888888888888737e-01
4.853703703703703964e-01
4.921481481481481679e-01
4.893888888888888733e-01
4.944629629629629375e-01
4.955555555555555824e-01
4.879074074074074008e-01
4.899259259259259314e-01
4.915185185185185213e-01
4.825370370370370421e-01
4.884629629629629877e-01
4.824814814814814556e-01
4.894999999999999907e-01
4.931296296296296400e-01
4.927037037037036993e-01
4.889999999999999902e-01
4.868703703703703978e-01
4.825370370370370421e-01
4.912037037037036979e-01
4.976851851851851749e-01
4.904814814814814627e-01
4.880740740740740491e-01
4.847592592592592786e-01
4.814074074074073950e-01
4.944629629629629375e-01
4.813518518518518641e-01
4.880555555555555758e-01
4.865740740740740478e-01
4.799074074074073937e-01
4.909629629629629899e-01
4.855555555555555736e-01
4.915185185185185213e-01
4.869074074074073999e-01
4.897962962962962852e-01
4.879814814814814605e-01
4.876851851851851660e-01
4.901666666666666394e-01
4.916111111111111098e-01
4.842037037037036917e-01
4.868148148148148113e-01
4.844814814814814574e-01
4.891296296296296364e-01
4.861296296296296338e-01
4.908148148148148149e-01
4.912037037037036979e-01
4.887407407407407534e-01
4.819999999999999840e-01
4.819629629629629819e-01
4.939814814814814659e-01
4.884629629629629877e-01
4.849444444444444557e-01
4.908333333333333437e-01
4.786851851851851580e-01
4.883703703703703436e-01
4.858888888888888702e-01
4.820555555555555705e-01
4.842037037037036917e-01
4.978703703703703520e-01
4.901296296296296373e-01
4.940740740740740544e-01
4.942777777777777604e-01
4.900370370370370487e-01
4.911851851851851691e-01
4.888518518518518707e-01
4.925370370370370510e-01
4.842777777777777515e-01
4.859074074074073990e-01
4.895185185185185195e-01
4.781666666666666843e-01
4.882962962962962838e-01
4.876851851851851660e-01
4.918888888888888755e-01
4.885740740740740495e-01
4.864999999999999880e-01
4.863888888888888706e-01
4.856666666666666909e-01
4.900185185185185199e-01
4.941111111111111120e-01
4.887777777777777555e-01
4.817592592592592760e-01
4.883703703703703436e-01
4.948333333333333472e-01
4.932777777777777595e-01
4.953703703703703498e-01
4.944999999999999951e-01
4.887592592592592822e-01
4.893888888888888733e-01
4.934814814814814654e-01
4.922037037037036988e-01
4.922592592592592853e-01
4.862777777777777533e-01
4.880370370370370470e-01
4.890185185185185190e-01
4.932962962962962883e-01
4.847592592592592786e-01
4.871296296296296346e-01
4.928703703703703476e-01
4.919259259259259331e-01
4.912222222222222268e-01
4.895740740740740504e-01
4.885555555555555762e-01
4.898518518518518716e-01
4.819814814814814552e-01
4.885740740740740495e-01
4.886296296296296360e-01
4.888333333333333419e-01
4.860740740740740473e-01
4.855925925925925757e-01
4.904259259259259318e-01
4.868333333333333401e-01
4.903703703703703454e-01
4.903888888888888742e-01
4.894259259259259309e-01
4.887407407407407534e-01
4.896111111111111081e-01
4.897777777777777564e-01
4.905925925925925801e-01
4.847407407407407498e-01
4.911851851851851691e-01
4.905740740740740513e-01
4.874259259259259291e-01
4.864074074074073994e-01
4.809999999999999831e-01
4.789259259259259216e-01
4.892407407407407538e-01
4.817037037037036895e-01
4.879999999999999893e-01
4.879074074074074008e-01
4.787037037037036868e-01
4.902592592592592835e-01
4.864629629629629859e-01
4.849444444444444557e-01
4.917962962962962870e-01
4.774444444444444491e-01
4.813888888888888662e-01
4.906296296296296378e-01
4.865740740740740478e-01
4.762962962962962732e-01
4.867777777777777537e-01
4.794444444444444509e-01
4.873888888888888715e-01
4.915740740740740522e-01
4.888888888888888729e-01
4.879999999999999893e-01
4.896481481481481657e-01
4.906851851851851687e-01
4.802222222222222170e-01
4.842962962962962803e-01
4.899259259259259314e-01
4.913518518518518730e-01
4.862592592592592800e-01
4.894074074074074021e-01
4.806111111111111001e-01
4.874814814814814601e-01
4.894444444444444597e-01
4.871481481481481635e-01
4.793518518518518623e-01
4.873518518518518694e-01
4.927222222222222281e-01
4.874999999999999889e-01
4.879444444444444584e-01
4.890555555555555767e-01
4.902037037037036971e-01
4.855185185185185159e-01
4.878148148148148122e-01
4.851666666666666905e-01
4.868888888888888711e-01
4.877592592592592813e-01
4.880185185185185182e-01
4.820740740740740993e-01
4.848148148148148096e-01
4.854814814814814583e-01
4.842962962962962803e-01
4.865185185185185168e-01
4.883703703703703436e-01
4.896481481481481657e-01
4.938518518518518752e-01
4.859999999999999876e-01
4.939444444444444637e-01
4.864444444444444571e-01
4.870925925925925770e-01
4.778148148148148033e-01
4.854999999999999871e-01
4.813148148148148064e-01
4.787037037037036868e-01
4.870555555555555749e-01
4.845370370370370439e-01
4.875370370370370465e-01
4.848888888888888693e-01
4.907777777777777573e-01
4.798888888888888649e-01
4.892222222222222250e-01
4.812222222222222179e-01
4.871851851851851656e-01
4.872037037037036944e-01
4.857592592592592795e-01
4.891481481481481652e-01
4.864629629629629859e-01
4.823148148148148073e-01
4.871851851851851656e-01
4.822777777777778052e-01
4.866666666666666918e-01
4.946481481481481701e-01
4.879999999999999893e-01
4.894629629629629886e-01
4.921851851851851700e-01
4.882407407407407529e-01
4.842407407407407494e-01
4.889444444444444593e-01
4.910925925925925806e-01
4.869074074074073999e-01
4.901296296296296373e-01
4.907592592592592839e-01
4.825925925925925730e-01
4.867407407407407516e-01
4.804074074074073941e-01
4.886851851851851669e-01
4.865740740740740478e-01
4.872777777777777541e-01
4.863888888888888706e-01
4.775555555555555665e-01
4.898888888888888737e-01
4.924999999999999933e-01
4.888333333333333419e-01
4.811111111111111005e-01
4.934814814814814654e-01
4.869074074074073999e-01
4.873518518518518694e-01
4.932592592592592862e-01
4.868148148148148113e-01
4.894444444444444597e-01
4.879074074074074008e-01
4.875555555555555753e-01
4.919259259259259331e-01
4.892407407407407538e-01
4.920370370370370505e-01
4.884629629629629877e-01
4.859629629629629854e-01
4.896851851851851678e-01
4.858518518518518681e-01
4.864999999999999880e-01
4.796296296296296280e-01
4.915370370370370501e-01
4.872777777777777541e-01
4.867407407407407516e-01
4.917407407407407560e-01
4.886851851851851669e-01
4.900370370370370487e-01
4.934814814814814654e-01
4.877777777777777546e-01
4.833333333333333370e-01
4.824074074074073959e-01
4.930370370370370514e-01
4.837407407407407489e-01
4.866111111111111054e-01
4.892407407407407538e-01
4.873148148148148118e-01
4.919814814814814641e-01
4.887592592592592822e-01
4.790925925925925699e-01
4.859259259259259278e-01
4.888518518518518707e-01
4.868888888888888711e-01
4.900185185185185199e-01
4.862777777777777533e-01
4.859629629629629854e-01
4.903518518518518721e-01
4.847222222222222210e-01
4.932407407407407574e-01
4.846481481481481612e-01
4.887037037037036957e-01
4.863148148148148109e-01
4.889814814814814614e-01
4.848333333333333384e-01
4.837962962962962798e-01
4.793148148148148047e-01
4.862407407407407511e-01
4.839259259259259260e-01
4.860185185185185164e-01
4.812222222222222179e-01
4.928888888888888764e-01
4.918703703703703467e-01
4.933333333333333459e-01
4.911296296296296382e-01
4.879074074074074008e-01
4.882962962962962838e-01
4.865740740740740478e-01
4.866296296296296342e-01
4.874999999999999889e-01
4.922962962962962874e-01
4.783888888888888635e-01
4.840370370370370434e-01
4.879444444444444584e-01
4.841296296296296320e-01
4.895370370370370483e-01
4.864629629629629859e-01
4.874444444444444580e-01
4.865925925925925766e-01
4.904814814814814627e-01
4.875370370370370465e-01
4.872222222222222232e-01
4.873148148148148118e-01
4.859074074074073990e-01
4.870185185185185173e-01
4.918518518518518734e-01
4.827222222222222192e-01
4.908518518518518725e-01
4.900185185185185199e-01
4.872962962962962830e-01
4.850370370370370443e-01
4.812777777777778043e-01
4.777407407407407436e-01
4.879074074074074008e-01
4.864814814814814592e-01
4.871481481481481635e-01
4.773703703703703893e-01
4.852962962962962812e-01
4.850555555555555731e-01
4.873518518518518694e-01
4.852037037037036926e-01
4.870370370370370461e-01
4.849259259259259269e-01
4.793888888888888644e-01
4.930740740740740535e-01
4.838148148148148087e-01
4.912777777777777577e-01
4.857037037037036931e-01
4.824629629629629823e-01
4.889814814814814614e-01
4.871296296296296346e-01
4.867407407407407516e-01
4.860740740740740473e-01
4.802777777777778034e-01
4.811481481481481581e-01
4.876851851851851660e-01
4.875555555555555753e-01
4.878333333333333410e-01
4.872222222222222232e-01
4.887222222222222245e-01
4.805555555555555691e-01
4.908703703703703458e-01
4.833888888888888680e-01
4.865925925925925766e-01
4.847962962962962807e-01
4.909629629629629899e-01
4.914259259259259327e-01
4.851666666666666905e-01
4.847407407407407498e-01
4.876666666666666927e-01
4.841296296296296320e-01
4.865555555555555745e-01
4.837222222222222201e-01
4.876296296296296351e-01
4.904444444444444606e-01
4.856481481481481621e-01
4.910555555555555785e-01
4.915370370370370501e-01
4.868148148148148113e-01
4.830370370370370425e-01
4.869629629629629863e-01
4.927222222222222281e-01
4.901666666666666394e-01
4.859259259259259278e-01
4.917222222222222272e-01
4.911666666666666403e-01
4.847592592592592786e-01
4.928703703703703476e-01
4.919444444444444620e-01
4.925740740740740531e-01
4.844814814814814574e-01
4.776111111111110974e-01
4.856296296296296333e-01
4.862777777777777533e-01
4.879629629629629872e-01
4.902037037037036971e-01
4.908148148148148149e-01
4.912962962962962865e-01
4.914999999999999925e-01
4.868148148148148113e-01
4.862222222222222223e-01
4.886851851851851669e-01
4.928518518518518743e-01
4.885185185185185186e-01
4.864814814814814592e-01
4.913888888888888751e-01
4.782962962962962750e-01
4.918888888888888755e-01
4.874814814814814601e-01
4.912592592592592844e-01
4.914999999999999925e-01
4.865555555555555745e-01
4.867592592592592804e-01
4.886296296296296360e-01
4.842407407407407494e-01
4.861481481481481626e-01
4.784629629629629788e-01
4.867777777777777537e-01
4.899629629629629890e-01
4.853518518518518676e-01
4.918888888888888755e-01
4.903703703703703454e-01
4.884629629629629877e-01
4.869814814814814596e-01
4.876481481481481639e-01
4.925925925925925819e-01
4.912777777777777577e-01
4.885555555555555762e-01
4.865925925925925766e-01
4.868518518518518690e-01
4.847222222222222210e-01
4.870555555555555749e-01
4.859814814814814588e-01
4.861666666666666914e-01
4.843703703703703956e-01
4.902777777777777568e-01
4.859444444444444566e-01
4.868148148148148113e-01
4.867592592592592804e-01
4.884444444444444589e-01
4.779814814814815072e-01
4.919814814814814641e-01
4.899074074074074026e-01
4.863703703703703973e-01
4.878888888888888720e-01
4.854259259259259274e-01
4.860370370370370452e-01
4.880370370370370470e-01
4.883703703703703436e-01
4.883148148148148127e-01
4.887407407407407534e-01
4.906666666666666399e-01
4.872037037037036944e-01
4.857407407407407507e-01
4.902407407407407547e-01
4.885185185185185186e-01
4.859629629629629854e-01
4.868148148148148113e-01
4.871296296296296346e-01
4.876666666666666927e-01
4.872592592592592808e-01
4.913888888888888751e-01
4.867777777777777537e-01
4.875185185185185177e-01
4.899074074074074026e-01
4.816111111111111009e-01
4.884444444444444589e-01
4.797222222222222165e-01
4.857407407407407507e-01
4.866111111111111054e-01
4.897962962962962852e-01
4.792962962962962759e-01
4.832222222222222197e-01
4.861481481481481626e-01
4.867592592592592804e-01
4.853518518518518676e-01
4.780925925925925690e-01
4.880740740740740491e-01
4.913148148148148153e-01
4.872592592592592808e-01
4.872777777777777541e-01
4.875925925925925775e-01
4.868703703703703978e-01
4.856111111111111045e-01
4.943888888888888777e-01
4.855370370370370448e-01
4.859444444444444566e-01
4.857037037037036931e-01
4.867037037037036940e-01
4.784999999999999809e-01
4.865555555555555745e-01
4.896481481481481657e-01
4.855740740740740469e-01
4.907037037037036975e-01
4.869629629629629863e-01
4.899259259259259314e-01
4.863518518518518685e-01
4.852777777777777524e-01
4.849259259259259269e-01
4.847407407407407498e-01
4.855555555555555736e-01
4.854259259259259274e-01
4.863518518518518685e-01
4.874444444444444580e-01
4.908518518518518725e-01
4.853888888888888697e-01
4.859629629629629854e-01
4.858333333333333393e-01
4.876111111111111063e-01
4.847222222222222210e-01
4.875555555555555753e-01
4.911111111111111094e-01
4.798888888888888649e-01
4.870740740740740482e-01
4.889814814814814614e-01
4.856666666666666909e-01
4.864629629629629859e-01
4.851851851851851638e-01
4.872407407407407520e-01
4.914814814814814636e-01
4.915740740740740522e-01
4.866481481481481630e-01
4.766851851851852118e-01
4.879259259259259296e-01
4.904629629629629894e-01
4.890185185185185190e-01
4.868148148148148113e-01
4.906851851851851687e-01
4.874814814814814601e-01
4.862777777777777533e-01
4.846481481481481612e-01
4.799259259259259225e-01
4.862407407407407511e-01
4.899074074074074026e-01
4.872407407407407520e-01
4.870370370370370461e-01
4.896666666666666390e-01
4.918703703703703467e-01
4.864074074074073994e-01
4.865925925925925766e-01
4.852777777777777524e-01
4.859814814814814588e-01
4.860185185185185164e-01
4.863703703703703973e-01
4.866481481481481630e-01
4.871296296296296346e-01
4.856481481481481621e-01
4.801666666666666861e-01
4.856666666666666909e-01
4.917037037037036984e-01
4.909074074074074034e-01
4.858333333333333393e-01
4.869259259259259287e-01
4.923703703703703471e-01
4.852592592592592791e-01
4.860925925925925761e-01
4.852037037037036926e-01
4.862037037037036935e-01
4.913518518518518730e-01
4.863333333333333397e-01
4.855925925925925757e-01
4.863888888888888706e-01
4.887777777777777555e-01
4.919629629629629353e-01
4.851481481481481617e-01
4.873888888888888715e-01
4.847037037037036922e-01
4.866296296296296342e-01
4.866296296296296342e-01
4.845370370370370439e-01
4.854629629629629850e-01
4.848148148148148096e-01
4.872962962962962830e-01
4.866481481481481630e-01
4.865370370370370456e-01
4.843333333333333379e-01
4.852407407407407502e-01
4.777592592592592724e-01
4.798148148148148051e-01
