1.986666666666666581e-01
3.280000000000000138e-01
2.586666666666666559e-01
3.473333333333333273e-01
4.819999999999999840e-01
5.693333333333333579e-01
5.959999999999999742e-01
6.133333333333332860e-01
6.226666666666667016e-01
6.333333333333333037e-01
6.413333333333333108e-01
6.440000000000000169e-01
6.513333333333333197e-01
6.460000000000000187e-01
6.526666666666666172e-01
6.520000000000000240e-01
6.513333333333333197e-01
6.466666666666666119e-01
6.553333333333333233e-01
6.520000000000000240e-01
6.500000000000000222e-01
6.513333333333333197e-01
6.566666666666666208e-01
6.566666666666666208e-01
6.466666666666666119e-01
6.526666666666666172e-01
6.566666666666666208e-01
6.533333333333333215e-01
6.593333333333333268e-01
6.566666666666666208e-01
6.613333333333333286e-01
6.580000000000000293e-01
6.626666666666666261e-01
6.613333333333333286e-01
6.600000000000000311e-01
6.606666666666666243e-01
6.580000000000000293e-01
6.633333333333333304e-01
6.613333333333333286e-01
6.606666666666666243e-01
6.606666666666666243e-01
6.653333333333333321e-01
6.613333333333333286e-01
6.620000000000000329e-01
6.606666666666666243e-01
6.593333333333333268e-01
6.600000000000000311e-01
6.646666666666666279e-01
6.626666666666666261e-01
6.620000000000000329e-01
6.633333333333333304e-01
6.626666666666666261e-01
6.626666666666666261e-01
6.606666666666666243e-01
6.593333333333333268e-01
6.633333333333333304e-01
6.673333333333333339e-01
6.613333333333333286e-01
6.613333333333333286e-01
6.620000000000000329e-01
6.626666666666666261e-01
6.633333333333333304e-01
6.620000000000000329e-01
6.640000000000000346e-01
6.646666666666666279e-01
6.666666666666666297e-01
6.626666666666666261e-01
6.640000000000000346e-01
6.646666666666666279e-01
6.640000000000000346e-01
6.666666666666666297e-01
6.600000000000000311e-01
6.633333333333333304e-01
6.613333333333333286e-01
6.593333333333333268e-01
6.633333333333333304e-01
6.646666666666666279e-01
6.626666666666666261e-01
6.640000000000000346e-01
6.640000000000000346e-01
6.620000000000000329e-01
6.600000000000000311e-01
6.613333333333333286e-01
6.633333333333333304e-01
6.626666666666666261e-01
6.633333333333333304e-01
6.586666666666666226e-01
6.606666666666666243e-01
6.666666666666666297e-01
6.640000000000000346e-01
6.626666666666666261e-01
6.640000000000000346e-01
6.653333333333333321e-01
6.640000000000000346e-01
6.666666666666666297e-01
6.620000000000000329e-01
6.640000000000000346e-01
6.600000000000000311e-01
6.606666666666666243e-01
6.640000000000000346e-01
6.640000000000000346e-01
6.600000000000000311e-01
6.586666666666666226e-01
6.620000000000000329e-01
6.633333333333333304e-01
6.606666666666666243e-01
6.640000000000000346e-01
6.633333333333333304e-01
6.613333333333333286e-01
6.606666666666666243e-01
6.646666666666666279e-01
6.620000000000000329e-01
6.633333333333333304e-01
6.633333333333333304e-01
6.606666666666666243e-01
6.606666666666666243e-01
6.613333333333333286e-01
6.620000000000000329e-01
6.626666666666666261e-01
6.606666666666666243e-01
6.640000000000000346e-01
6.606666666666666243e-01
6.580000000000000293e-01
6.600000000000000311e-01
6.600000000000000311e-01
6.606666666666666243e-01
6.640000000000000346e-01
6.640000000000000346e-01
6.626666666666666261e-01
6.620000000000000329e-01
6.606666666666666243e-01
6.640000000000000346e-01
6.600000000000000311e-01
6.640000000000000346e-01
6.640000000000000346e-01
6.633333333333333304e-01
6.640000000000000346e-01
6.633333333333333304e-01
6.633333333333333304e-01
6.613333333333333286e-01
6.613333333333333286e-01
6.580000000000000293e-01
6.606666666666666243e-01
6.640000000000000346e-01
6.620000000000000329e-01
6.626666666666666261e-01
6.633333333333333304e-01
6.620000000000000329e-01
6.640000000000000346e-01
6.653333333333333321e-01
6.626666666666666261e-01
6.613333333333333286e-01
6.620000000000000329e-01
6.626666666666666261e-01
6.626666666666666261e-01
6.646666666666666279e-01
6.640000000000000346e-01
6.646666666666666279e-01
6.626666666666666261e-01
6.653333333333333321e-01
6.640000000000000346e-01
6.620000000000000329e-01
6.600000000000000311e-01
6.593333333333333268e-01
6.606666666666666243e-01
6.613333333333333286e-01
6.613333333333333286e-01
6.620000000000000329e-01
6.620000000000000329e-01
6.626666666666666261e-01
6.640000000000000346e-01
6.613333333333333286e-01
6.633333333333333304e-01
6.613333333333333286e-01
6.586666666666666226e-01
6.586666666666666226e-01
6.606666666666666243e-01
6.620000000000000329e-01
6.620000000000000329e-01
6.640000000000000346e-01
6.626666666666666261e-01
6.626666666666666261e-01
6.633333333333333304e-01
6.633333333333333304e-01
6.646666666666666279e-01
6.633333333333333304e-01
6.626666666666666261e-01
6.633333333333333304e-01
6.626666666666666261e-01
6.640000000000000346e-01
6.653333333333333321e-01
6.646666666666666279e-01
6.640000000000000346e-01
6.653333333333333321e-01
6.646666666666666279e-01
6.620000000000000329e-01
6.600000000000000311e-01
6.606666666666666243e-01
6.640000000000000346e-01
6.640000000000000346e-01
6.646666666666666279e-01
6.640000000000000346e-01
6.620000000000000329e-01
6.613333333333333286e-01
6.640000000000000346e-01
6.613333333333333286e-01
6.613333333333333286e-01
6.613333333333333286e-01
6.626666666666666261e-01
6.640000000000000346e-01
6.640000000000000346e-01
6.620000000000000329e-01
6.646666666666666279e-01
6.633333333333333304e-01
6.633333333333333304e-01
6.653333333333333321e-01
6.620000000000000329e-01
6.633333333333333304e-01
6.660000000000000364e-01
6.673333333333333339e-01
6.680000000000000382e-01
6.666666666666666297e-01
6.620000000000000329e-01
6.640000000000000346e-01
6.646666666666666279e-01
6.640000000000000346e-01
6.666666666666666297e-01
6.693333333333333357e-01
6.653333333333333321e-01
6.660000000000000364e-01
6.633333333333333304e-01
6.633333333333333304e-01
6.626666666666666261e-01
6.633333333333333304e-01
6.646666666666666279e-01
6.620000000000000329e-01
6.613333333333333286e-01
6.640000000000000346e-01
6.660000000000000364e-01
6.613333333333333286e-01
6.653333333333333321e-01
6.653333333333333321e-01
6.646666666666666279e-01
6.653333333333333321e-01
6.653333333333333321e-01
6.633333333333333304e-01
6.633333333333333304e-01
6.646666666666666279e-01
6.660000000000000364e-01
6.646666666666666279e-01
6.640000000000000346e-01
6.626666666666666261e-01
6.613333333333333286e-01
6.620000000000000329e-01
6.613333333333333286e-01
6.613333333333333286e-01
6.600000000000000311e-01
6.620000000000000329e-01
6.646666666666666279e-01
6.606666666666666243e-01
6.586666666666666226e-01
6.613333333333333286e-01
6.613333333333333286e-01
6.620000000000000329e-01
6.633333333333333304e-01
6.646666666666666279e-01
6.626666666666666261e-01
6.626666666666666261e-01
6.593333333333333268e-01
6.620000000000000329e-01
6.606666666666666243e-01
6.600000000000000311e-01
6.620000000000000329e-01
6.633333333333333304e-01
6.620000000000000329e-01
6.613333333333333286e-01
6.633333333333333304e-01
6.613333333333333286e-01
6.580000000000000293e-01
6.620000000000000329e-01
6.640000000000000346e-01
6.626666666666666261e-01
6.586666666666666226e-01
6.593333333333333268e-01
6.620000000000000329e-01
6.626666666666666261e-01
6.620000000000000329e-01
6.606666666666666243e-01
6.640000000000000346e-01
6.620000000000000329e-01
6.606666666666666243e-01
6.593333333333333268e-01
6.606666666666666243e-01
6.626666666666666261e-01
6.620000000000000329e-01
6.613333333333333286e-01
6.600000000000000311e-01
6.580000000000000293e-01
6.626666666666666261e-01
6.600000000000000311e-01
6.626666666666666261e-01
6.613333333333333286e-01
6.646666666666666279e-01
6.666666666666666297e-01
6.626666666666666261e-01
6.626666666666666261e-01
6.633333333333333304e-01
6.646666666666666279e-01
6.653333333333333321e-01
6.660000000000000364e-01
6.633333333333333304e-01
6.633333333333333304e-01
6.646666666666666279e-01
6.646666666666666279e-01
6.653333333333333321e-01
6.646666666666666279e-01
6.620000000000000329e-01
6.640000000000000346e-01
6.620000000000000329e-01
6.620000000000000329e-01
6.613333333333333286e-01
6.640000000000000346e-01
6.606666666666666243e-01
6.620000000000000329e-01
6.626666666666666261e-01
6.613333333333333286e-01
6.626666666666666261e-01
6.646666666666666279e-01
6.646666666666666279e-01
6.640000000000000346e-01
6.593333333333333268e-01
6.586666666666666226e-01
6.613333333333333286e-01
6.646666666666666279e-01
6.633333333333333304e-01
6.666666666666666297e-01
6.640000000000000346e-01
6.633333333333333304e-01
6.660000000000000364e-01
6.640000000000000346e-01
6.613333333333333286e-01
6.620000000000000329e-01
6.606666666666666243e-01
6.633333333333333304e-01
6.613333333333333286e-01
6.640000000000000346e-01
6.626666666666666261e-01
6.606666666666666243e-01
6.620000000000000329e-01
6.620000000000000329e-01
6.633333333333333304e-01
6.626666666666666261e-01
6.633333333333333304e-01
6.626666666666666261e-01
6.620000000000000329e-01
6.626666666666666261e-01
6.620000000000000329e-01
6.640000000000000346e-01
6.640000000000000346e-01
6.613333333333333286e-01
6.620000000000000329e-01
6.613333333333333286e-01
6.606666666666666243e-01
6.626666666666666261e-01
6.640000000000000346e-01
6.640000000000000346e-01
6.646666666666666279e-01
6.613333333333333286e-01
6.613333333333333286e-01
6.613333333333333286e-01
6.620000000000000329e-01
6.613333333333333286e-01
6.613333333333333286e-01
6.606666666666666243e-01
6.633333333333333304e-01
6.620000000000000329e-01
6.633333333333333304e-01
6.626666666666666261e-01
6.626666666666666261e-01
6.640000000000000346e-01
6.620000000000000329e-01
6.673333333333333339e-01
6.660000000000000364e-01
6.646666666666666279e-01
6.613333333333333286e-01
6.633333333333333304e-01
6.653333333333333321e-01
6.633333333333333304e-01
6.633333333333333304e-01
6.620000000000000329e-01
6.633333333333333304e-01
6.633333333333333304e-01
6.646666666666666279e-01
6.633333333333333304e-01
6.626666666666666261e-01
6.626666666666666261e-01
6.620000000000000329e-01
6.640000000000000346e-01
6.633333333333333304e-01
6.640000000000000346e-01
6.640000000000000346e-01
6.646666666666666279e-01
6.666666666666666297e-01
6.620000000000000329e-01
6.626666666666666261e-01
6.620000000000000329e-01
6.633333333333333304e-01
6.646666666666666279e-01
6.653333333333333321e-01
6.653333333333333321e-01
6.626666666666666261e-01
6.633333333333333304e-01
6.620000000000000329e-01
6.646666666666666279e-01
6.633333333333333304e-01
6.620000000000000329e-01
6.640000000000000346e-01
6.626666666666666261e-01
6.640000000000000346e-01
6.626666666666666261e-01
6.620000000000000329e-01
6.620000000000000329e-01
6.633333333333333304e-01
6.640000000000000346e-01
6.633333333333333304e-01
6.640000000000000346e-01
6.626666666666666261e-01
6.613333333333333286e-01
6.640000000000000346e-01
6.640000000000000346e-01
6.646666666666666279e-01
6.633333333333333304e-01
6.640000000000000346e-01
6.646666666666666279e-01
6.646666666666666279e-01
6.626666666666666261e-01
6.593333333333333268e-01
6.593333333333333268e-01
6.593333333333333268e-01
6.613333333333333286e-01
6.633333333333333304e-01
6.620000000000000329e-01
6.640000000000000346e-01
6.660000000000000364e-01
6.660000000000000364e-01
6.613333333333333286e-01
6.620000000000000329e-01
6.633333333333333304e-01
6.633333333333333304e-01
6.640000000000000346e-01
6.613333333333333286e-01
6.613333333333333286e-01
6.626666666666666261e-01
6.620000000000000329e-01
6.633333333333333304e-01
6.666666666666666297e-01
6.646666666666666279e-01
6.633333333333333304e-01
6.626666666666666261e-01
6.646666666666666279e-01
6.646666666666666279e-01
6.640000000000000346e-01
6.606666666666666243e-01
6.613333333333333286e-01
6.620000000000000329e-01
6.620000000000000329e-01
6.626666666666666261e-01
6.640000000000000346e-01
6.620000000000000329e-01
6.653333333333333321e-01
6.633333333333333304e-01
6.620000000000000329e-01
6.600000000000000311e-01
6.606666666666666243e-01
6.613333333333333286e-01
6.640000000000000346e-01
6.600000000000000311e-01
6.613333333333333286e-01
6.600000000000000311e-01
6.613333333333333286e-01
6.606666666666666243e-01
6.613333333333333286e-01
6.626666666666666261e-01
6.613333333333333286e-01
6.606666666666666243e-01
6.626666666666666261e-01
6.626666666666666261e-01
6.626666666666666261e-01
6.600000000000000311e-01
6.613333333333333286e-01
6.613333333333333286e-01
6.633333333333333304e-01
6.613333333333333286e-01
6.620000000000000329e-01
6.633333333333333304e-01
6.646666666666666279e-01
6.640000000000000346e-01
6.640000000000000346e-01
6.620000000000000329e-01
6.626666666666666261e-01
6.613333333333333286e-01
6.633333333333333304e-01
6.620000000000000329e-01
6.606666666666666243e-01
6.613333333333333286e-01
6.633333333333333304e-01
6.626666666666666261e-01
6.613333333333333286e-01
6.640000000000000346e-01
6.626666666666666261e-01
6.626666666666666261e-01
6.633333333333333304e-01
6.626666666666666261e-01
6.653333333333333321e-01
6.640000000000000346e-01
6.640000000000000346e-01
6.620000000000000329e-01
6.620000000000000329e-01
6.626666666666666261e-01
6.613333333333333286e-01
6.600000000000000311e-01
6.620000000000000329e-01
6.633333333333333304e-01
6.646666666666666279e-01
6.626666666666666261e-01
6.606666666666666243e-01
6.646666666666666279e-01
6.640000000000000346e-01
6.613333333333333286e-01
6.620000000000000329e-01
6.613333333333333286e-01
6.640000000000000346e-01
6.646666666666666279e-01
6.633333333333333304e-01
6.653333333333333321e-01
6.673333333333333339e-01
6.646666666666666279e-01
6.666666666666666297e-01
6.646666666666666279e-01
6.640000000000000346e-01
6.613333333333333286e-01
6.620000000000000329e-01
6.626666666666666261e-01
6.600000000000000311e-01
6.626666666666666261e-01
6.626666666666666261e-01
6.600000000000000311e-01
6.600000000000000311e-01
6.613333333333333286e-01
6.600000000000000311e-01
6.613333333333333286e-01
6.646666666666666279e-01
6.626666666666666261e-01
6.633333333333333304e-01
6.626666666666666261e-01
6.620000000000000329e-01
6.626666666666666261e-01
6.620000000000000329e-01
6.633333333333333304e-01
6.620000000000000329e-01
6.646666666666666279e-01
6.646666666666666279e-01
6.653333333333333321e-01
6.640000000000000346e-01
6.606666666666666243e-01
6.620000000000000329e-01
6.626666666666666261e-01
6.646666666666666279e-01
6.620000000000000329e-01
6.613333333333333286e-01
6.633333333333333304e-01
6.633333333333333304e-01
6.640000000000000346e-01
6.613333333333333286e-01
6.613333333333333286e-01
6.600000000000000311e-01
6.626666666666666261e-01
6.640000000000000346e-01
6.626666666666666261e-01
6.626666666666666261e-01
6.653333333333333321e-01
6.646666666666666279e-01
6.633333333333333304e-01
6.626666666666666261e-01
6.613333333333333286e-01
6.620000000000000329e-01
6.606666666666666243e-01
6.606666666666666243e-01
6.606666666666666243e-01
6.606666666666666243e-01
6.633333333333333304e-01
6.633333333333333304e-01
6.626666666666666261e-01
6.613333333333333286e-01
6.613333333333333286e-01
6.640000000000000346e-01
6.633333333333333304e-01
6.626666666666666261e-01
6.633333333333333304e-01
6.640000000000000346e-01
6.640000000000000346e-01
6.640000000000000346e-01
6.633333333333333304e-01
6.633333333333333304e-01
6.633333333333333304e-01
6.653333333333333321e-01
6.646666666666666279e-01
6.606666666666666243e-01
6.613333333333333286e-01
6.620000000000000329e-01
6.620000000000000329e-01
6.626666666666666261e-01
6.646666666666666279e-01
6.633333333333333304e-01
6.626666666666666261e-01
6.593333333333333268e-01
6.620000000000000329e-01
6.626666666666666261e-01
6.640000000000000346e-01
6.620000000000000329e-01
6.633333333333333304e-01
6.606666666666666243e-01
6.593333333333333268e-01
6.586666666666666226e-01
6.600000000000000311e-01
6.600000000000000311e-01
6.593333333333333268e-01
6.593333333333333268e-01
6.613333333333333286e-01
6.593333333333333268e-01
6.613333333333333286e-01
6.640000000000000346e-01
6.653333333333333321e-01
6.626666666666666261e-01
6.626666666666666261e-01
6.633333333333333304e-01
6.633333333333333304e-01
6.646666666666666279e-01
6.626666666666666261e-01
6.640000000000000346e-01
6.620000000000000329e-01
6.613333333333333286e-01
6.620000000000000329e-01
6.640000000000000346e-01
6.600000000000000311e-01
6.646666666666666279e-01
6.613333333333333286e-01
6.633333333333333304e-01
6.626666666666666261e-01
6.626666666666666261e-01
6.633333333333333304e-01
6.626666666666666261e-01
6.613333333333333286e-01
6.606666666666666243e-01
6.633333333333333304e-01
6.606666666666666243e-01
6.600000000000000311e-01
6.606666666666666243e-01
6.620000000000000329e-01
6.620000000000000329e-01
6.613333333333333286e-01
6.600000000000000311e-01
6.633333333333333304e-01
6.620000000000000329e-01
6.613333333333333286e-01
6.633333333333333304e-01
6.633333333333333304e-01
6.646666666666666279e-01
6.613333333333333286e-01
6.626666666666666261e-01
6.626666666666666261e-01
6.626666666666666261e-01
6.633333333333333304e-01
6.626666666666666261e-01
6.613333333333333286e-01
6.613333333333333286e-01
6.653333333333333321e-01
6.640000000000000346e-01
6.620000000000000329e-01
6.633333333333333304e-01
6.653333333333333321e-01
6.620000000000000329e-01
6.626666666666666261e-01
6.633333333333333304e-01
6.626666666666666261e-01
6.640000000000000346e-01
6.620000000000000329e-01
6.606666666666666243e-01
6.633333333333333304e-01
6.613333333333333286e-01
6.620000000000000329e-01
6.606666666666666243e-01
6.613333333333333286e-01
6.613333333333333286e-01
6.626666666666666261e-01
6.646666666666666279e-01
6.646666666666666279e-01
6.626666666666666261e-01
6.626666666666666261e-01
6.620000000000000329e-01
6.606666666666666243e-01
6.600000000000000311e-01
6.626666666666666261e-01
6.606666666666666243e-01
6.626666666666666261e-01
6.613333333333333286e-01
6.626666666666666261e-01
6.626666666666666261e-01
6.633333333333333304e-01
6.653333333333333321e-01
6.640000000000000346e-01
6.640000000000000346e-01
6.633333333333333304e-01
6.626666666666666261e-01
6.640000000000000346e-01
6.640000000000000346e-01
6.653333333333333321e-01
6.633333333333333304e-01
6.606666666666666243e-01
6.620000000000000329e-01
6.606666666666666243e-01
6.613333333333333286e-01
6.620000000000000329e-01
6.626666666666666261e-01
6.633333333333333304e-01
6.620000000000000329e-01
6.606666666666666243e-01
6.600000000000000311e-01
6.613333333333333286e-01
6.613333333333333286e-01
6.626666666666666261e-01
6.633333333333333304e-01
6.646666666666666279e-01
6.626666666666666261e-01
6.640000000000000346e-01
6.640000000000000346e-01
6.646666666666666279e-01
6.620000000000000329e-01
6.633333333333333304e-01
6.620000000000000329e-01
6.626666666666666261e-01
6.606666666666666243e-01
6.606666666666666243e-01
6.593333333333333268e-01
6.620000000000000329e-01
6.633333333333333304e-01
6.620000000000000329e-01
6.633333333333333304e-01
6.626666666666666261e-01
6.620000000000000329e-01
6.613333333333333286e-01
6.613333333333333286e-01
6.633333333333333304e-01
6.606666666666666243e-01
6.613333333333333286e-01
6.620000000000000329e-01
6.606666666666666243e-01
6.646666666666666279e-01
6.613333333333333286e-01
6.613333333333333286e-01
6.626666666666666261e-01
6.620000000000000329e-01
6.620000000000000329e-01
6.626666666666666261e-01
6.653333333333333321e-01
6.633333333333333304e-01
6.620000000000000329e-01
6.620000000000000329e-01
6.633333333333333304e-01
6.633333333333333304e-01
6.633333333333333304e-01
6.620000000000000329e-01
6.640000000000000346e-01
6.620000000000000329e-01
6.640000000000000346e-01
6.613333333333333286e-01
6.633333333333333304e-01
6.646666666666666279e-01
6.620000000000000329e-01
6.606666666666666243e-01
6.606666666666666243e-01
6.640000000000000346e-01
6.633333333333333304e-01
6.633333333333333304e-01
6.640000000000000346e-01
6.620000000000000329e-01
6.620000000000000329e-01
6.626666666666666261e-01
6.626666666666666261e-01
6.633333333333333304e-01
6.620000000000000329e-01
6.606666666666666243e-01
6.633333333333333304e-01
6.633333333333333304e-01
6.620000000000000329e-01
6.626666666666666261e-01
6.620000000000000329e-01
6.620000000000000329e-01
6.626666666666666261e-01
6.613333333333333286e-01
6.620000000000000329e-01
6.633333333333333304e-01
6.613333333333333286e-01
6.613333333333333286e-01
6.633333333333333304e-01
6.626666666666666261e-01
6.633333333333333304e-01
6.620000000000000329e-01
6.613333333333333286e-01
6.633333333333333304e-01
6.606666666666666243e-01
6.606666666666666243e-01
6.600000000000000311e-01
6.620000000000000329e-01
6.633333333333333304e-01
6.613333333333333286e-01
6.640000000000000346e-01
6.620000000000000329e-01
6.633333333333333304e-01
6.620000000000000329e-01
6.613333333333333286e-01
6.613333333333333286e-01
6.646666666666666279e-01
6.626666666666666261e-01
6.640000000000000346e-01
6.626666666666666261e-01
6.626666666666666261e-01
6.613333333333333286e-01
6.633333333333333304e-01
6.613333333333333286e-01
6.613333333333333286e-01
6.633333333333333304e-01
6.640000000000000346e-01
6.626666666666666261e-01
6.660000000000000364e-01
6.620000000000000329e-01
6.640000000000000346e-01
6.606666666666666243e-01
6.613333333333333286e-01
6.633333333333333304e-01
6.626666666666666261e-01
6.613333333333333286e-01
6.593333333333333268e-01
6.600000000000000311e-01
6.606666666666666243e-01
6.626666666666666261e-01
6.606666666666666243e-01
6.613333333333333286e-01
6.593333333333333268e-01
6.613333333333333286e-01
6.600000000000000311e-01
6.626666666666666261e-01
6.633333333333333304e-01
6.620000000000000329e-01
6.626666666666666261e-01
6.646666666666666279e-01
6.640000000000000346e-01
6.653333333333333321e-01
6.633333333333333304e-01
6.640000000000000346e-01
6.653333333333333321e-01
6.640000000000000346e-01
6.633333333333333304e-01
6.613333333333333286e-01
6.613333333333333286e-01
6.620000000000000329e-01
6.640000000000000346e-01
6.646666666666666279e-01
6.626666666666666261e-01
6.626666666666666261e-01
6.626666666666666261e-01
6.613333333333333286e-01
6.626666666666666261e-01
6.626666666666666261e-01
6.633333333333333304e-01
6.600000000000000311e-01
6.606666666666666243e-01
6.620000000000000329e-01
6.613333333333333286e-01
6.633333333333333304e-01
6.600000000000000311e-01
6.626666666666666261e-01
6.626666666666666261e-01
6.626666666666666261e-01
6.633333333333333304e-01
6.646666666666666279e-01
6.653333333333333321e-01
6.640000000000000346e-01
6.640000000000000346e-01
6.646666666666666279e-01
6.613333333333333286e-01
6.606666666666666243e-01
6.613333333333333286e-01
6.613333333333333286e-01
6.633333333333333304e-01
6.653333333333333321e-01
6.640000000000000346e-01
6.633333333333333304e-01
6.626666666666666261e-01
6.633333333333333304e-01
6.613333333333333286e-01
6.620000000000000329e-01
6.613333333333333286e-01
6.606666666666666243e-01
6.600000000000000311e-01
6.606666666666666243e-01
6.613333333333333286e-01
6.620000000000000329e-01
6.633333333333333304e-01
6.620000000000000329e-01
6.626666666666666261e-01
6.626666666666666261e-01
6.606666666666666243e-01
6.613333333333333286e-01
6.633333333333333304e-01
6.620000000000000329e-01
6.620000000000000329e-01
6.626666666666666261e-01
6.613333333333333286e-01
6.646666666666666279e-01
6.633333333333333304e-01
6.620000000000000329e-01
6.626666666666666261e-01
6.646666666666666279e-01
6.640000000000000346e-01
6.640000000000000346e-01
6.640000000000000346e-01
6.633333333333333304e-01
6.633333333333333304e-01
6.606666666666666243e-01
6.613333333333333286e-01
6.626666666666666261e-01
6.626666666666666261e-01
6.633333333333333304e-01
6.626666666666666261e-01
6.640000000000000346e-01
6.613333333333333286e-01
6.620000000000000329e-01
6.620000000000000329e-01
6.606666666666666243e-01
6.640000000000000346e-01
6.640000000000000346e-01
6.646666666666666279e-01
6.613333333333333286e-01
6.626666666666666261e-01
6.653333333333333321e-01
6.626666666666666261e-01
6.626666666666666261e-01
6.606666666666666243e-01
6.613333333333333286e-01
6.613333333333333286e-01
6.640000000000000346e-01
6.620000000000000329e-01
6.620000000000000329e-01
6.646666666666666279e-01
6.633333333333333304e-01
6.626666666666666261e-01
6.633333333333333304e-01
6.666666666666666297e-01
6.633333333333333304e-01
6.626666666666666261e-01
6.626666666666666261e-01
6.620000000000000329e-01
6.613333333333333286e-01
6.600000000000000311e-01
6.620000000000000329e-01
6.640000000000000346e-01
6.626666666666666261e-01
6.633333333333333304e-01
6.620000000000000329e-01
6.620000000000000329e-01
6.640000000000000346e-01
6.646666666666666279e-01
6.646666666666666279e-01
6.633333333333333304e-01
6.640000000000000346e-01
6.626666666666666261e-01
6.633333333333333304e-01
6.653333333333333321e-01
6.620000000000000329e-01
6.606666666666666243e-01
6.633333333333333304e-01
6.600000000000000311e-01
6.606666666666666243e-01
6.626666666666666261e-01
6.606666666666666243e-01
6.613333333333333286e-01
6.600000000000000311e-01
6.613333333333333286e-01
6.613333333333333286e-01
6.626666666666666261e-01
6.620000000000000329e-01
6.620000000000000329e-01
6.606666666666666243e-01
6.626666666666666261e-01
6.633333333333333304e-01
6.620000000000000329e-01
6.633333333333333304e-01
6.633333333333333304e-01
6.633333333333333304e-01
6.613333333333333286e-01
