5.676666666666666528e-01
7.155000000000000249e-01
7.395000000000000462e-01
7.543333333333333002e-01
7.561666666666666536e-01
7.571666666666666545e-01
7.613333333333333064e-01
7.634999999999999565e-01
7.628333333333333632e-01
7.720000000000000195e-01
7.733333333333333171e-01
7.743333333333333179e-01
7.784999999999999698e-01
7.738333333333333730e-01
7.731666666666666687e-01
7.794999999999999707e-01
7.743333333333333179e-01
7.728333333333333721e-01
7.740000000000000213e-01
7.774999999999999689e-01
7.764999999999999680e-01
7.723333333333333162e-01
7.733333333333333171e-01
7.780000000000000249e-01
7.638333333333333641e-01
7.750000000000000222e-01
7.720000000000000195e-01
7.771666666666666723e-01
7.751666666666666705e-01
7.763333333333333197e-01
7.784999999999999698e-01
7.761666666666666714e-01
7.756666666666666154e-01
7.803333333333333233e-01
7.841666666666666785e-01
7.773333333333333206e-01
7.766666666666666163e-01
7.774999999999999689e-01
7.796666666666666190e-01
7.806666666666666199e-01
7.721666666666666679e-01
7.763333333333333197e-01
7.781666666666666732e-01
7.788333333333333774e-01
7.751666666666666705e-01
7.780000000000000249e-01
7.766666666666666163e-01
7.798333333333333783e-01
7.721666666666666679e-01
7.751666666666666705e-01
7.743333333333333179e-01
7.811666666666666758e-01
7.710000000000000187e-01
7.770000000000000240e-01
7.783333333333333215e-01
7.756666666666666154e-01
7.723333333333333162e-01
7.810000000000000275e-01
7.786666666666666181e-01
7.764999999999999680e-01
7.744999999999999662e-01
7.736666666666666137e-01
7.774999999999999689e-01
7.766666666666666163e-01
7.770000000000000240e-01
7.784999999999999698e-01
7.781666666666666732e-01
7.786666666666666181e-01
7.773333333333333206e-01
7.766666666666666163e-01
7.790000000000000258e-01
7.793333333333333224e-01
7.764999999999999680e-01
7.718333333333333712e-01
7.750000000000000222e-01
7.760000000000000231e-01
7.771666666666666723e-01
7.780000000000000249e-01
7.680000000000000160e-01
7.326666666666666883e-01
7.641666666666666607e-01
7.766666666666666163e-01
7.714999999999999636e-01
7.728333333333333721e-01
7.738333333333333730e-01
7.780000000000000249e-01
7.786666666666666181e-01
7.810000000000000275e-01
7.810000000000000275e-01
7.793333333333333224e-01
7.798333333333333783e-01
7.806666666666666199e-01
7.821666666666666767e-01
7.810000000000000275e-01
7.801666666666666750e-01
7.824999999999999734e-01
7.810000000000000275e-01
7.836666666666666226e-01
7.826666666666666217e-01
7.818333333333333801e-01
7.801666666666666750e-01
7.814999999999999725e-01
7.830000000000000293e-01
7.816666666666666208e-01
7.816666666666666208e-01
7.828333333333333810e-01
7.814999999999999725e-01
7.796666666666666190e-01
7.800000000000000266e-01
7.821666666666666767e-01
7.816666666666666208e-01
7.806666666666666199e-01
7.810000000000000275e-01
7.804999999999999716e-01
7.806666666666666199e-01
7.828333333333333810e-01
7.818333333333333801e-01
7.824999999999999734e-01
7.821666666666666767e-01
7.830000000000000293e-01
7.814999999999999725e-01
7.794999999999999707e-01
7.826666666666666217e-01
7.808333333333333792e-01
7.836666666666666226e-01
7.796666666666666190e-01
7.798333333333333783e-01
7.820000000000000284e-01
7.823333333333333250e-01
7.830000000000000293e-01
7.816666666666666208e-01
7.816666666666666208e-01
7.830000000000000293e-01
7.823333333333333250e-01
7.821666666666666767e-01
7.813333333333333242e-01
7.818333333333333801e-01
7.794999999999999707e-01
7.811666666666666758e-01
7.828333333333333810e-01
7.803333333333333233e-01
7.818333333333333801e-01
7.828333333333333810e-01
7.823333333333333250e-01
7.818333333333333801e-01
7.814999999999999725e-01
7.816666666666666208e-01
7.813333333333333242e-01
7.803333333333333233e-01
7.824999999999999734e-01
7.806666666666666199e-01
7.811666666666666758e-01
7.794999999999999707e-01
7.818333333333333801e-01
7.801666666666666750e-01
7.820000000000000284e-01
7.813333333333333242e-01
7.800000000000000266e-01
7.826666666666666217e-01
7.820000000000000284e-01
7.801666666666666750e-01
7.811666666666666758e-01
7.810000000000000275e-01
7.813333333333333242e-01
7.793333333333333224e-01
7.816666666666666208e-01
7.808333333333333792e-01
7.808333333333333792e-01
7.816666666666666208e-01
7.811666666666666758e-01
7.823333333333333250e-01
7.794999999999999707e-01
7.814999999999999725e-01
7.806666666666666199e-01
7.801666666666666750e-01
7.803333333333333233e-01
7.796666666666666190e-01
7.791666666666666741e-01
7.831666666666666776e-01
7.813333333333333242e-01
7.808333333333333792e-01
7.806666666666666199e-01
7.393333333333332869e-01
3.270000000000000129e-01
2.886666666666666825e-01
2.856666666666666798e-01
2.886666666666666825e-01
2.951666666666666883e-01
2.988333333333333397e-01
3.053333333333333455e-01
3.113333333333333508e-01
3.171666666666666523e-01
3.238333333333333064e-01
3.298333333333333117e-01
3.351666666666666683e-01
3.474999999999999756e-01
3.524999999999999800e-01
3.611666666666666914e-01
3.684999999999999942e-01
3.770000000000000018e-01
3.861666666666666581e-01
3.920000000000000151e-01
4.003333333333333188e-01
4.088333333333333264e-01
4.181666666666666865e-01
4.264999999999999902e-01
4.354999999999999982e-01
4.438333333333333575e-01
4.525000000000000133e-01
4.565000000000000169e-01
4.661666666666666736e-01
4.714999999999999747e-01
4.781666666666666843e-01
4.891666666666666941e-01
4.961666666666666448e-01
4.986666666666666470e-01
5.064999999999999503e-01
5.181666666666666643e-01
5.224999999999999645e-01
5.300000000000000266e-01
5.341666666666666785e-01
5.390000000000000346e-01
5.416666666666666297e-01
5.456666666666666332e-01
5.506666666666666377e-01
5.566666666666666430e-01
5.586666666666666448e-01
5.655000000000000027e-01
5.683333333333333570e-01
5.721666666666667123e-01
5.769999999999999574e-01
5.816666666666666652e-01
5.839999999999999636e-01
5.871666666666666146e-01
5.895000000000000240e-01
5.953333333333333810e-01
5.959999999999999742e-01
6.006666666666666821e-01
6.018333333333333313e-01
6.048333333333333339e-01
6.076666666666666883e-01
6.103333333333332833e-01
6.151666666666666394e-01
6.156666666666666954e-01
6.198333333333333472e-01
6.221666666666666456e-01
6.235000000000000542e-01
6.251666666666666483e-01
6.270000000000000018e-01
6.303333333333333011e-01
6.328333333333333588e-01
6.338333333333333597e-01
6.361666666666666581e-01
6.396666666666667167e-01
6.410000000000000142e-01
6.436666666666667203e-01
6.464999999999999636e-01
6.483333333333333171e-01
6.498333333333333739e-01
6.503333333333333188e-01
6.511666666666666714e-01
6.528333333333333766e-01
6.573333333333333250e-01
6.564999999999999725e-01
6.593333333333333268e-01
6.593333333333333268e-01
6.616666666666666252e-01
6.633333333333333304e-01
6.668333333333332780e-01
6.671666666666666856e-01
6.678333333333332789e-01
6.700000000000000400e-01
6.714999999999999858e-01
6.723333333333333384e-01
6.746666666666666368e-01
6.758333333333332860e-01
6.783333333333333437e-01
6.811666666666666980e-01
6.826666666666666439e-01
6.860000000000000542e-01
6.883333333333333526e-01
6.915000000000000036e-01
6.908333333333332993e-01
6.925000000000000044e-01
6.948333333333333028e-01
6.996666666666666590e-01
7.033333333333333659e-01
7.028333333333333099e-01
7.038333333333333108e-01
7.065000000000000169e-01
7.088333333333333153e-01
7.078333333333333144e-01
7.103333333333333721e-01
7.138333333333333197e-01
7.161666666666666181e-01
7.169999999999999707e-01
7.188333333333333242e-01
7.206666666666666776e-01
7.223333333333333828e-01
7.238333333333333286e-01
7.266666666666666829e-01
7.273333333333333872e-01
7.293333333333332780e-01
7.309999999999999831e-01
7.323333333333332806e-01
7.336666666666666892e-01
7.336666666666666892e-01
7.361666666666666359e-01
7.365000000000000435e-01
7.383333333333332860e-01
7.405000000000000471e-01
7.401666666666666394e-01
7.393333333333332869e-01
7.416666666666666963e-01
7.433333333333332904e-01
7.431666666666666421e-01
7.458333333333333481e-01
7.473333333333332940e-01
7.473333333333332940e-01
7.491666666666666474e-01
7.503333333333332966e-01
7.518333333333333535e-01
7.546666666666667078e-01
7.551666666666666528e-01
7.550000000000000044e-01
7.560000000000000053e-01
7.564999999999999503e-01
7.570000000000000062e-01
7.573333333333333028e-01
7.613333333333333064e-01
7.598333333333333606e-01
7.616666666666667140e-01
7.611666666666666581e-01
7.606666666666667131e-01
7.623333333333333073e-01
7.613333333333333064e-01
7.624999999999999556e-01
7.634999999999999565e-01
7.668333333333333668e-01
7.630000000000000115e-01
7.646666666666667167e-01
7.648333333333333650e-01
7.636666666666667158e-01
7.661666666666666625e-01
7.666666666666667185e-01
7.654999999999999583e-01
7.674999999999999600e-01
7.660000000000000142e-01
7.658333333333333659e-01
7.658333333333333659e-01
7.661666666666666625e-01
7.653333333333333099e-01
7.644999999999999574e-01
7.623333333333333073e-01
7.650000000000000133e-01
7.648333333333333650e-01
7.663333333333333108e-01
7.658333333333333659e-01
7.673333333333333117e-01
7.634999999999999565e-01
7.640000000000000124e-01
7.646666666666667167e-01
7.644999999999999574e-01
7.650000000000000133e-01
7.651666666666666616e-01
7.630000000000000115e-01
7.663333333333333108e-01
7.670000000000000151e-01
7.661666666666666625e-01
7.670000000000000151e-01
7.678333333333333677e-01
7.650000000000000133e-01
7.663333333333333108e-01
7.650000000000000133e-01
7.666666666666667185e-01
7.680000000000000160e-01
7.671666666666666634e-01
7.680000000000000160e-01
7.673333333333333117e-01
7.686666666666667203e-01
7.671666666666666634e-01
7.698333333333333695e-01
7.680000000000000160e-01
7.693333333333333135e-01
7.710000000000000187e-01
7.683333333333333126e-01
7.691666666666666652e-01
7.698333333333333695e-01
7.696666666666667211e-01
7.696666666666667211e-01
7.711666666666666670e-01
7.694999999999999618e-01
7.688333333333333686e-01
7.660000000000000142e-01
7.686666666666667203e-01
7.690000000000000169e-01
7.663333333333333108e-01
7.678333333333333677e-01
7.694999999999999618e-01
7.683333333333333126e-01
7.680000000000000160e-01
7.656666666666667176e-01
7.656666666666667176e-01
7.706666666666667220e-01
7.660000000000000142e-01
7.653333333333333099e-01
7.666666666666667185e-01
7.680000000000000160e-01
7.671666666666666634e-01
7.680000000000000160e-01
7.683333333333333126e-01
7.666666666666667185e-01
7.708333333333333703e-01
7.640000000000000124e-01
7.668333333333333668e-01
7.670000000000000151e-01
7.680000000000000160e-01
7.670000000000000151e-01
7.664999999999999591e-01
7.671666666666666634e-01
7.654999999999999583e-01
7.660000000000000142e-01
7.664999999999999591e-01
7.636666666666667158e-01
7.678333333333333677e-01
7.633333333333333082e-01
7.664999999999999591e-01
7.678333333333333677e-01
7.661666666666666625e-01
7.680000000000000160e-01
7.713333333333333153e-01
7.646666666666667167e-01
7.690000000000000169e-01
7.664999999999999591e-01
7.671666666666666634e-01
7.661666666666666625e-01
7.690000000000000169e-01
7.691666666666666652e-01
7.673333333333333117e-01
7.668333333333333668e-01
7.678333333333333677e-01
7.694999999999999618e-01
7.691666666666666652e-01
7.653333333333333099e-01
7.686666666666667203e-01
7.680000000000000160e-01
7.656666666666667176e-01
7.674999999999999600e-01
7.670000000000000151e-01
7.680000000000000160e-01
7.670000000000000151e-01
7.713333333333333153e-01
7.678333333333333677e-01
7.668333333333333668e-01
7.693333333333333135e-01
7.671666666666666634e-01
7.688333333333333686e-01
7.696666666666667211e-01
7.636666666666667158e-01
7.681666666666666643e-01
7.666666666666667185e-01
7.690000000000000169e-01
7.668333333333333668e-01
7.664999999999999591e-01
7.676666666666667194e-01
7.651666666666666616e-01
7.686666666666667203e-01
7.681666666666666643e-01
7.661666666666666625e-01
7.680000000000000160e-01
7.694999999999999618e-01
7.688333333333333686e-01
7.693333333333333135e-01
7.678333333333333677e-01
7.671666666666666634e-01
7.648333333333333650e-01
7.690000000000000169e-01
7.698333333333333695e-01
7.696666666666667211e-01
7.671666666666666634e-01
7.683333333333333126e-01
7.681666666666666643e-01
7.701666666666666661e-01
7.664999999999999591e-01
7.670000000000000151e-01
7.691666666666666652e-01
7.666666666666667185e-01
7.666666666666667185e-01
7.688333333333333686e-01
7.671666666666666634e-01
7.684999999999999609e-01
7.674999999999999600e-01
7.671666666666666634e-01
7.670000000000000151e-01
7.663333333333333108e-01
7.666666666666667185e-01
7.683333333333333126e-01
7.673333333333333117e-01
7.696666666666667211e-01
7.671666666666666634e-01
7.664999999999999591e-01
7.661666666666666625e-01
7.676666666666667194e-01
7.654999999999999583e-01
7.668333333333333668e-01
7.681666666666666643e-01
7.676666666666667194e-01
7.630000000000000115e-01
7.694999999999999618e-01
7.681666666666666643e-01
7.666666666666667185e-01
7.676666666666667194e-01
7.663333333333333108e-01
7.678333333333333677e-01
7.650000000000000133e-01
7.680000000000000160e-01
7.666666666666667185e-01
7.666666666666667185e-01
7.670000000000000151e-01
7.673333333333333117e-01
7.656666666666667176e-01
7.656666666666667176e-01
7.678333333333333677e-01
7.686666666666667203e-01
7.680000000000000160e-01
7.670000000000000151e-01
7.678333333333333677e-01
7.676666666666667194e-01
7.658333333333333659e-01
7.686666666666667203e-01
7.683333333333333126e-01
7.693333333333333135e-01
7.683333333333333126e-01
7.668333333333333668e-01
7.673333333333333117e-01
7.688333333333333686e-01
7.664999999999999591e-01
7.688333333333333686e-01
7.673333333333333117e-01
7.694999999999999618e-01
7.688333333333333686e-01
7.678333333333333677e-01
7.671666666666666634e-01
7.673333333333333117e-01
7.700000000000000178e-01
7.663333333333333108e-01
7.686666666666667203e-01
7.654999999999999583e-01
7.678333333333333677e-01
7.664999999999999591e-01
7.650000000000000133e-01
7.644999999999999574e-01
7.701666666666666661e-01
7.668333333333333668e-01
7.690000000000000169e-01
7.676666666666667194e-01
7.658333333333333659e-01
7.706666666666667220e-01
7.664999999999999591e-01
7.654999999999999583e-01
7.686666666666667203e-01
7.654999999999999583e-01
7.678333333333333677e-01
7.668333333333333668e-01
7.671666666666666634e-01
7.663333333333333108e-01
7.656666666666667176e-01
7.666666666666667185e-01
7.671666666666666634e-01
7.686666666666667203e-01
7.694999999999999618e-01
7.688333333333333686e-01
7.680000000000000160e-01
7.673333333333333117e-01
7.651666666666666616e-01
7.691666666666666652e-01
7.678333333333333677e-01
7.674999999999999600e-01
7.661666666666666625e-01
7.660000000000000142e-01
7.668333333333333668e-01
7.680000000000000160e-01
7.674999999999999600e-01
7.694999999999999618e-01
7.660000000000000142e-01
7.680000000000000160e-01
7.666666666666667185e-01
7.658333333333333659e-01
7.668333333333333668e-01
7.651666666666666616e-01
7.680000000000000160e-01
7.673333333333333117e-01
7.691666666666666652e-01
7.638333333333333641e-01
7.661666666666666625e-01
7.644999999999999574e-01
7.668333333333333668e-01
7.668333333333333668e-01
7.651666666666666616e-01
7.640000000000000124e-01
7.670000000000000151e-01
7.664999999999999591e-01
7.653333333333333099e-01
7.664999999999999591e-01
7.686666666666667203e-01
7.688333333333333686e-01
7.668333333333333668e-01
7.676666666666667194e-01
7.680000000000000160e-01
7.663333333333333108e-01
7.684999999999999609e-01
7.660000000000000142e-01
7.678333333333333677e-01
7.656666666666667176e-01
7.666666666666667185e-01
7.691666666666666652e-01
7.678333333333333677e-01
7.683333333333333126e-01
7.660000000000000142e-01
7.664999999999999591e-01
7.651666666666666616e-01
7.663333333333333108e-01
7.681666666666666643e-01
7.638333333333333641e-01
7.670000000000000151e-01
7.666666666666667185e-01
7.671666666666666634e-01
7.668333333333333668e-01
7.651666666666666616e-01
7.678333333333333677e-01
7.680000000000000160e-01
7.668333333333333668e-01
7.684999999999999609e-01
7.666666666666667185e-01
7.673333333333333117e-01
7.670000000000000151e-01
7.688333333333333686e-01
7.648333333333333650e-01
7.681666666666666643e-01
7.684999999999999609e-01
7.674999999999999600e-01
7.674999999999999600e-01
7.676666666666667194e-01
7.658333333333333659e-01
7.670000000000000151e-01
7.678333333333333677e-01
7.666666666666667185e-01
7.693333333333333135e-01
7.651666666666666616e-01
7.681666666666666643e-01
7.688333333333333686e-01
7.664999999999999591e-01
7.646666666666667167e-01
7.688333333333333686e-01
7.644999999999999574e-01
7.648333333333333650e-01
7.666666666666667185e-01
7.668333333333333668e-01
7.670000000000000151e-01
7.660000000000000142e-01
7.644999999999999574e-01
7.683333333333333126e-01
7.651666666666666616e-01
7.676666666666667194e-01
7.664999999999999591e-01
7.676666666666667194e-01
7.681666666666666643e-01
7.688333333333333686e-01
7.670000000000000151e-01
7.641666666666666607e-01
7.653333333333333099e-01
7.680000000000000160e-01
7.676666666666667194e-01
7.660000000000000142e-01
7.661666666666666625e-01
7.674999999999999600e-01
7.666666666666667185e-01
7.681666666666666643e-01
7.691666666666666652e-01
7.684999999999999609e-01
7.681666666666666643e-01
7.671666666666666634e-01
7.663333333333333108e-01
7.676666666666667194e-01
7.681666666666666643e-01
7.660000000000000142e-01
7.638333333333333641e-01
7.664999999999999591e-01
7.648333333333333650e-01
7.658333333333333659e-01
7.654999999999999583e-01
7.670000000000000151e-01
7.674999999999999600e-01
7.673333333333333117e-01
7.663333333333333108e-01
7.664999999999999591e-01
7.668333333333333668e-01
7.656666666666667176e-01
7.674999999999999600e-01
7.660000000000000142e-01
7.684999999999999609e-01
7.688333333333333686e-01
7.673333333333333117e-01
7.673333333333333117e-01
7.654999999999999583e-01
7.664999999999999591e-01
7.686666666666667203e-01
7.678333333333333677e-01
7.673333333333333117e-01
7.658333333333333659e-01
7.663333333333333108e-01
7.658333333333333659e-01
7.701666666666666661e-01
7.690000000000000169e-01
7.680000000000000160e-01
7.683333333333333126e-01
7.688333333333333686e-01
7.623333333333333073e-01
7.648333333333333650e-01
7.671666666666666634e-01
7.648333333333333650e-01
7.656666666666667176e-01
7.678333333333333677e-01
7.664999999999999591e-01
7.671666666666666634e-01
7.674999999999999600e-01
7.656666666666667176e-01
7.656666666666667176e-01
7.638333333333333641e-01
7.641666666666666607e-01
7.656666666666667176e-01
7.663333333333333108e-01
7.648333333333333650e-01
7.646666666666667167e-01
7.666666666666667185e-01
7.674999999999999600e-01
7.668333333333333668e-01
7.670000000000000151e-01
7.664999999999999591e-01
7.656666666666667176e-01
7.651666666666666616e-01
7.671666666666666634e-01
7.671666666666666634e-01
7.678333333333333677e-01
7.668333333333333668e-01
7.664999999999999591e-01
7.676666666666667194e-01
7.661666666666666625e-01
7.630000000000000115e-01
7.678333333333333677e-01
7.644999999999999574e-01
7.643333333333333091e-01
7.656666666666667176e-01
7.656666666666667176e-01
7.673333333333333117e-01
7.648333333333333650e-01
7.668333333333333668e-01
7.654999999999999583e-01
7.680000000000000160e-01
7.650000000000000133e-01
7.674999999999999600e-01
7.671666666666666634e-01
7.678333333333333677e-01
7.644999999999999574e-01
7.643333333333333091e-01
7.664999999999999591e-01
7.651666666666666616e-01
7.631666666666666599e-01
7.658333333333333659e-01
7.681666666666666643e-01
7.671666666666666634e-01
7.648333333333333650e-01
7.671666666666666634e-01
7.660000000000000142e-01
7.643333333333333091e-01
7.654999999999999583e-01
7.666666666666667185e-01
7.660000000000000142e-01
7.660000000000000142e-01
7.658333333333333659e-01
7.660000000000000142e-01
7.671666666666666634e-01
7.653333333333333099e-01
7.678333333333333677e-01
7.668333333333333668e-01
7.666666666666667185e-01
7.663333333333333108e-01
7.673333333333333117e-01
7.670000000000000151e-01
7.664999999999999591e-01
7.654999999999999583e-01
7.684999999999999609e-01
7.670000000000000151e-01
7.676666666666667194e-01
7.654999999999999583e-01
7.651666666666666616e-01
7.663333333333333108e-01
7.674999999999999600e-01
7.680000000000000160e-01
7.658333333333333659e-01
7.661666666666666625e-01
7.670000000000000151e-01
7.673333333333333117e-01
7.676666666666667194e-01
7.663333333333333108e-01
7.656666666666667176e-01
7.688333333333333686e-01
7.684999999999999609e-01
7.664999999999999591e-01
7.681666666666666643e-01
7.686666666666667203e-01
7.683333333333333126e-01
7.676666666666667194e-01
7.646666666666667167e-01
7.673333333333333117e-01
7.661666666666666625e-01
7.678333333333333677e-01
7.673333333333333117e-01
7.670000000000000151e-01
7.691666666666666652e-01
7.653333333333333099e-01
7.666666666666667185e-01
7.668333333333333668e-01
7.663333333333333108e-01
7.698333333333333695e-01
7.683333333333333126e-01
7.691666666666666652e-01
7.683333333333333126e-01
7.684999999999999609e-01
7.686666666666667203e-01
7.653333333333333099e-01
7.688333333333333686e-01
7.658333333333333659e-01
7.694999999999999618e-01
7.674999999999999600e-01
7.681666666666666643e-01
7.676666666666667194e-01
7.680000000000000160e-01
7.686666666666667203e-01
7.708333333333333703e-01
7.684999999999999609e-01
7.674999999999999600e-01
7.688333333333333686e-01
7.690000000000000169e-01
7.663333333333333108e-01
7.698333333333333695e-01
7.663333333333333108e-01
7.646666666666667167e-01
7.678333333333333677e-01
7.650000000000000133e-01
7.666666666666667185e-01
7.684999999999999609e-01
7.661666666666666625e-01
7.676666666666667194e-01
7.631666666666666599e-01
7.686666666666667203e-01
7.648333333333333650e-01
7.644999999999999574e-01
7.654999999999999583e-01
7.618333333333333623e-01
7.598333333333333606e-01
7.634999999999999565e-01
7.644999999999999574e-01
7.668333333333333668e-01
7.683333333333333126e-01
7.676666666666667194e-01
7.704999999999999627e-01
7.696666666666667211e-01
7.696666666666667211e-01
7.658333333333333659e-01
7.680000000000000160e-01
7.686666666666667203e-01
7.678333333333333677e-01
7.686666666666667203e-01
7.683333333333333126e-01
7.688333333333333686e-01
7.700000000000000178e-01
7.693333333333333135e-01
7.693333333333333135e-01
7.686666666666667203e-01
7.698333333333333695e-01
7.693333333333333135e-01
7.658333333333333659e-01
7.684999999999999609e-01
7.678333333333333677e-01
7.696666666666667211e-01
7.674999999999999600e-01
7.694999999999999618e-01
7.683333333333333126e-01
7.658333333333333659e-01
7.701666666666666661e-01
7.673333333333333117e-01
7.700000000000000178e-01
7.683333333333333126e-01
7.696666666666667211e-01
7.678333333333333677e-01
7.688333333333333686e-01
7.683333333333333126e-01
7.671666666666666634e-01
7.680000000000000160e-01
7.690000000000000169e-01
7.684999999999999609e-01
7.680000000000000160e-01
7.690000000000000169e-01
7.690000000000000169e-01
7.684999999999999609e-01
7.680000000000000160e-01
7.674999999999999600e-01
7.683333333333333126e-01
7.680000000000000160e-01
7.688333333333333686e-01
7.698333333333333695e-01
7.663333333333333108e-01
7.680000000000000160e-01
7.693333333333333135e-01
7.691666666666666652e-01
7.676666666666667194e-01
7.694999999999999618e-01
7.680000000000000160e-01
7.690000000000000169e-01
7.688333333333333686e-01
7.691666666666666652e-01
7.691666666666666652e-01
7.688333333333333686e-01
7.666666666666667185e-01
7.700000000000000178e-01
7.683333333333333126e-01
7.680000000000000160e-01
7.674999999999999600e-01
7.673333333333333117e-01
7.676666666666667194e-01
7.688333333333333686e-01
7.674999999999999600e-01
7.690000000000000169e-01
7.704999999999999627e-01
7.684999999999999609e-01
7.700000000000000178e-01
7.691666666666666652e-01
7.701666666666666661e-01
7.680000000000000160e-01
7.700000000000000178e-01
7.691666666666666652e-01
7.690000000000000169e-01
7.684999999999999609e-01
7.686666666666667203e-01
7.683333333333333126e-01
7.688333333333333686e-01
7.668333333333333668e-01
7.681666666666666643e-01
7.694999999999999618e-01
7.678333333333333677e-01
7.654999999999999583e-01
7.691666666666666652e-01
7.674999999999999600e-01
7.683333333333333126e-01
7.680000000000000160e-01
7.678333333333333677e-01
7.681666666666666643e-01
7.680000000000000160e-01
7.694999999999999618e-01
7.700000000000000178e-01
7.691666666666666652e-01
7.676666666666667194e-01
7.690000000000000169e-01
7.688333333333333686e-01
7.681666666666666643e-01
7.673333333333333117e-01
7.683333333333333126e-01
7.690000000000000169e-01
7.676666666666667194e-01
7.678333333333333677e-01
7.688333333333333686e-01
7.678333333333333677e-01
7.666666666666667185e-01
7.670000000000000151e-01
7.663333333333333108e-01
7.686666666666667203e-01
7.691666666666666652e-01
7.658333333333333659e-01
7.674999999999999600e-01
7.683333333333333126e-01
7.671666666666666634e-01
7.673333333333333117e-01
7.694999999999999618e-01
7.686666666666667203e-01
7.673333333333333117e-01
7.686666666666667203e-01
7.683333333333333126e-01
7.690000000000000169e-01
7.658333333333333659e-01
7.671666666666666634e-01
7.653333333333333099e-01
7.668333333333333668e-01
7.691666666666666652e-01
7.680000000000000160e-01
7.680000000000000160e-01
7.668333333333333668e-01
7.654999999999999583e-01
7.674999999999999600e-01
7.661666666666666625e-01
7.673333333333333117e-01
