5.578947368421052246e-03
5.631578947368420622e-03
5.473684210526315493e-03
5.473684210526315493e-03
5.526315789473683869e-03
5.631578947368420622e-03
5.684210526315789866e-03
5.526315789473683869e-03
5.578947368421052246e-03
5.473684210526315493e-03
5.578947368421052246e-03
5.684210526315789866e-03
5.894736842105263372e-03
5.894736842105263372e-03
5.842105263157894995e-03
5.894736842105263372e-03
5.842105263157894995e-03
5.842105263157894995e-03
5.842105263157894995e-03
5.894736842105263372e-03
5.842105263157894995e-03
6.000000000000000125e-03
5.947368421052631748e-03
6.052631578947368501e-03
5.947368421052631748e-03
5.894736842105263372e-03
5.842105263157894995e-03
5.842105263157894995e-03
5.684210526315789866e-03
5.578947368421052246e-03
5.789473684210526619e-03
5.684210526315789866e-03
5.736842105263158242e-03
5.578947368421052246e-03
5.578947368421052246e-03
5.684210526315789866e-03
5.789473684210526619e-03
5.842105263157894995e-03
5.842105263157894995e-03
5.947368421052631748e-03
6.052631578947368501e-03
6.263157894736842007e-03
6.315789473684210384e-03
6.315789473684210384e-03
6.368421052631578760e-03
6.368421052631578760e-03
6.421052631578947137e-03
6.421052631578947137e-03
6.421052631578947137e-03
6.315789473684210384e-03
6.210526315789473631e-03
6.210526315789473631e-03
6.263157894736842007e-03
6.210526315789473631e-03
6.105263157894736878e-03
6.105263157894736878e-03
5.947368421052631748e-03
5.894736842105263372e-03
6.000000000000000125e-03
6.000000000000000125e-03
6.105263157894736878e-03
6.157894736842105254e-03
6.000000000000000125e-03
5.947368421052631748e-03
6.052631578947368501e-03
6.052631578947368501e-03
6.157894736842105254e-03
6.210526315789473631e-03
6.210526315789473631e-03
6.315789473684210384e-03
6.263157894736842007e-03
6.315789473684210384e-03
6.368421052631578760e-03
6.473684210526315513e-03
6.526315789473683890e-03
6.526315789473683890e-03
6.578947368421052266e-03
6.526315789473683890e-03
6.526315789473683890e-03
6.473684210526315513e-03
6.526315789473683890e-03
6.526315789473683890e-03
6.578947368421052266e-03
6.578947368421052266e-03
6.789473684210526640e-03
6.684210526315789887e-03
6.736842105263158263e-03
6.842105263157895016e-03
6.894736842105263393e-03
6.684210526315789887e-03
7.000000000000000146e-03
7.210526315789473652e-03
7.052631578947368522e-03
7.157894736842105275e-03
7.052631578947368522e-03
7.210526315789473652e-03
7.105263157894736899e-03
7.105263157894736899e-03
7.105263157894736899e-03
6.789473684210526640e-03
6.736842105263158263e-03
6.473684210526315513e-03
6.210526315789473631e-03
5.842105263157894995e-03
5.736842105263158242e-03
5.736842105263158242e-03
5.315789473684210363e-03
5.157894736842105234e-03
5.157894736842105234e-03
5.000000000000000104e-03
5.157894736842105234e-03
5.263157894736841987e-03
5.210526315789473610e-03
5.105263157894736857e-03
5.105263157894736857e-03
5.052631578947368481e-03
5.157894736842105234e-03
5.263157894736841987e-03
5.368421052631578740e-03
5.578947368421052246e-03
5.736842105263158242e-03
6.105263157894736878e-03
5.842105263157894995e-03
5.947368421052631748e-03
6.421052631578947137e-03
6.263157894736842007e-03
6.263157894736842007e-03
6.157894736842105254e-03
6.210526315789473631e-03
6.315789473684210384e-03
6.526315789473683890e-03
6.578947368421052266e-03
6.157894736842105254e-03
6.157894736842105254e-03
5.947368421052631748e-03
6.157894736842105254e-03
5.947368421052631748e-03
5.789473684210526619e-03
6.000000000000000125e-03
5.789473684210526619e-03
5.473684210526315493e-03
5.631578947368420622e-03
5.684210526315789866e-03
5.421052631578947116e-03
5.894736842105263372e-03
5.684210526315789866e-03
5.947368421052631748e-03
5.842105263157894995e-03
5.947368421052631748e-03
6.052631578947368501e-03
6.052631578947368501e-03
5.947368421052631748e-03
5.894736842105263372e-03
5.894736842105263372e-03
5.842105263157894995e-03
5.947368421052631748e-03
5.894736842105263372e-03
5.894736842105263372e-03
5.947368421052631748e-03
5.894736842105263372e-03
5.842105263157894995e-03
5.789473684210526619e-03
5.789473684210526619e-03
5.789473684210526619e-03
5.842105263157894995e-03
5.789473684210526619e-03
5.736842105263158242e-03
5.842105263157894995e-03
5.684210526315789866e-03
5.842105263157894995e-03
5.578947368421052246e-03
5.684210526315789866e-03
5.842105263157894995e-03
5.578947368421052246e-03
5.526315789473683869e-03
5.684210526315789866e-03
5.631578947368420622e-03
5.736842105263158242e-03
5.578947368421052246e-03
5.526315789473683869e-03
5.473684210526315493e-03
5.421052631578947116e-03
5.421052631578947116e-03
5.210526315789473610e-03
5.157894736842105234e-03
5.052631578947368481e-03
4.894736842105263351e-03
4.947368421052631728e-03
4.894736842105263351e-03
4.789473684210526598e-03
4.789473684210526598e-03
4.578947368421052225e-03
4.578947368421052225e-03
4.578947368421052225e-03
4.684210526315789845e-03
4.684210526315789845e-03
4.526315789473683848e-03
4.684210526315789845e-03
4.684210526315789845e-03
4.684210526315789845e-03
4.789473684210526598e-03
5.105263157894736857e-03
4.894736842105263351e-03
4.842105263157894975e-03
4.842105263157894975e-03
5.052631578947368481e-03
4.947368421052631728e-03
5.052631578947368481e-03
4.842105263157894975e-03
4.789473684210526598e-03
4.947368421052631728e-03
4.894736842105263351e-03
5.000000000000000104e-03
5.052631578947368481e-03
4.947368421052631728e-03
4.736842105263158222e-03
4.894736842105263351e-03
5.052631578947368481e-03
5.105263157894736857e-03
5.000000000000000104e-03
5.052631578947368481e-03
5.210526315789473610e-03
5.105263157894736857e-03
4.947368421052631728e-03
4.789473684210526598e-03
4.894736842105263351e-03
4.894736842105263351e-03
4.894736842105263351e-03
4.631578947368421469e-03
4.947368421052631728e-03
4.631578947368421469e-03
4.947368421052631728e-03
4.894736842105263351e-03
4.789473684210526598e-03
4.842105263157894975e-03
4.526315789473683848e-03
4.842105263157894975e-03
4.631578947368421469e-03
4.631578947368421469e-03
4.736842105263158222e-03
4.894736842105263351e-03
4.631578947368421469e-03
4.684210526315789845e-03
4.631578947368421469e-03
4.631578947368421469e-03
4.631578947368421469e-03
4.684210526315789845e-03
4.684210526315789845e-03
4.473684210526315472e-03
4.578947368421052225e-03
4.631578947368421469e-03
4.578947368421052225e-03
4.631578947368421469e-03
4.526315789473683848e-03
4.578947368421052225e-03
4.684210526315789845e-03
4.473684210526315472e-03
4.421052631578947095e-03
4.473684210526315472e-03
4.684210526315789845e-03
4.368421052631578719e-03
4.473684210526315472e-03
4.421052631578947095e-03
4.684210526315789845e-03
4.473684210526315472e-03
4.631578947368421469e-03
4.684210526315789845e-03
4.473684210526315472e-03
4.526315789473683848e-03
4.578947368421052225e-03
4.473684210526315472e-03
4.526315789473683848e-03
4.526315789473683848e-03
4.578947368421052225e-03
4.578947368421052225e-03
4.578947368421052225e-03
4.631578947368421469e-03
4.631578947368421469e-03
4.684210526315789845e-03
4.578947368421052225e-03
4.842105263157894975e-03
4.421052631578947095e-03
4.631578947368421469e-03
4.842105263157894975e-03
4.684210526315789845e-03
4.842105263157894975e-03
4.736842105263158222e-03
4.368421052631578719e-03
4.947368421052631728e-03
4.684210526315789845e-03
4.631578947368421469e-03
4.631578947368421469e-03
4.684210526315789845e-03
4.631578947368421469e-03
4.631578947368421469e-03
4.684210526315789845e-03
4.684210526315789845e-03
4.684210526315789845e-03
4.631578947368421469e-03
4.578947368421052225e-03
4.526315789473683848e-03
4.684210526315789845e-03
4.578947368421052225e-03
4.473684210526315472e-03
4.684210526315789845e-03
4.421052631578947095e-03
4.789473684210526598e-03
4.526315789473683848e-03
4.631578947368421469e-03
4.526315789473683848e-03
4.473684210526315472e-03
4.578947368421052225e-03
4.473684210526315472e-03
4.526315789473683848e-03
4.526315789473683848e-03
4.578947368421052225e-03
4.631578947368421469e-03
4.947368421052631728e-03
4.578947368421052225e-03
4.736842105263158222e-03
4.631578947368421469e-03
4.684210526315789845e-03
4.789473684210526598e-03
4.421052631578947095e-03
4.631578947368421469e-03
4.736842105263158222e-03
4.789473684210526598e-03
4.894736842105263351e-03
4.789473684210526598e-03
4.631578947368421469e-03
4.631578947368421469e-03
4.736842105263158222e-03
4.631578947368421469e-03
4.842105263157894975e-03
5.052631578947368481e-03
4.736842105263158222e-03
4.631578947368421469e-03
4.894736842105263351e-03
4.473684210526315472e-03
4.526315789473683848e-03
4.684210526315789845e-03
4.894736842105263351e-03
4.736842105263158222e-03
4.894736842105263351e-03
4.736842105263158222e-03
4.684210526315789845e-03
4.631578947368421469e-03
4.578947368421052225e-03
4.789473684210526598e-03
4.631578947368421469e-03
4.421052631578947095e-03
4.736842105263158222e-03
4.684210526315789845e-03
4.578947368421052225e-03
4.947368421052631728e-03
4.736842105263158222e-03
4.789473684210526598e-03
4.684210526315789845e-03
4.842105263157894975e-03
4.947368421052631728e-03
4.789473684210526598e-03
4.789473684210526598e-03
5.105263157894736857e-03
4.736842105263158222e-03
4.789473684210526598e-03
4.947368421052631728e-03
5.052631578947368481e-03
4.789473684210526598e-03
4.894736842105263351e-03
4.736842105263158222e-03
4.894736842105263351e-03
4.947368421052631728e-03
4.894736842105263351e-03
4.947368421052631728e-03
4.578947368421052225e-03
4.789473684210526598e-03
4.894736842105263351e-03
4.789473684210526598e-03
5.052631578947368481e-03
4.736842105263158222e-03
4.894736842105263351e-03
4.631578947368421469e-03
4.684210526315789845e-03
4.894736842105263351e-03
4.684210526315789845e-03
4.684210526315789845e-03
4.894736842105263351e-03
4.842105263157894975e-03
4.736842105263158222e-03
4.631578947368421469e-03
4.789473684210526598e-03
5.000000000000000104e-03
4.736842105263158222e-03
4.789473684210526598e-03
4.631578947368421469e-03
4.473684210526315472e-03
4.736842105263158222e-03
4.631578947368421469e-03
4.631578947368421469e-03
4.526315789473683848e-03
4.421052631578947095e-03
4.842105263157894975e-03
4.631578947368421469e-03
4.842105263157894975e-03
4.684210526315789845e-03
4.578947368421052225e-03
4.578947368421052225e-03
4.842105263157894975e-03
4.421052631578947095e-03
4.684210526315789845e-03
4.631578947368421469e-03
4.631578947368421469e-03
4.789473684210526598e-03
4.578947368421052225e-03
4.736842105263158222e-03
4.526315789473683848e-03
4.578947368421052225e-03
4.789473684210526598e-03
4.684210526315789845e-03
4.578947368421052225e-03
4.684210526315789845e-03
4.473684210526315472e-03
4.526315789473683848e-03
4.736842105263158222e-03
4.421052631578947095e-03
4.631578947368421469e-03
4.736842105263158222e-03
4.421052631578947095e-03
4.421052631578947095e-03
4.578947368421052225e-03
4.789473684210526598e-03
4.684210526315789845e-03
4.578947368421052225e-03
4.894736842105263351e-03
4.578947368421052225e-03
4.631578947368421469e-03
4.578947368421052225e-03
4.842105263157894975e-03
4.684210526315789845e-03
4.526315789473683848e-03
4.842105263157894975e-03
4.526315789473683848e-03
4.473684210526315472e-03
4.631578947368421469e-03
4.631578947368421469e-03
4.631578947368421469e-03
4.842105263157894975e-03
4.526315789473683848e-03
4.684210526315789845e-03
4.473684210526315472e-03
4.736842105263158222e-03
4.526315789473683848e-03
4.684210526315789845e-03
4.789473684210526598e-03
4.368421052631578719e-03
4.473684210526315472e-03
4.578947368421052225e-03
4.631578947368421469e-03
4.842105263157894975e-03
4.526315789473683848e-03
4.631578947368421469e-03
4.578947368421052225e-03
4.684210526315789845e-03
4.421052631578947095e-03
4.789473684210526598e-03
4.578947368421052225e-03
4.789473684210526598e-03
4.526315789473683848e-03
4.473684210526315472e-03
4.631578947368421469e-03
4.736842105263158222e-03
4.578947368421052225e-03
4.526315789473683848e-03
4.315789473684210342e-03
5.000000000000000104e-03
4.421052631578947095e-03
4.578947368421052225e-03
4.578947368421052225e-03
4.736842105263158222e-03
4.578947368421052225e-03
4.631578947368421469e-03
4.894736842105263351e-03
4.368421052631578719e-03
4.631578947368421469e-03
4.947368421052631728e-03
4.789473684210526598e-03
4.736842105263158222e-03
4.421052631578947095e-03
4.631578947368421469e-03
4.421052631578947095e-03
4.631578947368421469e-03
4.736842105263158222e-03
4.368421052631578719e-03
4.684210526315789845e-03
4.578947368421052225e-03
4.210526315789473589e-03
4.789473684210526598e-03
4.684210526315789845e-03
4.631578947368421469e-03
4.736842105263158222e-03
5.000000000000000104e-03
4.421052631578947095e-03
4.578947368421052225e-03
4.736842105263158222e-03
4.473684210526315472e-03
4.736842105263158222e-03
4.210526315789473589e-03
4.368421052631578719e-03
4.473684210526315472e-03
4.473684210526315472e-03
4.578947368421052225e-03
4.105263157894736836e-03
4.684210526315789845e-03
4.684210526315789845e-03
4.368421052631578719e-03
4.736842105263158222e-03
4.421052631578947095e-03
4.526315789473683848e-03
4.263157894736841966e-03
4.631578947368421469e-03
4.842105263157894975e-03
4.052631578947368460e-03
4.315789473684210342e-03
4.473684210526315472e-03
4.368421052631578719e-03
4.526315789473683848e-03
4.526315789473683848e-03
4.789473684210526598e-03
4.473684210526315472e-03
4.473684210526315472e-03
4.526315789473683848e-03
4.421052631578947095e-03
4.263157894736841966e-03
4.526315789473683848e-03
4.894736842105263351e-03
4.263157894736841966e-03
4.263157894736841966e-03
4.473684210526315472e-03
4.473684210526315472e-03
4.210526315789473589e-03
4.578947368421052225e-03
4.210526315789473589e-03
4.368421052631578719e-03
4.105263157894736836e-03
4.684210526315789845e-03
4.473684210526315472e-03
4.210526315789473589e-03
4.684210526315789845e-03
4.210526315789473589e-03
4.578947368421052225e-03
4.210526315789473589e-03
4.473684210526315472e-03
4.368421052631578719e-03
4.105263157894736836e-03
4.105263157894736836e-03
4.368421052631578719e-03
4.263157894736841966e-03
4.526315789473683848e-03
4.000000000000000083e-03
4.473684210526315472e-03
4.052631578947368460e-03
4.315789473684210342e-03
4.473684210526315472e-03
4.421052631578947095e-03
4.315789473684210342e-03
4.421052631578947095e-03
4.263157894736841966e-03
4.368421052631578719e-03
4.421052631578947095e-03
4.210526315789473589e-03
4.210526315789473589e-03
4.473684210526315472e-03
4.052631578947368460e-03
4.368421052631578719e-03
4.210526315789473589e-03
4.263157894736841966e-03
4.421052631578947095e-03
4.315789473684210342e-03
4.421052631578947095e-03
4.473684210526315472e-03
4.684210526315789845e-03
4.263157894736841966e-03
4.473684210526315472e-03
4.684210526315789845e-03
4.473684210526315472e-03
4.473684210526315472e-03
4.578947368421052225e-03
4.421052631578947095e-03
4.473684210526315472e-03
4.631578947368421469e-03
4.473684210526315472e-03
4.368421052631578719e-03
4.473684210526315472e-03
4.473684210526315472e-03
4.421052631578947095e-03
4.315789473684210342e-03
4.473684210526315472e-03
4.526315789473683848e-03
4.526315789473683848e-03
4.578947368421052225e-03
4.526315789473683848e-03
4.842105263157894975e-03
4.473684210526315472e-03
4.368421052631578719e-03
4.473684210526315472e-03
4.578947368421052225e-03
4.578947368421052225e-03
4.263157894736841966e-03
4.421052631578947095e-03
4.631578947368421469e-03
4.578947368421052225e-03
4.473684210526315472e-03
4.578947368421052225e-03
4.684210526315789845e-03
4.368421052631578719e-03
4.368421052631578719e-03
4.789473684210526598e-03
4.736842105263158222e-03
4.263157894736841966e-03
4.526315789473683848e-03
4.684210526315789845e-03
4.631578947368421469e-03
4.631578947368421469e-03
4.684210526315789845e-03
4.526315789473683848e-03
4.473684210526315472e-03
4.578947368421052225e-03
4.578947368421052225e-03
5.000000000000000104e-03
4.368421052631578719e-03
4.684210526315789845e-03
4.526315789473683848e-03
4.894736842105263351e-03
4.578947368421052225e-03
4.578947368421052225e-03
4.578947368421052225e-03
4.842105263157894975e-03
4.578947368421052225e-03
4.526315789473683848e-03
4.736842105263158222e-03
4.842105263157894975e-03
4.526315789473683848e-03
4.368421052631578719e-03
4.578947368421052225e-03
4.684210526315789845e-03
4.578947368421052225e-03
4.894736842105263351e-03
4.473684210526315472e-03
4.684210526315789845e-03
4.894736842105263351e-03
4.684210526315789845e-03
4.368421052631578719e-03
4.421052631578947095e-03
4.684210526315789845e-03
4.789473684210526598e-03
4.789473684210526598e-03
4.736842105263158222e-03
4.526315789473683848e-03
4.947368421052631728e-03
4.789473684210526598e-03
5.105263157894736857e-03
4.684210526315789845e-03
4.526315789473683848e-03
4.473684210526315472e-03
4.684210526315789845e-03
4.473684210526315472e-03
4.842105263157894975e-03
4.947368421052631728e-03
4.894736842105263351e-03
4.578947368421052225e-03
4.842105263157894975e-03
4.684210526315789845e-03
4.421052631578947095e-03
4.473684210526315472e-03
4.684210526315789845e-03
4.578947368421052225e-03
4.631578947368421469e-03
5.000000000000000104e-03
4.789473684210526598e-03
4.631578947368421469e-03
4.526315789473683848e-03
4.789473684210526598e-03
4.473684210526315472e-03
4.263157894736841966e-03
4.736842105263158222e-03
4.684210526315789845e-03
4.684210526315789845e-03
4.526315789473683848e-03
4.631578947368421469e-03
4.473684210526315472e-03
4.473684210526315472e-03
4.631578947368421469e-03
4.473684210526315472e-03
4.578947368421052225e-03
4.684210526315789845e-03
4.578947368421052225e-03
4.421052631578947095e-03
4.894736842105263351e-03
4.421052631578947095e-03
4.421052631578947095e-03
4.578947368421052225e-03
4.473684210526315472e-03
4.368421052631578719e-03
4.421052631578947095e-03
4.473684210526315472e-03
4.263157894736841966e-03
4.684210526315789845e-03
4.368421052631578719e-03
4.684210526315789845e-03
4.368421052631578719e-03
4.684210526315789845e-03
4.368421052631578719e-03
4.526315789473683848e-03
4.368421052631578719e-03
4.526315789473683848e-03
4.842105263157894975e-03
4.526315789473683848e-03
4.263157894736841966e-03
4.526315789473683848e-03
4.315789473684210342e-03
4.368421052631578719e-03
4.684210526315789845e-03
4.631578947368421469e-03
4.684210526315789845e-03
4.210526315789473589e-03
4.631578947368421469e-03
4.368421052631578719e-03
4.315789473684210342e-03
4.368421052631578719e-03
4.473684210526315472e-03
4.421052631578947095e-03
4.315789473684210342e-03
4.368421052631578719e-03
4.684210526315789845e-03
4.473684210526315472e-03
4.473684210526315472e-03
4.473684210526315472e-03
4.578947368421052225e-03
4.368421052631578719e-03
4.631578947368421469e-03
4.052631578947368460e-03
4.421052631578947095e-03
4.210526315789473589e-03
4.368421052631578719e-03
4.842105263157894975e-03
4.315789473684210342e-03
4.736842105263158222e-03
4.526315789473683848e-03
4.421052631578947095e-03
4.684210526315789845e-03
4.631578947368421469e-03
4.526315789473683848e-03
4.368421052631578719e-03
4.421052631578947095e-03
4.421052631578947095e-03
4.684210526315789845e-03
4.578947368421052225e-03
4.421052631578947095e-03
4.473684210526315472e-03
4.789473684210526598e-03
4.526315789473683848e-03
4.789473684210526598e-03
4.473684210526315472e-03
4.210526315789473589e-03
4.473684210526315472e-03
4.473684210526315472e-03
4.263157894736841966e-03
4.473684210526315472e-03
4.473684210526315472e-03
4.894736842105263351e-03
4.526315789473683848e-03
4.473684210526315472e-03
4.368421052631578719e-03
4.684210526315789845e-03
4.526315789473683848e-03
4.631578947368421469e-03
4.736842105263158222e-03
4.421052631578947095e-03
4.421052631578947095e-03
4.210526315789473589e-03
4.421052631578947095e-03
4.789473684210526598e-03
4.473684210526315472e-03
4.684210526315789845e-03
4.842105263157894975e-03
4.315789473684210342e-03
4.421052631578947095e-03
4.315789473684210342e-03
4.526315789473683848e-03
4.842105263157894975e-03
4.315789473684210342e-03
4.947368421052631728e-03
4.526315789473683848e-03
4.315789473684210342e-03
4.368421052631578719e-03
4.421052631578947095e-03
4.842105263157894975e-03
4.473684210526315472e-03
4.473684210526315472e-03
4.421052631578947095e-03
4.631578947368421469e-03
4.315789473684210342e-03
4.631578947368421469e-03
4.473684210526315472e-03
4.789473684210526598e-03
4.368421052631578719e-03
4.789473684210526598e-03
4.315789473684210342e-03
4.631578947368421469e-03
4.947368421052631728e-03
4.631578947368421469e-03
4.894736842105263351e-03
4.947368421052631728e-03
4.842105263157894975e-03
4.526315789473683848e-03
4.105263157894736836e-03
4.736842105263158222e-03
4.789473684210526598e-03
4.421052631578947095e-03
4.684210526315789845e-03
5.000000000000000104e-03
4.473684210526315472e-03
4.736842105263158222e-03
4.578947368421052225e-03
4.578947368421052225e-03
4.631578947368421469e-03
4.578947368421052225e-03
4.368421052631578719e-03
4.631578947368421469e-03
4.421052631578947095e-03
4.947368421052631728e-03
4.736842105263158222e-03
4.421052631578947095e-03
4.684210526315789845e-03
4.736842105263158222e-03
4.631578947368421469e-03
4.210526315789473589e-03
4.894736842105263351e-03
4.947368421052631728e-03
4.578947368421052225e-03
4.473684210526315472e-03
4.947368421052631728e-03
4.684210526315789845e-03
4.263157894736841966e-03
4.263157894736841966e-03
5.315789473684210363e-03
4.578947368421052225e-03
4.578947368421052225e-03
4.578947368421052225e-03
4.736842105263158222e-03
4.473684210526315472e-03
5.052631578947368481e-03
5.000000000000000104e-03
3.842105263157894520e-03
4.736842105263158222e-03
4.842105263157894975e-03
4.578947368421052225e-03
5.315789473684210363e-03
4.842105263157894975e-03
4.526315789473683848e-03
4.894736842105263351e-03
4.789473684210526598e-03
5.000000000000000104e-03
4.263157894736841966e-03
4.736842105263158222e-03
4.736842105263158222e-03
4.263157894736841966e-03
4.421052631578947095e-03
3.947368421052631707e-03
4.526315789473683848e-03
4.368421052631578719e-03
5.000000000000000104e-03
4.421052631578947095e-03
4.894736842105263351e-03
4.947368421052631728e-03
4.473684210526315472e-03
5.157894736842105234e-03
4.315789473684210342e-03
4.789473684210526598e-03
4.473684210526315472e-03
4.894736842105263351e-03
4.473684210526315472e-03
5.210526315789473610e-03
5.000000000000000104e-03
4.736842105263158222e-03
4.789473684210526598e-03
4.789473684210526598e-03
5.000000000000000104e-03
5.000000000000000104e-03
4.684210526315789845e-03
4.473684210526315472e-03
4.789473684210526598e-03
4.421052631578947095e-03
4.736842105263158222e-03
5.157894736842105234e-03
4.894736842105263351e-03
4.894736842105263351e-03
4.526315789473683848e-03
4.947368421052631728e-03
4.789473684210526598e-03
4.631578947368421469e-03
3.842105263157894520e-03
4.736842105263158222e-03
4.894736842105263351e-03
4.526315789473683848e-03
4.789473684210526598e-03
4.684210526315789845e-03
4.684210526315789845e-03
4.894736842105263351e-03
4.789473684210526598e-03
5.052631578947368481e-03
4.210526315789473589e-03
4.684210526315789845e-03
4.894736842105263351e-03
5.105263157894736857e-03
4.631578947368421469e-03
4.842105263157894975e-03
4.736842105263158222e-03
5.105263157894736857e-03
4.736842105263158222e-03
4.894736842105263351e-03
4.631578947368421469e-03
4.421052631578947095e-03
4.736842105263158222e-03
4.947368421052631728e-03
5.157894736842105234e-03
4.789473684210526598e-03
4.789473684210526598e-03
5.210526315789473610e-03
4.842105263157894975e-03
4.789473684210526598e-03
4.789473684210526598e-03
4.736842105263158222e-03
4.684210526315789845e-03
4.526315789473683848e-03
5.210526315789473610e-03
3.947368421052631707e-03
5.052631578947368481e-03
4.631578947368421469e-03
5.157894736842105234e-03
4.368421052631578719e-03
4.684210526315789845e-03
5.210526315789473610e-03
4.684210526315789845e-03
4.631578947368421469e-03
4.736842105263158222e-03
4.947368421052631728e-03
4.736842105263158222e-03
4.684210526315789845e-03
5.000000000000000104e-03
4.736842105263158222e-03
4.842105263157894975e-03
5.105263157894736857e-03
4.631578947368421469e-03
5.052631578947368481e-03
5.105263157894736857e-03
4.631578947368421469e-03
5.157894736842105234e-03
4.210526315789473589e-03
4.631578947368421469e-03
4.947368421052631728e-03
4.526315789473683848e-03
4.736842105263158222e-03
4.894736842105263351e-03
4.789473684210526598e-03
4.578947368421052225e-03
5.105263157894736857e-03
4.842105263157894975e-03
5.052631578947368481e-03
5.000000000000000104e-03
4.894736842105263351e-03
4.631578947368421469e-03
4.736842105263158222e-03
4.631578947368421469e-03
4.789473684210526598e-03
5.210526315789473610e-03
4.526315789473683848e-03
5.157894736842105234e-03
4.631578947368421469e-03
4.684210526315789845e-03
4.842105263157894975e-03
4.052631578947368460e-03
5.473684210526315493e-03
4.736842105263158222e-03
5.105263157894736857e-03
4.736842105263158222e-03
4.473684210526315472e-03
5.263157894736841987e-03
4.894736842105263351e-03
4.526315789473683848e-03
4.578947368421052225e-03
4.684210526315789845e-03
5.000000000000000104e-03
5.210526315789473610e-03
4.315789473684210342e-03
4.894736842105263351e-03
4.526315789473683848e-03
5.315789473684210363e-03
5.263157894736841987e-03
4.894736842105263351e-03
4.473684210526315472e-03
