5.535219628363847733e-01
5.039143487811088562e-01
4.610088979825377464e-01
4.241839777678251266e-01
3.925802996382117271e-01
3.654811047017574310e-01
3.422266151756048203e-01
3.222832288593053818e-01
3.052205145359039307e-01
2.905825078487396240e-01
2.780908094719052315e-01
2.673959909006953239e-01
2.582540884613990784e-01
2.504529366269707680e-01
2.437751279212534428e-01
2.380687841214239597e-01
2.331746523268520832e-01
2.289781128056347370e-01
2.253660727292299271e-01
2.222492550499737263e-01
2.195495115593075752e-01
2.171971406787633896e-01
2.151369461789727211e-01
2.133233039639890194e-01
2.117138658650219440e-01
2.102755038067698479e-01
2.089827279560267925e-01
2.078104838728904724e-01
2.067406275309622288e-01
2.057556086219847202e-01
2.048444091342389584e-01
2.039960948750376701e-01
2.032003104686737061e-01
2.024506754241883755e-01
2.017422257922589779e-01
2.010679603554308414e-01
2.004258292727172375e-01
1.998120616190135479e-01
1.992217102088034153e-01
1.986567182466387749e-01
1.981104728765785694e-01
1.975841363891959190e-01
1.970753544010221958e-01
1.965841073542833328e-01
1.961075756698846817e-01
1.956467251293361187e-01
1.952006882056593895e-01
1.947680716402828693e-01
1.943472432903945446e-01
1.939383270218968391e-01
1.935423277318477631e-01
1.931572514586150646e-01
1.927840607240796089e-01
1.924213357269763947e-01
1.920674596913158894e-01
1.917243110947310925e-01
1.913907788693904877e-01
1.910673058591783047e-01
1.907518943771719933e-01
1.904446887783706188e-01
1.901466883718967438e-01
1.898561464622616768e-01
1.895747142843902111e-01
1.892995010130107403e-01
1.890333271585404873e-01
1.887730802409350872e-01
1.885206615552306175e-01
1.882742969319224358e-01
1.880347668193280697e-01
1.878017778508365154e-01
1.875765146687626839e-01
1.873551644384860992e-01
1.871403148397803307e-01
1.869318727403879166e-01
1.867294432595372200e-01
1.865309742279350758e-01
1.863388125784695148e-01
1.861515846103429794e-01
1.859704349189996719e-01
1.857937774620950222e-01
1.856199665926396847e-01
1.854537185281515121e-01
1.852899296209216118e-01
1.851313435472548008e-01
1.849770965054631233e-01
1.848264033906161785e-01
1.846806034445762634e-01
1.845385725609958172e-01
1.844012471847236156e-01
1.842672177590429783e-01
1.841357205994427204e-01
1.840082933194935322e-01
1.838853429071605206e-01
1.837657187134027481e-01
1.836489359848201275e-01
1.835367144085466862e-01
1.834259899333119392e-01
1.833182573318481445e-01
1.832151566632091999e-01
1.831150399520993233e-01
1.830164552666246891e-01
1.829210324212908745e-01
1.828287574462592602e-01
1.827393081039190292e-01
1.826530648395419121e-01
1.825687307864427567e-01
1.824857294559478760e-01
1.824063742533326149e-01
1.823297715745866299e-01
1.822534650564193726e-01
1.821816228330135345e-01
1.821105312556028366e-01
1.820421875454485416e-01
1.819756324402987957e-01
1.819121353328227997e-01
1.818485930562019348e-01
1.817888277582824230e-01
1.817305483855307102e-01
1.816730708815157413e-01
1.816177582368254662e-01
1.815647259354591370e-01
1.815133420750498772e-01
1.814625202678143978e-01
1.814153264276683331e-01
1.813684129156172276e-01
1.813216544687747955e-01
1.812781845219433308e-01
1.812347578816115856e-01
1.811937959864735603e-01
1.811536266468465328e-01
1.811164449900388718e-01
1.810794132761657238e-01
1.810414381325244904e-01
1.810068427585065365e-01
1.809714948758482933e-01
1.809401293285191059e-01
1.809069174341857433e-01
1.808751383796334267e-01
1.808470627292990685e-01
1.808183449320495129e-01
1.807914110831916332e-01
1.807635882869362831e-01
1.807378334924578667e-01
1.807134458795189857e-01
1.806894545443356037e-01
1.806674599647521973e-01
1.806437512859702110e-01
1.806209781207144260e-01
1.806006780825555325e-01
1.805827855132520199e-01
1.805620803497731686e-01
1.805422413162887096e-01
1.805240269750356674e-01
1.805062703788280487e-01
1.804905650205910206e-01
1.804751814343035221e-01
1.804599417373538017e-01
1.804443090222775936e-01
1.804301743395626545e-01
1.804167176596820354e-01
1.804032577201724052e-01
1.803908911533653736e-01
1.803788193501532078e-01
1.803681976161897182e-01
1.803564177826046944e-01
1.803468186408281326e-01
1.803376101888716221e-01
1.803269763477146626e-01
1.803168202750384808e-01
1.803089207969605923e-01
1.802992685697972775e-01
1.802926380187273026e-01
1.802833643741905689e-01
1.802757214754819870e-01
1.802699510008096695e-01
1.802622117102146149e-01
1.802565101534128189e-01
1.802487955428659916e-01
1.802441217005252838e-01
1.802394436672329903e-01
1.802346115000545979e-01
1.802270063199102879e-01
1.802223706617951393e-01
1.802162285894155502e-01
1.802142453379929066e-01
1.802091845311224461e-01
1.802058047614991665e-01
1.802027728408575058e-01
1.801970088854432106e-01
1.801962596364319324e-01
1.801890637725591660e-01
1.801883224397897720e-01
1.801858996041119099e-01
1.801827647723257542e-01
1.801799368113279343e-01
1.801781048998236656e-01
1.801761826500296593e-01
1.801731982268393040e-01
1.801708959974348545e-01
1.801702077500522137e-01
1.801663590595126152e-01
1.801654682494699955e-01
1.801627431996166706e-01
1.801614570431411266e-01
1.801592004485428333e-01
1.801589615643024445e-01
1.801579156890511513e-01
1.801557899452745914e-01
1.801564902998507023e-01
1.801542583853006363e-01
1.801532707177102566e-01
1.801508273929357529e-01
1.801521643064916134e-01
1.801481083966791630e-01
1.801471263170242310e-01
1.801469339989125729e-01
1.801439519040286541e-01
1.801432464271783829e-01
1.801426485180854797e-01
1.801414629444479942e-01
1.801406056620180607e-01
1.801412096247076988e-01
1.801372668705880642e-01
1.801386806182563305e-01
1.801374070346355438e-01
1.801352109760046005e-01
1.801345651037991047e-01
1.801352258771657944e-01
1.801329762674868107e-01
1.801317301578819752e-01
1.801322870887815952e-01
1.801298526115715504e-01
1.801323457621037960e-01
1.801321818493306637e-01
1.801303876563906670e-01
1.801285208202898502e-01
1.801294386386871338e-01
1.801294349133968353e-01
1.801272095181047916e-01
1.801238963380455971e-01
1.801243340596556664e-01
1.801256095059216022e-01
1.801224499940872192e-01
1.801199787296354771e-01
1.801226120442152023e-01
1.801202846691012383e-01
1.801216639578342438e-01
1.801189705729484558e-01
1.801220532506704330e-01
1.801180331967771053e-01
1.801188904792070389e-01
1.801188602112233639e-01
1.801170948892831802e-01
1.801157491281628609e-01
1.801175265572965145e-01
1.801167586818337440e-01
1.801176988519728184e-01
1.801148867234587669e-01
1.801117020659148693e-01
1.801114454865455627e-01
1.801116652786731720e-01
1.801127074286341667e-01
1.801111516542732716e-01
1.801089746877551079e-01
1.801083027385175228e-01
1.801087218336760998e-01
1.801065164618194103e-01
1.801054254174232483e-01
1.801079027354717255e-01
1.801042770966887474e-01
1.801038780249655247e-01
1.801045970059931278e-01
1.801025066524744034e-01
1.801024288870394230e-01
1.801039832644164562e-01
1.801031483337283134e-01
1.801011962816119194e-01
1.800985392183065414e-01
1.801014374941587448e-01
1.800990565679967403e-01
1.800991478376090527e-01
1.800975818186998367e-01
1.800973601639270782e-01
1.800985061563551426e-01
1.800967887975275517e-01
1.800942383706569672e-01
1.800947762094438076e-01
1.800937782973051071e-01
1.800939384847879410e-01
1.800958132371306419e-01
1.800951864570379257e-01
1.800941559486091137e-01
1.800918588414788246e-01
1.800917754881083965e-01
1.800931491889059544e-01
1.800906984135508537e-01
1.800928199663758278e-01
1.800893247127532959e-01
1.800894965417683125e-01
1.800872860476374626e-01
1.800878155045211315e-01
1.800865884870290756e-01
1.800866234116256237e-01
1.800852008163928986e-01
1.800865763798356056e-01
1.800878420472145081e-01
1.800865451805293560e-01
1.800860580988228321e-01
1.800848483107984066e-01
1.800814433954656124e-01
1.800831798464059830e-01
1.800817339681088924e-01
1.800807449035346508e-01
1.800815588794648647e-01
1.800812301225960255e-01
1.800799155607819557e-01
1.800791197456419468e-01
1.800796254537999630e-01
1.800809451378881931e-01
1.800784189254045486e-01
1.800781702622771263e-01
1.800793306902050972e-01
1.800766875967383385e-01
1.800802652724087238e-01
1.800789264962077141e-01
1.800757423043251038e-01
1.800758233293890953e-01
1.800755853764712811e-01
1.800752198323607445e-01
1.800754442811012268e-01
1.800730139948427677e-01
1.800723816268146038e-01
1.800713241100311279e-01
1.800730754621326923e-01
1.800715168938040733e-01
1.800707457587122917e-01
1.800727318041026592e-01
1.800736337900161743e-01
1.800681594759225845e-01
1.800702260807156563e-01
1.800686349160969257e-01
1.800689077936112881e-01
1.800697487778961658e-01
1.800691471435129642e-01
1.800665031187236309e-01
1.800674870610237122e-01
1.800646749325096607e-01
1.800690568052232265e-01
1.800658758729696274e-01
1.800650339573621750e-01
1.800639801658689976e-01
1.800636798143386841e-01
1.800640444271266460e-01
1.800619354471564293e-01
1.800651066005229950e-01
1.800638483837246895e-01
1.800638148561120033e-01
1.800620150752365589e-01
1.800631154328584671e-01
1.800620756112039089e-01
1.800640095025300980e-01
1.800602921284735203e-01
1.800587507896125317e-01
1.800631424412131310e-01
1.800640793517231941e-01
1.800617394037544727e-01
1.800602385774254799e-01
1.800583223812282085e-01
1.800570474006235600e-01
1.800574292428791523e-01
1.800593570806086063e-01
1.800583498552441597e-01
1.800564657896757126e-01
1.800572853535413742e-01
1.800559386610984802e-01
1.800564015284180641e-01
1.800568122416734695e-01
1.800550688058137894e-01
1.800560713745653629e-01
1.800552131608128548e-01
1.800543409772217274e-01
1.800552913919091225e-01
1.800554934889078140e-01
1.800561426207423210e-01
1.800551260821521282e-01
1.800541756674647331e-01
1.800541975535452366e-01
1.800527586601674557e-01
1.800525547005236149e-01
1.800512447953224182e-01
1.800525146536529064e-01
1.800529528409242630e-01
1.800501998513936996e-01
1.800490105524659157e-01
1.800499488599598408e-01
1.800515516661107540e-01
1.800493001937866211e-01
1.800520773977041245e-01
1.800504806451499462e-01
1.800494464114308357e-01
1.800498650409281254e-01
1.800474221818149090e-01
1.800485751591622829e-01
1.800487888976931572e-01
1.800494287163019180e-01
1.800474850460886955e-01
1.800470612943172455e-01
1.800478263758122921e-01
1.800478552468121052e-01
1.800461527891457081e-01
1.800433527678251266e-01
1.800460754893720150e-01
1.800459655933082104e-01
1.800443935208022594e-01
1.800442719832062721e-01
1.800452857278287411e-01
1.800438347272574902e-01
1.800435911864042282e-01
1.800437769852578640e-01
1.800432153977453709e-01
1.800442785024642944e-01
1.800423869863152504e-01
1.800441793166100979e-01
1.800418309867382050e-01
1.800432498566806316e-01
1.800423255190253258e-01
1.800410235300660133e-01
1.800418063066899776e-01
1.800436619669198990e-01
1.800416214391589165e-01
1.800414514727890491e-01
1.800405089743435383e-01
1.800405401736497879e-01
1.800397057086229324e-01
1.800401876680552959e-01
1.800405825488269329e-01
1.800393192097544670e-01
1.800400521606206894e-01
1.800404880195856094e-01
1.800377178005874157e-01
1.800379096530377865e-01
1.800402258522808552e-01
1.800402584485709667e-01
1.800381448119878769e-01
1.800377247855067253e-01
1.800391604192554951e-01
1.800396158359944820e-01
1.800369964912533760e-01
1.800370635464787483e-01
1.800360651686787605e-01
1.800360325723886490e-01
1.800372456200420856e-01
1.800363939255475998e-01
1.800367804244160652e-01
1.800369108095765114e-01
1.800376963801681995e-01
1.800346518866717815e-01
1.800356926396489143e-01
1.800356372259557247e-01
1.800362262874841690e-01
1.800350141711533070e-01
1.800353815779089928e-01
1.800362062640488148e-01
1.800334868021309376e-01
1.800343957729637623e-01
1.800345801748335361e-01
1.800334919244050980e-01
1.800361201167106628e-01
1.800331147387623787e-01
1.800336404703557491e-01
1.800325363874435425e-01
1.800346858799457550e-01
1.800342369824647903e-01
1.800330290570855141e-01
1.800316073931753635e-01
1.800330197438597679e-01
1.800335268490016460e-01
1.800310928374528885e-01
1.800294741988182068e-01
1.800337517634034157e-01
1.800316669978201389e-01
1.800318812020123005e-01
1.800303636118769646e-01
1.800320534966886044e-01
1.800302937626838684e-01
1.800311496481299400e-01
1.800322053022682667e-01
1.800318816676735878e-01
1.800320744514465332e-01
1.800289857201278210e-01
1.800306406803429127e-01
1.800285512581467628e-01
1.800299002788960934e-01
1.800309782847762108e-01
1.800306090153753757e-01
1.800278737209737301e-01
1.800293745473027229e-01
1.800263407640159130e-01
1.800280972383916378e-01
1.800281056202948093e-01
1.800309251993894577e-01
1.800268851220607758e-01
1.800254117697477341e-01
1.800260376185178757e-01
1.800285591743886471e-01
1.800296837463974953e-01
1.800278313457965851e-01
1.800282597541809082e-01
1.800269973464310169e-01
1.800267859362065792e-01
1.800271281972527504e-01
1.800281433388590813e-01
1.800263333134353161e-01
1.800291808322072029e-01
1.800270467065274715e-01
1.800259691663086414e-01
1.800272311083972454e-01
1.800270774401724339e-01
1.800243710167706013e-01
1.800246234051883221e-01
1.800241987220942974e-01
1.800247328355908394e-01
1.800256674177944660e-01
1.800249037332832813e-01
1.800226918421685696e-01
1.800248525105416775e-01
1.800232068635523319e-01
1.800254522822797298e-01
1.800250355154275894e-01
1.800242112949490547e-01
1.800242583267390728e-01
1.800237460993230343e-01
1.800260804593563080e-01
1.800239342264831066e-01
1.800239523872733116e-01
1.800231575034558773e-01
1.800242103636264801e-01
1.800218629650771618e-01
1.800228450447320938e-01
1.800224259495735168e-01
1.800229856744408607e-01
1.800234760157763958e-01
1.800228357315063477e-01
1.800227747298777103e-01
1.800232864916324615e-01
1.800222117453813553e-01
1.800210131332278252e-01
1.800247887149453163e-01
1.800246150232851505e-01
1.800238653086125851e-01
1.800230466760694981e-01
1.800199933350086212e-01
1.800211863592267036e-01
1.800219779834151268e-01
1.800205730833113194e-01
1.800223849713802338e-01
1.800212841480970383e-01
1.800202578306198120e-01
1.800230373628437519e-01
1.800214527174830437e-01
1.800195295363664627e-01
1.800205959007143974e-01
1.800201800651848316e-01
1.800206052139401436e-01
1.800195993855595589e-01
1.800204515457153320e-01
1.800195313990116119e-01
1.800203826278448105e-01
1.800190494395792484e-01
1.800219216383993626e-01
1.800195449031889439e-01
1.800187709741294384e-01
1.800205018371343613e-01
1.800185590982437134e-01
1.800181958824396133e-01
1.800191123038530350e-01
1.800178606063127518e-01
1.800188790075480938e-01
1.800187886692583561e-01
1.800201097503304482e-01
1.800190894864499569e-01
1.800185004249215126e-01
1.800180231221020222e-01
1.800185958854854107e-01
1.800179886631667614e-01
1.800156808458268642e-01
1.800195076502859592e-01
1.800182703882455826e-01
1.800171788781881332e-01
1.800179020501673222e-01
1.800186056643724442e-01
1.800177879631519318e-01
1.800176305696368217e-01
1.800182238221168518e-01
1.800166773609817028e-01
1.800161651335656643e-01
1.800179868005216122e-01
1.800173097290098667e-01
1.800179937854409218e-01
1.800161162391304970e-01
1.800157912075519562e-01
1.800155676901340485e-01
1.800150512717664242e-01
1.800168403424322605e-01
1.800178894773125648e-01
1.800172296352684498e-01
1.800180785357952118e-01
1.800171826034784317e-01
1.800144603475928307e-01
1.800165297463536263e-01
1.800156207755208015e-01
1.800167816691100597e-01
1.800149758346378803e-01
1.800178880803287029e-01
1.800155839882791042e-01
1.800171467475593090e-01
1.800158387050032616e-01
1.800163029693067074e-01
1.800166070461273193e-01
1.800171779468655586e-01
1.800134079530835152e-01
1.800147388130426407e-01
1.800145655870437622e-01
1.800139811821281910e-01
1.800158717669546604e-01
1.800143369473516941e-01
1.800153790973126888e-01
1.800152412615716457e-01
1.800154005177319050e-01
1.800144989974796772e-01
1.800144924782216549e-01
1.800124696455895901e-01
1.800130456686019897e-01
1.800138475373387337e-01
1.800132351927459240e-01
1.800129860639572144e-01
1.800156724639236927e-01
1.800139779224991798e-01
1.800147974863648415e-01
1.800126889720559120e-01
1.800154522061347961e-01
1.800169800408184528e-01
1.800138140097260475e-01
1.800139099359512329e-01
1.800150414928793907e-01
1.800149958580732346e-01
1.800129655748605728e-01
1.800132207572460175e-01
1.800133725628256798e-01
1.800145003944635391e-01
1.800141618587076664e-01
1.800126773305237293e-01
1.800109832547605038e-01
1.800130987539887428e-01
1.800132016651332378e-01
1.800139481201767921e-01
1.800141143612563610e-01
1.800117129459977150e-01
1.800139113329350948e-01
1.800142088904976845e-01
1.800165004096925259e-01
1.800142759457230568e-01
1.800107727758586407e-01
1.800102414563298225e-01
1.800115136429667473e-01
1.800136473029851913e-01
1.800132784992456436e-01
1.800134503282606602e-01
1.800133856013417244e-01
1.800130954943597317e-01
1.800126824527978897e-01
1.800118163228034973e-01
1.800118237733840942e-01
1.800129786133766174e-01
1.800103262066841125e-01
1.800104309804737568e-01
1.800127038732171059e-01
1.800109818577766418e-01
1.800115313380956650e-01
1.800103927962481976e-01
1.800124524161219597e-01
1.800089995376765728e-01
1.800099550746381283e-01
1.800114288926124573e-01
1.800126107409596443e-01
1.800103983841836452e-01
1.800101241096854210e-01
1.800116947852075100e-01
1.800115425139665604e-01
1.800108468160033226e-01
1.800108063034713268e-01
1.800098158419132233e-01
1.800094838254153728e-01
1.800117054954171181e-01
1.800102060660719872e-01
1.800099923275411129e-01
1.800108668394386768e-01
1.800130517221987247e-01
1.800121529959142208e-01
1.800091718323528767e-01
1.800101296976208687e-01
1.800093962810933590e-01
1.800100295804440975e-01
1.800119304098188877e-01
1.800113171339035034e-01
1.800124342553317547e-01
1.800117520615458488e-01
1.800098242238163948e-01
1.800093222409486771e-01
1.800095089711248875e-01
1.800103681161999702e-01
1.800095895305275917e-01
1.800094223581254482e-01
1.800094787031412125e-01
1.800087476149201393e-01
1.800081455148756504e-01
1.800101320259273052e-01
1.800090097822248936e-01
1.800081413239240646e-01
1.800082759000360966e-01
1.800102540291845798e-01
1.800093785859644413e-01
1.800087704323232174e-01
1.800097650848329067e-01
1.800089436583220959e-01
1.800101683475077152e-01
1.800094167701900005e-01
1.800078293308615685e-01
1.800084328278899193e-01
1.800100393593311310e-01
1.800105194561183453e-01
1.800081152468919754e-01
1.800117297098040581e-01
1.800088700838387012e-01
1.800093781203031540e-01
1.800100975669920444e-01
1.800075303763151169e-01
1.800089413300156593e-01
1.800084933638572693e-01
1.800083471462130547e-01
1.800088295713067055e-01
1.800082884728908539e-01
1.800078754313290119e-01
1.800088603049516678e-01
1.800077133812010288e-01
1.800081315450370312e-01
1.800078111700713634e-01
1.800074558705091476e-01
1.800069403834640980e-01
1.800062609836459160e-01
1.800079448148608208e-01
1.800076174549758434e-01
1.800088877789676189e-01
1.800086554139852524e-01
1.800090703181922436e-01
1.800072244368493557e-01
1.800073301419615746e-01
1.800075164064764977e-01
1.800078609958291054e-01
1.800067718140780926e-01
1.800063792616128922e-01
1.800090656615793705e-01
1.800081836991012096e-01
1.800079219974577427e-01
1.800073059275746346e-01
1.800077413208782673e-01
1.800083466805517673e-01
1.800083019770681858e-01
1.800070633180439472e-01
1.800071992911398411e-01
1.800062563270330429e-01
1.800072686746716499e-01
1.800070116296410561e-01
1.800081953406333923e-01
1.800078847445547581e-01
1.800066884607076645e-01
1.800056146457791328e-01
1.800054353661835194e-01
1.800061478279531002e-01
1.800072123296558857e-01
1.800083471462130547e-01
1.800071806646883488e-01
1.800085287541151047e-01
1.800077073276042938e-01
1.800055303610861301e-01
1.800049985758960247e-01
1.800058721564710140e-01
1.800060793757438660e-01
1.800065599381923676e-01
1.800058577209711075e-01
1.800060924142599106e-01
1.800054837949573994e-01
1.800063168630003929e-01
1.800067746080458164e-01
1.800044109113514423e-01
1.800060058012604713e-01
1.800077329389750957e-01
1.800064318813383579e-01
1.800062190741300583e-01
1.800070605240762234e-01
1.800040514208376408e-01
1.800057212822139263e-01
1.800065566785633564e-01
1.800053594633936882e-01
1.800049282610416412e-01
1.800071941688656807e-01
1.800060523673892021e-01
1.800056612119078636e-01
1.800058051012456417e-01
1.800051797181367874e-01
1.800044416449964046e-01
1.800056844949722290e-01
1.800057976506650448e-01
1.800062349066138268e-01
1.800049012526869774e-01
1.800054465420544147e-01
1.800049031153321266e-01
1.800058688968420029e-01
1.800071741454303265e-01
1.800047457218170166e-01
1.800058498047292233e-01
1.800049501471221447e-01
1.800063420087099075e-01
1.800072072073817253e-01
1.800064928829669952e-01
1.800055438652634621e-01
1.800048965960741043e-01
1.800062754191458225e-01
1.800040486268699169e-01
1.800039708614349365e-01
1.800037333741784096e-01
1.800045259296894073e-01
1.800044015981256962e-01
1.800051690079271793e-01
1.800046530552208424e-01
1.800051764585077763e-01
1.800041892565786839e-01
1.800034292973577976e-01
1.800054651685059071e-01
1.800033999606966972e-01
1.800053287297487259e-01
1.800065124407410622e-01
1.800047014839947224e-01
1.800026060082018375e-01
1.800043312832713127e-01
1.800048723816871643e-01
1.800052523612976074e-01
1.800037170760333538e-01
1.800045822747051716e-01
1.800033287145197392e-01
1.800036467611789703e-01
1.800042665563523769e-01
1.800052504986524582e-01
1.800060402601957321e-01
1.800038884393870831e-01
1.800034246407449245e-01
1.800042060203850269e-01
1.800036877393722534e-01
1.800031787715852261e-01
1.800052234902977943e-01
1.800037724897265434e-01
1.800049897283315659e-01
1.800038004294037819e-01
1.800041827373206615e-01
1.800061669200658798e-01
1.800033822655677795e-01
1.800035503692924976e-01
1.800037631765007973e-01
1.800028062425553799e-01
1.800039662048220634e-01
1.800040886737406254e-01
1.800067853182554245e-01
1.800044411793351173e-01
1.800036593340337276e-01
1.800035210326313972e-01
1.800040001980960369e-01
1.800043564289808273e-01
1.800026996061205864e-01
1.800035536289215088e-01
1.800024718977510929e-01
1.800042293034493923e-01
1.800054437480866909e-01
1.800049841403961182e-01
1.800030637532472610e-01
1.800029329024255276e-01
1.800027149729430676e-01
1.800056458450853825e-01
1.800026907585561275e-01
1.800036053173243999e-01
1.800038139335811138e-01
1.800033384934067726e-01
1.800030493177473545e-01
1.800032560713589191e-01
1.800014409236609936e-01
1.800027899444103241e-01
1.800042730756103992e-01
1.800035201013088226e-01
1.800032467581331730e-01
1.800020528025925159e-01
1.800038595683872700e-01
1.800031890161335468e-01
1.800025366246700287e-01
1.800038050860166550e-01
1.800025543197989464e-01
1.800030525773763657e-01
1.800038618966937065e-01
1.800032737664878368e-01
1.800029613077640533e-01
1.800027703866362572e-01
1.800023131072521210e-01
1.800028658472001553e-01
1.800018143840134144e-01
1.800035727210342884e-01
1.800021580420434475e-01
1.800026623532176018e-01
1.800034409388899803e-01
1.800052267499268055e-01
1.800015084445476532e-01
1.800030940212309361e-01
1.800020849332213402e-01
1.800009738653898239e-01
1.800024439580738544e-01
1.800020253285765648e-01
1.800030791200697422e-01
1.800023810938000679e-01
1.800015978515148163e-01
1.800033226609230042e-01
1.800031056627631187e-01
1.800032951869070530e-01
1.800053808838129044e-01
1.800032234750688076e-01
1.800008858554065228e-01
1.800019345246255398e-01
1.800024136900901794e-01
1.800018069334328175e-01
1.800015391781926155e-01
1.800024709664285183e-01
1.800010702572762966e-01
1.800032583996653557e-01
1.800023871473968029e-01
1.800017361529171467e-01
1.800025827251374722e-01
1.800012965686619282e-01
1.800016541965305805e-01
1.800020579248666763e-01
1.800027438439428806e-01
1.800026716664433479e-01
1.800012635067105293e-01
1.800025580450892448e-01
1.800005943514406681e-01
1.800024886615574360e-01
1.800028416328132153e-01
1.800011442974209785e-01
1.800016486085951328e-01
1.800026516430079937e-01
1.800022115930914879e-01
1.800021557137370110e-01
1.800011913292109966e-01
1.800026004202663898e-01
1.800023387186229229e-01
1.800015675835311413e-01
1.800019424408674240e-01
1.800033221952617168e-01
1.800026586279273033e-01
1.800007950514554977e-01
1.800011945888400078e-01
1.800014176405966282e-01
1.800002558156847954e-01
1.800016099587082863e-01
1.800008714199066162e-01
1.800027540884912014e-01
1.800013454630970955e-01
1.800012881867587566e-01
1.800013403408229351e-01
1.800009482540190220e-01
1.800021994858980179e-01
1.800003563985228539e-01
1.800020984373986721e-01
1.800038614310324192e-01
1.800021845847368240e-01
1.800027517601847649e-01
1.800021426752209663e-01
1.800014320760965347e-01
1.800012863241136074e-01
1.800031284801661968e-01
1.800021813251078129e-01
1.800022055394947529e-01
1.800019331276416779e-01
1.800032719038426876e-01
1.799998735077679157e-01
1.800015126354992390e-01
1.800019056536257267e-01
1.800003834068775177e-01
1.800003540702164173e-01
1.800006222911179066e-01
1.800017207860946655e-01
1.800004243850708008e-01
1.800014381296932697e-01
1.800014693289995193e-01
1.800018115900456905e-01
1.800022525712847710e-01
