7.415833333333333721e-01
7.726499999999999480e-01
7.755166666666666320e-01
7.721000000000000085e-01
7.713666666666666449e-01
7.661999999999999922e-01
7.680666666666666753e-01
7.636666666666667158e-01
7.683499999999999774e-01
7.648333333333333650e-01
7.639500000000000179e-01
7.640666666666666718e-01
7.607333333333333725e-01
7.644666666666666277e-01
7.625999999999999446e-01
7.648166666666667002e-01
7.644333333333332980e-01
7.655166666666666231e-01
7.653166666666666451e-01
7.629666666666666819e-01
7.630666666666666709e-01
7.594499999999999584e-01
7.642833333333333146e-01
7.651000000000000023e-01
7.671333333333333337e-01
7.619833333333333458e-01
7.636333333333333862e-01
7.602999999999999758e-01
7.637000000000000455e-01
7.610999999999999988e-01
7.640166666666666773e-01
7.612333333333333174e-01
7.624499999999999611e-01
7.634499999999999620e-01
7.621499999999999941e-01
7.612333333333333174e-01
7.623833333333333018e-01
7.606666666666667131e-01
7.545833333333333837e-01
7.606500000000000483e-01
7.626333333333333853e-01
7.606333333333333835e-01
7.612166666666666526e-01
7.620000000000000107e-01
7.607166666666667076e-01
7.586166666666667169e-01
7.611166666666666636e-01
7.614499999999999602e-01
7.626666666666667149e-01
7.625333333333332853e-01
7.617666666666667030e-01
7.616000000000000547e-01
7.578333333333333588e-01
7.605833333333332780e-01
7.607666666666667021e-01
7.603999999999999648e-01
7.621333333333333293e-01
7.625999999999999446e-01
7.608166666666666966e-01
7.550666666666666638e-01
7.624333333333332963e-01
7.587500000000000355e-01
7.571999999999999842e-01
7.546333333333333782e-01
7.592666666666666453e-01
7.570833333333333304e-01
7.590333333333333377e-01
7.610000000000000098e-01
7.592833333333333101e-01
7.591499999999999915e-01
7.601333333333333275e-01
7.568666666666666876e-01
7.606333333333333835e-01
7.584499999999999575e-01
7.599166666666666847e-01
7.577500000000000346e-01
7.604999999999999538e-01
7.585333333333332817e-01
7.639166666666666883e-01
7.557833333333333625e-01
7.597000000000000419e-01
7.613166666666666416e-01
7.602166666666666517e-01
7.570833333333333304e-01
7.589833333333333432e-01
7.548166666666666913e-01
7.585499999999999465e-01
7.565166666666666151e-01
7.588666666666666893e-01
7.605333333333332835e-01
7.595333333333332826e-01
7.578833333333333533e-01
7.593666666666666343e-01
7.568166666666666931e-01
7.577166666666667050e-01
7.578833333333333533e-01
7.560999999999999943e-01
7.560499999999999998e-01
7.592666666666666453e-01
7.578333333333333588e-01
7.542499999999999760e-01
7.596166666666667178e-01
7.592833333333333101e-01
7.587166666666667059e-01
7.563999999999999613e-01
7.582166666666666499e-01
7.542666666666666409e-01
7.594166666666666288e-01
7.595333333333332826e-01
7.619666666666666810e-01
7.584666666666666224e-01
7.553833333333332956e-01
7.566166666666667151e-01
7.604333333333332945e-01
7.567166666666667041e-01
7.596833333333333771e-01
7.571499999999999897e-01
7.609166666666666856e-01
7.576500000000000457e-01
7.591333333333333266e-01
7.611333333333333284e-01
7.612999999999999767e-01
7.557666666666666977e-01
7.578333333333333588e-01
7.594499999999999584e-01
7.627500000000000391e-01
7.590000000000000080e-01
7.581999999999999851e-01
7.592999999999999750e-01
7.546333333333333782e-01
7.569833333333333414e-01
7.619666666666666810e-01
7.603833333333333000e-01
7.600500000000000034e-01
7.583333333333333037e-01
7.580000000000000071e-01
7.583333333333333037e-01
7.587333333333333707e-01
7.584333333333332927e-01
7.603833333333333000e-01
7.618333333333333623e-01
7.579666666666666774e-01
7.614666666666666250e-01
7.605166666666666186e-01
7.598500000000000254e-01
7.566500000000000448e-01
7.559000000000000163e-01
7.571499999999999897e-01
7.586500000000000465e-01
7.591999999999999860e-01
7.574833333333332863e-01
7.597500000000000364e-01
7.568666666666666876e-01
7.593166666666666398e-01
7.598833333333333551e-01
7.559666666666666757e-01
7.613166666666666416e-01
7.587000000000000410e-01
7.600500000000000034e-01
7.528333333333333544e-01
7.564833333333332854e-01
7.618666666666666920e-01
7.576833333333333753e-01
7.563166666666666371e-01
7.610999999999999988e-01
7.585166666666666169e-01
7.571999999999999842e-01
7.565499999999999448e-01
7.552499999999999769e-01
7.575499999999999456e-01
7.577333333333333698e-01
7.583499999999999686e-01
7.576666666666667105e-01
7.579000000000000181e-01
7.556666666666667087e-01
7.544166666666666243e-01
7.575666666666667215e-01
7.569833333333333414e-01
7.554499999999999549e-01
7.556166666666667142e-01
7.537833333333333607e-01
7.588000000000000300e-01
7.580333333333333368e-01
7.593666666666666343e-01
7.592833333333333101e-01
7.628833333333333577e-01
7.575666666666667215e-01
7.618333333333333623e-01
7.577833333333333643e-01
7.551833333333333176e-01
7.540000000000000036e-01
7.550166666666666693e-01
7.584333333333332927e-01
7.577333333333333698e-01
7.537666666666666959e-01
7.563499999999999668e-01
7.573666666666666325e-01
7.559333333333333460e-01
7.559500000000000108e-01
7.541499999999999870e-01
7.576666666666667105e-01
7.563333333333333020e-01
7.574166666666666270e-01
7.572166666666666490e-01
7.598166666666666957e-01
7.539666666666666739e-01
7.540166666666666684e-01
7.543333333333333002e-01
7.586666666666667114e-01
7.586166666666667169e-01
7.574666666666666215e-01
7.576500000000000457e-01
7.590833333333333321e-01
7.520499999999999963e-01
7.606666666666667131e-01
7.576333333333333808e-01
7.576333333333333808e-01
7.549500000000000099e-01
7.582499999999999796e-01
7.599000000000000199e-01
7.612666666666666471e-01
7.602666666666666462e-01
7.574666666666666215e-01
7.618333333333333623e-01
7.527666666666666950e-01
7.603666666666666352e-01
7.604999999999999538e-01
7.560499999999999998e-01
7.570166666666666710e-01
7.558500000000000218e-01
7.593833333333332991e-01
7.620999999999999996e-01
7.569666666666666766e-01
7.577833333333333643e-01
7.568166666666666931e-01
7.607333333333333725e-01
7.613166666666666416e-01
7.595499999999999474e-01
7.619333333333333513e-01
7.541333333333333222e-01
7.587833333333333652e-01
7.564166666666666261e-01
7.586833333333333762e-01
7.555166666666666142e-01
7.588666666666666893e-01
7.581999999999999851e-01
7.615333333333332844e-01
7.566833333333333744e-01
7.578166666666666940e-01
7.540666666666666629e-01
7.569000000000000172e-01
7.589833333333333432e-01
7.552999999999999714e-01
7.586500000000000465e-01
7.553999999999999604e-01
7.559666666666666757e-01
7.595333333333332826e-01
7.550166666666666693e-01
7.592833333333333101e-01
7.585666666666666114e-01
7.584999999999999520e-01
7.578666666666666885e-01
7.572333333333333139e-01
7.521499999999999853e-01
7.560000000000000053e-01
7.557833333333333625e-01
7.596666666666667123e-01
7.582166666666666499e-01
7.523833333333332929e-01
7.586000000000000520e-01
7.544166666666666243e-01
7.545666666666667188e-01
7.561666666666666536e-01
7.546666666666667078e-01
7.583333333333333037e-01
7.537500000000000311e-01
7.560333333333333350e-01
7.555666666666667197e-01
7.553833333333332956e-01
7.588166666666666949e-01
7.579333333333333478e-01
7.592666666666666453e-01
7.569333333333333469e-01
7.543166666666666353e-01
7.559000000000000163e-01
7.566333333333333799e-01
7.575499999999999456e-01
7.570500000000000007e-01
7.560333333333333350e-01
7.562333333333333130e-01
7.513499999999999623e-01
7.555166666666666142e-01
7.546166666666667133e-01
7.548500000000000210e-01
7.524833333333332819e-01
7.544666666666666188e-01
7.590999999999999970e-01
7.596333333333333826e-01
7.507333333333333636e-01
7.573666666666666325e-01
7.575166666666666160e-01
7.563666666666666316e-01
7.579500000000000126e-01
7.564833333333332854e-01
7.599666666666666792e-01
7.567166666666667041e-01
7.573499999999999677e-01
7.572666666666666435e-01
7.573166666666666380e-01
7.555500000000000549e-01
7.576500000000000457e-01
7.583499999999999686e-01
7.596000000000000529e-01
7.590166666666666728e-01
7.583999999999999631e-01
7.574166666666666270e-01
7.600333333333333385e-01
7.590833333333333321e-01
7.556833333333333735e-01
7.560000000000000053e-01
7.593833333333332991e-01
7.596500000000000474e-01
7.608833333333333560e-01
7.576333333333333808e-01
7.544666666666666188e-01
7.571333333333333249e-01
7.522166666666666446e-01
7.578833333333333533e-01
7.576000000000000512e-01
7.575833333333333863e-01
7.577166666666667050e-01
7.559500000000000108e-01
7.578833333333333533e-01
7.604999999999999538e-01
7.570500000000000007e-01
7.571666666666666545e-01
7.562166666666666481e-01
7.547333333333333671e-01
7.595833333333333881e-01
7.560166666666666702e-01
7.553499999999999659e-01
7.593166666666666398e-01
7.576333333333333808e-01
7.564499999999999558e-01
7.560166666666666702e-01
7.576166666666667160e-01
7.556666666666667087e-01
7.587833333333333652e-01
7.545833333333333837e-01
7.561499999999999888e-01
7.579166666666666829e-01
7.542833333333333057e-01
7.569333333333333469e-01
7.607833333333333670e-01
7.573666666666666325e-01
7.600833333333333330e-01
7.570500000000000007e-01
7.621166666666666645e-01
7.590000000000000080e-01
7.595166666666666178e-01
7.551833333333333176e-01
7.566500000000000448e-01
7.578000000000000291e-01
7.573999999999999622e-01
7.599500000000000144e-01
7.573166666666666380e-01
7.600999999999999979e-01
7.589166666666666838e-01
7.534499999999999531e-01
7.558166666666666922e-01
7.584999999999999520e-01
7.585333333333332817e-01
7.568666666666666876e-01
7.594333333333332936e-01
7.536333333333333773e-01
7.553666666666666307e-01
7.550999999999999934e-01
7.532333333333333103e-01
7.545833333333333837e-01
7.558166666666666922e-01
7.555833333333333846e-01
7.572999999999999732e-01
7.520999999999999908e-01
7.583833333333332982e-01
7.547166666666667023e-01
7.540666666666666629e-01
7.531333333333333213e-01
7.519333333333333425e-01
7.552666666666666417e-01
7.591499999999999915e-01
7.570333333333333359e-01
7.565499999999999448e-01
7.563333333333333020e-01
7.596333333333333826e-01
7.557833333333333625e-01
7.536666666666667069e-01
7.524499999999999522e-01
7.554666666666666197e-01
7.550999999999999934e-01
7.587500000000000355e-01
7.570500000000000007e-01
7.580333333333333368e-01
7.560999999999999943e-01
7.555333333333332790e-01
7.541833333333333167e-01
7.614999999999999547e-01
7.571999999999999842e-01
7.580000000000000071e-01
7.570500000000000007e-01
7.555500000000000549e-01
7.529000000000000137e-01
7.568666666666666876e-01
7.539333333333333442e-01
7.536000000000000476e-01
7.586666666666667114e-01
7.553333333333333011e-01
7.553833333333332956e-01
7.579333333333333478e-01
7.556000000000000494e-01
7.594499999999999584e-01
7.500000000000000000e-01
7.518500000000000183e-01
7.622999999999999776e-01
7.569333333333333469e-01
7.568333333333333579e-01
7.597500000000000364e-01
7.564999999999999503e-01
7.566166666666667151e-01
7.564833333333332854e-01
7.550166666666666693e-01
7.578000000000000291e-01
7.618333333333333623e-01
7.527166666666667005e-01
7.559666666666666757e-01
7.564499999999999558e-01
7.555666666666667197e-01
7.559500000000000108e-01
7.531999999999999806e-01
7.559166666666666812e-01
7.531833333333333158e-01
7.528500000000000192e-01
7.528166666666666895e-01
7.532333333333333103e-01
7.583999999999999631e-01
7.589500000000000135e-01
7.588166666666666949e-01
7.571999999999999842e-01
7.555500000000000549e-01
7.566666666666667096e-01
7.564999999999999503e-01
7.530833333333333268e-01
7.569666666666666766e-01
7.574166666666666270e-01
7.587000000000000410e-01
7.559000000000000163e-01
7.550999999999999934e-01
7.564499999999999558e-01
7.593999999999999639e-01
7.540499999999999980e-01
7.592166666666666508e-01
7.570500000000000007e-01
7.550000000000000044e-01
7.594999999999999529e-01
7.554499999999999549e-01
7.562166666666666481e-01
7.548666666666666858e-01
7.575499999999999456e-01
7.555833333333333846e-01
7.564833333333332854e-01
7.561666666666666536e-01
7.552499999999999769e-01
7.591999999999999860e-01
7.542999999999999705e-01
7.550499999999999989e-01
7.560333333333333350e-01
7.547833333333333616e-01
7.599000000000000199e-01
7.555500000000000549e-01
7.599000000000000199e-01
7.592666666666666453e-01
7.569833333333333414e-01
7.565166666666666151e-01
7.594166666666666288e-01
7.565166666666666151e-01
7.608000000000000318e-01
7.560333333333333350e-01
7.593999999999999639e-01
7.570166666666666710e-01
7.556666666666667087e-01
7.541499999999999870e-01
7.566000000000000503e-01
7.572666666666666435e-01
7.583166666666666389e-01
7.589166666666666838e-01
7.627666666666667039e-01
7.612833333333333119e-01
7.579500000000000126e-01
7.581666666666666554e-01
7.581499999999999906e-01
7.574833333333332863e-01
7.549333333333333451e-01
7.537166666666667014e-01
7.590500000000000025e-01
7.559333333333333460e-01
7.555333333333332790e-01
7.593333333333333046e-01
7.581499999999999906e-01
7.562499999999999778e-01
7.604333333333332945e-01
7.543333333333333002e-01
7.534166666666666234e-01
7.579666666666666774e-01
7.530333333333333323e-01
7.566333333333333799e-01
7.578333333333333588e-01
7.584666666666666224e-01
7.578833333333333533e-01
7.609500000000000153e-01
7.596833333333333771e-01
7.573999999999999622e-01
7.545500000000000540e-01
7.582666666666666444e-01
7.597500000000000364e-01
7.586500000000000465e-01
7.537000000000000366e-01
7.563499999999999668e-01
7.517166666666666996e-01
7.561666666666666536e-01
7.568500000000000227e-01
7.596666666666667123e-01
7.573333333333333028e-01
7.594999999999999529e-01
7.571499999999999897e-01
7.613999999999999657e-01
7.573166666666666380e-01
7.601166666666666627e-01
7.558333333333333570e-01
7.583999999999999631e-01
7.576333333333333808e-01
7.555166666666666142e-01
7.586000000000000520e-01
7.567166666666667041e-01
7.547833333333333616e-01
7.558166666666666922e-01
7.532999999999999696e-01
7.532999999999999696e-01
7.529833333333333378e-01
7.536833333333333718e-01
7.587000000000000410e-01
7.605166666666666186e-01
7.579500000000000126e-01
7.582833333333333092e-01
7.598333333333333606e-01
7.579333333333333478e-01
7.590000000000000080e-01
7.578833333333333533e-01
7.587000000000000410e-01
7.570166666666666710e-01
7.584166666666666279e-01
7.605333333333332835e-01
7.600166666666666737e-01
7.594833333333332881e-01
7.552166666666666472e-01
7.577500000000000346e-01
7.588166666666666949e-01
7.597833333333333661e-01
7.580166666666666719e-01
7.555833333333333846e-01
7.548833333333333506e-01
7.596833333333333771e-01
7.592166666666666508e-01
7.584166666666666279e-01
7.575833333333333863e-01
7.569000000000000172e-01
7.516500000000000403e-01
7.565499999999999448e-01
7.552333333333333121e-01
7.572999999999999732e-01
7.557500000000000329e-01
7.562833333333333075e-01
7.542333333333333112e-01
7.560499999999999998e-01
7.563333333333333020e-01
7.567500000000000338e-01
7.589166666666666838e-01
7.570666666666666655e-01
7.595499999999999474e-01
7.557666666666666977e-01
7.573666666666666325e-01
7.566666666666667096e-01
7.556166666666667142e-01
7.542666666666666409e-01
7.592333333333333156e-01
7.585333333333332817e-01
7.536666666666667069e-01
7.519666666666666721e-01
7.548833333333333506e-01
7.582833333333333092e-01
7.553499999999999659e-01
7.577500000000000346e-01
7.586500000000000465e-01
7.563499999999999668e-01
7.565666666666667206e-01
7.573333333333333028e-01
7.591166666666666618e-01
7.553499999999999659e-01
7.576000000000000512e-01
7.553833333333332956e-01
7.578000000000000291e-01
7.576500000000000457e-01
7.610000000000000098e-01
7.585499999999999465e-01
7.580500000000000016e-01
7.536000000000000476e-01
7.572666666666666435e-01
7.565499999999999448e-01
7.591333333333333266e-01
7.556666666666667087e-01
7.575166666666666160e-01
7.579333333333333478e-01
7.602833333333333110e-01
7.549500000000000099e-01
7.574833333333332863e-01
7.571499999999999897e-01
7.565666666666667206e-01
7.560333333333333350e-01
7.578500000000000236e-01
7.550000000000000044e-01
7.550833333333333286e-01
7.545666666666667188e-01
7.544499999999999540e-01
7.544166666666666243e-01
7.570666666666666655e-01
7.564833333333332854e-01
7.537166666666667014e-01
7.540499999999999980e-01
7.564833333333332854e-01
7.574666666666666215e-01
7.535666666666667179e-01
7.560166666666666702e-01
7.562499999999999778e-01
7.560333333333333350e-01
7.577833333333333643e-01
7.609000000000000208e-01
7.585499999999999465e-01
7.574499999999999567e-01
7.560499999999999998e-01
7.552333333333333121e-01
7.565833333333333854e-01
7.570500000000000007e-01
7.600166666666666737e-01
7.563333333333333020e-01
7.567333333333333689e-01
7.587000000000000410e-01
7.599166666666666847e-01
7.570333333333333359e-01
7.595333333333332826e-01
7.568000000000000282e-01
7.567000000000000393e-01
7.554333333333332900e-01
7.536500000000000421e-01
7.540499999999999980e-01
7.577833333333333643e-01
7.597000000000000419e-01
7.600333333333333385e-01
7.550666666666666638e-01
7.584333333333332927e-01
7.557166666666667032e-01
7.577000000000000401e-01
7.576000000000000512e-01
7.583999999999999631e-01
7.597166666666667068e-01
7.597666666666667012e-01
7.546500000000000430e-01
7.560166666666666702e-01
7.567666666666666986e-01
7.556333333333333790e-01
7.527333333333333654e-01
7.564333333333332909e-01
7.558333333333333570e-01
7.556333333333333790e-01
7.531333333333333213e-01
7.541499999999999870e-01
7.547500000000000320e-01
7.522166666666666446e-01
7.570333333333333359e-01
7.541666666666666519e-01
7.526500000000000412e-01
7.555166666666666142e-01
7.573999999999999622e-01
7.560999999999999943e-01
7.555500000000000549e-01
7.560999999999999943e-01
7.554666666666666197e-01
7.550499999999999989e-01
7.535500000000000531e-01
7.560666666666666647e-01
7.573999999999999622e-01
7.559666666666666757e-01
7.545833333333333837e-01
7.556833333333333735e-01
7.546166666666667133e-01
7.533166666666666345e-01
7.578666666666666885e-01
7.562166666666666481e-01
7.561499999999999888e-01
7.577333333333333698e-01
7.556833333333333735e-01
7.553499999999999659e-01
7.561499999999999888e-01
7.560166666666666702e-01
7.557333333333333680e-01
7.569500000000000117e-01
7.573999999999999622e-01
7.559333333333333460e-01
7.595666666666666123e-01
7.563333333333333020e-01
7.583666666666666334e-01
7.556333333333333790e-01
7.555166666666666142e-01
7.569000000000000172e-01
7.577666666666666995e-01
7.560166666666666702e-01
7.549333333333333451e-01
7.550666666666666638e-01
7.574833333333332863e-01
7.576666666666667105e-01
7.550499999999999989e-01
7.561499999999999888e-01
7.512499999999999734e-01
7.551499999999999879e-01
7.559166666666666812e-01
7.537166666666667014e-01
7.567000000000000393e-01
7.576833333333333753e-01
7.593999999999999639e-01
7.551166666666666583e-01
7.566166666666667151e-01
7.575499999999999456e-01
7.575499999999999456e-01
7.555833333333333846e-01
7.577666666666666995e-01
7.554999999999999494e-01
7.577166666666667050e-01
7.583999999999999631e-01
7.575666666666667215e-01
7.564166666666666261e-01
7.565166666666666151e-01
7.580333333333333368e-01
7.567500000000000338e-01
7.586500000000000465e-01
7.577166666666667050e-01
7.585166666666666169e-01
7.541666666666666519e-01
7.582333333333333147e-01
7.563833333333332964e-01
7.565166666666666151e-01
7.567833333333333634e-01
7.569166666666666821e-01
7.579000000000000181e-01
7.577666666666666995e-01
7.571166666666666600e-01
7.586833333333333762e-01
7.584166666666666279e-01
7.558166666666666922e-01
7.546500000000000430e-01
7.577833333333333643e-01
7.564999999999999503e-01
7.599333333333333496e-01
7.568333333333333579e-01
7.550499999999999989e-01
7.554666666666666197e-01
7.569000000000000172e-01
7.536666666666667069e-01
7.564333333333332909e-01
7.567333333333333689e-01
7.586833333333333762e-01
7.560833333333333295e-01
7.548333333333333561e-01
7.527166666666667005e-01
7.555166666666666142e-01
7.545500000000000540e-01
7.536666666666667069e-01
7.579666666666666774e-01
7.578500000000000236e-01
7.569333333333333469e-01
7.560666666666666647e-01
7.555666666666667197e-01
7.559666666666666757e-01
7.554666666666666197e-01
7.556666666666667087e-01
7.550000000000000044e-01
7.558833333333333515e-01
7.554166666666666252e-01
7.557000000000000384e-01
7.552833333333333066e-01
7.560166666666666702e-01
7.559000000000000163e-01
7.572833333333333083e-01
7.566833333333333744e-01
7.550833333333333286e-01
7.577833333333333643e-01
7.558666666666666867e-01
7.565666666666667206e-01
7.547833333333333616e-01
7.566500000000000448e-01
7.574999999999999512e-01
7.566500000000000448e-01
7.564833333333332854e-01
7.548666666666666858e-01
7.550166666666666693e-01
7.547833333333333616e-01
7.546166666666667133e-01
7.541333333333333222e-01
7.564166666666666261e-01
7.549333333333333451e-01
7.555333333333332790e-01
7.560833333333333295e-01
7.567166666666667041e-01
7.552833333333333066e-01
7.573166666666666380e-01
7.573166666666666380e-01
7.569000000000000172e-01
7.564999999999999503e-01
7.564333333333332909e-01
7.563499999999999668e-01
7.567000000000000393e-01
7.545666666666667188e-01
7.560166666666666702e-01
7.566000000000000503e-01
7.548166666666666913e-01
7.570166666666666710e-01
7.575666666666667215e-01
7.568833333333333524e-01
7.554999999999999494e-01
7.568666666666666876e-01
7.558500000000000218e-01
7.548333333333333561e-01
7.565166666666666151e-01
7.579666666666666774e-01
7.576333333333333808e-01
7.564999999999999503e-01
7.550166666666666693e-01
7.561333333333333240e-01
7.561333333333333240e-01
7.575166666666666160e-01
7.567333333333333689e-01
7.569666666666666766e-01
7.549166666666666803e-01
7.559666666666666757e-01
7.556333333333333790e-01
7.579833333333333423e-01
7.559500000000000108e-01
7.575499999999999456e-01
7.582666666666666444e-01
7.553333333333333011e-01
7.560333333333333350e-01
7.566000000000000503e-01
7.553833333333332956e-01
7.560333333333333350e-01
7.560666666666666647e-01
7.552166666666666472e-01
7.557666666666666977e-01
7.562833333333333075e-01
7.584999999999999520e-01
7.540000000000000036e-01
7.553499999999999659e-01
7.551499999999999879e-01
7.556666666666667087e-01
7.550333333333333341e-01
7.541166666666666574e-01
7.551166666666666583e-01
7.553999999999999604e-01
7.548500000000000210e-01
7.556333333333333790e-01
7.550999999999999934e-01
7.537333333333333663e-01
7.540833333333333277e-01
7.561333333333333240e-01
7.558166666666666922e-01
7.542833333333333057e-01
7.554166666666666252e-01
7.550166666666666693e-01
7.569166666666666821e-01
7.559333333333333460e-01
7.566833333333333744e-01
7.579666666666666774e-01
7.548833333333333506e-01
7.554499999999999549e-01
7.553499999999999659e-01
7.557333333333333680e-01
7.570500000000000007e-01
7.564999999999999503e-01
7.543166666666666353e-01
7.561833333333333185e-01
7.566166666666667151e-01
7.565499999999999448e-01
7.557000000000000384e-01
7.549000000000000155e-01
7.556833333333333735e-01
7.550166666666666693e-01
7.544999999999999485e-01
7.545833333333333837e-01
7.550000000000000044e-01
7.559166666666666812e-01
7.555166666666666142e-01
7.547166666666667023e-01
7.564499999999999558e-01
7.553166666666666362e-01
7.561999999999999833e-01
7.563999999999999613e-01
7.562499999999999778e-01
7.560000000000000053e-01
7.543166666666666353e-01
7.547666666666666968e-01
7.551833333333333176e-01
7.564499999999999558e-01
7.548500000000000210e-01
7.580166666666666719e-01
7.555500000000000549e-01
7.563666666666666316e-01
7.543666666666666298e-01
7.550666666666666638e-01
7.550000000000000044e-01
7.550999999999999934e-01
7.574833333333332863e-01
7.562333333333333130e-01
7.548833333333333506e-01
7.547000000000000375e-01
7.548166666666666913e-01
7.548833333333333506e-01
7.557000000000000384e-01
7.567166666666667041e-01
7.562333333333333130e-01
7.565666666666667206e-01
7.583833333333332982e-01
7.567833333333333634e-01
7.565166666666666151e-01
7.576333333333333808e-01
7.586166666666667169e-01
7.568333333333333579e-01
7.566500000000000448e-01
7.555500000000000549e-01
7.571833333333333194e-01
7.559500000000000108e-01
7.558500000000000218e-01
7.559666666666666757e-01
7.561666666666666536e-01
7.568833333333333524e-01
7.570166666666666710e-01
7.553499999999999659e-01
7.578500000000000236e-01
7.572666666666666435e-01
7.584999999999999520e-01
7.576000000000000512e-01
7.574166666666666270e-01
7.573333333333333028e-01
7.566333333333333799e-01
7.571999999999999842e-01
7.567333333333333689e-01
7.568500000000000227e-01
7.591999999999999860e-01
7.586166666666667169e-01
7.583499999999999686e-01
7.580999999999999961e-01
7.577666666666666995e-01
7.570500000000000007e-01
7.569833333333333414e-01
7.583833333333332982e-01
7.560999999999999943e-01
7.566500000000000448e-01
7.557000000000000384e-01
7.571666666666666545e-01
7.575333333333332808e-01
7.563166666666666371e-01
7.562499999999999778e-01
7.580666666666666664e-01
7.555666666666667197e-01
7.573833333333332973e-01
7.568833333333333524e-01
7.559000000000000163e-01
7.564333333333332909e-01
7.552166666666666472e-01
7.553166666666666362e-01
7.559666666666666757e-01
7.558666666666666867e-01
7.567166666666667041e-01
7.560666666666666647e-01
7.561166666666666591e-01
7.569166666666666821e-01
7.557500000000000329e-01
7.548666666666666858e-01
7.562999999999999723e-01
7.570999999999999952e-01
7.561999999999999833e-01
7.566500000000000448e-01
7.563333333333333020e-01
7.561833333333333185e-01
7.570166666666666710e-01
7.570666666666666655e-01
7.557000000000000384e-01
