1.003061175346374512e+00
1.106662750244140625e+00
1.094427108764648438e+00
6.102216839790344238e-01
3.906719386577606201e-01
3.076242208480834961e-01
2.727701663970947266e-01
2.530114054679870605e-01
2.418070137500762939e-01
2.381924837827682495e-01
2.389751076698303223e-01
2.413028478622436523e-01
2.488975971937179565e-01
2.505494356155395508e-01
2.600561976432800293e-01
2.648190259933471680e-01
2.730904519557952881e-01
2.839128077030181885e-01
2.961709499359130859e-01
3.064945936203002930e-01
3.156950473785400391e-01
3.365522623062133789e-01
3.419953584671020508e-01
3.573432266712188721e-01
3.669774532318115234e-01
3.760942816734313965e-01
3.882670998573303223e-01
4.023003876209259033e-01
4.119358956813812256e-01
4.206377565860748291e-01
4.311372041702270508e-01
4.378396868705749512e-01
4.419751763343811035e-01
4.560780823230743408e-01
4.607751965522766113e-01
4.716055989265441895e-01
4.801933169364929199e-01
4.932247996330261230e-01
4.917935132980346680e-01
4.991742372512817383e-01
5.033158063888549805e-01
5.208512544631958008e-01
5.191581249237060547e-01
5.193983316421508789e-01
5.315743684768676758e-01
5.367507934570312500e-01
5.463804602622985840e-01
5.472513437271118164e-01
5.540525317192077637e-01
5.572032332420349121e-01
5.661768317222595215e-01
5.654597282409667969e-01
5.675380229949951172e-01
5.747460126876831055e-01
5.812665224075317383e-01
5.847717523574829102e-01
5.872820615768432617e-01
5.920029282569885254e-01
5.976167917251586914e-01
6.016490459442138672e-01
5.974306464195251465e-01
6.072126030921936035e-01
6.098860502243041992e-01
6.148438453674316406e-01
6.155585646629333496e-01
6.177183389663696289e-01
6.219867467880249023e-01
6.241455078125000000e-01
6.285575628280639648e-01
6.335460543632507324e-01
6.335833072662353516e-01
6.412256360054016113e-01
6.411210894584655762e-01
6.351678371429443359e-01
6.442870497703552246e-01
6.471968293190002441e-01
6.494483947753906250e-01
6.523183584213256836e-01
6.581453084945678711e-01
6.575141549110412598e-01
6.673158407211303711e-01
6.614542603492736816e-01
6.664100289344787598e-01
6.708037853240966797e-01
6.720821857452392578e-01
6.781100034713745117e-01
6.814984679222106934e-01
6.770291328430175781e-01
6.795306205749511719e-01
6.884267330169677734e-01
6.847525835037231445e-01
6.850312352180480957e-01
6.886456608772277832e-01
6.869742870330810547e-01
6.934520006179809570e-01
6.957156658172607422e-01
7.017639279365539551e-01
7.001563310623168945e-01
6.973169445991516113e-01
6.962058544158935547e-01
7.049241662025451660e-01
7.073933482170104980e-01
7.043224573135375977e-01
7.106875181198120117e-01
7.039083242416381836e-01
7.136985063552856445e-01
7.168703079223632812e-01
7.149724960327148438e-01
7.193192243576049805e-01
7.205545902252197266e-01
7.235233783721923828e-01
7.209545373916625977e-01
7.255667448043823242e-01
7.246953248977661133e-01
7.220281958580017090e-01
7.307918071746826172e-01
7.291142940521240234e-01
7.308632135391235352e-01
7.337495088577270508e-01
7.348454594612121582e-01
7.377407550811767578e-01
7.390812635421752930e-01
7.414363622665405273e-01
7.457640171051025391e-01
7.449158430099487305e-01
7.463076710700988770e-01
7.404420971870422363e-01
7.474056482315063477e-01
7.493132352828979492e-01
7.453209161758422852e-01
7.526266574859619141e-01
7.571554780006408691e-01
7.548423409461975098e-01
7.598263025283813477e-01
7.493777275085449219e-01
7.563942074775695801e-01
7.591787576675415039e-01
7.603613138198852539e-01
7.622286677360534668e-01
7.608620524406433105e-01
7.683126926422119141e-01
7.652653455734252930e-01
7.719717025756835938e-01
7.738851904869079590e-01
7.674815654754638672e-01
7.701774239540100098e-01
7.722287178039550781e-01
7.766581177711486816e-01
7.840379476547241211e-01
7.757395505905151367e-01
7.764529585838317871e-01
7.784105539321899414e-01
7.766377925872802734e-01
7.845785617828369141e-01
7.845904231071472168e-01
7.841608524322509766e-01
7.843788862228393555e-01
7.846406102180480957e-01
7.908884286880493164e-01
7.868492603302001953e-01
7.913541793823242188e-01
7.905956506729125977e-01
7.924857139587402344e-01
7.954930067062377930e-01
7.980394363403320312e-01
8.010405898094177246e-01
7.970118522644042969e-01
8.052250742912292480e-01
8.116767406463623047e-01
8.038205504417419434e-01
8.017079830169677734e-01
8.021345734596252441e-01
8.096426725387573242e-01
8.106312751770019531e-01
8.061500787734985352e-01
8.098706007003784180e-01
8.111478090286254883e-01
8.108174800872802734e-01
8.126848936080932617e-01
8.185224533081054688e-01
8.176405429840087891e-01
8.153957724571228027e-01
8.177810907363891602e-01
8.182214498519897461e-01
8.190346956253051758e-01
8.253871798515319824e-01
8.187379837036132812e-01
8.175934553146362305e-01
8.248996138572692871e-01
8.258333206176757812e-01
8.223731517791748047e-01
8.277467489242553711e-01
8.263916969299316406e-01
8.348940610885620117e-01
8.314328789710998535e-01
8.337179422378540039e-01
8.334681987762451172e-01
8.302649259567260742e-01
8.320822715759277344e-01
8.308837413787841797e-01
8.349121212959289551e-01
8.296341896057128906e-01
8.429000377655029297e-01
8.276569843292236328e-01
8.372251987457275391e-01
8.312182426452636719e-01
8.326366543769836426e-01
8.356089591979980469e-01
8.388098478317260742e-01
8.417893648147583008e-01
8.459491729736328125e-01
8.461276292800903320e-01
8.352200984954833984e-01
8.390740156173706055e-01
8.449960947036743164e-01
8.392761945724487305e-01
8.473113179206848145e-01
8.536555767059326172e-01
8.511288166046142578e-01
8.509320020675659180e-01
8.450615406036376953e-01
8.528326749801635742e-01
8.504853844642639160e-01
8.495618104934692383e-01
8.569310307502746582e-01
8.571646213531494141e-01
8.549453020095825195e-01
8.637985587120056152e-01
8.530884981155395508e-01
8.530625104904174805e-01
8.603022098541259766e-01
8.691058158874511719e-01
8.535073399543762207e-01
8.598495721817016602e-01
8.720357418060302734e-01
8.614290952682495117e-01
8.612226843833923340e-01
8.630970120429992676e-01
8.667094111442565918e-01
8.727678060531616211e-01
8.661287426948547363e-01
8.682391047477722168e-01
8.721959590911865234e-01
8.726533651351928711e-01
8.670542240142822266e-01
8.879335522651672363e-01
8.695555925369262695e-01
8.754844665527343750e-01
8.719117641448974609e-01
8.791710138320922852e-01
8.608105182647705078e-01
8.761528134346008301e-01
8.776680231094360352e-01
8.800563812255859375e-01
8.824723362922668457e-01
8.781131505966186523e-01
8.817147016525268555e-01
8.808326721191406250e-01
8.818348646163940430e-01
8.858585357666015625e-01
8.799745440483093262e-01
8.943334817886352539e-01
8.843904733657836914e-01
8.870518207550048828e-01
8.815181255340576172e-01
8.907706737518310547e-01
8.899924755096435547e-01
8.992331027984619141e-01
8.978382349014282227e-01
8.942047357559204102e-01
8.998372554779052734e-01
9.001129865646362305e-01
8.982337117195129395e-01
8.983221650123596191e-01
9.021391868591308594e-01
9.044486284255981445e-01
8.966865539550781250e-01
8.993089795112609863e-01
9.045508503913879395e-01
9.081307053565979004e-01
8.998880386352539062e-01
9.012249708175659180e-01
8.994407653808593750e-01
9.068226814270019531e-01
9.044137597084045410e-01
9.059032201766967773e-01
9.064755439758300781e-01
9.105633497238159180e-01
9.081969261169433594e-01
9.103347063064575195e-01
9.095419645309448242e-01
9.091492891311645508e-01
9.096981287002563477e-01
9.125219583511352539e-01
9.130353927612304688e-01
9.152009487152099609e-01
9.135682582855224609e-01
9.218062162399291992e-01
9.168820381164550781e-01
9.308457374572753906e-01
9.273841977119445801e-01
9.145151376724243164e-01
9.186715483665466309e-01
9.190956950187683105e-01
9.132483005523681641e-01
9.215888381004333496e-01
9.195420742034912109e-01
9.281561970710754395e-01
9.146707653999328613e-01
9.225468635559082031e-01
9.339988827705383301e-01
9.196339845657348633e-01
9.217524528503417969e-01
9.255889654159545898e-01
9.323161244392395020e-01
9.282332658767700195e-01
9.365341067314147949e-01
9.326277375221252441e-01
9.351351261138916016e-01
9.434917569160461426e-01
9.359742403030395508e-01
9.396688938140869141e-01
9.377168416976928711e-01
9.416630268096923828e-01
9.312466382980346680e-01
9.431594610214233398e-01
9.437023401260375977e-01
9.418619871139526367e-01
9.408282041549682617e-01
9.440963268280029297e-01
9.449397921562194824e-01
9.399861693382263184e-01
9.352770447731018066e-01
9.415758848190307617e-01
9.539886713027954102e-01
9.455476999282836914e-01
9.572871923446655273e-01
9.473645687103271484e-01
9.468852281570434570e-01
9.478400945663452148e-01
9.526060819625854492e-01
9.615073204040527344e-01
9.618871808052062988e-01
9.527009725570678711e-01
9.553925991058349609e-01
9.584819674491882324e-01
9.607169628143310547e-01
9.636608362197875977e-01
9.571644663810729980e-01
9.706658124923706055e-01
9.601095318794250488e-01
9.614138603210449219e-01
9.557618498802185059e-01
9.666873812675476074e-01
9.608721733093261719e-01
9.557322263717651367e-01
9.602188467979431152e-01
9.660668373107910156e-01
9.731240868568420410e-01
9.700052738189697266e-01
9.697036743164062500e-01
9.781001806259155273e-01
9.748027324676513672e-01
9.757807254791259766e-01
9.678897261619567871e-01
9.697928428649902344e-01
9.758308529853820801e-01
9.651879072189331055e-01
9.727735519409179688e-01
9.771651029586791992e-01
9.924156069755554199e-01
9.721339941024780273e-01
9.800897836685180664e-01
9.889812469482421875e-01
9.815478324890136719e-01
9.818552732467651367e-01
9.772974252700805664e-01
9.782302379608154297e-01
9.734915494918823242e-01
9.792699217796325684e-01
9.883419275283813477e-01
9.788044691085815430e-01
9.829972982406616211e-01
9.857262969017028809e-01
9.836842417716979980e-01
9.781027436256408691e-01
9.764299392700195312e-01
9.824219942092895508e-01
9.820156693458557129e-01
9.960920214653015137e-01
9.793525338172912598e-01
9.959794282913208008e-01
9.932962656021118164e-01
9.783608913421630859e-01
9.903919696807861328e-01
9.686456918716430664e-01
9.795485138893127441e-01
9.785447716712951660e-01
9.760012030601501465e-01
9.759683609008789062e-01
9.762272834777832031e-01
9.880244135856628418e-01
9.883511662483215332e-01
9.999186396598815918e-01
9.957221746444702148e-01
9.952391386032104492e-01
9.967424869537353516e-01
9.950594902038574219e-01
9.983958601951599121e-01
9.953800439834594727e-01
9.950703978538513184e-01
1.002355337142944336e+00
1.002894520759582520e+00
9.933094978332519531e-01
9.892268180847167969e-01
1.003670454025268555e+00
9.998940229415893555e-01
1.008951425552368164e+00
1.006543040275573730e+00
1.005973696708679199e+00
1.008528709411621094e+00
1.014260530471801758e+00
1.003303885459899902e+00
9.993289113044738770e-01
1.006784439086914062e+00
1.013176918029785156e+00
1.010542273521423340e+00
1.018561363220214844e+00
1.015180110931396484e+00
1.015377044677734375e+00
1.016274213790893555e+00
1.009984016418457031e+00
1.013505578041076660e+00
1.014978528022766113e+00
1.018983364105224609e+00
1.013439536094665527e+00
1.018652439117431641e+00
1.021904706954956055e+00
1.023568868637084961e+00
1.028939485549926758e+00
1.030786752700805664e+00
1.025116801261901855e+00
1.031376361846923828e+00
1.033961534500122070e+00
1.023079156875610352e+00
1.029426693916320801e+00
1.033483266830444336e+00
1.019754528999328613e+00
1.041022062301635742e+00
1.029587030410766602e+00
1.037142276763916016e+00
1.037257313728332520e+00
1.033438444137573242e+00
1.033597707748413086e+00
1.035130381584167480e+00
1.026750206947326660e+00
1.024569511413574219e+00
1.019573688507080078e+00
1.018697023391723633e+00
1.032514810562133789e+00
1.038694024085998535e+00
1.035803318023681641e+00
1.036442756652832031e+00
1.044022560119628906e+00
1.029523849487304688e+00
1.044468879699707031e+00
1.034802317619323730e+00
1.036387443542480469e+00
1.040707111358642578e+00
1.028496980667114258e+00
1.043265819549560547e+00
1.046694755554199219e+00
1.040323257446289062e+00
1.045993685722351074e+00
1.035257339477539062e+00
1.041266083717346191e+00
1.038700103759765625e+00
1.048298835754394531e+00
1.047936677932739258e+00
1.043586254119873047e+00
1.049166917800903320e+00
1.041945219039916992e+00
1.045826673507690430e+00
1.044947981834411621e+00
1.052796959877014160e+00
1.055314898490905762e+00
1.054451227188110352e+00
1.058471202850341797e+00
1.058121442794799805e+00
1.062550663948059082e+00
1.071041107177734375e+00
1.063092231750488281e+00
1.058050751686096191e+00
1.057317972183227539e+00
1.058917403221130371e+00
1.058184266090393066e+00
1.057957887649536133e+00
1.058746933937072754e+00
1.059021472930908203e+00
1.065516948699951172e+00
1.061942815780639648e+00
1.060119390487670898e+00
1.069647669792175293e+00
1.063107967376708984e+00
1.068504095077514648e+00
1.072925925254821777e+00
1.054662704467773438e+00
1.076435089111328125e+00
1.066300392150878906e+00
1.075514554977416992e+00
1.068215370178222656e+00
1.070629596710205078e+00
1.115396022796630859e+00
1.131411552429199219e+00
1.114873647689819336e+00
1.124992132186889648e+00
1.131406784057617188e+00
1.117459297180175781e+00
1.116732716560363770e+00
1.117224216461181641e+00
1.106124281883239746e+00
1.105159044265747070e+00
1.115268468856811523e+00
1.111854076385498047e+00
1.113993644714355469e+00
1.116764187812805176e+00
1.110782384872436523e+00
1.099137306213378906e+00
1.102425932884216309e+00
1.098952770233154297e+00
1.104315519332885742e+00
1.096962809562683105e+00
1.097144484519958496e+00
1.108499646186828613e+00
1.115605592727661133e+00
1.113541126251220703e+00
1.109184145927429199e+00
1.097990989685058594e+00
1.096606969833374023e+00
1.109050750732421875e+00
1.113347053527832031e+00
1.107281684875488281e+00
1.111382246017456055e+00
1.102111101150512695e+00
1.112357616424560547e+00
1.112532854080200195e+00
1.111109495162963867e+00
1.107192873954772949e+00
1.105528116226196289e+00
1.104613184928894043e+00
1.114882111549377441e+00
1.112950921058654785e+00
1.105988025665283203e+00
1.110207915306091309e+00
1.113038063049316406e+00
1.121157884597778320e+00
1.113481283187866211e+00
1.113436222076416016e+00
1.109223365783691406e+00
1.110343337059020996e+00
1.109548330307006836e+00
1.111570358276367188e+00
1.120158672332763672e+00
1.117723703384399414e+00
1.111491203308105469e+00
1.117568969726562500e+00
1.119362831115722656e+00
1.123027086257934570e+00
1.122850179672241211e+00
1.119008660316467285e+00
1.114733457565307617e+00
1.123282670974731445e+00
1.115560054779052734e+00
1.124468326568603516e+00
1.125609636306762695e+00
1.131117343902587891e+00
1.125348925590515137e+00
1.112108469009399414e+00
1.124810695648193359e+00
1.150039672851562500e+00
1.127807378768920898e+00
1.125719666481018066e+00
1.115759134292602539e+00
1.152088880538940430e+00
1.150310039520263672e+00
1.172497272491455078e+00
1.218931674957275391e+00
1.208533406257629395e+00
1.210447669029235840e+00
1.221144914627075195e+00
1.213287115097045898e+00
1.214399814605712891e+00
1.211666345596313477e+00
1.212457895278930664e+00
1.204267024993896484e+00
1.209545612335205078e+00
1.203621387481689453e+00
1.193779945373535156e+00
1.211589574813842773e+00
1.203835844993591309e+00
1.214486002922058105e+00
1.216071128845214844e+00
1.204235434532165527e+00
1.203817129135131836e+00
1.208771705627441406e+00
1.223403573036193848e+00
1.209871768951416016e+00
1.212633371353149414e+00
1.203641772270202637e+00
1.209262847900390625e+00
1.209166765213012695e+00
1.220390915870666504e+00
1.211749315261840820e+00
1.204746484756469727e+00
1.202301740646362305e+00
1.218004226684570312e+00
1.223805665969848633e+00
1.218788862228393555e+00
1.219306468963623047e+00
1.220501422882080078e+00
1.215289592742919922e+00
1.215578317642211914e+00
1.214541077613830566e+00
1.221772193908691406e+00
1.220595717430114746e+00
1.221955060958862305e+00
1.222749114036560059e+00
1.205828905105590820e+00
1.217362761497497559e+00
1.214001655578613281e+00
1.222301721572875977e+00
1.213793635368347168e+00
1.217552304267883301e+00
1.219560861587524414e+00
1.222435593605041504e+00
1.222534179687500000e+00
1.229219436645507812e+00
1.227049231529235840e+00
1.224332571029663086e+00
1.218376874923706055e+00
1.219439029693603516e+00
1.221518516540527344e+00
1.218007326126098633e+00
1.220687150955200195e+00
1.226647734642028809e+00
1.212948441505432129e+00
1.230185508728027344e+00
1.238725900650024414e+00
1.219881415367126465e+00
1.218639612197875977e+00
1.230340719223022461e+00
1.230089187622070312e+00
1.238554000854492188e+00
1.234688520431518555e+00
1.228268623352050781e+00
1.229224205017089844e+00
1.224742770195007324e+00
1.233656883239746094e+00
1.237657070159912109e+00
1.231449842453002930e+00
1.229501843452453613e+00
1.224873781204223633e+00
1.232742547988891602e+00
1.240379333496093750e+00
1.219378113746643066e+00
1.230805039405822754e+00
1.240743160247802734e+00
1.230048775672912598e+00
1.233658313751220703e+00
1.236990571022033691e+00
1.231758117675781250e+00
1.232752084732055664e+00
1.221722126007080078e+00
1.236354351043701172e+00
1.241776227951049805e+00
1.228056550025939941e+00
1.228073120117187500e+00
1.228998422622680664e+00
1.233355879783630371e+00
1.242320537567138672e+00
1.240701436996459961e+00
1.231550216674804688e+00
1.229047656059265137e+00
1.232669115066528320e+00
1.235047817230224609e+00
1.228386640548706055e+00
1.235680103302001953e+00
1.232321023941040039e+00
1.243050456047058105e+00
1.233921408653259277e+00
1.247672796249389648e+00
1.230638265609741211e+00
1.243438482284545898e+00
1.239093899726867676e+00
1.247090101242065430e+00
1.244303226470947266e+00
1.242473840713500977e+00
1.244136452674865723e+00
1.242655634880065918e+00
1.236265659332275391e+00
1.234567642211914062e+00
1.245734810829162598e+00
1.242632865905761719e+00
1.236930370330810547e+00
1.239987611770629883e+00
1.243165850639343262e+00
1.249937891960144043e+00
1.241460323333740234e+00
1.246862888336181641e+00
1.248260498046875000e+00
1.246574163436889648e+00
1.247813701629638672e+00
1.241172790527343750e+00
1.242840886116027832e+00
1.248054027557373047e+00
1.252716660499572754e+00
1.251327872276306152e+00
1.244731426239013672e+00
1.246466159820556641e+00
1.254240155220031738e+00
1.255040049552917480e+00
1.249741911888122559e+00
1.261765956878662109e+00
1.256658315658569336e+00
1.262630581855773926e+00
1.252467870712280273e+00
1.260170221328735352e+00
1.257377147674560547e+00
1.246653795242309570e+00
1.257886171340942383e+00
1.257618069648742676e+00
1.248274326324462891e+00
1.251984596252441406e+00
1.262733459472656250e+00
1.262203216552734375e+00
1.253808736801147461e+00
1.257431149482727051e+00
1.264642953872680664e+00
1.267152070999145508e+00
1.255268931388854980e+00
1.256697893142700195e+00
1.255938291549682617e+00
1.255280733108520508e+00
1.261447668075561523e+00
1.265569686889648438e+00
1.267508983612060547e+00
1.260664105415344238e+00
1.260844707489013672e+00
1.260499835014343262e+00
1.258366703987121582e+00
1.258025765419006348e+00
1.259001374244689941e+00
1.264848709106445312e+00
1.251980304718017578e+00
1.259493589401245117e+00
1.260306000709533691e+00
1.257276773452758789e+00
1.256177186965942383e+00
1.269269466400146484e+00
1.261512160301208496e+00
1.266599297523498535e+00
1.267424583435058594e+00
1.270392298698425293e+00
1.260043382644653320e+00
1.265458822250366211e+00
1.264547109603881836e+00
1.251419305801391602e+00
1.262962818145751953e+00
1.273566484451293945e+00
1.270041465759277344e+00
1.272489786148071289e+00
1.273626923561096191e+00
1.277792453765869141e+00
1.266445636749267578e+00
1.272919297218322754e+00
1.268151044845581055e+00
1.276441335678100586e+00
1.270063877105712891e+00
1.263280153274536133e+00
1.265018939971923828e+00
1.278408288955688477e+00
1.267430305480957031e+00
1.271404504776000977e+00
1.290035009384155273e+00
1.272428512573242188e+00
1.270134449005126953e+00
1.275228261947631836e+00
1.273288726806640625e+00
1.281609296798706055e+00
1.284880161285400391e+00
1.274737596511840820e+00
1.270408153533935547e+00
1.259956598281860352e+00
1.276236295700073242e+00
1.270875930786132812e+00
1.270203590393066406e+00
1.271793842315673828e+00
1.264497041702270508e+00
1.270353794097900391e+00
1.264371871948242188e+00
1.284636616706848145e+00
1.288205385208129883e+00
1.272985458374023438e+00
1.284253239631652832e+00
1.270623445510864258e+00
1.278022289276123047e+00
1.278051376342773438e+00
1.278053164482116699e+00
1.264532566070556641e+00
1.274548530578613281e+00
1.273462295532226562e+00
1.279206991195678711e+00
1.275662779808044434e+00
1.271166324615478516e+00
1.275907516479492188e+00
1.279777288436889648e+00
1.274614572525024414e+00
1.279957056045532227e+00
1.266164302825927734e+00
1.275804162025451660e+00
1.270051479339599609e+00
1.282390356063842773e+00
1.276589751243591309e+00
1.278429508209228516e+00
1.287235975265502930e+00
1.297057867050170898e+00
1.284466505050659180e+00
1.283196210861206055e+00
1.279204964637756348e+00
1.302517890930175781e+00
1.287221193313598633e+00
1.281242847442626953e+00
1.286151170730590820e+00
1.285794734954833984e+00
1.274482607841491699e+00
1.281193733215332031e+00
1.281603455543518066e+00
1.296678304672241211e+00
1.283903837203979492e+00
1.287934064865112305e+00
1.286589860916137695e+00
1.286970734596252441e+00
1.288216352462768555e+00
1.283198595046997070e+00
1.287426233291625977e+00
1.289159297943115234e+00
1.288969397544860840e+00
1.288887023925781250e+00
1.288565397262573242e+00
1.287868499755859375e+00
1.296506166458129883e+00
1.281533598899841309e+00
1.292028427124023438e+00
1.292569994926452637e+00
1.289641857147216797e+00
1.289225935935974121e+00
1.288949728012084961e+00
1.303037881851196289e+00
1.284578442573547363e+00
1.281417250633239746e+00
1.281259775161743164e+00
1.297263741493225098e+00
1.289768218994140625e+00
1.277717590332031250e+00
1.288665294647216797e+00
1.284768819808959961e+00
1.287293076515197754e+00
1.295569300651550293e+00
1.288287162780761719e+00
1.301437735557556152e+00
1.290619611740112305e+00
1.290529251098632812e+00
1.294123649597167969e+00
1.296492338180541992e+00
1.288160800933837891e+00
1.299188494682312012e+00
1.288249969482421875e+00
1.289920091629028320e+00
1.296543717384338379e+00
1.297726392745971680e+00
1.295874118804931641e+00
1.297834157943725586e+00
1.294370412826538086e+00
1.289357423782348633e+00
1.289133310317993164e+00
1.285260438919067383e+00
1.297650337219238281e+00
1.296968936920166016e+00
1.300560235977172852e+00
1.304148316383361816e+00
1.301235914230346680e+00
1.300707578659057617e+00
1.318315267562866211e+00
1.296260356903076172e+00
1.304241895675659180e+00
1.287493467330932617e+00
1.298929691314697266e+00
1.309781670570373535e+00
1.307868361473083496e+00
1.306289196014404297e+00
1.306797385215759277e+00
1.309664607048034668e+00
1.307035207748413086e+00
1.300639629364013672e+00
1.307421445846557617e+00
1.310476541519165039e+00
1.311377286911010742e+00
1.301059484481811523e+00
1.301642894744873047e+00
1.304798126220703125e+00
1.306663393974304199e+00
1.301861286163330078e+00
1.303242921829223633e+00
1.315051794052124023e+00
1.296854019165039062e+00
1.296348094940185547e+00
1.297092914581298828e+00
1.306141376495361328e+00
1.294570922851562500e+00
1.307438850402832031e+00
1.314761996269226074e+00
1.307505846023559570e+00
1.297810554504394531e+00
1.302951574325561523e+00
1.299189329147338867e+00
1.319767236709594727e+00
1.310791969299316406e+00
1.302459478378295898e+00
1.315324068069458008e+00
1.314966917037963867e+00
1.307229757308959961e+00
1.309161424636840820e+00
1.325689077377319336e+00
1.311966896057128906e+00
1.312705516815185547e+00
1.299351215362548828e+00
1.303824305534362793e+00
1.322013616561889648e+00
1.316729664802551270e+00
1.314365386962890625e+00
1.296348810195922852e+00
1.316357254981994629e+00
1.318750858306884766e+00
1.318934440612792969e+00
1.316952943801879883e+00
1.315273046493530273e+00
1.307476401329040527e+00
1.309515237808227539e+00
1.315103650093078613e+00
1.324459075927734375e+00
1.319205880165100098e+00
1.323991656303405762e+00
1.315342664718627930e+00
1.310441851615905762e+00
1.314462661743164062e+00
1.311976552009582520e+00
1.314794301986694336e+00
1.319964170455932617e+00
1.320601224899291992e+00
1.315735697746276855e+00
1.312849283218383789e+00
1.316044926643371582e+00
1.316869497299194336e+00
1.316617608070373535e+00
1.312818050384521484e+00
1.307722926139831543e+00
1.309964179992675781e+00
1.320823907852172852e+00
1.315191268920898438e+00
1.317047834396362305e+00
1.317973494529724121e+00
1.314908742904663086e+00
1.325365304946899414e+00
1.325434207916259766e+00
1.315336704254150391e+00
1.314691781997680664e+00
1.323771238327026367e+00
1.331453919410705566e+00
1.325781822204589844e+00
1.326325654983520508e+00
1.320382118225097656e+00
1.320256829261779785e+00
1.326825380325317383e+00
1.319090366363525391e+00
1.319019317626953125e+00
1.318798303604125977e+00
1.318375587463378906e+00
1.320112943649291992e+00
1.331388235092163086e+00
1.325534820556640625e+00
1.332898855209350586e+00
1.322849988937377930e+00
1.324447154998779297e+00
1.328505754470825195e+00
1.325378656387329102e+00
1.330857276916503906e+00
1.324756622314453125e+00
1.320889234542846680e+00
1.327122211456298828e+00
1.337468862533569336e+00
1.330712914466857910e+00
