6.915548443794250488e-01
6.913702785968780518e-01
6.878293752670288086e-01
6.695857346057891846e-01
6.267352104187011719e-01
5.720334053039550781e-01
5.264825224876403809e-01
4.929925799369812012e-01
4.689091295003890991e-01
4.518620371818542480e-01
4.369628131389617920e-01
4.251069128513336182e-01
4.116947054862976074e-01
4.012670218944549561e-01
3.920005857944488525e-01
3.825998604297637939e-01
3.726994991302490234e-01
3.654344081878662109e-01
3.581627309322357178e-01
3.507237583398818970e-01
3.432189673185348511e-01
3.348278701305389404e-01
3.287775814533233643e-01
3.202907443046569824e-01
3.169649839401245117e-01
3.094020783901214600e-01
3.092047870159149170e-01
3.080665469169616699e-01
2.964353859424591064e-01
2.932476252317428589e-01
2.931942790746688843e-01
2.931643128395080566e-01
2.821555435657501221e-01
2.760865688323974609e-01
2.737348675727844238e-01
2.705607563257217407e-01
2.656509876251220703e-01
2.618610858917236328e-01
2.580780088901519775e-01
2.542417272925376892e-01
2.640252709388732910e-01
2.549398094415664673e-01
2.452709227800369263e-01
2.497578710317611694e-01
2.389055266976356506e-01
2.395505905151367188e-01
2.392397820949554443e-01
2.324933707714080811e-01
2.313573509454727173e-01
2.264985889196395874e-01
2.270581796765327454e-01
2.221683859825134277e-01
2.247203588485717773e-01
2.203859090805053711e-01
2.208951562643051147e-01
2.230192571878433228e-01
2.171303033828735352e-01
2.148632332682609558e-01
2.166639268398284912e-01
2.125711217522621155e-01
2.093256339430809021e-01
2.132817506790161133e-01
2.119055613875389099e-01
2.143275663256645203e-01
2.051422894001007080e-01
2.047100961208343506e-01
2.012400478124618530e-01
2.075052708387374878e-01
2.014774382114410400e-01
2.000426650047302246e-01
2.016011998057365417e-01
1.981349512934684753e-01
2.017405182123184204e-01
1.994744911789894104e-01
1.950163841247558594e-01
1.934539154171943665e-01
1.924138292670249939e-01
1.909296885132789612e-01
1.931338086724281311e-01
1.884256824851036072e-01
1.889357566833496094e-01
1.960093453526496887e-01
2.078911736607551575e-01
1.933151334524154663e-01
1.866812556982040405e-01
1.894902810454368591e-01
1.907461509108543396e-01
1.893311440944671631e-01
1.899634674191474915e-01
1.872442662715911865e-01
1.848072558641433716e-01
1.840836554765701294e-01
1.826197057962417603e-01
1.871047541499137878e-01
1.897695213556289673e-01
1.832546144723892212e-01
1.798544377088546753e-01
1.798709183931350708e-01
1.918482780456542969e-01
1.832775026559829712e-01
1.835584715008735657e-01
1.812705695629119873e-01
1.772923097014427185e-01
1.860679015517234802e-01
1.761032864451408386e-01
1.763289272785186768e-01
1.791137680411338806e-01
1.746879145503044128e-01
1.733273416757583618e-01
1.725416705012321472e-01
1.734389215707778931e-01
1.723669469356536865e-01
1.732525825500488281e-01
1.774340048432350159e-01
1.713855788111686707e-01
1.740482002496719360e-01
1.719850897789001465e-01
1.697577387094497681e-01
1.720201522111892700e-01
1.716655939817428589e-01
1.777101755142211914e-01
1.693511307239532471e-01
1.717411130666732788e-01
1.732085496187210083e-01
1.690731793642044067e-01
1.686950549483299255e-01
1.694587916135787964e-01
1.731890588998794556e-01
1.811921298503875732e-01
1.753492578864097595e-01
1.685103923082351685e-01
1.753899455070495605e-01
1.677965819835662842e-01
1.705057099461555481e-01
1.676979362964630127e-01
1.674631908535957336e-01
1.672968193888664246e-01
1.716007664799690247e-01
1.674502268433570862e-01
1.653848290443420410e-01
1.671100705862045288e-01
1.673610210418701172e-01
1.668772920966148376e-01
1.667150408029556274e-01
1.653230637311935425e-01
1.677198484539985657e-01
1.642593517899513245e-01
1.632563620805740356e-01
1.677384674549102783e-01
1.671876460313796997e-01
1.641266196966171265e-01
1.684032082557678223e-01
1.656758487224578857e-01
1.624318659305572510e-01
1.765417531132698059e-01
2.260594367980957031e-01
1.744313538074493408e-01
1.689084768295288086e-01
1.631816402077674866e-01
1.614924520254135132e-01
1.625102981925010681e-01
1.646984145045280457e-01
1.759672015905380249e-01
1.700600087642669678e-01
1.624966412782669067e-01
1.617052704095840454e-01
1.627387404441833496e-01
1.620328649878501892e-01
1.635665595531463623e-01
1.612283810973167419e-01
1.614048779010772705e-01
1.611981987953186035e-01
1.648876816034317017e-01
1.611903756856918335e-01
1.634958460927009583e-01
1.627639234066009521e-01
1.622553020715713501e-01
1.619434058666229248e-01
1.661882549524307251e-01
1.618385910987854004e-01
1.594126373529434204e-01
1.584941744804382324e-01
1.583629623055458069e-01
1.668162718415260315e-01
1.585826575756072998e-01
1.581524461507797241e-01
1.574491411447525024e-01
1.588453501462936401e-01
1.586719676852226257e-01
1.618711873888969421e-01
1.613076254725456238e-01
1.570851206779479980e-01
1.596984863281250000e-01
1.601203456521034241e-01
1.579187586903572083e-01
1.606495231389999390e-01
1.582949310541152954e-01
1.579587832093238831e-01
1.577319279313087463e-01
1.587103232741355896e-01
1.566391736268997192e-01
1.587988957762718201e-01
1.583236530423164368e-01
1.602242588996887207e-01
1.565062254667282104e-01
1.624140068888664246e-01
1.647841334342956543e-01
1.620915457606315613e-01
1.585741043090820312e-01
1.570332273840904236e-01
1.590208262205123901e-01
1.580463945865631104e-01
1.579168736934661865e-01
1.563140675425529480e-01
1.557167172431945801e-01
1.568879410624504089e-01
1.566820219159126282e-01
1.569317877292633057e-01
1.591779291629791260e-01
1.744811981916427612e-01
1.579582989215850830e-01
1.561532318592071533e-01
1.553908810019493103e-01
1.566674187779426575e-01
1.580166742205619812e-01
1.616994515061378479e-01
1.725054010748863220e-01
1.550765559077262878e-01
1.546701639890670776e-01
1.575933694839477539e-01
1.598548740148544312e-01
1.554625332355499268e-01
1.566767543554306030e-01
1.555251404643058777e-01
1.556728705763816833e-01
1.551419943571090698e-01
1.567921191453933716e-01
1.571935564279556274e-01
1.590241789817810059e-01
1.543410718441009521e-01
1.555814296007156372e-01
1.579539328813552856e-01
1.535647064447402954e-01
1.542780026793479919e-01
1.557428687810897827e-01
1.548478156328201294e-01
1.524158641695976257e-01
1.551085188984870911e-01
1.588807553052902222e-01
1.536150202155113220e-01
1.542590856552124023e-01
1.539896726608276367e-01
1.578651890158653259e-01
1.554482653737068176e-01
1.553659960627555847e-01
1.529087573289871216e-01
1.547169536352157593e-01
1.515388116240501404e-01
1.516193225979804993e-01
1.556223481893539429e-01
1.533294841647148132e-01
1.548757925629615784e-01
1.524645760655403137e-01
1.532994434237480164e-01
1.531426534056663513e-01
1.528823152184486389e-01
1.535214930772781372e-01
1.566206365823745728e-01
1.534951478242874146e-01
1.566747054457664490e-01
1.531351059675216675e-01
1.554245725274085999e-01
1.527363210916519165e-01
1.524498909711837769e-01
1.523046493530273438e-01
1.545569673180580139e-01
1.528164520859718323e-01
1.524904370307922363e-01
1.549833938479423523e-01
1.524464637041091919e-01
1.531246677041053772e-01
1.511916965246200562e-01
1.602334082126617432e-01
1.675734966993331909e-01
1.592447683215141296e-01
1.539247035980224609e-01
1.511593163013458252e-01
