7.828947368421053377e-03
1.388157894736842188e-02
1.427631578947368383e-02
1.618421052631579052e-02
2.085526315789473784e-02
2.210526315789473548e-02
2.315789473684210648e-02
2.486842105263157784e-02
2.605263157894736892e-02
2.743421052631579010e-02
2.842105263157894759e-02
3.250000000000000111e-02
3.552631578947368363e-02
3.559210526315789713e-02
3.874999999999999972e-02
3.907894736842105338e-02
4.111842105263158187e-02
4.263157894736842313e-02
4.453947368421052461e-02
4.605263157894736586e-02
4.881578947368420823e-02
4.815789473684210786e-02
5.032894736842104949e-02
5.309210526315789186e-02
5.230263157894737142e-02
5.592105263157894773e-02
5.789473684210526272e-02
5.750000000000000250e-02
5.855263157894737003e-02
6.144736842105263247e-02
6.197368421052631277e-02
6.467105263157894857e-02
6.605263157894736281e-02
6.789473684210525772e-02
7.098684210526315375e-02
7.052631578947368696e-02
7.230263157894736836e-02
7.881578947368421406e-02
7.723684210526315930e-02
8.131578947368421628e-02
8.000000000000000167e-02
8.269736842105263053e-02
8.546052631578947290e-02
8.828947368421052877e-02
8.703947368421052766e-02
8.980263157894737003e-02
9.335526315789473284e-02
9.157894736842105143e-02
9.625000000000000222e-02
9.644736842105262886e-02
9.973684210526315153e-02
1.022368421052631537e-01
1.062499999999999972e-01
1.085526315789473728e-01
1.103289473684210542e-01
1.125000000000000028e-01
1.113157894736842152e-01
1.167763157894736864e-01
1.205263157894736897e-01
1.193421052631578883e-01
1.242763157894736792e-01
1.241447368421052661e-01
1.271710526315789347e-01
1.286842105263157898e-01
1.277631578947368285e-01
1.338157894736842213e-01
1.414473684210526272e-01
1.373684210526315841e-01
1.405921052631579071e-01
1.429605263157894823e-01
1.466447368421052722e-01
1.476973684210526327e-01
1.538157894736842113e-01
1.521710526315789569e-01
1.636184210526315796e-01
1.642105263157894735e-01
1.667105263157894757e-01
1.655921052631579016e-01
1.675657894736842235e-01
1.681578947368421173e-01
1.657236842105263286e-01
1.685526315789473706e-01
1.717105263157894801e-01
1.774342105263157776e-01
1.792763157894736725e-01
1.854605263157894646e-01
1.844736842105263175e-01
1.934868421052631515e-01
1.960526315789473673e-01
1.899342105263157887e-01
2.019078947368420918e-01
1.984868421052631560e-01
2.038815789473684137e-01
2.109868421052631671e-01
2.153289473684210642e-01
2.180921052631578927e-01
2.276315789473684348e-01
2.203947368421052544e-01
2.194736842105263208e-01
2.271710526315789402e-01
2.280921052631579016e-01
2.382894736842105232e-01
2.315131578947368374e-01
2.344078947368420929e-01
2.356578947368420940e-01
2.475657894736842113e-01
2.473026315789473573e-01
2.496052631578947467e-01
2.469078947368421040e-01
2.455921052631578894e-01
2.505921052631578938e-01
2.716447368421052722e-01
2.624342105263157698e-01
2.680921052631579093e-01
2.565131578947368318e-01
2.818421052631578938e-01
2.692763157894736969e-01
2.643421052631578783e-01
2.644078947368421195e-01
2.757894736842105288e-01
2.948026315789473717e-01
2.938815789473684381e-01
2.992763157894736681e-01
3.028947368421052722e-01
3.031578947368421262e-01
3.017763157894736703e-01
3.069078947368421018e-01
2.995394736842105221e-01
3.088815789473683959e-01
2.873684210526316063e-01
3.110526315789473584e-01
3.179605263157894712e-01
3.150000000000000022e-01
3.130263157894737081e-01
3.197368421052631526e-01
3.115131578947368252e-01
3.034210526315789247e-01
3.164473684210526438e-01
3.254605263157894779e-01
3.341447368421052722e-01
3.429605263157894934e-01
3.300657894736842013e-01
3.401315789473683959e-01
3.586842105263157721e-01
3.513157894736841924e-01
3.327631578947368163e-01
3.488815789473684315e-01
3.593421052631579071e-01
3.542105263157894757e-01
3.634868421052631637e-01
3.509868421052631526e-01
3.567105263157894779e-01
3.561184210526315841e-01
3.805263157894736570e-01
3.830263157894736592e-01
3.674342105263158076e-01
3.868421052631578760e-01
3.790789473684210709e-01
3.830263157894736592e-01
3.624342105263158031e-01
3.723684210526315708e-01
3.763157894736842146e-01
3.776973684210526150e-01
3.896710526315789735e-01
3.836842105263157943e-01
4.127631578947368318e-01
4.059210526315789602e-01
3.940789473684210287e-01
4.057894736842105332e-01
3.971710526315789247e-01
3.870394736842105443e-01
4.170394736842105154e-01
4.104605263157894979e-01
4.132894736842105399e-01
4.021052631578947434e-01
3.972368421052631660e-01
4.052631578947368252e-01
4.062500000000000000e-01
4.337500000000000244e-01
4.127631578947368318e-01
4.188815789473684381e-01
4.096710526315789358e-01
4.124999999999999778e-01
4.356578947368421328e-01
4.243421052631579093e-01
4.161184210526315819e-01
4.160526315789473961e-01
4.229605263157894535e-01
4.171052631578947567e-01
4.319736842105263430e-01
4.492763157894736903e-01
4.429605263157894712e-01
4.555921052631579093e-01
4.590789473684210309e-01
4.405263157894737103e-01
4.816447368421052366e-01
4.609868421052631393e-01
4.351315789473684248e-01
4.513815789473684115e-01
4.555263157894736681e-01
4.611184210526315663e-01
4.715789473684210420e-01
4.679605263157894934e-01
4.725657894736842168e-01
4.509210526315789447e-01
4.598684210526315930e-01
4.680921052631579204e-01
4.776315789473684070e-01
4.676315789473683981e-01
4.648684210526315974e-01
4.947368421052631415e-01
4.782236842105263008e-01
4.930263157894737014e-01
4.673684210526315996e-01
4.752631578947368318e-01
4.790131578947368629e-01
5.013815789473684559e-01
4.987500000000000266e-01
4.992105263157894934e-01
5.086842105263157388e-01
4.866447368421052411e-01
5.158552631578947612e-01
5.089473684210525928e-01
5.023684210526315752e-01
4.960526315789473562e-01
4.894736842105263386e-01
4.949999999999999956e-01
5.128947368421052921e-01
5.034210526315789913e-01
5.067105263157895001e-01
4.989473684210526394e-01
5.005921052631578938e-01
5.319078947368420796e-01
5.114473684210526505e-01
5.042763157894737391e-01
4.952631578947368496e-01
5.221052631578947389e-01
5.357894736842104821e-01
5.411184210526315264e-01
5.246052631578946857e-01
5.250657894736842080e-01
5.020394736842105354e-01
5.420394736842105710e-01
5.586842105263157832e-01
5.397368421052631815e-01
5.390131578947368052e-01
5.088815789473684070e-01
5.361184210526316329e-01
5.410526315789473406e-01
5.411184210526315264e-01
5.318421052631578938e-01
5.350000000000000311e-01
5.444078947368421462e-01
5.684210526315789380e-01
5.513157894736842035e-01
5.533552631578947389e-01
5.341447368421052833e-01
5.380263157894736858e-01
5.578289473684210353e-01
5.459868421052631593e-01
5.498684210526315619e-01
5.638815789473684559e-01
5.349342105263157343e-01
5.571052631578947700e-01
5.756578947368421462e-01
5.560526315789473539e-01
5.511184210526315352e-01
5.535526315789474072e-01
5.709210526315789958e-01
5.703289473684211019e-01
5.338157894736842435e-01
5.649999999999999467e-01
5.478289473684210265e-01
5.763815789473684115e-01
5.721052631578947834e-01
5.732894736842105710e-01
5.719736842105263008e-01
5.552631578947367919e-01
5.930263157894737347e-01
5.833552631578947656e-01
5.914473684210526105e-01
5.918421052631579471e-01
5.989473684210526727e-01
5.713157894736842213e-01
5.713815789473684070e-01
5.811842105263157476e-01
5.884868421052631415e-01
5.944736842105262653e-01
5.755921052631578494e-01
5.930921052631579204e-01
6.037500000000000089e-01
5.845394736842105532e-01
5.857894736842105265e-01
5.775000000000000133e-01
5.956578947368420529e-01
5.909210526315789025e-01
6.076315789473684115e-01
5.865131578947367919e-01
5.809210526315788936e-01
5.701973684210526194e-01
5.971710526315789913e-01
6.005263157894736858e-01
6.054605263157895045e-01
5.911184210526315708e-01
6.119078947368421506e-01
6.108552631578947345e-01
5.992763157894737125e-01
6.172368421052631948e-01
6.286842105263157343e-01
6.192763157894737303e-01
6.216447368421053055e-01
6.122368421052631904e-01
6.238815789473683981e-01
6.277631578947368007e-01
6.118421052631578538e-01
6.230921052631579471e-01
6.042105263157894202e-01
6.411842105263158009e-01
6.271710526315789069e-01
6.340131578947368896e-01
6.215789473684210087e-01
6.263157894736841591e-01
6.174342105263157521e-01
6.182894736842104999e-01
6.336842105263157388e-01
6.257894736842105621e-01
6.478289473684210042e-01
6.391447368421052655e-01
6.250657894736841858e-01
6.165131578947368185e-01
6.183552631578946857e-01
6.319736842105263541e-01
6.429605263157894823e-01
6.391447368421052655e-01
6.513157894736841813e-01
6.380921052631578494e-01
6.384868421052631859e-01
6.426315789473684426e-01
6.633552631578947256e-01
6.611842105263158187e-01
6.528947368421053055e-01
6.323026315789473939e-01
6.442105263157894557e-01
6.451973684210526860e-01
6.095394736842105754e-01
6.413815789473684692e-01
6.462499999999999911e-01
6.589473684210526150e-01
6.425657894736842568e-01
6.648026315789473673e-01
6.765131578947368718e-01
6.426973684210526283e-01
6.594736842105263230e-01
6.696710526315790002e-01
6.715131578947368673e-01
6.821052631578947700e-01
6.570394736842105621e-01
6.629605263157895001e-01
6.633552631578947256e-01
6.538157894736842390e-01
6.801315789473684204e-01
6.671052631578947567e-01
6.830263157894737036e-01
6.721710526315789469e-01
6.789473684210526327e-01
6.600000000000000311e-01
6.501973684210525795e-01
6.554605263157894379e-01
6.417105263157895090e-01
6.457894736842105798e-01
6.729605263157895090e-01
6.596052631578946945e-01
6.552631578947368807e-01
6.634210526315789114e-01
6.757236842105263097e-01
6.692763157894736636e-01
6.706578947368421195e-01
6.698026315789473717e-01
6.696052631578947034e-01
6.673684210526316107e-01
6.855921052631579471e-01
6.628289473684210176e-01
6.986184210526316107e-01
6.986184210526316107e-01
6.761184210526315352e-01
6.794078947368421550e-01
6.719736842105262786e-01
6.652631578947368896e-01
6.687499999999999556e-01
6.508552631578947700e-01
7.116447368421052744e-01
7.006578947368421462e-01
6.898684210526315752e-01
7.059210526315788936e-01
7.156578947368421595e-01
6.706578947368421195e-01
6.813157894736842080e-01
6.892763157894736814e-01
6.980921052631579027e-01
6.856578947368421328e-01
6.818421052631579160e-01
7.116447368421052744e-01
6.866447368421052522e-01
7.043421052631578805e-01
6.854605263157894646e-01
6.861184210526315441e-01
6.890789473684210131e-01
6.681578947368420618e-01
6.592105263157894690e-01
6.913157894736842168e-01
6.972368421052631549e-01
6.836842105263157832e-01
6.969078947368421151e-01
7.025657894736841991e-01
7.037499999999999867e-01
7.177631578947368807e-01
7.081578947368420973e-01
7.054605263157894823e-01
6.977631578947368629e-01
7.071710526315789780e-01
7.117105263157894601e-01
7.138815789473683671e-01
7.240131578947368585e-01
7.253947368421053143e-01
6.898026315789473895e-01
7.099342105263157787e-01
7.050657894736842568e-01
7.134868421052631415e-01
6.796052631578947123e-01
7.364473684210526283e-01
7.094736842105263674e-01
6.650657894736842213e-01
7.062500000000000444e-01
7.080263157894737258e-01
7.327631578947368940e-01
7.242105263157895267e-01
7.353289473684210265e-01
7.201973684210526416e-01
7.158552631578947167e-01
7.180921052631579204e-01
7.016447368421052655e-01
7.273026315789473673e-01
7.236842105263158187e-01
7.253947368421053143e-01
7.001973684210526239e-01
6.950657894736842479e-01
7.300657894736841680e-01
7.302631578947368363e-01
7.311184210526315841e-01
7.355263157894736947e-01
7.371710526315788936e-01
7.384210526315789780e-01
7.422368421052631948e-01
7.303289473684210220e-01
7.125657894736842080e-01
7.365789473684209998e-01
7.275000000000000355e-01
7.368421052631578538e-01
7.298684210526316107e-01
7.408552631578947389e-01
7.407894736842105532e-01
7.234868421052631504e-01
7.392763157894737258e-01
7.468421052631578627e-01
7.390131578947368718e-01
7.457894736842105576e-01
7.342763157894737214e-01
7.331578947368421195e-01
7.425657894736842346e-01
7.424342105263157521e-01
7.421052631578947123e-01
7.471052631578947167e-01
7.512499999999999734e-01
7.524342105263157610e-01
7.483552631578946901e-01
7.488157894736842124e-01
7.210526315789473895e-01
7.193421052631578938e-01
7.478289473684210931e-01
7.280263157894736326e-01
7.379605263157894557e-01
7.186842105263158142e-01
7.257236842105263541e-01
7.398026315789473228e-01
7.443421052631579160e-01
7.571710526315789114e-01
7.298026315789473140e-01
7.335526315789473450e-01
7.642763157894736370e-01
7.460526315789474117e-01
7.374342105263157476e-01
7.476315789473684248e-01
7.469078947368421595e-01
7.391447368421052433e-01
7.313157894736842524e-01
7.566447368421053143e-01
7.480921052631579471e-01
7.707894736842105798e-01
7.460526315789474117e-01
7.404605263157895134e-01
7.563157894736841635e-01
7.609868421052631282e-01
7.467763157894736770e-01
7.396052631578947656e-01
7.432894736842104999e-01
7.455263157894737036e-01
7.442105263157894335e-01
7.331578947368421195e-01
7.546710526315789647e-01
7.630263157894736636e-01
7.590789473684210753e-01
7.503289473684210398e-01
7.501973684210526683e-01
7.403947368421052166e-01
7.134210526315789558e-01
7.421710526315788981e-01
7.513815789473684559e-01
7.551315789473683759e-01
7.772368421052631149e-01
7.794078947368421328e-01
7.542763157894737391e-01
7.371710526315788936e-01
7.832894736842105354e-01
7.553947368421052300e-01
7.829605263157894957e-01
7.559210526315789380e-01
7.559210526315789380e-01
7.755921052631579160e-01
7.771710526315789291e-01
7.740131578947367919e-01
7.646052631578947878e-01
7.874999999999999778e-01
7.673026315789474028e-01
7.597368421052631549e-01
7.789473684210526105e-01
7.852631578947368851e-01
7.676315789473684426e-01
7.855921052631579249e-01
7.556578947368420840e-01
7.636184210526315574e-01
7.516447368421053099e-01
7.657894736842105754e-01
7.449342105263158098e-01
7.544078947368421106e-01
7.732894736842105265e-01
7.540131578947368851e-01
7.659868421052631327e-01
7.692763157894736414e-01
7.611842105263157965e-01
7.609210526315789425e-01
7.746052631578946857e-01
7.565131578947368318e-01
7.603947368421052344e-01
7.843421052631578405e-01
7.570394736842105399e-01
7.913815789473683804e-01
7.661184210526316152e-01
7.475000000000000533e-01
7.852631578947368851e-01
7.901315789473684070e-01
7.836842105263157610e-01
7.837499999999999467e-01
7.868421052631578982e-01
7.817105263157895223e-01
7.918421052631579027e-01
7.672368421052631060e-01
7.779605263157894912e-01
7.676973684210526283e-01
7.832894736842105354e-01
7.725657894736842612e-01
8.010526315789473495e-01
7.830263157894736814e-01
7.678947368421052966e-01
7.780263157894736770e-01
7.876973684210526461e-01
7.945394736842105177e-01
7.608552631578947567e-01
7.573026315789473939e-01
7.869078947368420840e-01
7.742763157894736459e-01
7.828947368421053099e-01
7.486184210526315441e-01
7.824999999999999734e-01
7.536842105263157343e-01
7.996710526315788936e-01
7.815789473684210398e-01
7.739473684210526061e-01
7.792763157894736503e-01
8.115789473684210664e-01
7.976315789473684692e-01
8.090131578947368229e-01
7.893421052631578450e-01
7.994078947368421506e-01
7.752631578947368762e-01
7.621710526315789158e-01
8.007894736842104955e-01
8.080263157894737036e-01
7.696052631578947922e-01
7.950657894736842257e-01
7.710526315789473228e-01
7.882236842105263541e-01
7.665789473684210265e-01
7.912500000000000089e-01
7.926315789473684648e-01
8.055921052631579427e-01
7.871710526315789380e-01
7.951315789473684115e-01
7.881578947368420573e-01
8.078289473684210353e-01
7.980921052631578805e-01
7.973684210526316152e-01
7.938815789473684381e-01
7.940789473684211064e-01
7.851315789473684026e-01
8.009210526315789780e-01
8.155263157894736548e-01
8.149999999999999467e-01
8.105263157894736503e-01
7.732894736842105265e-01
7.964473684210526816e-01
7.936842105263157698e-01
8.003947368421052699e-01
7.999342105263157476e-01
8.078289473684210353e-01
8.135526315789474161e-01
8.044078947368421550e-01
8.157894736842105088e-01
7.788815789473684248e-01
7.798026315789473584e-01
8.124342105263158142e-01
8.111842105263158409e-01
8.339473684210526594e-01
7.895394736842105132e-01
7.890131578947368052e-01
7.843421052631578405e-01
8.068421052631579160e-01
8.083552631578947434e-01
7.825657894736841591e-01
8.054605263157894601e-01
8.215131578947368896e-01
8.167763157894737391e-01
8.032236842105263674e-01
8.151973684210526150e-01
8.099342105263157565e-01
8.050657894736842346e-01
7.874999999999999778e-01
8.012500000000000178e-01
8.059210526315789824e-01
8.192763157894736858e-01
8.103947368421052788e-01
7.867763157894737125e-01
7.878289473684210176e-01
8.017763157894737258e-01
8.188815789473684603e-01
7.973026315789473184e-01
7.584868421052631815e-01
7.961842105263158276e-01
8.102631578947367963e-01
8.094736842105263452e-01
8.330921052631579116e-01
7.948026315789473717e-01
7.986842105263157743e-01
8.157894736842105088e-01
8.102631578947367963e-01
8.096710526315789025e-01
8.176315789473683759e-01
8.059868421052631682e-01
8.067763157894737303e-01
7.884868421052632081e-01
8.024999999999999911e-01
8.209210526315789958e-01
8.051973684210526061e-01
8.317105263157894557e-01
8.219736842105263008e-01
8.184210526315789380e-01
8.069736842105262875e-01
8.051973684210526061e-01
8.008552631578947922e-01
8.067105263157894335e-01
8.173684210526316329e-01
8.028289473684210309e-01
8.045394736842105265e-01
8.074342105263158098e-01
8.156578947368421373e-01
8.182894736842105665e-01
7.970394736842105754e-01
8.220394736842104866e-01
8.343421052631578849e-01
8.361842105263157521e-01
8.383552631578947700e-01
8.232894736842105710e-01
8.195394736842105399e-01
8.342763157894736992e-01
8.143421052631578672e-01
7.957236842105263053e-01
8.121052631578947745e-01
8.094736842105263452e-01
8.367105263157894601e-01
8.289473684210526550e-01
8.468421052631578405e-01
8.260526315789473717e-01
8.275000000000000133e-01
8.240131578947368363e-01
8.261184210526315574e-01
8.150657894736842435e-01
8.212500000000000355e-01
8.200657894736842479e-01
8.305263157894736681e-01
8.165789473684210709e-01
8.306578947368421506e-01
8.396710526315789291e-01
8.188815789473684603e-01
8.106578947368421328e-01
7.971052631578947612e-01
8.287499999999999867e-01
8.177631578947368585e-01
8.082236842105262609e-01
8.354605263157894868e-01
8.182894736842105665e-01
8.006578947368421240e-01
8.284210526315789469e-01
8.393421052631578894e-01
8.250657894736842524e-01
8.322368421052631637e-01
8.453289473684210131e-01
8.402631578947368229e-01
8.542763157894737169e-01
8.234868421052631282e-01
8.371052631578946857e-01
8.358552631578947123e-01
8.292763157894736947e-01
8.477631578947368851e-01
8.369078947368421284e-01
8.255921052631578494e-01
8.507236842105263541e-01
8.032236842105263674e-01
8.488815789473683759e-01
8.297368421052631060e-01
8.475000000000000311e-01
8.286184210526316152e-01
8.264473684210525972e-01
8.236184210526316107e-01
8.419736842105263186e-01
8.195394736842105399e-01
8.378947368421052477e-01
8.290131578947368407e-01
8.253947368421052921e-01
8.355263157894736725e-01
8.468421052631578405e-01
8.113157894736842124e-01
8.401973684210526372e-01
8.125000000000000000e-01
8.210526315789473673e-01
8.385526315789473273e-01
8.180921052631578982e-01
8.342763157894736992e-01
8.349342105263157787e-01
8.271710526315789735e-01
8.394736842105262609e-01
8.513157894736842479e-01
8.490131578947368585e-01
8.538157894736841946e-01
8.303289473684209998e-01
8.592763157894737214e-01
8.416447368421052788e-01
8.535526315789473406e-01
8.490789473684210442e-01
8.527631578947368896e-01
8.420394736842105043e-01
8.401973684210526372e-01
8.373026315789473539e-01
8.476973684210525883e-01
8.630921052631579382e-01
8.581578947368421195e-01
8.446710526315789336e-01
8.363157894736842346e-01
8.376315789473683937e-01
8.472368421052631771e-01
8.392105263157895179e-01
8.480921052631579249e-01
8.417763157894736503e-01
8.536184210526315264e-01
8.279605263157894246e-01
8.180263157894737125e-01
8.451973684210526416e-01
8.277631578947368673e-01
8.549999999999999822e-01
8.422368421052631726e-01
8.567763157894736636e-01
8.411842105263157565e-01
8.167105263157894424e-01
8.533552631578947834e-01
8.661842105263157787e-01
8.600657894736841724e-01
8.563157894736842524e-01
8.513157894736842479e-01
8.430921052631579204e-01
8.301973684210526283e-01
8.419078947368421328e-01
8.411184210526315708e-01
8.222368421052631549e-01
8.570394736842105177e-01
8.371710526315789824e-01
8.227631578947368629e-01
8.372368421052631682e-01
8.527631578947368896e-01
8.376973684210525795e-01
8.346052631578947389e-01
8.388815789473683671e-01
8.428289473684210664e-01
8.424342105263158409e-01
8.452631578947368274e-01
8.426973684210525839e-01
8.549999999999999822e-01
8.784210526315789913e-01
8.548026315789473140e-01
8.417105263157894646e-01
8.369736842105263142e-01
8.566447368421052921e-01
8.674342105263157521e-01
8.470394736842105088e-01
8.534868421052631549e-01
8.542105263157894202e-01
8.699999999999999956e-01
8.575000000000000400e-01
8.433552631578947745e-01
8.520394736842105132e-01
8.571710526315790002e-01
8.696710526315789558e-01
8.695394736842104733e-01
8.657236842105263674e-01
8.623684210526315619e-01
8.538815789473683804e-01
8.615131578947368141e-01
8.771052631578947212e-01
8.507236842105263541e-01
8.597368421052631327e-01
8.568421052631578494e-01
8.771052631578947212e-01
8.368421052631579427e-01
8.299342105263157743e-01
8.342763157894736992e-01
8.478947368421052566e-01
8.239473684210526505e-01
8.453947368421053099e-01
8.302631578947368141e-01
8.478947368421052566e-01
8.399342105263157832e-01
8.435526315789473317e-01
8.544078947368420884e-01
8.593421052631579071e-01
8.523026315789473673e-01
8.791447368421052566e-01
8.634210526315789780e-01
8.578289473684210797e-01
8.449342105263157876e-01
8.462499999999999467e-01
8.792105263157894424e-01
8.525657894736842213e-01
8.723026315789473850e-01
8.638157894736842035e-01
8.290131578947368407e-01
8.517763157894736592e-01
8.582236842105263053e-01
8.534868421052631549e-01
8.529605263157894468e-01
8.544736842105262742e-01
8.864473684210526505e-01
8.698684210526316241e-01
8.753289473684210398e-01
8.505263157894736858e-01
8.363157894736842346e-01
8.459868421052632037e-01
8.486184210526316329e-01
8.720394736842105310e-01
8.488815789473683759e-01
8.506578947368420573e-01
8.481578947368421106e-01
8.701315789473683671e-01
8.604605263157895090e-01
8.701973684210526638e-01
8.521052631578946990e-01
8.580263157894736370e-01
8.572368421052631859e-01
8.484210526315789647e-01
8.659210526315789247e-01
8.737500000000000266e-01
8.807236842105262697e-01
8.769078947368420529e-01
8.738815789473683981e-01
8.669078947368421550e-01
8.638815789473683893e-01
8.604605263157895090e-01
8.724342105263157565e-01
8.588157894736841991e-01
8.559868421052632126e-01
8.482236842105262964e-01
8.619078947368421506e-01
8.765789473684210131e-01
8.658552631578947389e-01
8.664473684210526327e-01
8.594736842105262786e-01
8.630921052631579382e-01
8.824342105263157654e-01
8.638815789473683893e-01
8.639473684210526860e-01
8.536184210526315264e-01
8.563157894736842524e-01
8.609868421052631060e-01
8.571052631578947034e-01
8.634210526315789780e-01
8.762499999999999734e-01
8.671710526315788981e-01
8.675657894736842346e-01
8.557236842105263586e-01
8.762499999999999734e-01
8.581578947368421195e-01
8.695394736842104733e-01
8.684868421052631682e-01
8.666447368421053010e-01
8.781578947368421373e-01
8.584868421052631593e-01
8.536184210526315264e-01
8.742763157894737347e-01
8.679605263157894601e-01
8.741447368421052522e-01
8.400657894736842657e-01
8.622368421052631904e-01
8.599342105263158009e-01
8.747368421052631460e-01
8.584868421052631593e-01
8.542105263157894202e-01
8.588157894736841991e-01
8.663815789473684470e-01
8.703289473684210353e-01
8.831578947368421417e-01
8.675000000000000488e-01
8.828289473684211019e-01
8.563815789473684381e-01
8.768421052631578672e-01
8.896052631578947878e-01
8.760526315789474161e-01
8.765131578947368274e-01
8.689473684210525795e-01
8.669078947368421550e-01
8.584210526315789735e-01
8.707894736842105576e-01
8.730921052631579471e-01
8.731578947368421328e-01
8.675000000000000488e-01
8.616447368421052966e-01
8.569736842105263319e-01
8.710526315789474117e-01
8.811184210526316063e-01
8.822368421052632081e-01
8.761842105263157876e-01
8.619078947368421506e-01
8.790131578947368851e-01
8.796052631578947789e-01
8.847368421052631549e-01
8.939473684210526017e-01
8.849342105263158231e-01
8.889473684210525972e-01
8.911842105263158009e-01
8.987500000000000488e-01
8.737500000000000266e-01
8.664473684210526327e-01
8.769736842105263497e-01
8.782236842105263230e-01
8.842105263157894468e-01
8.724342105263157565e-01
8.660526315789474072e-01
8.576973684210525972e-01
8.795394736842104821e-01
8.820394736842105399e-01
8.694078947368421018e-01
8.762499999999999734e-01
8.850000000000000089e-01
8.832894736842105132e-01
8.740131578947368807e-01
8.897368421052631593e-01
8.769736842105263497e-01
8.892105263157894512e-01
8.795394736842104821e-01
8.722368421052631993e-01
8.800000000000000044e-01
8.684210526315789824e-01
8.542763157894737169e-01
8.895394736842104910e-01
8.702631578947368496e-01
8.907894736842105754e-01
8.776973684210526150e-01
8.813815789473684603e-01
8.878947368421052921e-01
8.786184210526315486e-01
8.781578947368421373e-01
8.755921052631578938e-01
8.810526315789474205e-01
8.709868421052631149e-01
8.748026315789473317e-01
8.901315789473683848e-01
