6.915605366230010986e-01
6.917109191417694092e-01
6.916765272617340088e-01
6.896647512912750244e-01
6.806941628456115723e-01
6.643184721469879150e-01
6.491900384426116943e-01
6.388221085071563721e-01
6.282448768615722656e-01
6.169596910476684570e-01
6.067327260971069336e-01
5.976240038871765137e-01
5.901369750499725342e-01
5.852053761482238770e-01
5.814430117607116699e-01
5.777963399887084961e-01
5.743170082569122314e-01
5.713206529617309570e-01
5.676701962947845459e-01
5.650897920131683350e-01
5.614798963069915771e-01
5.594301521778106689e-01
5.546179413795471191e-01
5.517221987247467041e-01
5.483258962631225586e-01
5.445787906646728516e-01
5.412736535072326660e-01
5.381236076354980469e-01
5.351154804229736328e-01
5.328346490859985352e-01
5.301487743854522705e-01
5.258949995040893555e-01
5.238622128963470459e-01
5.205243527889251709e-01
5.185677409172058105e-01
5.172564387321472168e-01
5.142460763454437256e-01
5.102031230926513672e-01
5.083810389041900635e-01
5.049158334732055664e-01
5.036060214042663574e-01
5.005510598421096802e-01
4.983417391777038574e-01
4.951373338699340820e-01
4.936356693506240845e-01
4.909860193729400635e-01
4.882275462150573730e-01
4.871994256973266602e-01
4.831237047910690308e-01
4.810645878314971924e-01
4.784868657588958740e-01
4.765645861625671387e-01
4.756411314010620117e-01
4.749042838811874390e-01
4.714178144931793213e-01
4.682467281818389893e-01
4.686619341373443604e-01
4.639177322387695312e-01
4.624755382537841797e-01
4.606892317533493042e-01
4.584583640098571777e-01
4.566819816827774048e-01
4.553233981132507324e-01
4.524324834346771240e-01
4.522700607776641846e-01
4.502808600664138794e-01
4.476555734872817993e-01
4.455657005310058594e-01
4.463790357112884521e-01
4.444994330406188965e-01
4.421228468418121338e-01
4.406573623418807983e-01
4.418676197528839111e-01
4.374515712261199951e-01
4.349091351032257080e-01
4.337697923183441162e-01
4.315701127052307129e-01
4.307100772857666016e-01
4.280264228582382202e-01
4.277441352605819702e-01
4.266537725925445557e-01
4.253859817981719971e-01
4.229163378477096558e-01
4.228110164403915405e-01
4.241616725921630859e-01
4.196827113628387451e-01
4.170712679624557495e-01
4.161759912967681885e-01
4.183131158351898193e-01
4.210728406906127930e-01
4.146789461374282837e-01
4.122807085514068604e-01
4.104965627193450928e-01
4.081568866968154907e-01
4.068967550992965698e-01
4.090918600559234619e-01
4.061239659786224365e-01
4.047647565603256226e-01
4.035503566265106201e-01
4.029082655906677246e-01
4.022836834192276001e-01
4.019517898559570312e-01
3.985873162746429443e-01
4.005881249904632568e-01
3.977670818567276001e-01
3.965413868427276611e-01
3.947673141956329346e-01
3.936699330806732178e-01
3.932465016841888428e-01
3.926558494567871094e-01
3.925888538360595703e-01
3.907614052295684814e-01
3.892212063074111938e-01
3.872363865375518799e-01
3.883780539035797119e-01
3.879810273647308350e-01
3.887724876403808594e-01
3.864194154739379883e-01
3.827006965875625610e-01
3.830375075340270996e-01
3.832340091466903687e-01
3.803476691246032715e-01
3.820282965898513794e-01
3.796341419219970703e-01
3.842638731002807617e-01
3.808027803897857666e-01
3.766952753067016602e-01
3.778529465198516846e-01
3.761565089225769043e-01
3.752500712871551514e-01
3.739195019006729126e-01
3.748138248920440674e-01
3.722752630710601807e-01
3.712877035140991211e-01
3.707473576068878174e-01
3.694064319133758545e-01
3.721783757209777832e-01
3.694146573543548584e-01
3.711775839328765869e-01
3.674990385770797729e-01
3.691622316837310791e-01
3.646030426025390625e-01
3.643541187047958374e-01
3.624788075685501099e-01
3.634648323059082031e-01
3.635562807321548462e-01
3.667080700397491455e-01
3.662685155868530273e-01
3.607662916183471680e-01
3.599710166454315186e-01
3.597192466259002686e-01
3.597911000251770020e-01
3.607355356216430664e-01
3.564538508653640747e-01
3.560392856597900391e-01
3.587593138217926025e-01
3.664356917142868042e-01
3.555423319339752197e-01
3.618618547916412354e-01
3.552144765853881836e-01
3.519731611013412476e-01
3.493592143058776855e-01
3.523671329021453857e-01
3.512468934059143066e-01
3.504711240530014038e-01
3.510674536228179932e-01
3.561466038227081299e-01
3.484123647212982178e-01
3.466453850269317627e-01
3.459766954183578491e-01
3.471586853265762329e-01
3.441341072320938110e-01
3.438365310430526733e-01
3.444951176643371582e-01
3.437709063291549683e-01
3.501213639974594116e-01
3.543999195098876953e-01
3.477435708045959473e-01
3.448880016803741455e-01
3.422608077526092529e-01
3.437579423189163208e-01
3.431942611932754517e-01
3.428944498300552368e-01
3.397911936044692993e-01
3.409856557846069336e-01
3.375431299209594727e-01
3.372328281402587891e-01
3.377962410449981689e-01
3.376202732324600220e-01
3.373783230781555176e-01
3.340814560651779175e-01
3.348050117492675781e-01
3.346502184867858887e-01
3.320995718240737915e-01
3.321039974689483643e-01
3.319368064403533936e-01
3.338521867990493774e-01
3.359200358390808105e-01
3.324959576129913330e-01
3.325002491474151611e-01
3.290233165025711060e-01
3.307635486125946045e-01
3.334588408470153809e-01
3.321128189563751221e-01
3.281715959310531616e-01
3.322387188673019409e-01
3.286226391792297363e-01
3.260386437177658081e-01
3.269072175025939941e-01
3.269077390432357788e-01
3.324263989925384521e-01
3.265964984893798828e-01
3.248841166496276855e-01
3.290468603372573853e-01
3.227725625038146973e-01
3.221193552017211914e-01
3.236288726329803467e-01
3.218058943748474121e-01
3.208156675100326538e-01
3.228905498981475830e-01
3.231337517499923706e-01
3.240803778171539307e-01
3.198095560073852539e-01
3.212039470672607422e-01
3.182161450386047363e-01
3.166981339454650879e-01
3.198430836200714111e-01
3.182168900966644287e-01
3.175498247146606445e-01
3.181850016117095947e-01
3.226044625043869019e-01
3.156706839799880981e-01
3.183014392852783203e-01
3.168695569038391113e-01
3.162613064050674438e-01
3.163399696350097656e-01
3.118058890104293823e-01
3.123412579298019409e-01
3.158931881189346313e-01
3.182216733694076538e-01
3.117324113845825195e-01
3.139481246471405029e-01
3.103332221508026123e-01
3.107439726591110229e-01
3.142371773719787598e-01
3.100939542055130005e-01
3.089514374732971191e-01
3.132496029138565063e-01
3.142051696777343750e-01
3.094225525856018066e-01
3.096546381711959839e-01
3.078546077013015747e-01
3.067077398300170898e-01
3.118676543235778809e-01
3.073312044143676758e-01
3.062301576137542725e-01
3.198095113039016724e-01
3.098345100879669189e-01
3.045245707035064697e-01
3.062710016965866089e-01
3.088921010494232178e-01
3.035812228918075562e-01
3.044526427984237671e-01
3.037890046834945679e-01
3.030449599027633667e-01
3.067105859518051147e-01
2.998633682727813721e-01
3.011033236980438232e-01
3.025868237018585205e-01
3.060705065727233887e-01
3.021485358476638794e-01
3.013384789228439331e-01
3.005896061658859253e-01
2.993995547294616699e-01
3.025234937667846680e-01
2.995139360427856445e-01
2.977976948022842407e-01
3.036566078662872314e-01
2.991927564144134521e-01
2.999268770217895508e-01
3.004726767539978027e-01
3.008522987365722656e-01
2.997927367687225342e-01
2.982148528099060059e-01
3.010543286800384521e-01
2.989733219146728516e-01
2.966442406177520752e-01
2.931494712829589844e-01
2.960904687643051147e-01
2.931503057479858398e-01
3.003998249769210815e-01
2.993492782115936279e-01
2.970519661903381348e-01
2.937736213207244873e-01
2.930576056241989136e-01
2.913387864828109741e-01
2.954367846250534058e-01
3.042626678943634033e-01
2.972721308469772339e-01
2.911574840545654297e-01
2.907215505838394165e-01
2.910125702619552612e-01
2.885061204433441162e-01
2.927676588296890259e-01
2.914954423904418945e-01
2.910290807485580444e-01
2.893563508987426758e-01
2.914632260799407959e-01
2.936441302299499512e-01
2.936657369136810303e-01
2.894545197486877441e-01
2.925218343734741211e-01
2.905182540416717529e-01
2.893788814544677734e-01
2.891658544540405273e-01
2.890148758888244629e-01
2.878070771694183350e-01
2.862866222858428955e-01
2.903352528810501099e-01
2.889862358570098877e-01
2.852348685264587402e-01
2.888069450855255127e-01
2.840582728385925293e-01
2.847175300121307373e-01
2.863007932901382446e-01
2.936362326145172119e-01
2.841599583625793457e-01
2.835950404405593872e-01
2.843081653118133545e-01
2.859056890010833740e-01
2.820518016815185547e-01
2.843799293041229248e-01
2.849292606115341187e-01
2.804182171821594238e-01
2.826382368803024292e-01
2.802904695272445679e-01
2.828009277582168579e-01
2.834722846746444702e-01
2.803075611591339111e-01
2.806188762187957764e-01
2.821356058120727539e-01
2.827351689338684082e-01
2.797659486532211304e-01
2.802800387144088745e-01
2.782078087329864502e-01
2.850394845008850098e-01
2.811899185180664062e-01
2.839089632034301758e-01
2.817790806293487549e-01
2.781375795602798462e-01
2.760053575038909912e-01
2.777584046125411987e-01
2.807651013135910034e-01
2.788442224264144897e-01
2.782791703939437866e-01
2.767955511808395386e-01
2.740465700626373291e-01
2.780840396881103516e-01
2.773537039756774902e-01
2.755830585956573486e-01
2.740783989429473877e-01
2.751470506191253662e-01
2.811623513698577881e-01
2.858123332262039185e-01
2.795048058032989502e-01
2.742786109447479248e-01
2.736743390560150146e-01
2.728023082017898560e-01
2.720244526863098145e-01
2.741642296314239502e-01
2.702565789222717285e-01
2.768397629261016846e-01
2.722130715847015381e-01
2.764537930488586426e-01
2.748586535453796387e-01
2.724809348583221436e-01
2.723559439182281494e-01
2.728673666715621948e-01
2.701078951358795166e-01
2.733454853296279907e-01
2.705105394124984741e-01
2.713589519262313843e-01
2.717034220695495605e-01
2.726967334747314453e-01
2.727303802967071533e-01
2.805212289094924927e-01
2.735251188278198242e-01
2.691083848476409912e-01
2.724280208349227905e-01
2.698554098606109619e-01
2.682306766510009766e-01
2.693552523851394653e-01
2.717452347278594971e-01
2.708397507667541504e-01
2.677435129880905151e-01
2.809770107269287109e-01
2.773753553628921509e-01
2.718770205974578857e-01
2.680581808090209961e-01
2.688274383544921875e-01
2.705270946025848389e-01
2.685987353324890137e-01
2.642557919025421143e-01
2.658144235610961914e-01
2.700565010309219360e-01
2.686035037040710449e-01
2.684114575386047363e-01
2.641175538301467896e-01
2.682685405015945435e-01
2.672215402126312256e-01
2.661277800798416138e-01
2.676788270473480225e-01
2.659523785114288330e-01
2.704733163118362427e-01
2.655412107706069946e-01
2.644396126270294189e-01
2.630240917205810547e-01
2.635557651519775391e-01
2.645227313041687012e-01
2.628250122070312500e-01
2.662246227264404297e-01
2.641451358795166016e-01
2.603768855333328247e-01
2.642928361892700195e-01
2.608151435852050781e-01
2.588789910078048706e-01
2.589392513036727905e-01
2.595183402299880981e-01
2.606203705072402954e-01
2.639608979225158691e-01
2.624554485082626343e-01
2.617721110582351685e-01
2.593740969896316528e-01
2.670198827981948853e-01
2.606486827135086060e-01
2.606527209281921387e-01
2.616184353828430176e-01
2.607153207063674927e-01
2.649224400520324707e-01
2.601970583200454712e-01
2.625798732042312622e-01
2.606417089700698853e-01
2.577510029077529907e-01
2.599385082721710205e-01
2.630915343761444092e-01
2.594306319952011108e-01
2.583893984556198120e-01
2.599543333053588867e-01
2.613739371299743652e-01
2.619151324033737183e-01
2.589174509048461914e-01
2.598289996385574341e-01
2.564054727554321289e-01
2.580574899911880493e-01
2.577254921197891235e-01
2.592452615499496460e-01
2.592639476060867310e-01
2.589789927005767822e-01
2.601572275161743164e-01
2.571666985750198364e-01
2.561193704605102539e-01
2.558888345956802368e-01
2.544980868697166443e-01
2.545366734266281128e-01
2.574225217103958130e-01
2.615237087011337280e-01
2.583123445510864258e-01
2.579242736101150513e-01
2.583124786615371704e-01
2.522332817316055298e-01
2.557567507028579712e-01
2.605438083410263062e-01
2.539060562849044800e-01
2.540329620242118835e-01
2.570907324552536011e-01
2.535260021686553955e-01
2.553807944059371948e-01
2.552327662706375122e-01
2.520380914211273193e-01
2.534020841121673584e-01
2.516103386878967285e-01
2.543858140707015991e-01
2.552648782730102539e-01
2.576882243156433105e-01
2.567787468433380127e-01
2.581589818000793457e-01
2.581465393304824829e-01
2.553068697452545166e-01
2.583564221858978271e-01
2.645701169967651367e-01
2.521474659442901611e-01
2.540621012449264526e-01
2.535298615694046021e-01
2.526632547378540039e-01
2.502266392111778259e-01
2.531515657901763916e-01
2.518169879913330078e-01
2.537214085459709167e-01
2.567473500967025757e-01
2.503634691238403320e-01
2.525234222412109375e-01
2.510395199060440063e-01
2.519433796405792236e-01
2.539488077163696289e-01
2.503218129277229309e-01
2.524111866950988770e-01
2.571931630373001099e-01
2.516322657465934753e-01
2.503042072057723999e-01
2.511620521545410156e-01
2.502266541123390198e-01
2.537501156330108643e-01
2.515552192926406860e-01
2.520602047443389893e-01
2.519946694374084473e-01
2.476477175951004028e-01
2.486333623528480530e-01
2.459357976913452148e-01
2.487854287028312683e-01
2.487027347087860107e-01
2.469816356897354126e-01
2.496506869792938232e-01
2.478907704353332520e-01
2.488131895661354065e-01
2.482586205005645752e-01
2.470081001520156860e-01
2.496076524257659912e-01
2.513198927044868469e-01
2.452865540981292725e-01
2.454607188701629639e-01
2.481722757220268250e-01
2.482852041721343994e-01
2.525068446993827820e-01
2.496808692812919617e-01
2.434093728661537170e-01
2.455428242683410645e-01
2.482274025678634644e-01
2.486939057707786560e-01
2.495000287890434265e-01
2.521525919437408447e-01
2.477478384971618652e-01
2.450804114341735840e-01
2.456243485212326050e-01
2.431413233280181885e-01
2.462534904479980469e-01
2.433464303612709045e-01
2.476299703121185303e-01
2.470974698662757874e-01
2.460746318101882935e-01
2.430039644241333008e-01
2.449689656496047974e-01
2.506962865591049194e-01
2.431142255663871765e-01
2.445215061306953430e-01
2.467974573373794556e-01
2.430910840630531311e-01
2.517058700323104858e-01
2.478978037834167480e-01
2.411497160792350769e-01
2.422087192535400391e-01
2.405964285135269165e-01
2.408667355775833130e-01
2.458825409412384033e-01
2.461480945348739624e-01
2.449269965291023254e-01
2.440509498119354248e-01
2.427193671464920044e-01
2.413996383547782898e-01
2.431017830967903137e-01
2.513669207692146301e-01
2.481533810496330261e-01
2.466469854116439819e-01
2.443177998065948486e-01
2.467350810766220093e-01
2.400094419717788696e-01
2.424668967723846436e-01
2.469218373298645020e-01
2.439242899417877197e-01
2.400928735733032227e-01
2.403764799237251282e-01
2.418961599469184875e-01
2.405954077839851379e-01
2.398879304528236389e-01
2.379356473684310913e-01
2.422899454832077026e-01
2.372907847166061401e-01
2.414670735597610474e-01
2.410857453942298889e-01
2.373162806034088135e-01
2.399120703339576721e-01
2.404977381229400635e-01
2.409437000751495361e-01
2.415541782975196838e-01
2.441554740071296692e-01
2.424391582608222961e-01
2.451500147581100464e-01
2.512144893407821655e-01
2.409441769123077393e-01
2.375208884477615356e-01
2.399714440107345581e-01
2.393623441457748413e-01
2.374451085925102234e-01
2.376482263207435608e-01
2.384182214736938477e-01
2.396798059344291687e-01
2.379077076911926270e-01
2.430706247687339783e-01
2.375881820917129517e-01
2.373780682682991028e-01
2.374193295836448669e-01
2.374827861785888672e-01
2.393414527177810669e-01
2.375124841928482056e-01
2.372922673821449280e-01
2.446130067110061646e-01
2.360097244381904602e-01
2.344095408916473389e-01
2.350172922015190125e-01
2.379269003868103027e-01
2.345479726791381836e-01
2.379355877637863159e-01
2.381372824311256409e-01
2.457815557718276978e-01
2.376983687281608582e-01
2.446554452180862427e-01
2.349479794502258301e-01
2.322470322251319885e-01
2.342169806361198425e-01
2.349086552858352661e-01
2.333871871232986450e-01
2.355315014719963074e-01
2.403640896081924438e-01
2.395204156637191772e-01
2.351476624608039856e-01
2.370018139481544495e-01
2.329153642058372498e-01
2.374476790428161621e-01
2.380131185054779053e-01
2.395719364285469055e-01
2.372686415910720825e-01
2.349851876497268677e-01
2.349964827299118042e-01
2.354161292314529419e-01
2.334846109151840210e-01
2.358352467417716980e-01
2.327181100845336914e-01
2.365966737270355225e-01
2.341966181993484497e-01
2.351639270782470703e-01
2.356222048401832581e-01
2.327869534492492676e-01
2.377825975418090820e-01
2.339194938540458679e-01
2.385795786976814270e-01
2.363572940230369568e-01
2.312204912304878235e-01
2.332156300544738770e-01
2.350234836339950562e-01
2.341757938265800476e-01
2.383683696389198303e-01
2.382747679948806763e-01
2.334948927164077759e-01
2.428005486726760864e-01
2.390647232532501221e-01
2.306881844997406006e-01
2.330690175294876099e-01
2.350533455610275269e-01
2.316659539937973022e-01
2.324407026171684265e-01
2.299322262406349182e-01
2.330447584390640259e-01
2.293504476547241211e-01
2.442906200885772705e-01
2.378951609134674072e-01
2.315559014678001404e-01
2.325958162546157837e-01
2.318768650293350220e-01
2.317700386047363281e-01
2.329270392656326294e-01
2.325688898563385010e-01
2.353213429450988770e-01
2.327544018626213074e-01
2.314525544643402100e-01
2.438583448529243469e-01
2.375503033399581909e-01
2.311067134141921997e-01
2.325709909200668335e-01
2.284929752349853516e-01
2.480465471744537354e-01
2.297367975115776062e-01
2.313437312841415405e-01
2.374434918165206909e-01
2.334123700857162476e-01
2.305056676268577576e-01
2.340412288904190063e-01
2.306745499372482300e-01
2.293220758438110352e-01
2.311700582504272461e-01
2.350676581263542175e-01
2.302554845809936523e-01
2.279430180788040161e-01
2.283688038587570190e-01
2.286295741796493530e-01
2.296550348401069641e-01
2.382581233978271484e-01
2.382211536169052124e-01
2.344827800989151001e-01
2.327637448906898499e-01
2.321576029062271118e-01
2.311359792947769165e-01
2.361251562833786011e-01
2.297764346003532410e-01
2.282289266586303711e-01
2.294440791010856628e-01
2.269616350531578064e-01
2.314913123846054077e-01
2.288558036088943481e-01
2.330918759107589722e-01
2.280302122235298157e-01
2.323743551969528198e-01
2.298720255494117737e-01
2.291034758090972900e-01
2.301691323518753052e-01
2.258878201246261597e-01
2.272332906723022461e-01
2.301132231950759888e-01
2.285962849855422974e-01
2.318375259637832642e-01
2.350877001881599426e-01
2.273482829332351685e-01
2.306162938475608826e-01
2.277298793196678162e-01
2.293027713894844055e-01
2.321798056364059448e-01
2.251630872488021851e-01
2.290191054344177246e-01
2.244990020990371704e-01
2.281467840075492859e-01
2.253806665539741516e-01
2.248753532767295837e-01
2.247358933091163635e-01
2.254329994320869446e-01
2.253935486078262329e-01
2.289231494069099426e-01
2.290880829095840454e-01
2.269829809665679932e-01
2.231147810816764832e-01
2.261912673711776733e-01
2.323434650897979736e-01
2.276121303439140320e-01
2.286173552274703979e-01
2.269958630204200745e-01
2.309046313166618347e-01
2.270841598510742188e-01
2.313113808631896973e-01
2.273033857345581055e-01
2.226841449737548828e-01
2.279069870710372925e-01
2.242149040102958679e-01
2.247845828533172607e-01
2.254664450883865356e-01
2.244361862540245056e-01
2.258274927735328674e-01
2.259093075990676880e-01
2.285256087779998779e-01
2.272032275795936584e-01
2.245297878980636597e-01
2.235637754201889038e-01
2.256281077861785889e-01
2.225046157836914062e-01
2.220899388194084167e-01
2.229249998927116394e-01
2.248114794492721558e-01
2.257200703024864197e-01
2.243500798940658569e-01
2.332054823637008667e-01
2.285873219370841980e-01
2.268938124179840088e-01
2.257519736886024475e-01
2.260688990354537964e-01
2.241678163409233093e-01
2.244768515229225159e-01
2.334163710474967957e-01
2.325695082545280457e-01
2.276214212179183960e-01
2.261395454406738281e-01
2.236547768115997314e-01
2.376498132944107056e-01
2.422439754009246826e-01
2.247662022709846497e-01
2.293778955936431885e-01
2.205698192119598389e-01
2.260883748531341553e-01
2.252432107925415039e-01
2.219786494970321655e-01
2.244470715522766113e-01
2.228593453764915466e-01
2.235448434948921204e-01
2.229018211364746094e-01
2.249528244137763977e-01
2.240519523620605469e-01
2.229288220405578613e-01
2.202369347214698792e-01
2.230748236179351807e-01
2.235172763466835022e-01
2.220111638307571411e-01
2.220583930611610413e-01
2.260168194770812988e-01
2.228548154234886169e-01
2.206515222787857056e-01
2.201355844736099243e-01
2.268297448754310608e-01
2.232934460043907166e-01
2.284123152494430542e-01
2.236293554306030273e-01
2.205501869320869446e-01
2.209000289440155029e-01
2.200406342744827271e-01
2.182701677083969116e-01
2.247690260410308838e-01
2.261973619461059570e-01
2.215757220983505249e-01
2.201213911175727844e-01
2.225472331047058105e-01
2.222069799900054932e-01
2.225020080804824829e-01
2.243464440107345581e-01
2.214445248246192932e-01
2.194891646504402161e-01
2.213079631328582764e-01
2.198890969157218933e-01
2.206278219819068909e-01
2.212539762258529663e-01
2.191497087478637695e-01
2.212197706103324890e-01
2.188030555844306946e-01
2.189454883337020874e-01
2.200843393802642822e-01
2.207191213965415955e-01
2.240526154637336731e-01
2.206361293792724609e-01
2.203440666198730469e-01
2.222560122609138489e-01
2.232041507959365845e-01
2.223519012331962585e-01
2.231295406818389893e-01
2.217735499143600464e-01
2.176523506641387939e-01
2.236994430422782898e-01
2.215724736452102661e-01
2.243772372603416443e-01
2.255986630916595459e-01
2.209578007459640503e-01
2.184373885393142700e-01
2.181274294853210449e-01
2.181868031620979309e-01
2.169191166758537292e-01
2.180707156658172607e-01
2.167816013097763062e-01
2.186428308486938477e-01
2.166077494621276855e-01
2.182598486542701721e-01
2.177925333380699158e-01
2.182637676596641541e-01
2.194118872284889221e-01
2.278330624103546143e-01
2.183600217103958130e-01
2.160496860742568970e-01
2.186468094587326050e-01
2.165423706173896790e-01
2.185767889022827148e-01
2.188267260789871216e-01
2.190542519092559814e-01
2.227213904261589050e-01
2.212450876832008362e-01
2.180320173501968384e-01
2.205964624881744385e-01
2.225782275199890137e-01
2.236805334687232971e-01
2.197862118482589722e-01
2.183327004313468933e-01
2.232314497232437134e-01
2.283264547586441040e-01
2.224448248744010925e-01
2.194904386997222900e-01
2.200843170285224915e-01
2.183923646807670593e-01
2.186133936047554016e-01
2.242191955447196960e-01
2.238297015428543091e-01
2.176772058010101318e-01
2.171229496598243713e-01
2.203228771686553955e-01
2.173934057354927063e-01
2.168586254119873047e-01
2.191870212554931641e-01
2.175225988030433655e-01
2.169863730669021606e-01
2.192445248365402222e-01
2.202824428677558899e-01
2.194407284259796143e-01
2.200044766068458557e-01
2.206467390060424805e-01
2.181168645620346069e-01
2.164826914668083191e-01
2.180799394845962524e-01
2.174343690276145935e-01
2.236841171979904175e-01
2.218513041734695435e-01
2.201759815216064453e-01
2.167656719684600830e-01
2.157211676239967346e-01
2.180682122707366943e-01
2.176926136016845703e-01
2.202936857938766479e-01
2.212150469422340393e-01
2.196014225482940674e-01
2.253008931875228882e-01
2.159275412559509277e-01
2.167371734976768494e-01
2.167069613933563232e-01
2.175030708312988281e-01
2.169343233108520508e-01
2.143092900514602661e-01
2.173216342926025391e-01
2.158724367618560791e-01
2.154012769460678101e-01
2.153797447681427002e-01
2.177096009254455566e-01
2.193718999624252319e-01
2.145657464861869812e-01
2.179794758558273315e-01
2.202104330062866211e-01
2.170850560069084167e-01
2.220777422189712524e-01
2.193276211619377136e-01
2.241893857717514038e-01
2.145505696535110474e-01
2.143708318471908569e-01
2.184842973947525024e-01
2.200657725334167480e-01
2.181189060211181641e-01
2.174733951687812805e-01
2.145957499742507935e-01
2.230008840560913086e-01
2.298126518726348877e-01
2.182392179965972900e-01
2.189619690179824829e-01
2.154116407036781311e-01
2.140733748674392700e-01
2.148417308926582336e-01
2.175199612975120544e-01
2.159642130136489868e-01
2.157385498285293579e-01
2.168012484908103943e-01
2.214926630258560181e-01
2.237993478775024414e-01
2.242288067936897278e-01
2.272325828671455383e-01
2.251444160938262939e-01
2.190187498927116394e-01
2.245083078742027283e-01
2.168951630592346191e-01
2.149565964937210083e-01
2.137177214026451111e-01
2.129413485527038574e-01
2.124778032302856445e-01
2.155219689011573792e-01
2.147223427891731262e-01
2.144709825515747070e-01
2.150357961654663086e-01
2.180959582328796387e-01
2.143139168620109558e-01
2.147855609655380249e-01
2.139678895473480225e-01
2.168896943330764771e-01
2.156140580773353577e-01
2.122775167226791382e-01
2.191269695758819580e-01
2.134040296077728271e-01
2.144624143838882446e-01
2.173301577568054199e-01
2.134605348110198975e-01
2.118068784475326538e-01
2.111452892422676086e-01
2.128892615437507629e-01
2.114547193050384521e-01
2.138231396675109863e-01
2.158813029527664185e-01
2.160274758934974670e-01
2.151262164115905762e-01
2.131321281194686890e-01
2.179910242557525635e-01
2.165575250983238220e-01
2.161801159381866455e-01
2.154771909117698669e-01
2.142769545316696167e-01
2.145993411540985107e-01
2.128045931458473206e-01
2.178265303373336792e-01
2.168633714318275452e-01
