8.447028172016143310e-01
7.903387033939361928e-01
7.714821326732635987e-01
7.569855892658233776e-01
7.472985172271728871e-01
7.404770720005035001e-01
7.362545305490493242e-01
7.322102487087249756e-01
7.296301025152206465e-01
7.263775879144668268e-01
7.242472255229950306e-01
7.227746051549911455e-01
7.204626482725143832e-01
7.176825827360153731e-01
7.168591707944870217e-01
7.147637629508971635e-01
7.128130954504012795e-01
7.116493117809296054e-01
7.102179759740829823e-01
7.085064679384232011e-01
7.070597487688065064e-01
7.065587019920349654e-01
7.051665848493575695e-01
7.041618907451629994e-01
7.031286519765853615e-01
7.012911134958267345e-01
7.006962454319000111e-01
6.995738005638122425e-01
6.977894085645676148e-01
6.970990473031997148e-01
6.964060741662979614e-01
6.952330929040908547e-01
6.947893726825714600e-01
6.930613428354263084e-01
6.925120073556899625e-01
6.908879947662353027e-01
6.905493462085723344e-01
6.898539549112320257e-01
6.892842727899551880e-01
6.881612443923950106e-01
6.869983392953872281e-01
6.869594293832779197e-01
6.853474539518356057e-01
6.846749514341354814e-01
6.843412327766418279e-01
6.827837455272675049e-01
6.830599308013916016e-01
6.809159803390503196e-01
6.805883222818374101e-01
6.796354353427886963e-01
6.792005300521850586e-01
6.780729347467422397e-01
6.774437826871871904e-01
6.775957566499709595e-01
6.771598684787750733e-01
6.753550922870635853e-01
6.755034178495407104e-01
6.745202207565307306e-01
6.729884076118469727e-01
6.722499811649322865e-01
6.715575188398361650e-01
6.712269455194472823e-01
6.705359590053557861e-01
6.694666093587875455e-01
6.697447514533996227e-01
6.684951347112655373e-01
6.680339062213898060e-01
6.677117455005645574e-01
6.660517340898514105e-01
6.658938640356063532e-01
6.657364338636397871e-01
6.634426593780518022e-01
6.633563971519470526e-01
6.641637003421783092e-01
6.630880188941955522e-01
6.622120577096939353e-01
6.616797876358032626e-01
6.606382536888122381e-01
6.605574989318847567e-01
6.598547589778900324e-01
6.597248786687850419e-01
6.587332707643508423e-01
6.579800599813461215e-01
6.572287952899933394e-01
6.574090766906738326e-01
6.556419926881790206e-01
6.561900138854980247e-01
6.546165049076080322e-01
6.543884462118149115e-01
6.534163975715636674e-01
6.539977014064788374e-01
6.527247935533523338e-01
6.523430567979812134e-01
6.510961967706679898e-01
6.513666230440139371e-01
6.505411374568939031e-01
6.500012093782424616e-01
6.492099267244338945e-01
6.493785625696182340e-01
6.479450654983520685e-01
6.472500985860825118e-01
6.466169047355652122e-01
6.464112144708633600e-01
6.469623482227325750e-01
6.458437389135360807e-01
6.448423945903778431e-01
6.452730321884154741e-01
6.434226030111312999e-01
6.435054588317871138e-01
6.441490656137466297e-01
6.431676089763641579e-01
6.417763376235962047e-01
6.416240113973618042e-01
6.412066793441772994e-01
6.415627521276473511e-01
6.395833957195281583e-01
6.388815623521805209e-01
6.392880100011825162e-01
6.381454497575760332e-01
6.385245418548584073e-01
6.380039328336715165e-01
6.366807788610457930e-01
6.362068164348602117e-01
6.356510484218597101e-01
6.352264964580536244e-01
6.351530712842941018e-01
6.333487200736999112e-01
6.334049499034881681e-01
6.329719138145446511e-01
6.336712503433227228e-01
6.323649895191192360e-01
6.325066310167312134e-01
6.311570316553115623e-01
6.316377437114715221e-01
6.307532459497451338e-01
6.305249029397964611e-01
6.296081084012985496e-01
6.299766671657561767e-01
6.271680569648743209e-01
6.279961544275284302e-01
6.277390336990356090e-01
6.266680938005447787e-01
6.260055547952652066e-01
6.259749007225036133e-01
6.249707543849944980e-01
6.248381686210632280e-01
6.251841545104980247e-01
6.238382589817047519e-01
6.240623527765274403e-01
6.223408901691436235e-01
6.227317881584167880e-01
6.227848589420318381e-01
6.220662939548492476e-01
6.212716668844222578e-01
6.204613429307938022e-01
6.208706527948379961e-01
6.197417372465133800e-01
6.196802282333373491e-01
6.194084948301314952e-01
6.193455052375793635e-01
6.189553117752075728e-01
6.174264085292816562e-01
6.175795286893844827e-01
6.169910091161727728e-01
6.171714776754378962e-01
6.156508743762969527e-01
6.155814146995544078e-01
6.151051753759384511e-01
6.141865009069442660e-01
6.135307109355926380e-01
6.134661924839019953e-01
6.135121327638626276e-01
6.128877747058868453e-01
6.121293860673904241e-01
6.125778740644455267e-01
6.111296403408050804e-01
6.107531785964965820e-01
6.102658522129058571e-01
6.102929705381393566e-01
6.094414848089217962e-01
6.088591766357421831e-01
6.090511184930801347e-01
6.087369126081466630e-01
6.079781579971313965e-01
6.077287328243256015e-01
6.065802282094955311e-01
6.073426854610443071e-01
6.055966055393219305e-01
6.042166119813918712e-01
6.051461374759674605e-01
6.047034287452697221e-01
6.042566275596619185e-01
6.035029649734496848e-01
6.044368207454681174e-01
6.032615220546722057e-01
6.024989736080169633e-01
6.019147533178329512e-01
6.015634286403656050e-01
6.020017790794373047e-01
6.015072858333587735e-01
6.001461672782898438e-01
5.989928591251373335e-01
6.001389360427856756e-01
5.984991365671157304e-01
5.989264541864395275e-01
5.986804127693176047e-01
5.973818176984786454e-01
5.966648173332214089e-01
5.978414285182952481e-01
5.968659663200378551e-01
5.952577537298202603e-01
5.953471642732620639e-01
5.951195460557937578e-01
5.938881987333297641e-01
5.946975868940352905e-01
5.938930350542068748e-01
5.937065333127975464e-01
5.929411894083023160e-01
5.922773867845535500e-01
5.927950173616409746e-01
5.920768731832504184e-01
5.918488758802413763e-01
5.911748939752579091e-01
5.904146206378936279e-01
5.906064647436142234e-01
5.906922721862792880e-01
5.900248253345489191e-01
5.885060846805572066e-01
5.882663697004317793e-01
5.886656290292739957e-01
5.876776111125946445e-01
5.881496596336365235e-01
5.862608259916305409e-01
5.865739494562148826e-01
5.872571724653243841e-01
5.863464498519896928e-01
5.853080856800079168e-01
5.859187531471252708e-01
5.841049087047577304e-01
5.840609216690063610e-01
5.833231830596923295e-01
5.827822804450988325e-01
5.824002981185912864e-01
5.833144283294677823e-01
5.826525849103927346e-01
5.816166180372238648e-01
5.812949144840240390e-01
5.810816401243209528e-01
5.803657203912735429e-01
5.800678944587707164e-01
5.804717171192169678e-01
5.785779237747192827e-01
5.789140838384628784e-01
5.796489828824996637e-01
5.790820014476776301e-01
5.783722603321075351e-01
5.774869602918625278e-01
5.770120525360107333e-01
5.771862059831619485e-01
5.760852247476577759e-01
5.758749842643737793e-01
5.765036588907241910e-01
5.758323788642882857e-01
5.745894086360930908e-01
5.744521349668503252e-01
5.746556526422500477e-01
5.749726128578186435e-01
5.735859113931656150e-01
5.725101923942566007e-01
5.738469278812408092e-01
5.730464202165603815e-01
5.719560766220093129e-01
5.710183864831924749e-01
5.711571234464645208e-01
5.707771366834640814e-01
5.694045299291610185e-01
5.694843435287475497e-01
5.695784878730774103e-01
5.690345704555511697e-01
5.684082961082458363e-01
5.682631355524062622e-01
5.685410517454146939e-01
5.666293501853942871e-01
5.673706561326981035e-01
5.671738618612289784e-01
5.669066470861434670e-01
5.657980424165726108e-01
5.654532635211944047e-01
5.654397970438003185e-01
5.656417679786681640e-01
5.646572852134704723e-01
5.646481090784072343e-01
5.641423952579498469e-01
5.649930149316787498e-01
5.633603382110595748e-01
5.631719636917114080e-01
5.620177006721496227e-01
5.627622240781784413e-01
5.624062955379486306e-01
5.611541044712066162e-01
5.616714978218078080e-01
5.609333860874176070e-01
5.613944238424301014e-01
5.602774518728256270e-01
5.597069102525711326e-01
5.598370397090911554e-01
5.593517917394638106e-01
5.584365421533584728e-01
5.579412299394607144e-01
5.586201697587966919e-01
5.575497657060622947e-01
5.574503391981124878e-01
5.564449143409728737e-01
5.572245192527770508e-01
5.571164000034332098e-01
5.558790886402129594e-01
5.557995688915252641e-01
5.551246869564055997e-01
5.548615986108780262e-01
5.548853462934494329e-01
5.542367529869079990e-01
5.537707322835921930e-01
5.529505312442779541e-01
5.522232317924499201e-01
5.530472368001937422e-01
5.531841802597046165e-01
5.518380922079085815e-01
5.523593145608901578e-01
5.516258233785629184e-01
5.505648797750473111e-01
5.503952366113662453e-01
5.511197912693023282e-01
5.496276831626891735e-01
5.497581708431243941e-01
5.498408919572830289e-01
5.484792989492416337e-01
5.482993400096893843e-01
5.478938522934914124e-01
5.480517822504044068e-01
5.479451340436934936e-01
5.476124382019043058e-01
5.465320545434951827e-01
5.463502287864685503e-01
5.459832942485809415e-01
5.463044273853302490e-01
5.459193456172942716e-01
5.450242573022842096e-01
5.449664169549941484e-01
5.441183102130889848e-01
5.448034113645553456e-01
5.439601206779479670e-01
5.437704336643218728e-01
5.439365530014037553e-01
5.425865411758422630e-01
5.428702545166015359e-01
5.428592324256896751e-01
5.420338577032088878e-01
5.412625741958617676e-01
5.415528953075409158e-01
5.418280303478241189e-01
5.399508142471313166e-01
5.404541546106338412e-01
5.396244686841964455e-01
5.400762426853179532e-01
5.398746806383133423e-01
5.387240999937057406e-01
5.379830580949783725e-01
5.380837970972061068e-01
5.378872144222259788e-01
5.388576269149780718e-01
5.376431265473365917e-01
5.372023263573646457e-01
5.362441480159759744e-01
5.367378485202789484e-01
5.361620017886161715e-01
5.356230038404464766e-01
5.360123205184936790e-01
5.355052649974822998e-01
5.351638096570968672e-01
5.343986427783966597e-01
5.340409493446349742e-01
5.346111908555031267e-01
5.343283253908157615e-01
5.336850613355637041e-01
5.326927590370178489e-01
5.318898743391037298e-01
5.323297309875488770e-01
5.325306057929992676e-01
5.322095265984535528e-01
5.324115425348281416e-01
5.303521513938903587e-01
5.317911449074744779e-01
5.304174092411995112e-01
5.305748093128204168e-01
5.300154757499694336e-01
5.288207882642745883e-01
5.299704051017761763e-01
5.286843687295913474e-01
5.288364741206169617e-01
5.292156320810318393e-01
5.285457256436347784e-01
5.282973340153693798e-01
5.276872265338897749e-01
5.273244345188140558e-01
5.267518314719200623e-01
5.271535187959670576e-01
5.269234278798102800e-01
5.264371132850647061e-01
5.254071593284607156e-01
5.262072467803955433e-01
5.249400648474693565e-01
5.247694170475005748e-01
5.245836511254310386e-01
5.249518561363220037e-01
5.235351845622062683e-01
5.240365439653396074e-01
5.233806186914443659e-01
5.243673348426818315e-01
5.230551078915596230e-01
5.228114578127861511e-01
5.221580681204796015e-01
5.220852565765380371e-01
5.220009642839431585e-01
5.205987739562988326e-01
5.206533280014992160e-01
5.217706927657127514e-01
5.214419588446617126e-01
5.203761044144630254e-01
5.199442499876022472e-01
5.196537372469901550e-01
5.198080107569694741e-01
5.191961213946342246e-01
5.191197872161865678e-01
5.190667325258254694e-01
5.195323732495308322e-01
5.169614821672439131e-01
5.168578892946242842e-01
5.162402334809302884e-01
5.168023765087127464e-01
5.167873084545135942e-01
5.166641965508460554e-01
5.163529688119887773e-01
5.150993695855140553e-01
5.157882419228553283e-01
5.155633306503295543e-01
5.151890370249748718e-01
5.155032914876938044e-01
5.138391894102096735e-01
5.143295642733574091e-01
5.141303208470344721e-01
5.138426575064659607e-01
5.130667173862457631e-01
5.126773175597191257e-01
5.128482890129089089e-01
5.116617524623870983e-01
5.125889831781387240e-01
5.128347656130790577e-01
5.117348334193230208e-01
5.110938638448715432e-01
5.107803714275359619e-01
5.109104794263840121e-01
5.108146959543228283e-01
5.101849594712257741e-01
5.093300625681876914e-01
5.095796164870262102e-01
5.106846144795418319e-01
5.095242488384247315e-01
5.080713504552840654e-01
5.079485395550727977e-01
5.091099584102630748e-01
5.093073049187659684e-01
5.090513476729392472e-01
5.082719686627388267e-01
5.077879047393798473e-01
5.077523478865623163e-01
5.060280144214630571e-01
5.072169852256774858e-01
5.062832859158515886e-01
5.055224117636680781e-01
5.063202023506164773e-01
5.055430993437767251e-01
5.053839495778084112e-01
5.048455321788787309e-01
5.046361452341079357e-01
5.057508742809295743e-01
5.046432983875274170e-01
5.035503977537154618e-01
5.029824569821357283e-01
5.025730851292610213e-01
5.036041885614395142e-01
5.036500021815299988e-01
5.031666392087936757e-01
5.025730088353157488e-01
5.030375471711159285e-01
5.016234457492828591e-01
5.015464964509009915e-01
5.020136582851409957e-01
5.017437574267387124e-01
5.014519354701042486e-01
5.011577993631363137e-01
5.004142764210700589e-01
5.010124862194060835e-01
5.000481840968131753e-01
4.991003268957138195e-01
4.995734706521034463e-01
4.990020775794982710e-01
4.985897046327590898e-01
4.988413447141647472e-01
4.983246797323226951e-01
4.986392170190810935e-01
4.975862509012222157e-01
4.982244807481766014e-01
4.976542267203331038e-01
4.966885289549827776e-01
4.965856289863586626e-01
4.961438414454459878e-01
4.967631682753562705e-01
4.969889357686042564e-01
4.975182434916496366e-01
4.964447909593582287e-01
4.943977072834968567e-01
4.957352796196937694e-01
4.954762503504753224e-01
4.949187138676643394e-01
4.954382580518722490e-01
4.949953350424766696e-01
4.944278672337532043e-01
4.940975496172905213e-01
4.946044981479644775e-01
4.936398202180862227e-01
4.930147764086723061e-01
4.934019219875335760e-01
4.928107100725174217e-01
4.921625655889511064e-01
4.929120972752570884e-01
4.927119502425194031e-01
4.922675374150276006e-01
4.918754205107688793e-01
4.920045411586761452e-01
4.919028580188751221e-01
4.914982768893241816e-01
4.913917201757431186e-01
4.906751650571823387e-01
4.908426868915558017e-01
4.897784951329231529e-01
4.895198345184326172e-01
4.900158911943435780e-01
4.891430217027664118e-01
4.895771136879921159e-01
4.895807498693466320e-01
4.895091661810874739e-01
4.890986260771751359e-01
4.889121329784393288e-01
4.877808007597923545e-01
4.884334027767181508e-01
4.884958973526954407e-01
4.865512967109680287e-01
4.877792385220527382e-01
4.880073747038841114e-01
4.867192566394805686e-01
4.869269120693207054e-01
4.861430281400680453e-01
4.857740759849548118e-01
4.861271661520004117e-01
4.863659471273422130e-01
4.862132313847541965e-01
4.858460700511932351e-01
4.852981105446815269e-01
4.851029607653618014e-01
4.857251730561256142e-01
4.851847612857818626e-01
4.849767184257507413e-01
4.825264477729797608e-01
4.841564571857452370e-01
4.839731085300445490e-01
4.844709464907646090e-01
4.836112430691719144e-01
4.823599103093147433e-01
4.823583519458770619e-01
4.829573276638984836e-01
4.828081539273261780e-01
4.824494913220405690e-01
4.823137065768242082e-01
4.825786888599395974e-01
4.832156738638878068e-01
4.815652725100517118e-01
4.816307869553566046e-01
4.821904221177101268e-01
4.808928376436233387e-01
4.808064779639243946e-01
4.802642661333084151e-01
4.801676499843597345e-01
4.802046382427215820e-01
4.791494765877723494e-01
4.799953687191009788e-01
4.803964233398437256e-01
4.802827975153923235e-01
4.794477680325507918e-01
4.802034479379653775e-01
4.778249776363373003e-01
4.785964691638946444e-01
4.793510609865188621e-01
4.779185074567794955e-01
4.787531614303588978e-01
4.791825646162032881e-01
4.775898894667625627e-01
4.778282269835472107e-01
4.772128441929817111e-01
4.769596621394157632e-01
4.775806117057800337e-01
4.771169707179069297e-01
4.770271193981170388e-01
4.766975119709968567e-01
4.764114138484001337e-01
4.761274081468582220e-01
4.765404549241065713e-01
4.757065078616142251e-01
4.751387783885002158e-01
4.749934136867522971e-01
4.749636325240135237e-01
4.758070480823516912e-01
4.750583058595657104e-01
4.749153301119804493e-01
4.748988994956016563e-01
4.738927543163299339e-01
4.751050996780395441e-01
4.741915822029113547e-01
4.735408636927604942e-01
4.727914375066757380e-01
4.738195142149925210e-01
4.737626367807388217e-01
4.726060876250267051e-01
4.732339122891426331e-01
4.733587822318077176e-01
4.727506846189498679e-01
4.728931331634521618e-01
4.724466270208358964e-01
4.726338124275207275e-01
4.709252938628196716e-01
4.716540247201919667e-01
4.722220760583877297e-01
4.709717345237731667e-01
4.714020594954490551e-01
4.710662713646888711e-01
4.712203451991081038e-01
4.708080992102622875e-01
4.708691549301147194e-01
4.703366136550903298e-01
4.704102429747581415e-01
4.704513218998909174e-01
4.695119342207908497e-01
4.701824957132339500e-01
4.698250368237495422e-01
4.697921335697173850e-01
4.693665665388107033e-01
4.694461345672607533e-01
4.682575803995132624e-01
4.691037222743034141e-01
4.689522743225097434e-01
4.692302653193473616e-01
4.679406893253326150e-01
4.678928855061531000e-01
4.679784587025642151e-01
4.676630517840385526e-01
4.681495153903961204e-01
4.675667273998260765e-01
4.677389928698539867e-01
4.670831418037414418e-01
4.670852774381637484e-01
4.662377324700355263e-01
4.661110341548919678e-01
4.670713299512863070e-01
4.661679780483246049e-01
4.661932641267776400e-01
4.664688289165496715e-01
4.668886399269103760e-01
4.647125029563903831e-01
4.654774147272109919e-01
4.666153627634048728e-01
4.650383639335632369e-01
4.656284603476524286e-01
4.663903874158858986e-01
4.648299041390419051e-01
4.651710671186446988e-01
4.653168895840644748e-01
4.651449158787727134e-01
4.643054249882698215e-01
4.640888273715972900e-01
4.642270997166633717e-01
4.643589112162589960e-01
4.637560251355171137e-01
4.629231747984886014e-01
4.634692716598510787e-01
4.636007532477378623e-01
4.637054866552353105e-01
4.634736540913582115e-01
4.637747201323509372e-01
4.629004946351051308e-01
4.617741420865059121e-01
4.622800055146217280e-01
4.629694408178329224e-01
4.619897189736366094e-01
4.631736722588539190e-01
4.627641159296035922e-01
4.618525606393814043e-01
4.621752178668975808e-01
4.609817412495613165e-01
4.610190165042877264e-01
4.619820788502693176e-01
4.609144568443298562e-01
4.612158894538879172e-01
4.611430156230926780e-01
4.603715088963508673e-01
4.607426643371582142e-01
4.614718720316887124e-01
4.604338091611862027e-01
4.596604642271995278e-01
4.601941004395485035e-01
4.603927177190780817e-01
4.601745101809501803e-01
4.605714580416679360e-01
4.592271655797958152e-01
4.586729955673217729e-01
4.585202103853225908e-01
4.586419010162353649e-01
4.587750667333602705e-01
4.585933089256286621e-01
4.584236979484558328e-01
4.592435941100120322e-01
4.590245392918586576e-01
4.581737366318702764e-01
4.580820721387863226e-01
4.580951574444770968e-01
4.588822644948959417e-01
4.583061969280242676e-01
4.581927254796028248e-01
4.573602861166000122e-01
4.583682456612587219e-01
4.580304539203643999e-01
4.577447471022605963e-01
4.572334924340248352e-01
4.574701383709907643e-01
4.565046206116676331e-01
4.570145308971405029e-01
4.564924302697181968e-01
4.570560801029205367e-01
4.568090620636939825e-01
4.568393158912658625e-01
4.562349224090576083e-01
4.561702987551689015e-01
4.563715159893035889e-01
4.557430803775787131e-01
4.554803544282913230e-01
4.554254552721977434e-01
4.561692169308662614e-01
4.555690175294875854e-01
4.559838372468948409e-01
4.551250305771827875e-01
4.550047507882118425e-01
4.549140602350235096e-01
4.546844583749771185e-01
4.556230476498603910e-01
4.545820805430412226e-01
4.541680365800857544e-01
4.544608953595161704e-01
4.537613061070442377e-01
4.542744889855384605e-01
4.547602432966232344e-01
4.545475092530250616e-01
4.549920618534087913e-01
4.545552524924278415e-01
4.543159547448158420e-01
4.538543054461479098e-01
4.539956375956535339e-01
4.534434422850608937e-01
4.536746588349342413e-01
4.527205953001975924e-01
4.531031802296638378e-01
4.529547530412674217e-01
4.532345706224441551e-01
4.541503962874412492e-01
4.529962375760078208e-01
4.523699802160263128e-01
4.528943088650703164e-01
4.530872848629951544e-01
4.528203287720680148e-01
4.516961109638213956e-01
4.521769249439239746e-01
4.531688344478607133e-01
4.518296325206756503e-01
4.526139217615127719e-01
4.516415297985076904e-01
4.521165424585342207e-01
4.522432130575180231e-01
4.523791661858558855e-01
4.514025491476059138e-01
4.512243789434433050e-01
4.517419695854186790e-01
4.510331088304519453e-01
4.505989614129066734e-01
4.514057284593582242e-01
4.512120315432548434e-01
4.507447302341461293e-01
4.508580905199051081e-01
4.513791972398757957e-01
4.499731075763702126e-01
4.508959764242172485e-01
4.502753713726997398e-01
4.504313769936561518e-01
4.504691100120544189e-01
4.502203121781349071e-01
4.504917690157890231e-01
4.490163540840149126e-01
4.501909655332565485e-01
4.501866412162780495e-01
4.505497673153877058e-01
4.500785565376281827e-01
4.506427487730980119e-01
4.494528928399085799e-01
4.493857884407043701e-01
4.493984979391097978e-01
4.492738032341003218e-01
4.495431190729141102e-01
4.488629233837127530e-01
4.487456822395324840e-01
4.492973053455353027e-01
4.480435886979103333e-01
4.492766448855400330e-01
4.487641391158103676e-01
4.487817704677581898e-01
4.487898030877113253e-01
4.486381533741951033e-01
4.487860831618308843e-01
4.483095276355743564e-01
4.491178694367408686e-01
4.484033632278442427e-01
4.480808842182159579e-01
4.484350129961967579e-01
4.482471412420273027e-01
4.477460247278213235e-01
4.475159683823585755e-01
4.476342478394508273e-01
4.485886588692665211e-01
4.483989980816840970e-01
4.473315104842185974e-01
4.475789016485214322e-01
4.470397916436195107e-01
4.469222763180732971e-01
4.472533708810806363e-01
4.472016030550002852e-01
4.480641219019889654e-01
4.467287138104438782e-01
4.465729945898055941e-01
4.462466347217559637e-01
4.479664462804794356e-01
4.476374256610870517e-01
4.473370820283889548e-01
4.463939675688743391e-01
4.467572659254074319e-01
4.470037063956260881e-01
4.471079996228218278e-01
4.472524857521056885e-01
4.459765473008155956e-01
4.467452073097228915e-01
4.461074563860893405e-01
4.464346277713775457e-01
4.458764132857322426e-01
4.453187105059623896e-01
4.463573235273361473e-01
4.460929030179977550e-01
4.460104930400848322e-01
4.459110468626022450e-01
4.453665894269943082e-01
4.461219185590744041e-01
4.455362129211425937e-01
4.451072388887405418e-01
4.460206702351570129e-01
4.447710105776787048e-01
4.452375969290733315e-01
4.453761687874793762e-01
4.456470564007758983e-01
4.450094681978225553e-01
4.446740898489952021e-01
4.456391045451164046e-01
4.453996950387954512e-01
4.445923018455505416e-01
4.444589409232139743e-01
4.445898306369781561e-01
4.450301030278205894e-01
4.451084059476852484e-01
4.442586085200309620e-01
4.446640330553054965e-01
4.440828502178192361e-01
4.448252511024475275e-01
4.452011817693710127e-01
4.447132724523544245e-01
4.445161288976669511e-01
4.434662103652954324e-01
4.448656108975410639e-01
4.441452920436859131e-01
4.448920992016792142e-01
4.443221703171730264e-01
4.449702692031860529e-01
4.441399508714675703e-01
4.446628281474113709e-01
4.439170354604721203e-01
4.447708478569984414e-01
4.448398643732071056e-01
4.442996391654014388e-01
4.446182045340538180e-01
4.444479602575301946e-01
4.430867353081703319e-01
4.431677210330963179e-01
4.443088129162788280e-01
4.425213783979415894e-01
4.438127338886260764e-01
4.437906655669212608e-01
4.441529157757759250e-01
4.436831247806549139e-01
4.428230875730514438e-01
4.435764092206955223e-01
4.439973363280296237e-01
4.435631594061851257e-01
4.432809165120124573e-01
4.432612201571464738e-01
4.429712030291557134e-01
4.427898517251014909e-01
4.435779896378517217e-01
4.430849188566207686e-01
4.430385938286781067e-01
4.440001034736633101e-01
4.426525846123695596e-01
4.431737136840820379e-01
4.434750944375991932e-01
4.420458579063415439e-01
4.432232171297073586e-01
4.421671089529990994e-01
4.420302274823189048e-01
4.429414421319961548e-01
4.422633537650108582e-01
4.415208294987678639e-01
4.426580178737640203e-01
4.427355036139488109e-01
4.433816793560981795e-01
4.425341224670409912e-01
4.420646065473556319e-01
4.417452162504196256e-01
4.422597798705101280e-01
4.420027399063110596e-01
4.426619324088096885e-01
4.421798220276832447e-01
4.433107888698578081e-01
4.421597668528556846e-01
4.429018118977546825e-01
4.419148421287536488e-01
4.425454619526862921e-01
4.419628387689590321e-01
4.421916791796684509e-01
4.412704798579216159e-01
4.426036351919174217e-01
4.427208796143531910e-01
4.416469860076904230e-01
4.422791671752929754e-01
4.420713052153587563e-01
4.421312946081161765e-01
4.426039406657218955e-01
4.412750089168548384e-01
4.414758574962616144e-01
4.418340310454368369e-01
4.415337103605270208e-01
4.418642044067382924e-01
4.406398701667785800e-01
4.413937416672706338e-01
4.412571382522583185e-01
4.416977331042289956e-01
4.412669208645820795e-01
4.416498044133186363e-01
4.413852313160896434e-01
4.413548007607460133e-01
4.411653891205787881e-01
4.414730846881866344e-01
4.408918637037277377e-01
4.415461808443069680e-01
4.414195376634597601e-01
4.409078818559646340e-01
4.411623483896255360e-01
4.407176166772842629e-01
4.405341139435768327e-01
4.403242263197899020e-01
4.407524058222770935e-01
4.402149909734726085e-01
4.406373900175094560e-01
4.409055328369140825e-01
4.401072198152541914e-01
4.405182498693466231e-01
4.403216055035590881e-01
4.405405387282371743e-01
4.397283121943473816e-01
4.408944737911224543e-01
4.411022317409515336e-01
4.414731580018997348e-01
