6.915809810161590576e-01
6.918606162071228027e-01
6.923006772994995117e-01
6.928971409797668457e-01
6.935662031173706055e-01
6.934375166893005371e-01
6.917969584465026855e-01
6.911051869392395020e-01
6.969487369060516357e-01
6.986812651157379150e-01
7.034067809581756592e-01
6.819381415843963623e-01
6.643167138099670410e-01
6.758220493793487549e-01
6.639144122600555420e-01
6.567508280277252197e-01
6.662699878215789795e-01
6.525481939315795898e-01
6.542328894138336182e-01
6.569978892803192139e-01
6.508472561836242676e-01
6.512300670146942139e-01
6.524362266063690186e-01
6.505474150180816650e-01
6.554818749427795410e-01
6.447232365608215332e-01
6.469937562942504883e-01
6.524511575698852539e-01
6.419793069362640381e-01
6.490053534507751465e-01
6.424016058444976807e-01
6.409219503402709961e-01
6.403712034225463867e-01
6.407718956470489502e-01
6.389591395854949951e-01
6.420394480228424072e-01
6.406733989715576172e-01
6.439251601696014404e-01
6.434532105922698975e-01
6.355393230915069580e-01
6.380561590194702148e-01
6.363443434238433838e-01
6.384499073028564453e-01
6.369152665138244629e-01
6.409520506858825684e-01
6.368746161460876465e-01
6.374301612377166748e-01
6.335420906543731689e-01
6.344787180423736572e-01
6.379171609878540039e-01
6.365672051906585693e-01
6.338807344436645508e-01
6.318162381649017334e-01
6.348824203014373779e-01
6.333046257495880127e-01
6.327712535858154297e-01
6.346451342105865479e-01
6.326174139976501465e-01
6.327908635139465332e-01
6.326572299003601074e-01
6.339029669761657715e-01
6.322320103645324707e-01
6.332522928714752197e-01
6.313134133815765381e-01
6.286250650882720947e-01
6.321751773357391357e-01
6.314357817173004150e-01
6.306621730327606201e-01
6.282460987567901611e-01
6.319037079811096191e-01
6.290500760078430176e-01
6.313471496105194092e-01
6.285470724105834961e-01
6.297466456890106201e-01
6.340370774269104004e-01
6.286779642105102539e-01
6.297007501125335693e-01
6.341972053050994873e-01
6.267009377479553223e-01
6.278693675994873047e-01
6.260097026824951172e-01
6.255407929420471191e-01
6.348739266395568848e-01
6.251534819602966309e-01
6.277385354042053223e-01
6.295996904373168945e-01
6.340441703796386719e-01
6.283877789974212646e-01
6.252703368663787842e-01
6.290096938610076904e-01
6.263930797576904297e-01
6.273540854454040527e-01
6.250083446502685547e-01
6.276269853115081787e-01
6.260535120964050293e-01
6.271292865276336670e-01
6.450811624526977539e-01
6.257632672786712646e-01
6.242515146732330322e-01
6.276594698429107666e-01
6.258140206336975098e-01
6.274175643920898438e-01
6.282227635383605957e-01
6.231774985790252686e-01
6.236140131950378418e-01
6.279674768447875977e-01
6.246060431003570557e-01
6.244719326496124268e-01
6.359610557556152344e-01
6.231435537338256836e-01
6.266200542449951172e-01
6.223521828651428223e-01
6.284724771976470947e-01
6.254262328147888184e-01
6.237849593162536621e-01
6.237512528896331787e-01
6.227039098739624023e-01
6.264109015464782715e-01
6.233238875865936279e-01
6.217996478080749512e-01
6.226506233215332031e-01
6.241562962532043457e-01
6.204450130462646484e-01
6.239024400711059570e-01
6.213058233261108398e-01
6.319570839405059814e-01
6.231226325035095215e-01
6.239922046661376953e-01
6.252579391002655029e-01
6.220619380474090576e-01
6.228378415107727051e-01
6.251928210258483887e-01
6.294796466827392578e-01
6.227359175682067871e-01
6.246342062950134277e-01
6.228225827217102051e-01
6.220234334468841553e-01
6.203349232673645020e-01
6.261481940746307373e-01
6.239658594131469727e-01
6.193848252296447754e-01
6.215475797653198242e-01
6.193152666091918945e-01
6.206405162811279297e-01
6.256578862667083740e-01
6.230345368385314941e-01
6.213895082473754883e-01
6.217711567878723145e-01
6.192965209484100342e-01
6.182321906089782715e-01
6.175014078617095947e-01
6.178422868251800537e-01
6.199103891849517822e-01
6.301551163196563721e-01
6.204013526439666748e-01
6.210544705390930176e-01
6.235498785972595215e-01
6.240675747394561768e-01
6.190679073333740234e-01
6.220110058784484863e-01
6.196254491806030273e-01
6.190760731697082520e-01
6.173555254936218262e-01
6.184454560279846191e-01
6.175678968429565430e-01
6.213600039482116699e-01
6.166992187500000000e-01
6.167041063308715820e-01
6.206532120704650879e-01
6.181001067161560059e-01
6.158696711063385010e-01
6.172948181629180908e-01
6.187731325626373291e-01
6.173124015331268311e-01
6.170401573181152344e-01
6.204364597797393799e-01
6.178248226642608643e-01
6.210318207740783691e-01
6.186529397964477539e-01
6.162594556808471680e-01
6.212911903858184814e-01
6.252605020999908447e-01
6.182057261466979980e-01
6.195617318153381348e-01
6.208710074424743652e-01
6.174315512180328369e-01
6.177068054676055908e-01
6.171006858348846436e-01
6.160619556903839111e-01
6.164424419403076172e-01
6.207482218742370605e-01
6.203285157680511475e-01
6.234507560729980469e-01
6.317501068115234375e-01
6.225235164165496826e-01
6.188924610614776611e-01
6.176002025604248047e-01
6.174247860908508301e-01
6.165452003479003906e-01
6.171365380287170410e-01
6.164101958274841309e-01
6.150852143764495850e-01
6.148776412010192871e-01
6.149514317512512207e-01
6.158851683139801025e-01
6.174298822879791260e-01
6.152586340904235840e-01
6.158303618431091309e-01
6.181737482547760010e-01
6.180541515350341797e-01
6.162298023700714111e-01
6.148025989532470703e-01
6.217944622039794922e-01
6.163103580474853516e-01
6.165898740291595459e-01
6.146192252635955811e-01
6.184920072555541992e-01
6.190544068813323975e-01
6.196697950363159180e-01
6.180608868598937988e-01
6.158391833305358887e-01
6.220953464508056641e-01
6.239815950393676758e-01
6.160461902618408203e-01
6.156274676322937012e-01
6.206175088882446289e-01
6.276849508285522461e-01
6.139509081840515137e-01
6.154870092868804932e-01
6.139028072357177734e-01
6.174843013286590576e-01
6.173635125160217285e-01
6.161806285381317139e-01
6.236516833305358887e-01
6.161361932754516602e-01
6.158728003501892090e-01
6.212467849254608154e-01
6.162250936031341553e-01
6.154409050941467285e-01
6.165097951889038086e-01
6.143671870231628418e-01
6.129567623138427734e-01
6.200445294380187988e-01
6.134853065013885498e-01
6.143234968185424805e-01
6.153620779514312744e-01
6.150290369987487793e-01
6.151144206523895264e-01
6.176027655601501465e-01
6.165256500244140625e-01
6.154415309429168701e-01
6.166358590126037598e-01
6.166586279869079590e-01
6.156605482101440430e-01
6.127268075942993164e-01
6.157777905464172363e-01
6.199648678302764893e-01
6.169944405555725098e-01
6.182064414024353027e-01
6.137550175189971924e-01
6.135989725589752197e-01
6.171861886978149414e-01
6.146404147148132324e-01
6.295436024665832520e-01
6.223430037498474121e-01
6.141178011894226074e-01
6.129316687583923340e-01
6.140366792678833008e-01
6.144387722015380859e-01
6.166843175888061523e-01
6.150094866752624512e-01
6.157514452934265137e-01
6.158469021320343018e-01
6.159341931343078613e-01
6.142440140247344971e-01
6.179161071777343750e-01
6.157042086124420166e-01
6.198289990425109863e-01
6.235224604606628418e-01
6.200408339500427246e-01
6.152798533439636230e-01
6.226917207241058350e-01
6.255915164947509766e-01
6.166939139366149902e-01
6.138632297515869141e-01
6.140388846397399902e-01
6.136505305767059326e-01
6.146359741687774658e-01
6.186488568782806396e-01
6.190697252750396729e-01
6.155316531658172607e-01
6.140645146369934082e-01
6.129502058029174805e-01
6.125798821449279785e-01
6.139212548732757568e-01
6.131966710090637207e-01
6.140016913414001465e-01
6.144547164440155029e-01
6.169119477272033691e-01
6.121896207332611084e-01
6.171250045299530029e-01
6.197187900543212891e-01
6.162160634994506836e-01
6.201712489128112793e-01
6.173541545867919922e-01
6.199351549148559570e-01
6.163820028305053711e-01
6.173171103000640869e-01
6.189236342906951904e-01
6.187022328376770020e-01
6.176437735557556152e-01
6.130349934101104736e-01
6.168744564056396484e-01
6.328227818012237549e-01
6.155911087989807129e-01
6.138658821582794189e-01
6.166146099567413330e-01
6.163563728332519531e-01
6.123608946800231934e-01
6.169199347496032715e-01
6.165751218795776367e-01
6.133149266242980957e-01
6.220023930072784424e-01
6.229571700096130371e-01
6.158484220504760742e-01
6.144976019859313965e-01
6.135790944099426270e-01
6.121407747268676758e-01
6.116548180580139160e-01
6.150618195533752441e-01
6.143771708011627197e-01
6.117750406265258789e-01
6.152490377426147461e-01
6.116045713424682617e-01
6.203606724739074707e-01
6.164066791534423828e-01
6.202220320701599121e-01
6.155319809913635254e-01
6.207450926303863525e-01
6.238424181938171387e-01
6.183304190635681152e-01
6.147128343582153320e-01
6.119812428951263428e-01
6.137216091156005859e-01
6.120901405811309814e-01
6.142832636833190918e-01
6.130416095256805420e-01
6.161036491394042969e-01
6.144264340400695801e-01
6.168033480644226074e-01
6.139599680900573730e-01
6.205832064151763916e-01
6.165347099304199219e-01
6.187993586063385010e-01
6.133164763450622559e-01
6.138576269149780273e-01
6.255888044834136963e-01
6.125129461288452148e-01
6.119429469108581543e-01
6.131881475448608398e-01
6.137314438819885254e-01
6.120857894420623779e-01
6.206671595573425293e-01
6.275682449340820312e-01
6.169956922531127930e-01
6.133417189121246338e-01
6.121482551097869873e-01
6.114616394042968750e-01
6.130873560905456543e-01
6.123879551887512207e-01
6.115586757659912109e-01
6.161814928054809570e-01
6.117170155048370361e-01
6.178978979587554932e-01
6.224849522113800049e-01
6.164383590221405029e-01
6.125546395778656006e-01
6.125375628471374512e-01
6.259191036224365234e-01
6.129179298877716064e-01
6.224216818809509277e-01
6.126200556755065918e-01
6.178271770477294922e-01
6.106447577476501465e-01
6.118940114974975586e-01
6.153354048728942871e-01
6.202621161937713623e-01
6.139453649520874023e-01
6.219668388366699219e-01
6.141023933887481689e-01
6.192776560783386230e-01
6.138284504413604736e-01
6.140471696853637695e-01
6.131776273250579834e-01
6.145343780517578125e-01
6.109405755996704102e-01
6.138883233070373535e-01
6.167221665382385254e-01
6.112849712371826172e-01
6.139521300792694092e-01
6.160093545913696289e-01
6.123711466789245605e-01
6.113734543323516846e-01
6.120772957801818848e-01
6.128057241439819336e-01
6.107980310916900635e-01
6.116060018539428711e-01
6.114973425865173340e-01
6.187598705291748047e-01
6.133460104465484619e-01
6.098311245441436768e-01
6.115697622299194336e-01
6.162818372249603271e-01
6.115052103996276855e-01
6.100541651248931885e-01
6.139146983623504639e-01
6.109306812286376953e-01
6.109310984611511230e-01
6.108486354351043701e-01
6.119388341903686523e-01
6.109829545021057129e-01
6.158279776573181152e-01
6.149132251739501953e-01
6.123900413513183594e-01
6.141100525856018066e-01
6.312447190284729004e-01
6.190316677093505859e-01
6.211190223693847656e-01
6.163326799869537354e-01
6.133540272712707520e-01
6.108407974243164062e-01
6.129969060420989990e-01
6.114067435264587402e-01
6.133843064308166504e-01
6.130280792713165283e-01
6.130223274230957031e-01
6.125040054321289062e-01
6.125855445861816406e-01
6.117178499698638916e-01
6.107494235038757324e-01
6.136250495910644531e-01
6.171701550483703613e-01
6.104319691658020020e-01
6.136780679225921631e-01
6.180208921432495117e-01
6.128536760807037354e-01
6.109593510627746582e-01
6.132586002349853516e-01
6.131198406219482422e-01
6.171283125877380371e-01
6.127444505691528320e-01
6.159989833831787109e-01
6.141236126422882080e-01
6.116441488265991211e-01
6.165624558925628662e-01
6.199014782905578613e-01
6.117511093616485596e-01
6.158402562141418457e-01
6.190196573734283447e-01
6.117929518222808838e-01
6.115038394927978516e-01
6.120186448097229004e-01
6.101953983306884766e-01
6.096120476722717285e-01
6.110858619213104248e-01
6.140001714229583740e-01
6.194040179252624512e-01
6.132674813270568848e-01
6.109943687915802002e-01
6.126090586185455322e-01
6.120003461837768555e-01
6.120693087577819824e-01
6.116035580635070801e-01
6.130538284778594971e-01
6.105076074600219727e-01
6.132248342037200928e-01
6.108667850494384766e-01
6.125187873840332031e-01
6.130338907241821289e-01
6.119196116924285889e-01
6.112935543060302734e-01
6.142419874668121338e-01
6.127396523952484131e-01
6.175276339054107666e-01
6.230935454368591309e-01
6.127447783946990967e-01
6.184096932411193848e-01
6.157814264297485352e-01
6.117507815361022949e-01
6.115698218345642090e-01
6.097141504287719727e-01
6.119925677776336670e-01
6.190695762634277344e-01
6.135509610176086426e-01
6.125931441783905029e-01
6.210921108722686768e-01
6.120221316814422607e-01
6.147592365741729736e-01
6.141228079795837402e-01
6.117872595787048340e-01
6.111654043197631836e-01
6.101163029670715332e-01
6.120235919952392578e-01
6.164720654487609863e-01
6.109761595726013184e-01
6.122075617313385010e-01
6.108098626136779785e-01
6.159568130970001221e-01
6.221141219139099121e-01
6.145787239074707031e-01
6.227310597896575928e-01
6.191915273666381836e-01
6.137058734893798828e-01
6.217525601387023926e-01
6.137697100639343262e-01
6.180213391780853271e-01
6.114487051963806152e-01
6.122827529907226562e-01
6.114820241928100586e-01
6.351491212844848633e-01
6.184480488300323486e-01
6.123031377792358398e-01
6.110166311264038086e-01
6.207084059715270996e-01
6.158809661865234375e-01
6.125386953353881836e-01
6.168849766254425049e-01
6.129953563213348389e-01
6.111350357532501221e-01
6.162236928939819336e-01
6.157554388046264648e-01
6.136850118637084961e-01
6.120663583278656006e-01
6.118192672729492188e-01
6.146379709243774414e-01
6.109924912452697754e-01
6.120515167713165283e-01
6.108598709106445312e-01
6.129248142242431641e-01
6.326742470264434814e-01
6.155470013618469238e-01
6.115105152130126953e-01
6.137601733207702637e-01
6.116265058517456055e-01
6.132973134517669678e-01
6.123265027999877930e-01
6.150552034378051758e-01
6.110080480575561523e-01
6.114272475242614746e-01
6.132436394691467285e-01
6.157092154026031494e-01
6.121636033058166504e-01
6.112675666809082031e-01
6.190185546875000000e-01
6.109345555305480957e-01
6.125140190124511719e-01
6.136183738708496094e-01
6.131043434143066406e-01
6.115984320640563965e-01
6.180890202522277832e-01
6.127551794052124023e-01
6.139245927333831787e-01
6.183587610721588135e-01
6.154553890228271484e-01
6.110874712467193604e-01
6.113014817237854004e-01
6.116472780704498291e-01
6.098145842552185059e-01
6.155190467834472656e-01
6.100435256958007812e-01
6.114934682846069336e-01
6.116480827331542969e-01
6.112250089645385742e-01
6.124961972236633301e-01
6.109944581985473633e-01
6.165439486503601074e-01
6.138072609901428223e-01
6.099941730499267578e-01
6.102332174777984619e-01
6.119441688060760498e-01
6.131278872489929199e-01
6.113149523735046387e-01
6.106745898723602295e-01
6.100443005561828613e-01
6.106746196746826172e-01
6.101604104042053223e-01
6.139653921127319336e-01
6.178277730941772461e-01
6.100924909114837646e-01
6.103793382644653320e-01
6.124597787857055664e-01
6.104315221309661865e-01
6.149418056011199951e-01
6.117384135723114014e-01
6.118260622024536133e-01
6.127774715423583984e-01
6.116368770599365234e-01
6.123414337635040283e-01
6.210521459579467773e-01
6.205797791481018066e-01
6.128513813018798828e-01
6.133004128932952881e-01
6.099014282226562500e-01
6.154050230979919434e-01
6.145875453948974609e-01
6.113630831241607666e-01
6.108746528625488281e-01
6.136119663715362549e-01
6.108604669570922852e-01
6.153753399848937988e-01
6.233892142772674561e-01
6.164333224296569824e-01
6.123150885105133057e-01
6.153333187103271484e-01
6.129165887832641602e-01
6.126682460308074951e-01
6.163282096385955811e-01
6.292744576930999756e-01
6.118335723876953125e-01
6.127536296844482422e-01
6.146849989891052246e-01
6.278432607650756836e-01
6.129000186920166016e-01
6.121877431869506836e-01
6.103044450283050537e-01
6.162580847740173340e-01
6.125027239322662354e-01
6.116775274276733398e-01
6.133928596973419189e-01
6.112350821495056152e-01
6.117018759250640869e-01
6.175586283206939697e-01
6.221382617950439453e-01
6.127440929412841797e-01
6.114252805709838867e-01
6.122267842292785645e-01
6.135835349559783936e-01
6.123065352439880371e-01
6.134954392910003662e-01
6.124128103256225586e-01
6.159142553806304932e-01
6.122403442859649658e-01
6.131875813007354736e-01
6.122494935989379883e-01
6.139275431632995605e-01
6.111684143543243408e-01
6.155589222908020020e-01
6.101493239402770996e-01
6.135388016700744629e-01
6.145463585853576660e-01
6.202965676784515381e-01
6.112459599971771240e-01
6.129589974880218506e-01
6.163229644298553467e-01
6.120801866054534912e-01
6.115771234035491943e-01
6.138181686401367188e-01
6.098720729351043701e-01
6.138947010040283203e-01
6.098598837852478027e-01
6.154218316078186035e-01
6.116970181465148926e-01
6.185764968395233154e-01
6.105023920536041260e-01
6.099911630153656006e-01
6.111327707767486572e-01
6.109781563282012939e-01
6.152920424938201904e-01
6.111986935138702393e-01
6.132409572601318359e-01
6.237260401248931885e-01
6.108530461788177490e-01
6.166664958000183105e-01
6.127237975597381592e-01
6.164525449275970459e-01
6.166452765464782715e-01
6.117022335529327393e-01
6.111180186271667480e-01
6.130970120429992676e-01
6.182225048542022705e-01
6.226235330104827881e-01
6.125132441520690918e-01
6.129432618618011475e-01
6.151380538940429688e-01
6.145013868808746338e-01
6.119361519813537598e-01
6.160227060317993164e-01
6.112101078033447266e-01
6.123521327972412109e-01
6.138306260108947754e-01
6.153077185153961182e-01
6.167129874229431152e-01
6.103235483169555664e-01
6.146599650382995605e-01
6.124988198280334473e-01
6.108898520469665527e-01
6.130092144012451172e-01
6.103637814521789551e-01
6.179401576519012451e-01
6.133138239383697510e-01
6.124144792556762695e-01
6.106431186199188232e-01
6.122048199176788330e-01
6.176953911781311035e-01
6.247548758983612061e-01
6.199474036693572998e-01
6.136158108711242676e-01
6.155090928077697754e-01
6.116319000720977783e-01
6.180506944656372070e-01
6.140302419662475586e-01
6.106640398502349854e-01
6.105525791645050049e-01
6.165236532688140869e-01
6.132456064224243164e-01
6.095518767833709717e-01
6.258466243743896484e-01
6.202792525291442871e-01
6.120167970657348633e-01
6.130736172199249268e-01
6.106223464012145996e-01
6.131135225296020508e-01
6.128657460212707520e-01
6.136942207813262939e-01
6.117591857910156250e-01
6.143908500671386719e-01
6.123481988906860352e-01
6.112881898880004883e-01
6.235301494598388672e-01
6.180190443992614746e-01
6.178485155105590820e-01
6.140618324279785156e-01
6.110039353370666504e-01
6.107310056686401367e-01
6.097883582115173340e-01
6.123363077640533447e-01
6.140214204788208008e-01
6.140189170837402344e-01
6.148478388786315918e-01
6.159580647945404053e-01
6.113540530204772949e-01
6.133862733840942383e-01
6.145456433296203613e-01
6.128634810447692871e-01
6.103831529617309570e-01
6.104349792003631592e-01
6.102244555950164795e-01
6.146311759948730469e-01
6.102857589721679688e-01
6.102724671363830566e-01
6.137280762195587158e-01
6.116288304328918457e-01
6.140410304069519043e-01
6.160858273506164551e-01
6.239395141601562500e-01
6.120327115058898926e-01
6.130835711956024170e-01
6.151431202888488770e-01
6.144903600215911865e-01
6.121594607830047607e-01
6.131534576416015625e-01
6.116318702697753906e-01
6.130757927894592285e-01
6.112222969532012939e-01
6.336202025413513184e-01
6.149374544620513916e-01
6.136730909347534180e-01
6.118813455104827881e-01
6.105347275733947754e-01
6.115161478519439697e-01
6.153674125671386719e-01
6.208463013172149658e-01
6.146594583988189697e-01
6.151570677757263184e-01
6.182909905910491943e-01
6.168417632579803467e-01
6.112324297428131104e-01
6.115848422050476074e-01
6.134910583496093750e-01
6.134144663810729980e-01
6.196209192276000977e-01
6.138294339179992676e-01
6.202816963195800781e-01
6.175471842288970947e-01
6.170965135097503662e-01
6.125583350658416748e-01
6.135705709457397461e-01
6.102864444255828857e-01
6.161566972732543945e-01
6.117059886455535889e-01
6.158598065376281738e-01
6.181950867176055908e-01
6.126454472541809082e-01
6.104907691478729248e-01
6.097935438156127930e-01
6.136987805366516113e-01
6.111173033714294434e-01
6.207666397094726562e-01
6.178091764450073242e-01
6.116703748703002930e-01
6.144044399261474609e-01
6.216218173503875732e-01
6.166434586048126221e-01
6.106485128402709961e-01
6.105779111385345459e-01
6.176370382308959961e-01
6.225130558013916016e-01
6.109973788261413574e-01
6.144300401210784912e-01
6.176063716411590576e-01
6.212738752365112305e-01
6.137659251689910889e-01
6.166161894798278809e-01
6.113409996032714844e-01
6.106951236724853516e-01
6.112868785858154297e-01
6.113446950912475586e-01
6.119648814201354980e-01
6.111256182193756104e-01
6.120666861534118652e-01
6.125444173812866211e-01
6.110754609107971191e-01
6.134389638900756836e-01
6.175707876682281494e-01
6.172372996807098389e-01
6.193954646587371826e-01
6.132702231407165527e-01
6.122829020023345947e-01
6.117829680442810059e-01
6.137930154800415039e-01
6.126970946788787842e-01
6.117373108863830566e-01
6.143260896205902100e-01
6.147929728031158447e-01
6.273601651191711426e-01
6.155477464199066162e-01
6.124421358108520508e-01
6.156677007675170898e-01
6.121074557304382324e-01
6.115120649337768555e-01
6.116647720336914062e-01
6.115333735942840576e-01
6.148491203784942627e-01
6.145159602165222168e-01
6.129717826843261719e-01
6.244634985923767090e-01
6.165900528430938721e-01
6.123332977294921875e-01
6.126272082328796387e-01
6.139076352119445801e-01
6.131988763809204102e-01
6.165316700935363770e-01
6.175012290477752686e-01
6.128311455249786377e-01
6.115845441818237305e-01
6.196989417076110840e-01
6.114559769630432129e-01
6.128793954849243164e-01
6.128224730491638184e-01
6.122094392776489258e-01
6.104462146759033203e-01
6.128887832164764404e-01
6.135569512844085693e-01
6.118039488792419434e-01
6.173920035362243652e-01
6.106679439544677734e-01
6.179988384246826172e-01
6.113185882568359375e-01
6.167445182800292969e-01
6.145319938659667969e-01
6.156243681907653809e-01
6.123552918434143066e-01
6.181337833404541016e-01
6.135082840919494629e-01
6.123481094837188721e-01
6.123574376106262207e-01
6.123335957527160645e-01
6.141522228717803955e-01
6.170897483825683594e-01
6.109648048877716064e-01
6.217570304870605469e-01
6.176134645938873291e-01
6.178727447986602783e-01
6.128168106079101562e-01
6.113593280315399170e-01
6.159190237522125244e-01
6.224495768547058105e-01
6.179694235324859619e-01
6.210588514804840088e-01
6.124678552150726318e-01
6.208895742893218994e-01
6.116665303707122803e-01
6.209217011928558350e-01
6.183716058731079102e-01
6.127115488052368164e-01
6.161189675331115723e-01
6.212851405143737793e-01
6.123795509338378906e-01
6.157587170600891113e-01
6.116878688335418701e-01
6.241438984870910645e-01
6.130320429801940918e-01
6.107845008373260498e-01
6.103125214576721191e-01
6.171260774135589600e-01
6.208483874797821045e-01
6.168044209480285645e-01
6.176766753196716309e-01
6.203524470329284668e-01
6.143524348735809326e-01
6.166616380214691162e-01
6.185525655746459961e-01
6.125159561634063721e-01
6.130601167678833008e-01
6.153676509857177734e-01
6.107972860336303711e-01
6.172165572643280029e-01
6.183548569679260254e-01
6.194131672382354736e-01
6.111880838871002197e-01
6.281934380531311035e-01
6.135938763618469238e-01
6.125779151916503906e-01
6.123781800270080566e-01
6.152916848659515381e-01
6.135950684547424316e-01
6.197799444198608398e-01
6.169751882553100586e-01
6.121858954429626465e-01
6.111182570457458496e-01
6.116164922714233398e-01
6.117556691169738770e-01
6.131621599197387695e-01
6.155428290367126465e-01
6.144101321697235107e-01
6.105319559574127197e-01
6.133274435997009277e-01
6.146670579910278320e-01
6.151339411735534668e-01
6.156932711601257324e-01
6.173705756664276123e-01
6.126052141189575195e-01
6.131516396999359131e-01
6.125519573688507080e-01
6.172321736812591553e-01
6.138471364974975586e-01
6.163174808025360107e-01
6.297299861907958984e-01
6.116412580013275146e-01
6.187439560890197754e-01
6.128528714179992676e-01
6.224350631237030029e-01
6.198622584342956543e-01
6.175220012664794922e-01
6.126413643360137939e-01
6.116549670696258545e-01
6.162286400794982910e-01
6.148532032966613770e-01
6.110005974769592285e-01
6.189743578433990479e-01
6.112818717956542969e-01
6.150479316711425781e-01
6.160280704498291016e-01
6.136797070503234863e-01
6.167033016681671143e-01
6.209729313850402832e-01
6.203867197036743164e-01
6.156853735446929932e-01
6.168472468852996826e-01
6.121412515640258789e-01
6.200115084648132324e-01
6.165855824947357178e-01
6.213950514793395996e-01
6.144337058067321777e-01
6.144205927848815918e-01
6.184666156768798828e-01
6.143259406089782715e-01
6.138932406902313232e-01
6.123162508010864258e-01
6.160785555839538574e-01
6.144531667232513428e-01
6.119126975536346436e-01
6.155016422271728516e-01
6.128378510475158691e-01
6.174593567848205566e-01
6.172469258308410645e-01
6.204387545585632324e-01
6.168709397315979004e-01
6.162974238395690918e-01
6.147807836532592773e-01
6.116550266742706299e-01
6.193693280220031738e-01
6.184172034263610840e-01
6.149687767028808594e-01
6.124292016029357910e-01
6.139514446258544922e-01
6.131670475006103516e-01
6.128614544868469238e-01
6.179021000862121582e-01
6.121637523174285889e-01
6.125416159629821777e-01
