3.971822261810302734e-01
3.995282948017120361e-01
4.149305075407028198e-01
4.537712186574935913e-01
4.888119697570800781e-01
4.730240553617477417e-01
4.031894803047180176e-01
3.167101740837097168e-01
2.380288019776344299e-01
1.808569431304931641e-01
1.460533291101455688e-01
1.249741017818450928e-01
1.115293055772781372e-01
1.027798615396022797e-01
9.530880302190780640e-02
8.808054774999618530e-02
8.154742792248725891e-02
7.602046430110931396e-02
6.959684193134307861e-02
6.465751677751541138e-02
5.998094566166400909e-02
5.606281012296676636e-02
5.035302601754665375e-02
4.674391448497772217e-02
4.507360979914665222e-02
4.143754765391349792e-02
3.796395100653171539e-02
3.554913960397243500e-02
3.283031843602657318e-02
3.104567062109708786e-02
2.904713619500398636e-02
2.754781395196914673e-02
2.541104797273874283e-02
2.475080080330371857e-02
2.307621669024229050e-02
2.136648539453744888e-02
2.033044677227735519e-02
1.953602954745292664e-02
1.871406100690364838e-02
1.712293177843093872e-02
1.632983516901731491e-02
1.533165294677019119e-02
1.446372829377651215e-02
1.380570046603679657e-02
1.328286435455083847e-02
1.257580425590276718e-02
1.227884273976087570e-02
1.159930322319269180e-02
1.143830455839633942e-02
1.059207646176218987e-02
1.012113457545638084e-02
9.723995812237262726e-03
9.400000795722007751e-03
9.035595227032899857e-03
8.714061230421066284e-03
8.279349654912948608e-03
8.041874505579471588e-03
7.679283851757645607e-03
7.458514068275690079e-03
7.093455176800489426e-03
6.931563373655080795e-03
6.702709011733531952e-03
6.432339781895279884e-03
6.246658973395824432e-03
6.178816547617316246e-03
5.890379427000880241e-03
5.633481778204441071e-03
5.425150971859693527e-03
5.293189315125346184e-03
5.273995921015739441e-03
5.014054710045456886e-03
4.866583971306681633e-03
4.730018321424722672e-03
4.589518764987587929e-03
4.432508023455739021e-03
4.297713749110698700e-03
4.154531517997384071e-03
4.042642656713724136e-03
3.955518826842308044e-03
3.829890396445989609e-03
3.739700652658939362e-03
3.627396654337644577e-03
3.563308157026767731e-03
3.444535192102193832e-03
3.346978686749935150e-03
3.302419790998101234e-03
3.207110567018389702e-03
3.153819823637604713e-03
3.107599448412656784e-03
2.963840262964367867e-03
2.901225350797176361e-03
2.899161539971828461e-03
2.826095558702945709e-03
2.710885251872241497e-03
2.671843045391142368e-03
2.576811937615275383e-03
2.507628989405930042e-03
2.468712045811116695e-03
2.423201687633991241e-03
2.373041352257132530e-03
2.303860499523580074e-03
