9.921052631578946776e-03
1.682894736842105096e-02
1.992105263157894698e-02
2.278947368421052611e-02
2.538157894736842168e-02
2.864473684210526450e-02
3.185526315789473373e-02
3.507894736842104982e-02
3.739473684210526533e-02
3.996052631578947412e-02
4.242105263157894962e-02
4.515789473684210520e-02
4.723684210526316041e-02
5.043421052631578971e-02
5.156578947368421068e-02
5.389473684210526611e-02
5.602631578947368102e-02
5.698684210526315519e-02
5.778947368421052944e-02
5.844736842105262981e-02
6.077631578947368524e-02
6.165789473684210598e-02
6.202631578947368635e-02
6.331578947368421417e-02
6.475000000000000200e-02
6.556578947368421617e-02
6.647368421052630982e-02
6.718421052631579071e-02
6.868421052631579204e-02
6.955263157894736592e-02
7.059210526315790046e-02
7.182894736842104777e-02
7.301315789473683537e-02
7.377631578947368984e-02
7.551315789473683759e-02
7.627631578947367819e-02
7.776315789473683959e-02
7.836842105263157332e-02
7.980263157894737502e-02
8.035526315789473517e-02
8.282894736842105754e-02
8.230263157894736337e-02
8.407894736842105865e-02
8.621052631578947356e-02
8.678947368421052744e-02
8.913157894736842279e-02
9.021052631578947711e-02
9.210526315789473173e-02
9.422368421052632059e-02
9.538157894736841447e-02
9.710526315789473617e-02
9.872368421052631071e-02
9.898684210526316474e-02
1.006447368421052591e-01
1.018026315789473668e-01
1.051842105263157828e-01
1.075263157894736782e-01
1.082894736842105327e-01
1.092368421052631600e-01
1.099868421052631606e-01
1.129736842105263095e-01
1.144210526315789511e-01
1.168421052631578999e-01
1.184078947368421009e-01
1.194868421052631552e-01
1.219342105263157838e-01
1.244210526315789461e-01
1.256184210526315737e-01
1.282236842105263230e-01
1.313947368421052586e-01
1.318552631578947254e-01
1.326184210526315799e-01
1.367631578947368365e-01
1.371447368421052637e-01
1.378026315789473710e-01
1.424736842105263079e-01
1.455789473684210578e-01
1.478026315789473799e-01
1.501578947368421013e-01
1.485657894736842066e-01
1.519342105263157827e-01
1.528552631578947441e-01
1.544999999999999984e-01
1.566842105263157869e-01
1.614342105263157912e-01
1.621184210526315783e-01
1.639342105263157934e-01
1.671710526315789425e-01
1.695657894736841975e-01
1.718815789473684130e-01
1.776184210526315921e-01
1.771973684210526312e-01
1.783026315789473792e-01
1.814868421052631686e-01
1.799473684210526336e-01
1.829342105263157825e-01
1.849078947368421044e-01
1.899868421052631484e-01
1.930000000000000049e-01
1.926184210526315777e-01
1.923815789473684312e-01
1.963026315789473675e-01
1.941052631578947252e-01
1.962763157894736876e-01
1.983421052631579029e-01
1.996184210526315839e-01
2.076578947368420969e-01
2.081447368421052713e-01
2.089999999999999913e-01
2.124868421052631684e-01
2.173026315789473584e-01
2.184736842105263199e-01
2.215789473684210420e-01
2.237500000000000044e-01
2.279342105263157947e-01
2.292236842105263295e-01
2.153947368421052500e-01
2.201184210526315743e-01
2.323026315789473717e-01
2.333815789473684121e-01
2.372763157894736963e-01
2.338289473684210529e-01
2.397236842105263110e-01
2.393684210526315914e-01
2.445394736842105288e-01
2.502763157894736801e-01
2.493684210526315725e-01
2.549605263157894708e-01
2.525921052631578956e-01
2.579736842105262995e-01
2.542631578947368576e-01
2.538157894736842168e-01
2.542236842105263239e-01
2.612499999999999822e-01
2.655526315789473735e-01
2.687236842105263368e-01
2.721973684210526323e-01
2.732631578947368189e-01
2.725263157894736721e-01
2.746184210526315672e-01
2.775657894736842102e-01
2.780000000000000249e-01
2.795131578947368522e-01
2.745394736842104999e-01
2.824342105263157876e-01
2.862236842105262968e-01
2.885263157894736863e-01
2.927500000000000102e-01
2.966315789473684128e-01
2.996973684210526567e-01
2.938815789473684381e-01
2.946842105263157707e-01
2.983552631578947345e-01
2.963026315789473730e-01
2.987763157894736676e-01
3.036184210526315930e-01
3.033684210526315650e-01
3.039868421052631664e-01
3.074999999999999956e-01
3.145921052631578951e-01
3.145263157894737094e-01
3.116973684210526119e-01
3.070789473684210624e-01
3.128815789473683995e-01
3.086973684210526092e-01
3.070394736842105288e-01
3.140526315789473610e-01
3.236184210526315552e-01
3.159736842105262955e-01
3.305921052631579093e-01
3.265394736842105461e-01
3.180921052631578982e-01
3.269473684210526532e-01
3.324078947368421244e-01
3.326315789473684448e-01
3.334078947368421253e-01
3.371447368421052748e-01
3.306973684210526288e-01
3.339210526315789518e-01
3.429342105263157858e-01
3.419210526315789589e-01
3.440789473684210398e-01
3.457763157894737094e-01
3.462763157894737098e-01
3.487631578947368305e-01
3.442105263157894668e-01
3.472894736842105368e-01
3.559078947368420898e-01
3.533026315789473681e-01
3.592763157894736659e-01
3.616973684210526563e-01
3.560526315789473428e-01
3.601315789473684137e-01
3.583815789473684399e-01
3.618157894736842017e-01
3.512236842105262991e-01
3.506315789473684053e-01
3.615921052631578814e-01
3.694342105263158094e-01
3.665921052631578858e-01
3.636052631578947092e-01
3.728552631578947452e-01
3.780263157894737103e-01
3.743684210526315725e-01
3.740394736842105328e-01
3.724868421052631717e-01
3.760263157894737085e-01
3.766578947368420804e-01
3.665657894736842337e-01
3.773289473684210416e-01
3.846842105263157952e-01
3.801973684210526172e-01
3.808026315789473926e-01
3.872236842105263310e-01
3.868026315789473424e-01
3.802105263157894988e-01
3.862236842105263301e-01
3.903157894736842271e-01
3.888289473684210518e-01
3.857236842105263297e-01
3.931973684210526288e-01
3.940263157894736690e-01
3.949868421052631362e-01
3.967763157894736992e-01
3.950526315789473775e-01
3.915000000000000147e-01
3.965657894736842048e-01
3.999736842105263146e-01
4.022236842105262888e-01
4.089999999999999747e-01
4.084868421052631482e-01
4.047499999999999987e-01
4.111710526315789371e-01
4.107631578947368300e-01
4.084342105263157885e-01
4.034078947368421320e-01
4.146052631578947545e-01
4.125921052631578712e-01
4.126052631578947527e-01
4.116184210526315779e-01
4.154605263157894468e-01
4.163684210526315543e-01
4.134473684210526190e-01
4.086052631578947492e-01
4.240263157894736956e-01
4.302368421052631398e-01
4.325131578947368216e-01
4.342631578947368509e-01
4.309210526315789269e-01
4.272368421052631371e-01
4.259473684210526301e-01
4.364078947368421058e-01
4.322105263157894894e-01
4.295921052631578863e-01
4.355657894736841840e-01
4.408552631578947500e-01
4.358026315789473859e-01
4.221447368421052393e-01
4.229868421052631611e-01
4.249210526315789216e-01
4.398289473684210416e-01
4.395526315789473615e-01
4.335921052631578898e-01
4.206447368421052380e-01
4.396052631578947212e-01
4.366973684210526119e-01
4.440526315789473655e-01
4.410263157894737107e-01
4.382631578947368545e-01
4.439605263157894721e-01
4.114605263157894988e-01
4.223947368421052673e-01
4.372631578947368536e-01
4.445131578947368323e-01
4.513157894736842257e-01
4.383684210526315739e-01
4.480789473684210766e-01
4.554473684210526563e-01
4.547368421052631615e-01
4.579210526315789509e-01
4.555921052631579093e-01
4.501842105263157978e-01
4.557499999999999885e-01
4.515789473684210797e-01
4.607236842105263408e-01
4.552631578947368696e-01
4.552368421052631620e-01
4.502105263157894499e-01
4.494342105263157694e-01
4.462236842105263279e-01
4.656973684210526376e-01
4.713026315789473619e-01
4.672105263157894650e-01
4.699868421052631473e-01
4.607631578947368189e-01
4.703684210526316023e-01
4.645263157894736761e-01
4.658552631578947167e-01
4.708026315789473615e-01
4.667499999999999982e-01
4.711447368421052828e-01
4.613421052631578867e-01
4.542631578947368687e-01
4.676447368421052797e-01
4.803947368421052633e-01
4.795789473684210491e-01
4.831184210526315859e-01
4.745263157894736850e-01
4.593289473684210589e-01
4.660789473684210371e-01
4.643552631578947154e-01
4.796578947368421164e-01
4.730131578947368576e-01
4.763421052631579000e-01
4.798421052631579031e-01
4.781973684210526487e-01
4.699473684210526137e-01
4.844078947368420929e-01
4.916578947368421271e-01
4.960394736842105301e-01
4.925921052631578867e-01
4.916842105263157792e-01
4.906052631578947110e-01
4.859868421052631615e-01
4.881710526315789500e-01
4.866842105263157747e-01
4.951052631578947150e-01
4.964605263157894632e-01
4.894999999999999907e-01
4.896447368421052437e-01
4.846184210526315872e-01
4.876447368421052420e-01
4.998289473684210393e-01
4.924342105263158076e-01
4.814210526315789718e-01
4.934605263157894606e-01
5.104078947368421160e-01
5.015789473684210131e-01
5.069605263157894726e-01
5.085921052631579009e-01
4.998026315789473872e-01
5.095131578947368345e-01
5.097368421052631549e-01
5.017105263157894957e-01
4.795921052631578752e-01
4.808157894736841964e-01
4.803815789473684372e-01
4.957763157894736761e-01
5.016184210526315468e-01
4.947368421052631415e-01
4.914078947368420991e-01
5.019078947368420529e-01
5.098026315789473406e-01
5.076973684210526194e-01
5.169342105263158293e-01
5.215131578947368451e-01
5.173289473684210549e-01
4.990921052631578925e-01
5.108289473684211046e-01
5.153421052631579347e-01
5.164999999999999591e-01
5.162631578947368682e-01
5.202105263157894566e-01
5.063289473684210451e-01
5.172368421052631060e-01
5.220789473684210868e-01
5.235526315789473806e-01
5.026184210526315477e-01
4.932500000000000218e-01
5.104605263157894202e-01
5.147631578947368114e-01
5.240263157894736734e-01
5.223421052631579409e-01
5.295657894736841564e-01
5.286973684210526381e-01
5.234078947368421275e-01
5.295131578947368522e-01
5.119473684210525954e-01
5.155657894736842550e-01
5.267631578947368221e-01
5.190789473684210842e-01
5.331973684210525866e-01
5.224342105263157787e-01
5.211578947368421533e-01
5.236052631578946848e-01
5.356973684210526443e-01
5.356315789473684585e-01
5.329342105263158436e-01
5.354342105263157903e-01
5.314736842105263204e-01
5.400657894736842213e-01
5.389342105263157379e-01
5.429078947368420893e-01
5.253026315789474099e-01
5.205657894736842595e-01
5.345921052631579240e-01
5.393157894736841929e-01
5.319736842105262653e-01
5.328947368421053099e-01
5.419078947368420884e-01
5.433421052631578485e-01
5.364999999999999769e-01
5.359736842105262689e-01
5.369078947368420840e-01
5.339736842105262671e-01
5.394210526315789123e-01
5.383947368421052593e-01
5.461447368421052939e-01
5.413026315789473131e-01
5.539473684210526327e-01
5.495921052631579373e-01
5.488947368421052131e-01
5.350131578947368016e-01
5.407631578947368345e-01
5.495526315789474037e-01
5.434868421052632126e-01
5.507894736842104955e-01
5.534210526315789247e-01
5.504342105263158036e-01
5.502105263157894832e-01
5.455263157894736370e-01
5.475657894736841724e-01
5.468815789473684408e-01
5.411842105263158231e-01
5.492500000000000160e-01
5.471710526315789469e-01
5.590131578947368229e-01
5.567105263157894335e-01
5.554210526315789265e-01
5.617894736842105052e-01
5.635526315789474161e-01
5.604078947368421604e-01
5.529868421052631655e-01
5.551447368421053019e-01
5.674605263157894708e-01
5.508289473684210291e-01
5.516842105263157769e-01
5.526315789473684736e-01
5.557499999999999662e-01
5.629342105263157592e-01
5.623815789473683990e-01
5.537368421052631939e-01
5.644473684210525866e-01
5.572368421052631415e-01
5.569605263157895170e-01
5.616184210526316001e-01
5.495394736842105221e-01
5.579342105263157547e-01
5.661842105263157343e-01
5.685131578947368869e-01
5.713684210526315255e-01
5.694605263157894726e-01
5.594605263157894637e-01
5.669605263157895259e-01
5.555526315789474090e-01
5.580657894736842373e-01
5.771184210526315583e-01
5.770921052631579062e-01
5.762894736842105736e-01
5.637499999999999734e-01
5.693421052631578716e-01
5.757105263157894504e-01
5.655394736842105363e-01
5.737499999999999822e-01
5.695263157894736583e-01
5.668289473684210433e-01
5.602894736842105594e-01
5.732894736842105710e-01
5.727499999999999813e-01
5.641052631578947762e-01
5.717894736842105141e-01
5.807105263157894548e-01
5.803157894736842293e-01
5.722500000000000364e-01
5.726315789473683804e-01
5.725526315789473131e-01
5.764868421052631309e-01
5.782500000000000417e-01
5.769605263157894237e-01
5.672500000000000320e-01
5.787499999999999867e-01
5.734342105263158240e-01
5.786578947368421488e-01
5.731710526315789700e-01
5.760263157894737196e-01
5.540526315789473522e-01
5.606973684210526665e-01
5.781184210526315592e-01
5.856710526315789256e-01
5.648421052631579231e-01
5.881184210526315681e-01
5.850921052631579133e-01
5.823157894736842310e-01
5.776184210526316143e-01
5.793289473684209989e-01
5.866184210526316223e-01
5.666052631578947230e-01
5.633815789473683999e-01
5.820921052631579107e-01
5.896842105263158107e-01
5.900263157894737320e-01
5.951578947368421080e-01
5.751578947368420902e-01
5.846578947368421542e-01
5.905131578947367954e-01
5.856973684210525777e-01
5.631447368421053090e-01
5.660131578947368292e-01
5.816315789473683884e-01
5.855921052631578583e-01
5.966447368421052833e-01
5.885789473684210904e-01
5.843552631578947665e-01
5.845131578947367901e-01
5.897236842105263444e-01
5.903684210526315423e-01
5.896315789473683955e-01
5.983684210526315495e-01
5.827368421052631087e-01
5.584736842105263444e-01
5.683815789473684044e-01
5.477763157894737223e-01
5.889473684210526638e-01
5.963289473684210140e-01
6.071052631578947034e-01
6.024078947368420867e-01
6.024210526315789682e-01
6.067105263157894779e-01
5.839868421052631930e-01
6.038552631578947283e-01
6.072631578947368380e-01
6.014473684210526194e-01
5.948289473684210682e-01
5.876842105263158089e-01
5.926578947368420502e-01
5.808947368421052415e-01
5.995789473684211002e-01
6.143026315789473779e-01
6.102368421052631886e-01
6.052499999999999547e-01
6.015263157894736867e-01
6.087500000000000133e-01
6.049868421052632117e-01
6.022894736842104857e-01
6.029605263157894468e-01
6.035394736842105701e-01
5.921447368421052238e-01
6.038947368421052619e-01
6.076973684210525972e-01
6.035263157894736885e-01
6.048684210526316107e-01
6.153026315789473788e-01
6.118421052631578538e-01
6.004078947368420849e-01
6.004605263157895001e-01
6.092763157894737214e-01
6.209868421052631149e-01
6.193157894736842639e-01
6.115789473684209998e-01
6.070789473684210513e-01
6.104605263157895090e-01
6.159210526315789247e-01
6.094210526315789744e-01
6.135526315789473495e-01
6.092631578947368398e-01
6.139473684210526860e-01
6.170526315789474081e-01
6.087500000000000133e-01
6.097500000000000142e-01
6.139605263157894566e-01
6.118026315789473202e-01
6.080263157894736370e-01
6.163157894736842612e-01
6.106184210526315326e-01
6.169078947368421550e-01
6.266842105263158436e-01
6.217236842105262618e-01
6.173289473684210327e-01
6.182236842105263142e-01
6.172499999999999654e-01
6.047236842105263577e-01
6.133289473684210291e-01
6.183026315789473815e-01
6.119473684210526843e-01
6.213026315789473841e-01
6.196842105263158373e-01
6.008421052631578441e-01
6.036052631578947558e-01
6.121578947368421231e-01
6.214605263157895187e-01
6.209605263157894628e-01
6.169605263157894592e-01
6.245789473684210114e-01
6.177763157894736734e-01
6.267500000000000293e-01
6.203684210526315690e-01
6.273157894736841600e-01
6.214078947368421035e-01
6.123157894736842577e-01
6.146184210526315361e-01
6.160131578947368736e-01
6.260789473684210682e-01
6.229342105263158125e-01
6.217368421052631433e-01
6.301052631578947238e-01
6.233289473684210380e-01
6.184473684210526345e-01
6.055657894736842239e-01
6.032499999999999529e-01
6.145526315789473504e-01
6.287894736842105647e-01
6.300657894736841902e-01
6.269736842105263497e-01
6.178289473684210886e-01
6.192631578947368487e-01
6.250394736842105337e-01
6.334868421052631815e-01
6.265526315789473610e-01
6.372763157894736352e-01
6.159210526315789247e-01
6.089210526315789185e-01
6.293421052631579249e-01
6.325263157894737143e-01
6.245131578947368256e-01
6.017894736842105408e-01
6.052894736842104884e-01
6.022894736842104857e-01
6.092105263157894246e-01
6.299342105263158187e-01
6.385131578947368380e-01
6.424342105263157743e-01
6.462368421052631096e-01
6.371578947368421453e-01
6.350263157894736610e-01
6.309605263157894717e-01
6.417631578947368132e-01
6.374473684210526514e-01
6.385263157894737196e-01
6.410263157894736663e-01
6.288947368421052841e-01
6.318552631578947532e-01
6.420789473684210824e-01
6.320000000000000062e-01
6.292763157894737391e-01
6.409605263157894806e-01
6.386184210526315574e-01
6.218552631578947443e-01
6.396315789473684399e-01
6.233026315789473859e-01
6.419078947368420662e-01
6.295263157894737116e-01
6.215789473684210087e-01
6.374342105263157698e-01
6.420263157894736672e-01
6.460263157894736707e-01
6.459078947368420698e-01
6.476052631578946839e-01
6.454736842105263106e-01
6.249210526315789327e-01
6.311710526315789105e-01
6.440000000000000169e-01
6.535526315789473850e-01
6.525921052631579178e-01
6.573289473684210682e-01
6.444736842105263097e-01
6.447236842105262822e-01
6.325921052631579000e-01
6.325921052631579000e-01
6.437763157894736965e-01
6.457500000000000462e-01
6.427894736842105772e-01
6.456842105263157494e-01
6.302763157894736290e-01
6.363947368421052353e-01
6.436052631578947913e-01
6.543947368421052513e-01
6.435921052631579098e-01
6.540526315789473299e-01
6.502368421052631131e-01
6.513815789473683671e-01
6.396447368421052104e-01
6.442105263157894557e-01
6.538026315789473575e-01
6.579736842105262662e-01
6.592105263157894690e-01
6.583289473684210691e-01
6.627499999999999503e-01
6.464999999999999636e-01
6.493289473684210611e-01
6.483552631578947123e-01
6.400000000000000133e-01
6.541973684210525830e-01
6.583157894736841875e-01
6.544342105263157849e-01
6.483815789473684754e-01
6.573421052631579498e-01
6.573684210526316019e-01
6.568157894736842417e-01
6.559736842105262644e-01
6.530000000000000249e-01
6.596973684210526434e-01
6.474999999999999645e-01
6.532236842105263452e-01
6.580526315789473335e-01
6.459736842105263666e-01
6.453947368421052433e-01
6.528026315789473566e-01
6.429342105263158302e-01
6.204868421052631700e-01
6.167631578947367910e-01
6.463157894736841769e-01
6.399868421052631318e-01
6.653552631578947274e-01
6.677105263157894210e-01
6.670394736842105710e-01
6.670657894736842231e-01
6.665789473684210487e-01
6.699342105263157432e-01
6.636842105263157654e-01
6.580921052631578672e-01
6.638026315789473664e-01
6.581842105263158160e-01
6.589473684210526150e-01
6.572894736842105345e-01
6.504736842105263150e-01
6.395789473684210247e-01
6.456973684210526310e-01
6.617499999999999494e-01
6.729473684210526274e-01
6.584605263157894406e-01
6.526184210526315699e-01
6.518815789473684230e-01
6.458815789473684177e-01
6.665263157894736334e-01
6.604736842105263239e-01
6.670789473684211046e-01
6.649342105263157388e-01
6.647631578947368336e-01
6.583421052631578396e-01
6.583684210526316027e-01
6.644473684210526754e-01
6.639342105263157379e-01
6.628947368421053143e-01
6.644999999999999796e-01
6.646447368421052326e-01
6.731578947368420662e-01
6.757763157894737249e-01
6.535921052631579187e-01
6.605921052631579249e-01
6.624210526315789105e-01
6.702763157894736645e-01
6.593947368421052557e-01
6.610657894736842177e-01
6.776973684210526594e-01
6.723552631578947336e-01
6.699473684210526248e-01
6.685657894736841689e-01
6.729736842105262795e-01
6.720657894736842275e-01
6.743684210526316170e-01
6.735394736842105212e-01
6.604868421052632055e-01
6.642105263157894735e-01
6.633552631578947256e-01
6.603289473684210709e-01
6.584342105263157885e-01
6.736578947368421222e-01
6.857631578947368522e-01
6.746578947368421231e-01
6.659342105263157396e-01
6.842763157894736770e-01
6.743947368421052690e-01
6.661447368421052895e-01
6.422368421052631060e-01
6.504342105263157814e-01
6.714605263157894521e-01
6.794210526315789256e-01
6.760263157894736974e-01
6.699078947368420911e-01
6.646710526315789958e-01
6.755921052631579382e-01
6.810657894736842355e-01
6.869605263157895214e-01
6.732500000000000151e-01
6.758684210526315628e-01
6.646315789473684621e-01
6.801842105263158356e-01
6.744868421052631069e-01
6.727894736842104928e-01
6.835526315789474117e-01
6.802631578947367919e-01
6.839210526315789851e-01
6.843157894736842106e-01
6.831184210526315415e-01
6.948157894736841644e-01
6.778552631578946830e-01
6.677236842105263026e-01
6.914868421052631220e-01
6.848947368421052229e-01
6.926315789473683759e-01
6.856315789473683697e-01
6.811184210526315397e-01
6.754999999999999893e-01
6.797105263157894317e-01
6.710789473684209971e-01
6.645789473684210469e-01
6.708026315789473726e-01
6.858947368421052238e-01
6.801052631578947683e-01
6.893947368421052824e-01
6.855657894736841840e-01
6.711315789473684124e-01
6.827763157894737311e-01
6.708684210526315583e-01
6.886447368421052539e-01
6.798421052631579142e-01
6.850263157894737054e-01
6.686842105263157698e-01
6.510394736842105567e-01
6.487368421052631673e-01
6.437236842105262813e-01
6.753421052631578547e-01
6.812763157894736743e-01
6.914868421052631220e-01
6.819736842105262875e-01
6.879078947368421071e-01
6.854605263157894646e-01
6.833684210526316249e-01
6.944868421052631247e-01
6.946052631578947256e-01
6.988289473684210495e-01
6.851447368421053064e-01
6.894342105263158160e-01
6.807105263157894326e-01
6.854210526315789309e-01
6.919605263157895259e-01
6.895000000000000018e-01
6.800657894736842346e-01
6.801578947368420724e-01
6.680000000000000382e-01
6.657105263157894193e-01
6.731052631578947620e-01
6.719736842105262786e-01
6.755789473684210567e-01
6.855131578947368798e-01
6.904078947368420538e-01
6.777763157894737267e-01
6.791842105263158347e-01
6.851315789473684248e-01
6.899736842105262946e-01
6.943552631578947532e-01
6.818421052631579160e-01
6.800526315789473530e-01
6.966184210526316090e-01
7.022105263157895072e-01
6.966710526315789132e-01
6.957105263157894459e-01
7.038026315789474019e-01
6.900789473684210140e-01
6.860394736842104768e-01
6.938684210526315788e-01
6.863421052631578645e-01
6.846052631578947167e-01
6.848552631578946892e-01
7.005526315789473157e-01
6.960263157894737152e-01
6.950921052631579000e-01
6.895394736842105354e-01
6.824605263157894619e-01
6.879736842105262928e-01
6.921184210526315495e-01
7.005000000000000115e-01
7.014605263157894788e-01
6.816052631578947141e-01
6.946315789473683777e-01
6.947894736842105123e-01
6.978157894736841671e-01
6.922368421052631504e-01
6.798552631578946848e-01
6.681578947368420618e-01
6.719868421052631602e-01
6.755131578947368709e-01
6.926315789473683759e-01
6.843684210526316258e-01
7.061710526315789771e-01
6.994210526315789433e-01
6.929736842105262973e-01
7.010263157894737196e-01
6.954342105263158214e-01
7.019999999999999574e-01
6.958815789473684621e-01
6.741842105263158302e-01
6.908026315789473903e-01
7.094605263157894859e-01
7.061578947368420955e-01
7.004736842105263595e-01
7.014342105263158267e-01
6.977236842105263293e-01
7.000131578947368372e-01
7.024210526315789460e-01
7.003289473684211064e-01
7.124736842105263701e-01
7.042368421052631611e-01
7.085526315789473228e-01
7.064473684210526017e-01
7.029868421052631877e-01
7.042763157894736947e-01
7.058947368421052415e-01
7.105526315789473246e-01
7.092894736842105807e-01
7.105526315789473246e-01
7.136578947368421577e-01
7.080131578947368443e-01
7.048552631578947070e-01
7.110131578947368469e-01
7.043947368421052957e-01
7.033815789473684132e-01
7.081842105263157494e-01
6.958552631578946990e-01
7.011710526315789727e-01
7.058421052631579373e-01
6.904736842105263506e-01
7.078026315789474054e-01
7.140657894736842648e-01
6.993947368421052913e-01
6.896973684210526701e-01
6.976710526315789140e-01
7.119210526315788989e-01
7.136184210526316241e-01
7.236578947368420556e-01
7.159868421052631993e-01
7.094342105263158338e-01
6.801315789473684204e-01
6.793815789473683919e-01
6.913552631578947505e-01
7.072368421052631637e-01
7.052894736842105772e-01
7.063815789473684159e-01
6.975263157894736610e-01
6.994605263157894770e-01
6.949605263157895285e-01
6.920131578947368300e-01
6.916447368421052566e-01
6.781710526315789522e-01
6.846184210526315983e-01
7.089473684210526594e-01
7.032236842105262786e-01
7.031052631578947887e-01
7.191052631578946919e-01
7.118684210526315947e-01
6.924078947368420556e-01
7.143026315789473557e-01
7.145000000000000240e-01
7.105921052631578583e-01
7.222763157894737107e-01
7.271184210526315805e-01
7.155000000000000249e-01
7.168684210526315992e-01
7.055000000000000160e-01
7.041184210526315601e-01
7.083157894736842319e-01
6.893026315789473335e-01
7.154078947368420760e-01
7.166315789473683973e-01
7.137763157894736477e-01
7.114210526315789540e-01
6.991842105263157414e-01
6.999868421052631851e-01
7.008684210526315850e-01
6.897236842105263221e-01
6.939605263157895276e-01
6.753026315789473211e-01
6.823684210526316241e-01
7.106315789473683919e-01
7.269342105263157938e-01
7.201315789473684559e-01
7.258552631578947256e-01
7.152105263157895187e-01
7.166710526315789309e-01
7.074210526315789505e-01
7.168947368421052513e-01
7.109078947368421275e-01
7.159078947368421320e-01
7.080657894736842595e-01
7.197500000000000009e-01
7.027631578947368673e-01
7.125789473684210895e-01
7.112631578947368194e-01
7.240921052631579258e-01
7.226447368421052841e-01
7.238421052631578423e-01
7.264736842105262715e-01
7.179736842105263195e-01
7.268421052631578450e-01
7.219473684210526709e-01
7.344473684210526265e-01
7.265921052631578725e-01
7.220789473684210424e-01
7.112894736842104715e-01
7.138552631578947150e-01
7.211184210526315752e-01
