1.246052631578947398e-02
2.255263157894736928e-02
2.815789473684210398e-02
3.447368421052631610e-02
3.993421052631578733e-02
4.624999999999999944e-02
5.009210526315789613e-02
5.465789473684210670e-02
5.821052631578947645e-02
6.198684210526315963e-02
6.407894736842105476e-02
6.635526315789473661e-02
6.853947368421052511e-02
7.155263157894736770e-02
7.302631578947368918e-02
7.532894736842105088e-02
7.724999999999999922e-02
8.102631578947368240e-02
8.415789473684211208e-02
8.678947368421052744e-02
9.086842105263158442e-02
9.497368421052632126e-02
1.002500000000000058e-01
1.039605263157894754e-01
1.100921052631578939e-01
1.165394736842105261e-01
1.219210526315789439e-01
1.282894736842105365e-01
1.349210526315789416e-01
1.428026315789473755e-01
1.494736842105263142e-01
1.577236842105263215e-01
1.659078947368421153e-01
1.737368421052631617e-01
1.825263157894736754e-01
1.917631578947368298e-01
2.011578947368421189e-01
2.102499999999999925e-01
2.145526315789473559e-01
2.242368421052631511e-01
2.369868421052631624e-01
2.465789473684210642e-01
2.526447368421052553e-01
2.605789473684210766e-01
2.692763157894736969e-01
2.814736842105263204e-01
2.887763157894736588e-01
2.984999999999999876e-01
3.020394736842105243e-01
3.103815789473683973e-01
3.183815789473684044e-01
3.240263157894736623e-01
3.344605263157894859e-01
3.404342105263157836e-01
3.525789473684210473e-01
3.550263157894736898e-01
3.616842105263157747e-01
3.682105263157894881e-01
3.779473684210526430e-01
3.845263157894736605e-01
3.901315789473684403e-01
3.951973684210526305e-01
4.032631578947368234e-01
4.116447368421052855e-01
4.142500000000000071e-01
4.199736842105263324e-01
4.243026315789473757e-01
4.308684210526315672e-01
4.344605263157894637e-01
4.383026315789473881e-01
4.448289473684210460e-01
4.515789473684210797e-01
4.601578947368420991e-01
4.631578947368421018e-01
4.640789473684210353e-01
4.633552631578947145e-01
4.696578947368421075e-01
4.698684210526316019e-01
4.818947368421052646e-01
4.855657894736842284e-01
4.939342105263158089e-01
4.997500000000000275e-01
5.056447368421053135e-01
5.067236842105262706e-01
5.113815789473684648e-01
5.170789473684210824e-01
5.155657894736842550e-01
5.219210526315789522e-01
5.149473684210525981e-01
5.246710526315789824e-01
5.322236842105263488e-01
5.388947368421053152e-01
5.409078947368420875e-01
5.429868421052631566e-01
5.507236842105263097e-01
5.542236842105263683e-01
5.565657894736841804e-01
5.583815789473683955e-01
5.664210526315789362e-01
5.694342105263158205e-01
5.696447368421052593e-01
5.644473684210525866e-01
5.615263157894736512e-01
5.722894736842105701e-01
5.763947368421052930e-01
5.807368421052631069e-01
5.847368421052631104e-01
5.913947368421053064e-01
5.897236842105263444e-01
5.887894736842105292e-01
5.953552631578947762e-01
6.002236842105262982e-01
6.006578947368420573e-01
6.047368421052631282e-01
6.067236842105263595e-01
6.096973684210525990e-01
6.138289473684210851e-01
6.145789473684210025e-01
6.128026315789473211e-01
6.086710526315789460e-01
6.149342105263158054e-01
6.149736842105263390e-01
6.242894736842105052e-01
6.306052631578947798e-01
6.356052631578947842e-01
6.304473684210526452e-01
6.318026315789473379e-01
6.404210526315790020e-01
6.433289473684210558e-01
6.432236842105263364e-01
6.478421052631578858e-01
6.478684210526315379e-01
6.503552631578947141e-01
6.508026315789473548e-01
6.492894736842105274e-01
6.492894736842105274e-01
6.568552631578947754e-01
6.590657894736842159e-01
6.610921052631578698e-01
6.626842105263157645e-01
6.631973684210525910e-01
6.663026315789473131e-01
6.686710526315789993e-01
6.687368421052631851e-01
6.581315789473684008e-01
6.531710526315789300e-01
6.646447368421052326e-01
6.770657894736842319e-01
6.700263157894736921e-01
6.633157894736841920e-01
6.617631578947368309e-01
6.795263157894736450e-01
6.851315789473684248e-01
6.892236842105262662e-01
6.900789473684210140e-01
6.885789473684210682e-01
6.983421052631578752e-01
6.960921052631579009e-01
6.881447368421053090e-01
6.939868421052631797e-01
6.986052631578947292e-01
6.865131578947368807e-01
6.837631578947368505e-01
6.858815789473684532e-01
6.955131578947368887e-01
6.954210526315789398e-01
6.997894736842105168e-01
7.079078947368421248e-01
7.131710526315789833e-01
7.130657894736842639e-01
7.171973684210526390e-01
7.184342105263158418e-01
7.175921052631578645e-01
7.192894736842104786e-01
7.188684210526316010e-01
7.230131578947368576e-01
7.227105263157894699e-01
7.244736842105262697e-01
7.276710526315789407e-01
7.258421052631578441e-01
7.306315789473684097e-01
7.305921052631578760e-01
7.313552631578947860e-01
7.319210526315789167e-01
7.221184210526315761e-01
7.326710526315789451e-01
7.350921052631579355e-01
7.326710526315789451e-01
7.358421052631578529e-01
7.351578947368421213e-01
7.377105263157894832e-01
7.392894736842104964e-01
7.391184210526315912e-01
7.432763157894737294e-01
7.449868421052631140e-01
7.495526315789473593e-01
7.514078947368421080e-01
7.512631578947368549e-01
7.526447368421053108e-01
7.508947368421052815e-01
7.467500000000000249e-01
7.482631578947368522e-01
7.496578947368420787e-01
7.506710526315789611e-01
7.462499999999999689e-01
7.491052631578947185e-01
7.595921052631579018e-01
7.582499999999999796e-01
7.628157894736842248e-01
7.628684210526315290e-01
7.607894736842105710e-01
7.670263157894736672e-01
7.667500000000000426e-01
7.691052631578947363e-01
7.643026315789474001e-01
7.607631578947368078e-01
7.680131578947368975e-01
7.705657894736842595e-01
7.699868421052631362e-01
7.719736842105263674e-01
7.719342105263158338e-01
7.751315789473683937e-01
7.737631578947368194e-01
7.785657894736841556e-01
7.781315789473683964e-01
7.758157894736842364e-01
7.763552631578947150e-01
7.774473684210526647e-01
7.817236842105262928e-01
7.842500000000000027e-01
7.730131578947367910e-01
7.718421052631578849e-01
7.826315789473684559e-01
7.843552631578947221e-01
7.778026315789473566e-01
7.820789473684210957e-01
7.731052631578947398e-01
7.821842105263158151e-01
7.864210526315789096e-01
7.927105263157894210e-01
7.947894736842104901e-01
7.957105263157894237e-01
7.947499999999999565e-01
7.905394736842105141e-01
7.956842105263157716e-01
7.926315789473684648e-01
7.818026315789473601e-01
7.725263157894737276e-01
7.931973684210525954e-01
7.938289473684210229e-01
7.973157894736842000e-01
7.922368421052631282e-01
7.988157894736842568e-01
8.011447368421052984e-01
7.970131578947368123e-01
7.970394736842105754e-01
8.070921052631578885e-01
8.012368421052631362e-01
8.062631578947367927e-01
8.022500000000000187e-01
8.121842105263158418e-01
8.098815789473684523e-01
8.056052631578947132e-01
8.117499999999999716e-01
8.143552631578947487e-01
8.113947368421052797e-01
8.078026315789473832e-01
8.067368421052631966e-01
8.116710526315789043e-01
8.098684210526315708e-01
8.081052631578947709e-01
8.154342105263158169e-01
8.219078947368421151e-01
8.223684210526315264e-01
8.162894736842105647e-01
8.138289473684210407e-01
8.032894736842105532e-01
8.136052631578947203e-01
8.201578947368420858e-01
8.224736842105263568e-01
8.231578947368420884e-01
8.170789473684210158e-01
8.251973684210526239e-01
8.223684210526315264e-01
8.287105263157894530e-01
8.182500000000000329e-01
8.232105263157895036e-01
8.292236842105262795e-01
8.247105263157894495e-01
8.260526315789473717e-01
8.280394736842104919e-01
8.238552631578947016e-01
8.277763157894736379e-01
8.314342105263158311e-01
8.331578947368420973e-01
8.277236842105263337e-01
8.229999999999999538e-01
8.229999999999999538e-01
8.335394736842105523e-01
8.351184210526315654e-01
8.350657894736842612e-01
8.318552631578947087e-01
8.301184210526315610e-01
8.305789473684210833e-01
8.390657894736842648e-01
8.409210526315789025e-01
8.412894736842104759e-01
8.364736842105263692e-01
8.238026315789473975e-01
8.364736842105263692e-01
8.423289473684210105e-01
8.367631578947368753e-01
8.391052631578946874e-01
8.304605263157894823e-01
8.264868421052631309e-01
8.393421052631578894e-01
8.425921052631578645e-01
8.449078947368421355e-01
8.475526315789473353e-01
8.436315789473683990e-01
8.455000000000000293e-01
8.510921052631579276e-01
8.487105263157894708e-01
8.440394736842105061e-01
8.478026315789474188e-01
8.497368421052631238e-01
8.508552631578947256e-01
8.466184210526316312e-01
8.488947368421052575e-01
8.516578947368420582e-01
8.506184210526315237e-01
8.446052631578947478e-01
8.537894736842105425e-01
8.487894736842105381e-01
8.561973684210526514e-01
8.564605263157895054e-01
8.583026315789473726e-01
8.570263157894736361e-01
8.508684210526316072e-01
8.559736842105263310e-01
8.574605263157895063e-01
8.445921052631578663e-01
8.356447368421052735e-01
8.492631578947368309e-01
8.618684210526316170e-01
8.637236842105263657e-01
8.593552631578947887e-01
8.539868421052632108e-01
8.601052631578947061e-01
8.600263157894736388e-01
8.652631578947368451e-01
8.670789473684210602e-01
8.603552631578947896e-01
8.665131578947368185e-01
8.510526315789473939e-01
8.489999999999999769e-01
8.569078947368421462e-01
8.615789473684209998e-01
8.641447368421052433e-01
8.715657894736842382e-01
8.677368421052631398e-01
8.576710526315789451e-01
8.556184210526315281e-01
8.657763157894736716e-01
8.682499999999999662e-01
8.641184210526315912e-01
8.650131578947368727e-01
8.676315789473684204e-01
8.728421052631578636e-01
8.736184210526315441e-01
8.697105263157894894e-01
8.702631578947368496e-01
8.739605263157894655e-01
8.685394736842104724e-01
8.664736842105262848e-01
8.660921052631579409e-01
8.613157894736842568e-01
8.750263157894736521e-01
8.688026315789473264e-01
8.658684210526316205e-01
8.726447368421053064e-01
8.718026315789473291e-01
8.743289473684210389e-01
8.773947368421052273e-01
8.801973684210526727e-01
8.770526315789474170e-01
8.771447368421052548e-01
8.823552631578946981e-01
8.779473684210525875e-01
8.828947368421052877e-01
8.798815789473684035e-01
8.729210526315789309e-01
8.783157894736841609e-01
8.820789473684210735e-01
8.800394736842105381e-01
8.793421052631579249e-01
8.805394736842104830e-01
8.849078947368420600e-01
8.840526315789474232e-01
8.781973684210526709e-01
8.849342105263158231e-01
8.746315789473684266e-01
8.815394736842104839e-01
8.838026315789473397e-01
8.887894736842105736e-01
8.824605263157895285e-01
8.827368421052631531e-01
8.743552631578946910e-01
8.790921052631578414e-01
8.807894736842105665e-01
8.829473684210525919e-01
8.886973684210526248e-01
8.802105263157894433e-01
8.867236842105262751e-01
8.869868421052631291e-01
8.924736842105263079e-01
8.897763157894736930e-01
8.917500000000000426e-01
8.924999999999999600e-01
8.850789473684210762e-01
8.891447368421052655e-01
8.835394736842104857e-01
8.942236842105263372e-01
8.974605263157894308e-01
8.944342105263157761e-01
8.927763157894736956e-01
8.863552631578947016e-01
8.927894736842105772e-01
8.954210526315788954e-01
8.955921052631579116e-01
8.922499999999999876e-01
8.960789473684210860e-01
8.960000000000000187e-01
8.951578947368421524e-01
8.880131578947368931e-01
8.913947368421052397e-01
8.887105263157895063e-01
8.967500000000000471e-01
8.987631578947368194e-01
9.033026315789474125e-01
8.949210526315789505e-01
8.952368421052631087e-01
8.881447368421052646e-01
8.810263157894736574e-01
8.934473684210526567e-01
8.759473684210525857e-01
8.729999999999999982e-01
8.872236842105263310e-01
8.962105263157894575e-01
9.018289473684210078e-01
9.058815789473684266e-01
8.951447368421052708e-01
8.883289473684210513e-01
8.942631578947368709e-01
8.981052631578947398e-01
9.050789473684210940e-01
9.019473684210526088e-01
9.013026315789474108e-01
9.038815789473684248e-01
9.041710526315789309e-01
9.020394736842105576e-01
9.028552631578947718e-01
9.017763157894737036e-01
9.060263157894736796e-01
9.027236842105262893e-01
9.005131578947368487e-01
9.038684210526315432e-01
9.069473684210526132e-01
9.059342105263158418e-01
9.066184210526315734e-01
9.015263157894737311e-01
9.043157894736841840e-01
9.104605263157894424e-01
9.077368421052631753e-01
9.096052631578946945e-01
9.113289473684210718e-01
9.109210526315789647e-01
9.085657894736841600e-01
8.964868421052631930e-01
8.886052631578947869e-01
8.979078947368420716e-01
9.044473684210526665e-01
9.053026315789474143e-01
9.096710526315789913e-01
9.131973684210525910e-01
9.124736842105263257e-01
9.063421052631579489e-01
9.039736842105262626e-01
9.059868421052631460e-01
9.094473684210526709e-01
9.003552631578947141e-01
8.888421052631578778e-01
9.079078947368420804e-01
9.085263157894737374e-01
9.100921052631578689e-01
9.169473684210526221e-01
9.163289473684210762e-01
9.160263157894736885e-01
9.169605263157895036e-01
9.000000000000000222e-01
8.975789473684210318e-01
9.052894736842105328e-01
9.133289473684210735e-01
9.189210526315789718e-01
9.189078947368420902e-01
9.168289473684210211e-01
9.185526315789473983e-01
9.195789473684210513e-01
9.180263157894736903e-01
9.193947368421052646e-01
9.191973684210525963e-01
9.171578947368420609e-01
9.124605263157894441e-01
9.095131578947368567e-01
9.148552631578947825e-01
9.132763157894736583e-01
9.138289473684210185e-01
9.150263157894736876e-01
9.185131578947368647e-01
9.171315789473684088e-01
9.149605263157895019e-01
9.220789473684209980e-01
9.210789473684209971e-01
9.203289473684210797e-01
9.149078947368420867e-01
9.097499999999999476e-01
9.148289473684210193e-01
9.197763157894737196e-01
9.196184210526315850e-01
9.230657894736842284e-01
9.220394736842105754e-01
9.166710526315789975e-01
9.146447368421052326e-01
9.213684210526316143e-01
9.172763157894736619e-01
9.248026315789473761e-01
9.267631578947368443e-01
9.257368421052631913e-01
9.238026315789473752e-01
9.223026315789473184e-01
9.197763157894737196e-01
9.245657894736841742e-01
9.263026315789473220e-01
9.257236842105263097e-01
9.292105263157894868e-01
9.283947368421052726e-01
9.294868421052631113e-01
9.282236842105263674e-01
9.301842105263158356e-01
9.287368421052631939e-01
9.263289473684210851e-01
9.214473684210526816e-01
9.150789473684211028e-01
9.214868421052631042e-01
9.307368421052631957e-01
9.312763157894736743e-01
9.320394736842104733e-01
9.308157894736842630e-01
9.268421052631579116e-01
9.248815789473684434e-01
9.238947368421052131e-01
9.216578947368421204e-01
9.276315789473684736e-01
9.270657894736842319e-01
9.292105263157894868e-01
9.268815789473684452e-01
9.311184210526315397e-01
9.284078947368421542e-01
9.301184210526315388e-01
9.272631578947367892e-01
9.295921052631579418e-01
9.330789473684210078e-01
9.332500000000000240e-01
9.326315789473683671e-01
9.358815789473684532e-01
9.290921052631578858e-01
9.291184210526315379e-01
9.310526315789473539e-01
9.368947368421052246e-01
9.323815789473683946e-01
9.257105263157894282e-01
9.331052631578947709e-01
9.340000000000000524e-01
9.303157894736842071e-01
9.303947368421052744e-01
9.278947368421052166e-01
9.266973684210526585e-01
9.363026315789473308e-01
9.311184210526315397e-01
9.375000000000000000e-01
9.331710526315789567e-01
9.369868421052631735e-01
9.358421052631579196e-01
9.316052631578947141e-01
9.382631578947367990e-01
9.362236842105262635e-01
9.290131578947368185e-01
9.362368421052631451e-01
9.365131578947368807e-01
9.383684210526316294e-01
9.413684210526316321e-01
9.379342105263157592e-01
9.378026315789473877e-01
9.335789473684210638e-01
9.322105263157894894e-01
9.437236842105263257e-01
9.397236842105263221e-01
9.405394736842105363e-01
9.419868421052631779e-01
9.397894736842105079e-01
9.373157894736842133e-01
9.335263157894736485e-01
9.367236842105263195e-01
9.396973684210526701e-01
9.398421052631579231e-01
9.399078947368421089e-01
9.334473684210525812e-01
9.336315789473683679e-01
9.386578947368421355e-01
9.389868421052631753e-01
9.435921052631578432e-01
9.423684210526316329e-01
9.433421052631578707e-01
9.416052631578947230e-01
9.434736842105263532e-01
9.430526315789473646e-01
9.437236842105263257e-01
9.434473684210525901e-01
9.450263157894737143e-01
9.438552631578946972e-01
9.470526315789473681e-01
9.438157894736841635e-01
9.416842105263157903e-01
9.442631578947368043e-01
9.465657894736841937e-01
9.490526315789473699e-01
9.451447368421053152e-01
9.449736842105262991e-01
9.476052631578947283e-01
9.485131578947368913e-01
9.465921052631578458e-01
9.420131578947368300e-01
9.411315789473684301e-01
9.386184210526316019e-01
9.419342105263157627e-01
9.443947368421052868e-01
9.480657894736842506e-01
9.364605263157894655e-01
9.395657894736841875e-01
9.455657894736841929e-01
9.456184210526316081e-01
9.434078947368420565e-01
9.441973684210526185e-01
9.485657894736841955e-01
9.507631578947368656e-01
9.454342105263158214e-01
9.479999999999999538e-01
9.482763157894736894e-01
9.430526315789473646e-01
9.441973684210526185e-01
9.435394736842105390e-01
9.283289473684210868e-01
9.235131578947368691e-01
9.401315789473684292e-01
9.442368421052631522e-01
9.440263157894737134e-01
9.469210526315789966e-01
9.482894736842105710e-01
9.483289473684211046e-01
9.451052631578947816e-01
9.502500000000000391e-01
9.483815789473684088e-01
9.481447368421053179e-01
9.462368421052631540e-01
9.488552631578947016e-01
9.461842105263157388e-01
9.437763157894736299e-01
9.463815789473684070e-01
9.501447368421052087e-01
9.544473684210525999e-01
9.529210526315790020e-01
9.448157894736841644e-01
9.486973684210526780e-01
9.502894736842105727e-01
9.501315789473684381e-01
9.340526315789473566e-01
9.404605263157894690e-01
9.456315789473683786e-01
9.460131578947368336e-01
9.513026315789473442e-01
9.552236842105262804e-01
9.521184210526315583e-01
9.564473684210526017e-01
9.559999999999999609e-01
9.510657894736842533e-01
9.501052631578947860e-01
9.429999999999999494e-01
9.366973684210526674e-01
9.485000000000000098e-01
9.502368421052631575e-01
9.521710526315789735e-01
9.500657894736842524e-01
9.541973684210526274e-01
9.576447368421052708e-01
9.535394736842105479e-01
9.567368421052631078e-01
9.542236842105262795e-01
9.556447368421052690e-01
9.584078947368420698e-01
9.570657894736842586e-01
9.573026315789473495e-01
9.563684210526315344e-01
9.587499999999999911e-01
9.561710526315789771e-01
9.560789473684210282e-01
9.575921052631578556e-01
9.595657894736842053e-01
9.587894736842105248e-01
9.556447368421052690e-01
9.573947368421052984e-01
9.601973684210526327e-01
9.566052631578947363e-01
9.532894736842105754e-01
9.532894736842105754e-01
9.582236842105262831e-01
9.561710526315789771e-01
9.486973684210526780e-01
9.543026315789473468e-01
9.558947368421052415e-01
9.592236842105262840e-01
9.584078947368420698e-01
9.541842105263157459e-01
9.615789473684210886e-01
9.608684210526315939e-01
9.578815789473684728e-01
9.594868421052631380e-01
9.618421052631579427e-01
9.600921052631579133e-01
9.536578947368421488e-01
9.568289473684210567e-01
9.543026315789473468e-01
9.577894736842105239e-01
9.584342105263158329e-01
9.531052631578947887e-01
9.572105263157895116e-01
9.565657894736842026e-01
9.615000000000000213e-01
9.575526315789473220e-01
9.592236842105262840e-01
9.591578947368420982e-01
9.579736842105263106e-01
9.581052631578946821e-01
9.613289473684210051e-01
9.588684210526315921e-01
9.635263157894736752e-01
9.634210526315789558e-01
9.617631578947368753e-01
9.594473684210526043e-01
9.624736842105263701e-01
9.599868421052631939e-01
9.567105263157894557e-01
9.602236842105262848e-01
9.623815789473684212e-01
9.617236842105263417e-01
9.638947368421052486e-01
9.635921052631578609e-01
9.637631578947368771e-01
9.488684210526315832e-01
9.463947368421052886e-01
9.472894736842105701e-01
9.461710526315789682e-01
9.412500000000000311e-01
9.554605263157894823e-01
9.606973684210525777e-01
9.637105263157894619e-01
9.643026315789473557e-01
9.675789473684210940e-01
9.650526315789473841e-01
9.658815789473683688e-01
9.613815789473684204e-01
9.627763157894736468e-01
9.646315789473683955e-01
9.626315789473683937e-01
9.672894736842104768e-01
9.643289473684210078e-01
9.593947368421053001e-01
9.555131578947368975e-01
9.608684210526315939e-01
9.651447368421052220e-01
9.663684210526315432e-01
9.693421052631578938e-01
9.685263157894736796e-01
9.647105263157894628e-01
9.565526315789473211e-01
9.605657894736842062e-01
9.624342105263158365e-01
9.648552631578947159e-01
9.690526315789473877e-01
9.680526315789473868e-01
9.648815789473683679e-01
9.579736842105263106e-01
9.657894736842105310e-01
9.669473684210526665e-01
9.661447368421052229e-01
9.675394736842105603e-01
9.699473684210526692e-01
9.694868421052631469e-01
9.630789473684210344e-01
9.669210526315789034e-01
9.686052631578947469e-01
9.686315789473683990e-01
9.697236842105263488e-01
9.653157894736842382e-01
9.674868421052631451e-01
9.677105263157894655e-01
9.679210526315789043e-01
9.703552631578947762e-01
9.706973684210525866e-01
9.705394736842105630e-01
9.673552631578947736e-01
9.670394736842105043e-01
9.678157894736841849e-01
9.679078947368421337e-01
9.693421052631578938e-01
9.704473684210526141e-01
9.689078947368421346e-01
9.696578947368420520e-01
9.705263157894736814e-01
9.698947368421052539e-01
9.676447368421052797e-01
9.702499999999999458e-01
9.681710526315789878e-01
9.665131578947367963e-01
9.663684210526315432e-01
9.669999999999999707e-01
9.700394736842105070e-01
9.643421052631578894e-01
9.717894736842105363e-01
9.718157894736841884e-01
9.695789473684210957e-01
9.704868421052631478e-01
9.657894736842105310e-01
9.689078947368421346e-01
9.616052631578947407e-01
9.666184210526316267e-01
9.688552631578947194e-01
9.677499999999999991e-01
9.684210526315789602e-01
9.571578947368420964e-01
9.637236842105263435e-01
9.725263157894736832e-01
9.735394736842105656e-01
9.729605263157894424e-01
9.731052631578946954e-01
9.724736842105262680e-01
9.736447368421052850e-01
9.730131578947368576e-01
9.725131578947368016e-01
9.697763157894736530e-01
9.687763157894736521e-01
9.708947368421052548e-01
9.717500000000000027e-01
9.752631578947368318e-01
9.740526315789473921e-01
9.732236842105262964e-01
9.746578947368420565e-01
9.723552631578947780e-01
9.745000000000000329e-01
9.740526315789473921e-01
9.745131578947368034e-01
9.722368421052631771e-01
9.770394736842105132e-01
9.759999999999999787e-01
9.757236842105263541e-01
9.771842105263157663e-01
9.739868421052632064e-01
9.685263157894736796e-01
9.704210526315789620e-01
9.746842105263158196e-01
9.767500000000000071e-01
9.753552631578947807e-01
9.769078947368421417e-01
9.783026315789473681e-01
9.733815789473684310e-01
9.765263157894736867e-01
9.750789473684210451e-01
9.738684210526316054e-01
9.743552631578947798e-01
9.756447368421052868e-01
9.773157894736842488e-01
9.772499999999999520e-01
9.759342105263157929e-01
9.742499999999999494e-01
9.750526315789473930e-01
9.704605263157894957e-01
9.691710526315789886e-01
9.745394736842105665e-01
9.726710526315789362e-01
9.736710526315789371e-01
9.735921052631578698e-01
9.747236842105263532e-01
9.769605263157894459e-01
9.745526315789473371e-01
9.765921052631578725e-01
9.778026315789474232e-01
9.780789473684210478e-01
9.772236842105262999e-01
9.767763157894736592e-01
9.783947368421053170e-01
9.774605263157895019e-01
9.759999999999999787e-01
9.716973684210525875e-01
9.770526315789473948e-01
9.742105263157895267e-01
9.773157894736842488e-01
9.777368421052631264e-01
9.696184210526316294e-01
9.716578947368420538e-01
9.669473684210526665e-01
9.753815789473684328e-01
9.746184210526316338e-01
9.774736842105262724e-01
9.758157894736841920e-01
9.790263157894736334e-01
9.790921052631579302e-01
9.796447368421052904e-01
9.773421052631579009e-01
9.776973684210525928e-01
9.770394736842105132e-01
9.772105263157894184e-01
9.776052631578947549e-01
9.805526315789473424e-01
9.798552631578947292e-01
9.746315789473684044e-01
9.652631578947368229e-01
9.675394736842105603e-01
9.732236842105262964e-01
9.773157894736842488e-01
9.771315789473684621e-01
9.811052631578947025e-01
9.778289473684210753e-01
9.796842105263158240e-01
9.769605263157894459e-01
9.659736842105263177e-01
9.687105263157894663e-01
9.754473684210526185e-01
9.795657894736842231e-01
9.784342105263157396e-01
9.736842105263158187e-01
9.788289473684210762e-01
9.780394736842105141e-01
9.753552631578947807e-01
9.809868421052632126e-01
9.808552631578947301e-01
9.815526315789473433e-01
9.795657894736842231e-01
9.790921052631579302e-01
9.799736842105263301e-01
9.816184210526315290e-01
9.830263157894736370e-01
9.828815789473683839e-01
9.817763157894736636e-01
9.825131578947368105e-01
9.731973684210526443e-01
9.782236842105263008e-01
9.788157894736841946e-01
9.804078947368420893e-01
9.786315789473684079e-01
9.805131578947368087e-01
9.644868421052631424e-01
9.663684210526315432e-01
9.677105263157894655e-01
9.773552631578947825e-01
9.804210526315789709e-01
9.828947368421052655e-01
9.830526315789474001e-01
9.811052631578947025e-01
9.815263157894736912e-01
9.811973684210526514e-01
9.829736842105263328e-01
9.826973684210525972e-01
9.774868421052631540e-01
9.816973684210525963e-01
9.814605263157895054e-01
9.801842105263157690e-01
9.806578947368420618e-01
9.783026315789473681e-01
9.779078947368421426e-01
9.819868421052631025e-01
9.814736842105262760e-01
9.808157894736841964e-01
9.824473684210526248e-01
9.801842105263157690e-01
9.795263157894736894e-01
9.826842105263158267e-01
9.824605263157895063e-01
9.801315789473684648e-01
9.794473684210526221e-01
9.834078947368420920e-01
9.778552631578947274e-01
9.798026315789473140e-01
