5.263157894736841987e-03
5.368421052631578740e-03
7.157894736842105275e-03
8.684210526315789061e-03
1.173684210526315837e-02
1.831578947368420890e-02
2.526315789473684154e-02
3.994736842105263419e-02
5.321052631578947201e-02
5.889473684210526361e-02
6.115789473684210553e-02
6.268421052631578672e-02
6.321052631578946701e-02
6.552631578947368252e-02
6.778947368421052444e-02
6.994736842105263308e-02
7.310526315789474261e-02
7.478947368421053066e-02
7.926315789473684092e-02
8.100000000000000255e-02
8.410526315789473850e-02
8.794736842105263519e-02
9.378947368421051978e-02
9.473684210526316096e-02
1.008421052631578996e-01
1.011578947368420994e-01
1.074210526315789449e-01
1.153157894736842048e-01
1.193684210526315820e-01
1.255263157894736803e-01
1.333684210526315805e-01
1.356315789473684086e-01
1.451052631578947372e-01
1.498947368421052750e-01
1.593684210526315759e-01
1.726315789473684137e-01
1.799999999999999933e-01
1.848947368421052506e-01
1.817894736842105285e-01
2.002105263157894777e-01
2.107894736842105265e-01
2.147894736842105301e-01
2.213157894736842157e-01
2.253684210526315790e-01
2.413684210526315654e-01
2.494210526315789600e-01
2.520526315789473615e-01
2.556315789473684319e-01
2.695263157894736694e-01
2.748947368421052473e-01
2.826315789473684004e-01
2.907894736842105421e-01
2.932105263157894770e-01
3.024736842105263390e-01
3.133157894736842142e-01
3.195263157894736583e-01
3.217894736842105141e-01
3.323684210526315908e-01
3.388947368421052486e-01
3.406842105263158116e-01
3.501578947368421124e-01
3.564210526315789718e-01
3.625789473684210562e-01
3.677894736842104995e-01
3.687894736842105003e-01
3.796315789473684310e-01
3.795263157894737116e-01
3.956315789473684452e-01
3.792105263157894979e-01
3.812105263157894997e-01
4.020526315789473837e-01
4.029473684210526097e-01
4.137368421052631806e-01
4.177368421052631842e-01
4.168421052631579027e-01
4.173684210526315552e-01
3.888947368421052375e-01
4.296315789473684199e-01
4.298421052631579142e-01
4.361052631578947181e-01
4.440526315789473655e-01
4.474736842105263013e-01
4.475789473684210762e-01
4.528421052631578791e-01
4.623157894736842355e-01
4.661052631578947447e-01
4.617368421052631677e-01
4.526315789473684403e-01
4.468947368421052890e-01
4.676315789473683981e-01
4.782631578947368345e-01
4.816315789473684106e-01
4.832631578947368389e-01
4.865789473684210553e-01
4.955263157894737036e-01
4.967894736842105030e-01
5.020526315789474170e-01
5.044736842105262964e-01
5.075789473684210185e-01
5.116315789473684372e-01
4.912631578947368460e-01
4.946842105263157818e-01
5.080526315789474223e-01
5.191052631578947363e-01
5.203157894736841760e-01
5.063157894736841635e-01
5.230000000000000204e-01
5.268421052631578894e-01
4.922105263157894872e-01
5.325789473684210407e-01
5.406842105263157672e-01
5.381052631578947532e-01
5.191052631578947363e-01
5.425263157894736343e-01
5.302105263157894655e-01
5.428421052631579036e-01
5.443684210526316125e-01
5.538947368421052175e-01
5.178421052631578814e-01
5.483157894736842008e-01
5.443684210526316125e-01
5.452105263157894788e-01
5.590000000000000524e-01
5.642631578947367998e-01
5.632631578947367990e-01
5.603157894736842115e-01
5.622631578947367981e-01
5.540526315789473522e-01
5.610000000000000542e-01
5.757368421052631025e-01
5.774210526315789460e-01
5.704736842105263550e-01
5.789999999999999591e-01
5.670526315789473637e-01
5.757894736842105177e-01
5.845263157894736716e-01
5.783157894736842275e-01
5.900526315789473841e-01
5.891578947368421026e-01
5.820526315789473770e-01
5.782105263157895081e-01
5.943157894736842417e-01
5.910526315789473850e-01
5.909999999999999698e-01
5.937368421052631184e-01
5.419473684210526221e-01
5.971578947368421098e-01
5.911052631578946892e-01
5.654210526315789354e-01
5.582105263157894903e-01
6.018421052631578450e-01
6.086315789473684124e-01
6.108947368421052682e-01
6.107894736842105488e-01
6.147894736842105523e-01
6.131578947368421240e-01
6.154210526315789798e-01
5.985789473684210993e-01
6.157894736842105532e-01
6.189473684210525795e-01
6.162631578947368460e-01
5.928421052631579480e-01
6.007368421052631247e-01
6.002631578947368318e-01
5.899473684210526647e-01
5.791578947368420938e-01
6.181578947368421284e-01
6.221052631578947167e-01
6.226842105263158400e-01
6.273684210526315752e-01
6.335789473684210193e-01
6.295263157894737116e-01
6.350526315789473131e-01
6.334210526315789958e-01
6.312105263157894441e-01
6.425263157894737232e-01
6.406842105263157450e-01
6.417894736842105763e-01
6.375789473684210229e-01
6.358947368421052904e-01
6.359473684210525946e-01
6.435789473684210282e-01
6.492631578947368753e-01
6.043684210526315548e-01
6.475263157894737276e-01
6.450526315789473220e-01
6.423684210526315885e-01
6.544736842105263186e-01
6.467368421052631655e-01
6.474736842105263124e-01
6.380526315789473157e-01
6.533157894736841831e-01
6.331578947368421417e-01
6.548421052631578920e-01
6.411052631578947336e-01
6.527368421052631708e-01
6.484736842105263133e-01
6.611578947368420556e-01
6.369473684210525954e-01
6.514736842105263159e-01
6.465789473684210309e-01
6.425263157894737232e-01
6.579473684210526141e-01
6.393157894736841707e-01
6.348947368421052895e-01
6.604210526315789087e-01
6.610526315789473362e-01
6.636842105263157654e-01
6.641052631578947540e-01
6.663157894736841946e-01
6.687368421052631851e-01
6.624210526315789105e-01
6.706842105263157716e-01
6.746315789473684710e-01
6.587894736842104804e-01
6.591052631578947496e-01
6.718421052631579071e-01
6.708947368421052104e-01
6.748421052631579098e-01
6.642105263157894735e-01
6.788947368421052175e-01
6.574736842105263213e-01
6.747894736842104946e-01
6.716842105263157725e-01
6.682631578947368922e-01
6.772631578947367892e-01
6.639473684210526194e-01
6.784736842105263399e-01
6.795263157894736450e-01
6.773684210526316196e-01
6.324736842105262991e-01
6.748421052631579098e-01
6.866842105263157858e-01
6.744210526315789211e-01
6.677368421052631842e-01
6.668421052631579027e-01
6.369473684210525954e-01
6.757894736842104955e-01
6.903157894736842159e-01
6.852105263157894921e-01
6.865789473684210664e-01
6.926842105263157912e-01
6.722105263157894806e-01
6.760000000000000453e-01
6.848421052631579187e-01
6.779473684210526319e-01
6.386842105263157432e-01
6.811578947368420733e-01
6.903684210526316312e-01
6.911052631578947780e-01
6.884736842105263488e-01
6.717368421052631877e-01
6.887894736842105070e-01
6.969999999999999529e-01
6.905263157894736548e-01
6.833157894736842097e-01
6.895263157894736539e-01
6.916842105263157903e-01
6.638947368421053152e-01
7.001578947368420902e-01
6.962631578947368061e-01
6.877368421052632019e-01
6.983684210526315272e-01
7.003157894736842248e-01
7.033684210526315317e-01
6.968421052631579293e-01
6.868947368421052246e-01
6.899999999999999467e-01
7.029473684210526541e-01
6.902631578947368007e-01
6.858947368421052238e-01
7.011052631578947869e-01
7.058947368421052415e-01
7.015263157894736645e-01
6.726315789473684692e-01
6.861052631578947736e-01
7.002631578947368096e-01
6.821052631578947700e-01
6.998947368421052362e-01
7.044210526315789478e-01
6.926315789473683759e-01
7.049999999999999600e-01
7.115789473684210886e-01
7.138421052631579444e-01
6.987368421052632117e-01
6.903157894736842159e-01
7.154736842105262618e-01
7.007894736842105177e-01
7.141052631578946874e-01
7.076842105263158045e-01
6.936842105263157920e-01
7.085789473684210860e-01
7.082105263157895125e-01
7.113684210526315388e-01
7.176842105263158134e-01
6.871052631578947745e-01
6.934210526315789380e-01
7.040526315789473744e-01
7.047894736842105212e-01
7.124210526315789549e-01
6.926315789473683759e-01
7.143684210526315415e-01
6.880526315789473601e-01
7.133157894736842364e-01
7.176842105263158134e-01
7.218947368421052557e-01
7.095789473684210868e-01
6.830526315789473557e-01
7.136842105263158098e-01
7.099999999999999645e-01
7.176842105263158134e-01
7.016842105263157992e-01
6.971578947368420875e-01
6.770526315789473504e-01
7.048421052631579364e-01
7.167368421052631167e-01
7.081052631578946821e-01
7.215789473684210975e-01
7.190526315789473877e-01
7.215263157894736823e-01
7.059473684210526567e-01
7.251052631578946972e-01
7.165263157894736779e-01
7.189473684210526683e-01
7.177368421052631176e-01
7.279999999999999805e-01
7.184210526315789602e-01
7.191578947368421071e-01
7.251052631578946972e-01
7.249473684210526736e-01
7.108421052631579418e-01
7.225789473684210984e-01
7.098421052631579409e-01
7.047368421052631060e-01
7.300526315789473975e-01
7.226842105263158178e-01
7.183157894736842408e-01
7.256315789473684053e-01
7.233157894736842453e-01
7.274736842105262724e-01
7.302105263157894210e-01
6.807894736842104999e-01
7.226315789473684026e-01
7.305263157894736903e-01
7.313157894736842524e-01
7.376315789473684159e-01
6.807368421052631957e-01
7.275789473684211028e-01
7.223157894736842444e-01
7.293157894736842506e-01
7.327894736842105461e-01
7.370526315789474037e-01
7.207368421052631202e-01
6.968421052631579293e-01
7.213684210526315477e-01
7.113157894736842346e-01
7.143157894736842373e-01
7.316315789473684106e-01
7.324736842105262768e-01
7.323157894736842533e-01
7.257894736842105399e-01
6.811052631578947691e-01
7.183684210526315450e-01
7.352631578947368407e-01
7.024210526315789460e-01
6.993684210526315281e-01
7.296842105263158240e-01
7.336842105263158276e-01
7.346842105263158285e-01
7.260526315789473939e-01
7.329473684210526807e-01
7.338947368421052664e-01
7.292631578947368354e-01
7.301052631578947016e-01
7.330526315789474001e-01
6.999473684210526514e-01
7.281052631578946999e-01
7.344210526315789744e-01
7.315789473684211064e-01
7.375789473684210007e-01
7.366315789473684150e-01
7.417894736842105541e-01
7.396842105263158329e-01
7.365789473684209998e-01
7.344736842105262786e-01
7.410526315789474072e-01
7.315263157894736912e-01
7.431052631578947132e-01
7.433157894736842630e-01
7.433157894736842630e-01
7.294210526315789700e-01
7.239999999999999769e-01
7.443157894736842639e-01
7.392105263157894290e-01
7.383157894736842586e-01
7.452631578947368496e-01
7.419999999999999929e-01
7.471052631578947167e-01
7.362631578947368416e-01
7.358421052631578529e-01
7.261052631578946981e-01
7.275789473684211028e-01
7.371052631578947079e-01
7.432105263157894326e-01
7.399999999999999911e-01
7.343684210526315592e-01
7.296842105263158240e-01
7.246842105263158196e-01
7.291052631578947008e-01
7.343157894736842550e-01
7.427894736842105550e-01
7.254736842105262706e-01
7.339473684210526816e-01
7.423157894736842621e-01
7.387894736842105514e-01
7.336842105263158276e-01
7.378947368421052699e-01
7.409473684210525768e-01
7.416315789473684195e-01
7.417368421052631389e-01
6.953157894736842204e-01
7.415789473684210042e-01
7.446315789473684221e-01
7.487894736842105603e-01
7.424736842105262857e-01
7.464210526315789851e-01
7.428421052631578592e-01
7.405263157894736992e-01
7.464210526315789851e-01
7.483684210526315717e-01
7.360526315789474028e-01
7.496842105263158418e-01
7.425789473684210051e-01
7.457368421052631424e-01
7.367894736842105496e-01
7.281052631578946999e-01
7.510526315789474161e-01
7.451578947368421302e-01
7.526842105263158444e-01
7.512105263157894397e-01
7.459473684210525812e-01
7.313684210526315566e-01
6.912631578947368016e-01
7.391052631578947096e-01
7.346842105263158285e-01
6.604210526315789087e-01
7.388947368421052708e-01
7.352105263157894255e-01
7.428421052631578592e-01
7.553684210526315779e-01
7.514210526315789895e-01
7.228421052631578414e-01
7.327368421052631309e-01
7.489999999999999991e-01
7.544210526315789922e-01
7.568421052631578716e-01
7.366315789473684150e-01
7.469473684210525821e-01
7.445789473684210069e-01
7.431052631578947132e-01
7.425789473684210051e-01
7.464736842105262893e-01
7.477368421052631442e-01
7.525263157894737098e-01
7.426315789473684204e-01
7.518421052631578672e-01
7.555789473684210167e-01
7.388421052631578556e-01
7.489473684210525839e-01
7.333684210526315583e-01
7.514736842105262937e-01
7.501052631578947194e-01
7.506315789473684275e-01
7.516315789473684283e-01
7.571578947368421408e-01
7.413157894736842612e-01
7.571052631578947256e-01
7.458947368421052770e-01
7.390526315789474054e-01
7.175789473684210940e-01
7.416315789473684195e-01
7.409473684210525768e-01
7.552105263157894433e-01
7.534210526315789913e-01
7.578421052631578725e-01
7.419999999999999929e-01
7.105263157894736725e-01
7.381578947368421240e-01
7.501052631578947194e-01
7.485263157894737063e-01
7.521052631578947212e-01
7.236315789473684035e-01
7.485263157894737063e-01
7.463684210526315699e-01
7.532105263157894415e-01
7.598421052631578743e-01
7.601052631578947283e-01
7.605263157894737169e-01
7.484210526315789869e-01
7.193684210526315459e-01
7.097894736842105257e-01
7.536842105263157343e-01
7.548421052631578698e-01
7.557368421052631513e-01
7.431578947368421284e-01
7.507368421052631469e-01
7.535789473684210149e-01
7.607368421052631557e-01
7.578421052631578725e-01
7.598421052631578743e-01
7.435263157894737018e-01
7.312631578947368372e-01
7.413157894736842612e-01
7.430526315789474090e-01
7.498421052631578654e-01
7.280526315789473957e-01
7.536315789473684301e-01
7.566315789473684328e-01
7.306842105263158249e-01
7.303157894736842515e-01
7.444736842105262875e-01
7.576842105263157379e-01
7.434210526315789824e-01
7.517894736842105630e-01
7.147368421052631149e-01
7.290526315789473966e-01
7.530526315789474179e-01
7.574210526315789949e-01
7.595263157894737160e-01
7.438421052631578601e-01
7.624736842105263035e-01
7.593157894736841662e-01
7.576842105263157379e-01
7.521052631578947212e-01
7.625789473684210229e-01
7.436842105263158365e-01
7.663684210526315876e-01
7.544736842105262964e-01
7.433684210526315672e-01
7.574210526315789949e-01
7.552631578947368585e-01
7.568421052631578716e-01
7.582105263157894459e-01
7.556842105263157361e-01
7.596842105263157396e-01
7.558421052631578707e-01
7.637368421052631584e-01
7.651578947368421479e-01
7.516842105263158436e-01
7.625789473684210229e-01
7.351578947368421213e-01
7.622105263157894495e-01
7.489473684210525839e-01
7.462631578947368505e-01
7.627894736842105727e-01
7.620000000000000107e-01
7.569473684210525910e-01
7.665263157894737223e-01
7.623157894736841689e-01
7.558947368421052859e-01
7.610526315789473140e-01
7.473157894736841556e-01
7.665789473684210265e-01
7.624210526315789993e-01
7.481578947368421328e-01
7.681052631578947354e-01
7.563157894736841635e-01
7.492631578947368531e-01
7.654210526315790020e-01
7.394210526315789789e-01
7.630526315789473157e-01
7.644736842105263053e-01
7.644736842105263053e-01
7.622105263157894495e-01
7.607894736842105710e-01
7.254736842105262706e-01
7.568421052631578716e-01
7.687368421052631628e-01
7.702105263157894566e-01
7.583684210526315805e-01
7.424210526315789815e-01
7.561052631578947247e-01
7.567368421052631522e-01
7.512631578947368549e-01
7.621052631578947301e-01
7.397894736842105523e-01
7.604210526315789975e-01
7.611578947368421444e-01
7.696315789473684443e-01
7.460526315789474117e-01
7.591578947368421426e-01
7.671052631578947345e-01
7.549473684210525892e-01
7.631052631578947310e-01
7.666842105263157459e-01
7.456842105263158382e-01
7.598421052631578743e-01
7.587894736842105692e-01
7.660000000000000142e-01
7.702105263157894566e-01
7.661052631578947336e-01
7.612631578947368638e-01
7.692631578947368709e-01
7.670526315789473193e-01
7.682105263157894548e-01
7.614736842105263026e-01
7.663157894736841724e-01
7.660526315789473184e-01
7.666842105263157459e-01
7.691578947368421515e-01
7.293684210526315548e-01
7.587894736842105692e-01
7.574736842105262991e-01
7.645263157894737205e-01
7.664736842105263070e-01
7.572105263157894450e-01
7.574736842105262991e-01
7.679473684210526008e-01
7.510000000000000009e-01
7.712631578947368727e-01
7.719473684210526043e-01
7.695263157894737249e-01
7.653157894736841715e-01
7.725263157894737276e-01
7.737368421052631673e-01
7.608421052631578752e-01
7.573157894736841644e-01
7.665263157894737223e-01
7.694736842105263097e-01
7.706315789473684452e-01
7.586842105263157388e-01
7.704210526315788954e-01
7.709473684210526034e-01
7.703157894736841760e-01
7.580526315789474223e-01
7.713684210526315921e-01
7.600000000000000089e-01
7.745263157894737294e-01
7.731578947368421550e-01
7.738947368421053019e-01
7.707894736842105798e-01
7.692631578947368709e-01
7.411052631578947114e-01
7.523157894736841600e-01
7.678947368421052966e-01
7.680000000000000160e-01
7.680000000000000160e-01
7.294210526315789700e-01
7.661578947368421488e-01
7.675263157894737232e-01
7.489999999999999991e-01
7.538947368421052841e-01
7.726842105263157512e-01
7.691052631578947363e-01
7.684736842105263088e-01
7.667894736842105763e-01
7.658947368421052948e-01
7.761052631578947425e-01
7.685789473684210282e-01
7.677368421052631620e-01
7.484736842105262911e-01
7.371578947368421231e-01
7.459473684210525812e-01
7.646842105263157441e-01
7.711052631578947381e-01
7.662631578947368682e-01
7.552105263157894433e-01
7.590000000000000080e-01
7.776842105263157556e-01
7.546842105263157352e-01
7.670526315789473193e-01
7.511578947368421355e-01
7.648421052631578787e-01
7.678947368421052966e-01
7.730526315789473246e-01
7.541052631578947230e-01
7.591052631578947274e-01
7.642105263157894512e-01
7.741578947368421559e-01
7.645789473684210247e-01
7.506315789473684275e-01
7.525263157894737098e-01
7.545263157894737116e-01
7.667368421052631611e-01
7.104210526315789531e-01
7.642105263157894512e-01
7.427894736842105550e-01
7.453684210526315690e-01
7.744736842105263142e-01
7.716842105263157503e-01
7.625789473684210229e-01
7.748947368421053028e-01
7.762105263157894619e-01
7.640526315789473166e-01
7.647368421052631593e-01
7.696842105263157485e-01
7.358421052631578529e-01
7.553684210526315779e-01
7.613157894736841680e-01
7.545263157894737116e-01
7.516842105263158436e-01
7.770526315789473282e-01
7.712631578947368727e-01
7.537368421052631495e-01
7.734736842105263133e-01
7.754736842105263150e-01
7.696842105263157485e-01
7.777894736842104750e-01
7.736842105263157521e-01
7.732631578947368745e-01
7.723157894736841778e-01
7.753157894736841804e-01
7.771578947368421586e-01
7.632631578947368656e-01
7.728421052631578858e-01
7.676315789473684426e-01
7.644736842105263053e-01
7.726842105263157512e-01
7.745789473684210336e-01
7.719473684210526043e-01
7.648947368421052939e-01
7.680526315789473202e-01
7.510000000000000009e-01
7.542631578947368576e-01
7.714210526315788963e-01
7.423684210526315663e-01
7.545263157894737116e-01
7.684736842105263088e-01
7.631578947368421462e-01
7.684736842105263088e-01
7.690000000000000169e-01
7.693157894736841751e-01
7.766315789473684505e-01
7.650526315789473175e-01
7.726842105263157512e-01
7.720526315789473237e-01
7.688947368421052975e-01
7.614210526315789984e-01
7.694736842105263097e-01
7.612105263157894486e-01
7.631052631578947310e-01
7.766315789473684505e-01
7.536842105263157343e-01
7.703157894736841760e-01
7.738947368421053019e-01
7.706315789473684452e-01
7.770000000000000240e-01
7.615789473684210220e-01
7.622631578947368647e-01
7.746315789473684488e-01
7.641052631578947318e-01
7.601052631578947283e-01
7.530526315789474179e-01
7.679473684210526008e-01
7.756842105263157539e-01
7.760526315789473273e-01
7.691052631578947363e-01
7.728421052631578858e-01
7.746315789473684488e-01
7.722105263157894584e-01
7.607368421052631557e-01
7.758947368421053037e-01
7.757894736842104733e-01
7.734210526315788981e-01
7.744736842105263142e-01
7.692105263157894557e-01
7.556842105263157361e-01
7.485263157894737063e-01
7.658947368421052948e-01
7.420526315789474081e-01
7.098421052631579409e-01
7.602631578947368629e-01
7.756315789473684497e-01
7.776315789473684514e-01
7.684210526315788936e-01
7.776315789473684514e-01
7.700526315789473220e-01
7.776315789473684514e-01
7.747894736842104724e-01
7.539473684210525883e-01
7.602631578947368629e-01
7.739473684210526061e-01
7.755789473684210344e-01
7.735263157894737285e-01
7.471052631578947167e-01
7.513684210526315743e-01
7.498947368421052806e-01
7.610526315789473140e-01
7.706842105263157494e-01
7.758947368421053037e-01
7.760000000000000231e-01
7.660000000000000142e-01
7.449473684210525803e-01
7.524736842105262946e-01
7.640526315789473166e-01
7.741052631578947407e-01
7.676315789473684426e-01
7.750000000000000222e-01
7.772631578947368780e-01
7.720000000000000195e-01
7.581578947368421417e-01
7.785789473684210371e-01
7.682631578947368700e-01
7.662105263157894530e-01
7.709473684210526034e-01
7.726315789473684470e-01
7.716315789473684461e-01
7.718421052631578849e-01
7.755789473684210344e-01
7.700526315789473220e-01
7.667894736842105763e-01
7.662105263157894530e-01
7.731578947368421550e-01
7.733157894736841786e-01
7.716842105263157503e-01
7.771052631578947434e-01
7.799473684210526114e-01
7.763157894736841813e-01
7.567894736842105674e-01
7.764736842105263159e-01
7.714210526315788963e-01
7.717368421052631655e-01
7.631052631578947310e-01
7.726315789473684470e-01
7.732105263157894592e-01
7.769473684210526088e-01
7.776315789473684514e-01
7.656842105263157450e-01
7.582631578947368611e-01
7.734736842105263133e-01
7.661578947368421488e-01
7.778947368421053055e-01
7.591578947368421426e-01
7.647894736842105745e-01
7.775789473684210362e-01
7.691052631578947363e-01
7.716315789473684461e-01
7.711052631578947381e-01
7.779473684210526097e-01
7.700526315789473220e-01
7.563684210526315788e-01
7.812105263157894663e-01
7.437894736842105559e-01
7.614210526315789984e-01
7.661578947368421488e-01
7.672105263157894539e-01
7.664736842105263070e-01
7.748421052631578876e-01
7.795263157894737338e-01
7.756842105263157539e-01
7.775263157894737320e-01
7.791052631578947452e-01
7.727368421052631664e-01
7.770526315789473282e-01
7.678947368421052966e-01
7.737894736842104715e-01
7.821578947368420520e-01
7.762631578947368771e-01
7.801578947368420502e-01
7.760000000000000231e-01
7.721052631578947389e-01
7.744736842105263142e-01
7.791052631578947452e-01
7.814736842105263204e-01
7.832105263157894681e-01
7.815789473684210398e-01
7.788421052631578911e-01
7.804736842105263195e-01
7.760526315789473273e-01
7.796315789473684532e-01
7.819473684210526132e-01
7.836315789473684568e-01
7.753157894736841804e-01
7.813684210526316010e-01
7.796315789473684532e-01
7.531052631578947221e-01
7.584210526315789958e-01
7.647368421052631593e-01
7.824210526315789060e-01
7.832105263157894681e-01
7.803157894736841849e-01
7.838947368421053108e-01
7.692105263157894557e-01
7.774736842105263168e-01
7.647894736842105745e-01
7.767894736842104741e-01
7.697368421052631637e-01
7.766315789473684505e-01
7.787894736842104759e-01
7.809473684210526123e-01
7.806842105263157583e-01
7.822105263157894672e-01
7.802105263157894655e-01
7.795263157894737338e-01
7.323157894736842533e-01
7.711578947368421533e-01
7.726842105263157512e-01
7.776315789473684514e-01
7.790000000000000258e-01
7.686315789473684434e-01
7.762631578947368771e-01
7.768421052631578894e-01
7.750000000000000222e-01
7.718421052631578849e-01
7.788947368421053064e-01
7.742631578947368753e-01
7.550000000000000044e-01
7.827894736842104795e-01
7.752631578947368762e-01
7.764210526315789007e-01
7.592105263157894468e-01
7.825789473684210407e-01
7.798421052631578920e-01
7.654736842105263062e-01
7.753684210526315956e-01
7.758421052631578885e-01
7.825263157894737365e-01
7.336842105263158276e-01
7.618421052631578760e-01
7.683684210526315894e-01
7.848947368421053117e-01
7.624736842105263035e-01
7.857894736842104821e-01
7.733157894736841786e-01
7.843157894736841884e-01
7.715789473684210309e-01
7.821052631578947478e-01
7.662631578947368682e-01
7.830000000000000293e-01
7.784736842105263177e-01
7.814736842105263204e-01
7.802105263157894655e-01
7.823684210526316019e-01
7.136842105263158098e-01
7.651578947368421479e-01
7.756842105263157539e-01
7.743684210526315947e-01
7.671052631578947345e-01
7.836315789473684568e-01
7.772105263157894628e-01
7.730526315789473246e-01
7.725789473684210318e-01
7.501578947368421346e-01
7.254210526315789664e-01
7.660526315789473184e-01
7.813157894736841858e-01
7.769473684210526088e-01
7.667368421052631611e-01
7.748947368421053028e-01
7.770526315789473282e-01
7.633684210526315850e-01
7.775789473684210362e-01
7.806842105263157583e-01
7.788947368421053064e-01
7.847894736842104813e-01
7.688947368421052975e-01
7.847894736842104813e-01
7.851578947368420547e-01
7.813684210526316010e-01
7.851578947368420547e-01
7.852631578947368851e-01
7.844736842105263230e-01
7.716315789473684461e-01
7.664736842105263070e-01
7.799473684210526114e-01
7.785789473684210371e-01
7.716842105263157503e-01
7.782631578947368789e-01
7.685789473684210282e-01
7.686315789473684434e-01
7.082631578947368167e-01
7.637368421052631584e-01
7.791052631578947452e-01
7.840526315789473344e-01
7.805263157894737347e-01
7.726315789473684470e-01
7.781052631578947443e-01
7.786315789473684523e-01
7.844736842105263230e-01
7.834736842105263221e-01
7.739473684210526061e-01
7.577894736842105683e-01
7.792105263157894646e-01
7.768421052631578894e-01
7.823684210526316019e-01
7.796842105263157574e-01
7.631578947368421462e-01
7.794210526315789034e-01
7.750526315789473264e-01
7.787894736842104759e-01
7.694210526315788945e-01
7.800000000000000266e-01
7.818421052631578938e-01
7.836315789473684568e-01
7.814210526315789052e-01
7.787894736842104759e-01
7.720526315789473237e-01
7.787894736842104759e-01
7.752105263157894610e-01
7.831052631578947487e-01
7.736315789473684479e-01
