8.236842105263158728e-03
2.052631578947368418e-02
2.793421052631579055e-02
3.014473684210526236e-02
3.301315789473684148e-02
3.835526315789473950e-02
4.653947368421052638e-02
5.572368421052631415e-02
6.401315789473684126e-02
6.834210526315789846e-02
7.447368421052631693e-02
7.918421052631578749e-02
8.326315789473684448e-02
8.872368421052631571e-02
9.396052631578948044e-02
9.907894736842105810e-02
1.031578947368421012e-01
1.068947368421052646e-01
1.134342105263157902e-01
1.179210526315789542e-01
1.240657894736842126e-01
1.302894736842105383e-01
1.363684210526315832e-01
1.450131578947368438e-01
1.549868421052631451e-01
1.633157894736842197e-01
1.745526315789473759e-01
1.855131578947368520e-01
1.947105263157894728e-01
2.063289473684210562e-01
2.159473684210526379e-01
2.248157894736842188e-01
2.381973684210526299e-01
2.509210526315789336e-01
2.621973684210526234e-01
2.746184210526315672e-01
2.868815789473684319e-01
3.006184210526315903e-01
3.104342105263158125e-01
3.250263157894736632e-01
3.376973684210526350e-01
3.547894736842105434e-01
3.650921052631578845e-01
3.758157894736842142e-01
3.915394736842105483e-01
4.044868421052631446e-01
4.147368421052631815e-01
4.282763157894736716e-01
4.412368421052631495e-01
4.465263157894736601e-01
4.589078947368421257e-01
4.732894736842105377e-01
4.791447368421052899e-01
4.896315789473684177e-01
5.009342105263158151e-01
5.094736842105263008e-01
5.176578947368420947e-01
5.272894736842105301e-01
5.298947368421053072e-01
5.395526315789473948e-01
5.446578947368421186e-01
5.587763157894737320e-01
5.653157894736842159e-01
5.796184210526316161e-01
5.870394736842104999e-01
5.900526315789473841e-01
6.005526315789473379e-01
6.053026315789473699e-01
6.118947368421052690e-01
6.150131578947368727e-01
6.201315789473683671e-01
6.249342105263158142e-01
6.416842105263157459e-01
6.392631578947368665e-01
6.466710526315789798e-01
6.505526315789473824e-01
6.522499999999999964e-01
6.617236842105262973e-01
6.679736842105262751e-01
6.732500000000000151e-01
6.678026315789473699e-01
6.736842105263157743e-01
6.802631578947367919e-01
6.872894736842105612e-01
6.861842105263158409e-01
6.925000000000000044e-01
6.992236842105262751e-01
7.003815789473684106e-01
7.091578947368420982e-01
7.117105263157894601e-01
7.149736842105263168e-01
7.178289473684210664e-01
7.167105263157894646e-01
7.253552631578947807e-01
7.301578947368421169e-01
7.293157894736842506e-01
7.342236842105263062e-01
7.298684210526316107e-01
7.324342105263157432e-01
7.390131578947368718e-01
7.457105263157894903e-01
7.502894736842105061e-01
7.509605263157894672e-01
7.626842105263157423e-01
7.648552631578947603e-01
7.665131578947368407e-01
7.652763157894736379e-01
7.689210526315789496e-01
7.732105263157894592e-01
7.783026315789474125e-01
7.722105263157894584e-01
7.785263157894737329e-01
7.844473684210526709e-01
7.887499999999999512e-01
7.880921052631578716e-01
7.898157894736842488e-01
7.909078947368420875e-01
7.924078947368421444e-01
7.937894736842104892e-01
7.971578947368420653e-01
7.990657894736842293e-01
8.032763157894736716e-01
7.982236842105263630e-01
8.064868421052631131e-01
8.153552631578947496e-01
8.182105263157894992e-01
8.157894736842105088e-01
8.200131578947368327e-01
8.178947368421052300e-01
8.205394736842105408e-01
8.180789473684210167e-01
8.210657894736842488e-01
8.256447368421052646e-01
8.280526315789473735e-01
8.304868421052631344e-01
8.331973684210526310e-01
8.304078947368420671e-01
8.340526315789473788e-01
8.369999999999999662e-01
8.366578947368421559e-01
8.385657894736842088e-01
8.458684210526316027e-01
8.460394736842105079e-01
8.457500000000000018e-01
8.461315789473684568e-01
8.524342105263157388e-01
8.539342105263157956e-01
8.522763157894737152e-01
8.580394736842105186e-01
8.604736842105262795e-01
8.560657894736841689e-01
8.531973684210526487e-01
8.570394736842105177e-01
8.657368421052631380e-01
8.618552631578947354e-01
8.592763157894737214e-01
8.655789473684210034e-01
8.723026315789473850e-01
8.733947368421052238e-01
8.739473684210525839e-01
8.749210526315789327e-01
8.720657894736841831e-01
8.772368421052632037e-01
8.765789473684210131e-01
8.795921052631578974e-01
8.718289473684210922e-01
8.764605263157895232e-01
8.720131578947368789e-01
8.781447368421052557e-01
8.832631578947368611e-01
8.832236842105263275e-01
8.826315789473684337e-01
8.806578947368420840e-01
8.845131578947368345e-01
8.852499999999999813e-01
8.851447368421052619e-01
8.905921052631579071e-01
8.904342105263157725e-01
8.922105263157894539e-01
8.924736842105263079e-01
8.931052631578947354e-01
8.949605263157894841e-01
8.943684210526315903e-01
8.934342105263157752e-01
8.949078947368420689e-01
8.997631578947368203e-01
9.002631578947368762e-01
8.981315789473683919e-01
8.995921052631579151e-01
9.045131578947368522e-01
9.037236842105262902e-01
9.053552631578947185e-01
9.091052631578947496e-01
9.102368421052631220e-01
9.095526315789473903e-01
9.080131578947367998e-01
9.107763157894737116e-01
9.104736842105263239e-01
9.112105263157894708e-01
9.120921052631578707e-01
9.132368421052631247e-01
9.158157894736842497e-01
9.153684210526316090e-01
9.157763157894737160e-01
9.159473684210526212e-01
9.181578947368420618e-01
9.195131578947368656e-01
9.200131578947368105e-01
9.207763157894737205e-01
9.229605263157895090e-01
9.222894736842105479e-01
9.210131578947368114e-01
9.224868421052631051e-01
9.217631578947368398e-01
9.226842105263157734e-01
9.236184210526315885e-01
9.248947368421052140e-01
9.260526315789473495e-01
9.261578947368420689e-01
9.271315789473684177e-01
9.299342105263157521e-01
9.271315789473684177e-01
9.307105263157894326e-01
9.262236842105263657e-01
9.256973684210526576e-01
9.301842105263158356e-01
9.316578947368421293e-01
9.335131578947368780e-01
9.307763157894737294e-01
9.329473684210526363e-01
9.354473684210525830e-01
9.355394736842105319e-01
9.366184210526316001e-01
9.340263157894737045e-01
9.353026315789473299e-01
9.393552631578947487e-01
9.394868421052631202e-01
9.393157894736842151e-01
9.384868421052631193e-01
9.389868421052631753e-01
9.402500000000000302e-01
9.429999999999999494e-01
9.428947368421052300e-01
9.417105263157894424e-01
9.399736842105262946e-01
9.422236842105262689e-01
9.410526315789473628e-01
9.426315789473683759e-01
9.436447368421052584e-01
9.451184210526315521e-01
9.454473684210525919e-01
9.458815789473684621e-01
9.471578947368420875e-01
9.476973684210526772e-01
9.461842105263157388e-01
9.466052631578947274e-01
9.482763157894736894e-01
9.483421052631578752e-01
9.499342105263157698e-01
9.501578947368420902e-01
9.487105263157894486e-01
9.501315789473684381e-01
9.492894736842105718e-01
9.485131578947368913e-01
9.479999999999999538e-01
9.488157894736841680e-01
9.503157894736842248e-01
9.496315789473683822e-01
9.510921052631579053e-01
9.538947368421052397e-01
9.527894736842105194e-01
9.549473684210526558e-01
9.534210526315789469e-01
9.536710526315789194e-01
9.539210526315790029e-01
9.569473684210526576e-01
9.535263157894736663e-01
9.551315789473684426e-01
9.551315789473684426e-01
9.540657894736842559e-01
9.558157894736841742e-01
9.566973684210526852e-01
9.585657894736842044e-01
9.584342105263158329e-01
9.589736842105263115e-01
9.572763157894736974e-01
9.579210526315788954e-01
9.586973684210526869e-01
9.587631578947368727e-01
9.595131578947367901e-01
9.595789473684210868e-01
9.568026315789474046e-01
9.572105263157895116e-01
9.608815789473684754e-01
9.610526315789473806e-01
9.608157894736841786e-01
9.609868421052631948e-01
9.606578947368421550e-01
9.612500000000000488e-01
9.608026315789474081e-01
9.600394736842104981e-01
9.618289473684210611e-01
9.628026315789474099e-01
9.625263157894736743e-01
9.622105263157895161e-01
9.620131578947368478e-01
9.638947368421052486e-01
9.634342105263158373e-01
9.628289473684210620e-01
9.640526315789473832e-01
9.662236842105262902e-01
9.662500000000000533e-01
9.652894736842104750e-01
9.655000000000000249e-01
9.674736842105262635e-01
9.676184210526316276e-01
9.675526315789473308e-01
9.679210526315789043e-01
9.681315789473684541e-01
9.678026315789474143e-01
9.662763157894737054e-01
9.672763157894737063e-01
9.666315789473683973e-01
9.688815789473683715e-01
9.679342105263157858e-01
9.683421052631578929e-01
9.696578947368420520e-01
9.703684210526315468e-01
9.704736842105262662e-01
9.699078947368421355e-01
9.697894736842105345e-01
9.697236842105263488e-01
9.705394736842105630e-01
9.709473684210526701e-01
9.708157894736841875e-01
9.699999999999999734e-01
9.715000000000000302e-01
9.723684210526315486e-01
9.714210526315789629e-01
9.702763157894737089e-01
9.721842105263157618e-01
9.732368421052631779e-01
9.722105263157895250e-01
9.733289473684210158e-01
9.722631578947368292e-01
9.732894736842104821e-01
9.729868421052632055e-01
9.731184210526315770e-01
9.739868421052632064e-01
9.741447368421052300e-01
9.742894736842104830e-01
9.754473684210526185e-01
9.751578947368421124e-01
9.739078947368421391e-01
9.747236842105263532e-01
9.760526315789473939e-01
9.753289473684210176e-01
9.754342105263157370e-01
9.759605263157894450e-01
9.758947368421052593e-01
9.766447368421052877e-01
9.758947368421052593e-01
9.754868421052631522e-01
9.764868421052631531e-01
9.776973684210525928e-01
9.770789473684210469e-01
9.770263157894736317e-01
9.768947368421052602e-01
9.777236842105263559e-01
9.778157894736841937e-01
9.775263157894736876e-01
9.778552631578947274e-01
9.781710526315789966e-01
9.786052631578947558e-01
9.788947368421052619e-01
9.796973684210525946e-01
9.796842105263158240e-01
9.785131578947368070e-01
9.777500000000000080e-01
9.782499999999999529e-01
9.790526315789473966e-01
9.798026315789473140e-01
9.799210526315789149e-01
9.794473684210526221e-01
9.796184210526315272e-01
9.791973684210526496e-01
9.790131578947368629e-01
9.797763157894736619e-01
9.791315789473684639e-01
9.798157894736841955e-01
9.809736842105263310e-01
9.807105263157894770e-01
9.813815789473684381e-01
9.811578947368421177e-01
9.798289473684210771e-01
9.813026315789473708e-01
9.816842105263158258e-01
9.810263157894736352e-01
9.810394736842105168e-01
9.814868421052631575e-01
9.818289473684210789e-01
9.817631578947368931e-01
9.826447368421052930e-01
9.826052631578947594e-01
9.821842105263157707e-01
9.820526315789473992e-01
9.828289473684210797e-01
9.836052631578947603e-01
9.838026315789473175e-01
9.829736842105263328e-01
9.826447368421052930e-01
9.831052631578947043e-01
9.829473684210526807e-01
9.833815789473684399e-01
9.836184210526315308e-01
9.838026315789473175e-01
9.845000000000000417e-01
9.839473684210526816e-01
9.847500000000000142e-01
9.843026315789473735e-01
9.838815789473683848e-01
9.839078947368421479e-01
9.846447368421052948e-01
9.851184210526315876e-01
9.845394736842105754e-01
9.847631578947368958e-01
9.845394736842105754e-01
9.852105263157894255e-01
9.854342105263157459e-01
9.858157894736842008e-01
9.848157894736842000e-01
9.860131578947368691e-01
9.856973684210525999e-01
9.855000000000000426e-01
9.861184210526315885e-01
9.858947368421052682e-01
9.862368421052631895e-01
9.857105263157894814e-01
9.860131578947368691e-01
9.858421052631578529e-01
9.859999999999999876e-01
9.865263157894736956e-01
9.869605263157894548e-01
9.861710526315788927e-01
9.866710526315789487e-01
9.864078947368420947e-01
9.866052631578947629e-01
9.868815789473683875e-01
9.868421052631578538e-01
9.870789473684210558e-01
9.875263157894736965e-01
9.868947368421052690e-01
9.866710526315789487e-01
9.868289473684210833e-01
9.869210526315789211e-01
9.875921052631578823e-01
9.878815789473683884e-01
9.882236842105263097e-01
9.883421052631579107e-01
9.885394736842105790e-01
9.878684210526316178e-01
9.881578947368421240e-01
9.886052631578947647e-01
9.890394736842105239e-01
9.890263157894736423e-01
9.887368421052631362e-01
9.884210526315789780e-01
9.886973684210526025e-01
9.889868421052631087e-01
9.890131578947368718e-01
9.889078947368421524e-01
9.892105263157894290e-01
9.895526315789473504e-01
9.891315789473684728e-01
9.888421052631578556e-01
9.895131578947368167e-01
9.894210526315789789e-01
9.889473684210526860e-01
9.893552631578946821e-01
9.891315789473684728e-01
9.896184210526315361e-01
9.893684210526315637e-01
9.902631578947368451e-01
9.902105263157894299e-01
9.902368421052631930e-01
9.901578947368421257e-01
9.904868421052631655e-01
9.904868421052631655e-01
9.905789473684210034e-01
9.905789473684210034e-01
9.905394736842105807e-01
9.899999999999999911e-01
9.905394736842105807e-01
9.898947368421052717e-01
9.903289473684210309e-01
9.903684210526315645e-01
9.907236842105263674e-01
9.904868421052631655e-01
9.908684210526316205e-01
9.911578947368421266e-01
9.914342105263157512e-01
9.912105263157894308e-01
9.917894736842105541e-01
9.915657894736842337e-01
9.914868421052631664e-01
9.916315789473684195e-01
9.918815789473683919e-01
9.910921052631579409e-01
9.918684210526316214e-01
9.917500000000000204e-01
9.913289473684210318e-01
9.918815789473683919e-01
9.913684210526315654e-01
9.919342105263158071e-01
9.919868421052631113e-01
9.923421052631579142e-01
9.924078947368421000e-01
9.923947368421052184e-01
9.922763157894737285e-01
9.921710526315788981e-01
9.927631578947367919e-01
9.920921052631579418e-01
9.923026315789473806e-01
9.919605263157894592e-01
9.926315789473684204e-01
9.923552631578946848e-01
9.925921052631578867e-01
9.924473684210526336e-01
9.926052631578947683e-01
9.930263157894736459e-01
9.926973684210526061e-01
9.926842105263158356e-01
9.925263157894737009e-01
9.927894736842105550e-01
9.926842105263158356e-01
9.934736842105262866e-01
9.931842105263157805e-01
9.933684210526315672e-01
9.933026315789473815e-01
9.933157894736842630e-01
9.933026315789473815e-01
9.936578947368420733e-01
9.935526315789473539e-01
9.932631578947368478e-01
9.935789473684210060e-01
9.938289473684210895e-01
9.940263157894736468e-01
9.935789473684210060e-01
9.938552631578947416e-01
9.936710526315789549e-01
9.938947368421052753e-01
9.939342105263158089e-01
9.940526315789474099e-01
9.939473684210525795e-01
9.940526315789474099e-01
9.938684210526316232e-01
9.941973684210526629e-01
9.940263157894736468e-01
9.938421052631578601e-01
9.940789473684210620e-01
9.944736842105262875e-01
9.936710526315789549e-01
9.941973684210526629e-01
9.940526315789474099e-01
9.938947368421052753e-01
9.945394736842104733e-01
9.945263157894737027e-01
9.945131578947368212e-01
9.942894736842105008e-01
9.946052631578947700e-01
9.945131578947368212e-01
9.948815789473683946e-01
9.951710526315789007e-01
9.950131578947368771e-01
9.946710526315789558e-01
9.946973684210526079e-01
9.948552631578947425e-01
9.945657894736842364e-01
9.947763157894736752e-01
9.948157894736842088e-01
9.944210526315789833e-01
9.945263157894737027e-01
9.950657894736841813e-01
9.951578947368421302e-01
9.953157894736842648e-01
9.954078947368421026e-01
9.953947368421052211e-01
9.952894736842105017e-01
9.956052631578947709e-01
9.953684210526315690e-01
9.953815789473684505e-01
9.954736842105262884e-01
9.958552631578947434e-01
9.955526315789473557e-01
9.954736842105262884e-01
9.952894736842105017e-01
9.955394736842104741e-01
9.955657894736842373e-01
9.955263157894737036e-01
9.956842105263158382e-01
9.953289473684210353e-01
9.953421052631579169e-01
9.959210526315789291e-01
9.959210526315789291e-01
9.959210526315789291e-01
9.956842105263158382e-01
9.954078947368421026e-01
9.955263157894737036e-01
9.959999999999999964e-01
9.958157894736842097e-01
9.958815789473683955e-01
9.957105263157894903e-01
9.960921052631579453e-01
9.961184210526315974e-01
9.961578947368421311e-01
9.962236842105263168e-01
9.961184210526315974e-01
9.961447368421052495e-01
9.963684210526315699e-01
9.961184210526315974e-01
9.962368421052631984e-01
9.963289473684210362e-01
9.962763157894737320e-01
9.962894736842105026e-01
9.963289473684210362e-01
9.965000000000000524e-01
9.963947368421052220e-01
9.964078947368421035e-01
9.963421052631579178e-01
9.966710526315789576e-01
9.964473684210526372e-01
9.969736842105263452e-01
9.966578947368420760e-01
9.967631578947367954e-01
9.966315789473684239e-01
9.962499999999999689e-01
9.966184210526315423e-01
9.965000000000000524e-01
9.965394736842104750e-01
9.968026315789473291e-01
9.966842105263158391e-01
9.967894736842105585e-01
9.970921052631579462e-01
9.968026315789473291e-01
9.968552631578947443e-01
9.969342105263158116e-01
9.969342105263158116e-01
9.970131578947368789e-01
9.970657894736841831e-01
9.967631578947367954e-01
9.969605263157894637e-01
9.966842105263158391e-01
9.969868421052631158e-01
9.970921052631579462e-01
9.970394736842105310e-01
9.971710526315789025e-01
9.973289473684210371e-01
9.968815789473683964e-01
9.971842105263157841e-01
9.969999999999999973e-01
9.970263157894736494e-01
9.971973684210526656e-01
9.971315789473683688e-01
9.974342105263157565e-01
9.974605263157895196e-01
9.974868421052631717e-01
9.971578947368421320e-01
9.972631578947368514e-01
9.974605263157895196e-01
9.970394736842105310e-01
9.973157894736841556e-01
9.971973684210526656e-01
9.974473684210526381e-01
9.974210526315789860e-01
9.975000000000000533e-01
9.973815789473684523e-01
9.973026315789473850e-01
9.975131578947368238e-01
9.977500000000000258e-01
9.977105263157894921e-01
9.976184210526315432e-01
9.976710526315789584e-01
9.975000000000000533e-01
9.977894736842105594e-01
9.975526315789473575e-01
9.979473684210525830e-01
9.976578947368420769e-01
9.978552631578947452e-01
9.976315789473684248e-01
9.975263157894737054e-01
9.977500000000000258e-01
9.976447368421053064e-01
9.978684210526316267e-01
9.978157894736842115e-01
9.977236842105262626e-01
9.978421052631578636e-01
9.976578947368420769e-01
9.980131578947368798e-01
9.978289473684210931e-01
9.977500000000000258e-01
9.979210526315789309e-01
9.981973684210526665e-01
9.978289473684210931e-01
9.978026315789473299e-01
9.981710526315789034e-01
9.979736842105263461e-01
9.981578947368421328e-01
9.978815789473683973e-01
9.979868421052631167e-01
9.978552631578947452e-01
9.979868421052631167e-01
9.981184210526315992e-01
9.979473684210525830e-01
9.983289473684210380e-01
9.982894736842105043e-01
9.981842105263157849e-01
9.983947368421052238e-01
9.981842105263157849e-01
9.983421052631579196e-01
9.982894736842105043e-01
9.983157894736841564e-01
9.984473684210526390e-01
9.983552631578946901e-01
9.978421052631578636e-01
9.981315789473683697e-01
9.981315789473683697e-01
9.983421052631579196e-01
9.982763157894737338e-01
9.983947368421052238e-01
9.984078947368421053e-01
9.982499999999999707e-01
9.983026315789473859e-01
9.985000000000000542e-01
9.983026315789473859e-01
9.984210526315789869e-01
9.985657894736842399e-01
9.985000000000000542e-01
9.982631578947368522e-01
9.984078947368421053e-01
9.985394736842104768e-01
9.982499999999999707e-01
9.985131578947368247e-01
9.985394736842104768e-01
9.983815789473684532e-01
9.985394736842104768e-01
9.985394736842104768e-01
9.986710526315789593e-01
9.986447368421053072e-01
9.985394736842104768e-01
9.986315789473684257e-01
9.986710526315789593e-01
9.985526315789473584e-01
9.988026315789473308e-01
9.988684210526316276e-01
9.988684210526316276e-01
9.986447368421053072e-01
9.986447368421053072e-01
9.987368421052631451e-01
9.987894736842105603e-01
9.987105263157894930e-01
9.985921052631578920e-01
9.987105263157894930e-01
9.988026315789473308e-01
9.988026315789473308e-01
9.987368421052631451e-01
9.989342105263158134e-01
9.988026315789473308e-01
9.989078947368420502e-01
9.986315789473684257e-01
9.988289473684210940e-01
9.987105263157894930e-01
9.988026315789473308e-01
9.988026315789473308e-01
9.988421052631578645e-01
9.990131578947368807e-01
9.988289473684210940e-01
9.987894736842105603e-01
9.988552631578947461e-01
9.988157894736842124e-01
9.988815789473683981e-01
9.989078947368420502e-01
9.987894736842105603e-01
9.989210526315789318e-01
9.990394736842105328e-01
9.989210526315789318e-01
9.989473684210525839e-01
9.989736842105263470e-01
9.988815789473683981e-01
9.989999999999999991e-01
9.990657894736841849e-01
9.990526315789474143e-01
9.989605263157894655e-01
9.989210526315789318e-01
9.989736842105263470e-01
9.990526315789474143e-01
9.990657894736841849e-01
9.988947368421052797e-01
9.991315789473683706e-01
9.989736842105263470e-01
9.990526315789474143e-01
9.990657894736841849e-01
9.991578947368421337e-01
9.991842105263157858e-01
9.992368421052632010e-01
9.991578947368421337e-01
9.991973684210526674e-01
9.989868421052631176e-01
9.989605263157894655e-01
9.991315789473683706e-01
9.991052631578947185e-01
9.991973684210526674e-01
9.991710526315789043e-01
9.991184210526316001e-01
9.991842105263157858e-01
9.991447368421052522e-01
9.992236842105263195e-01
9.992105263157894379e-01
9.990263157894736512e-01
9.993684210526315725e-01
9.993552631578946910e-01
9.992368421052632010e-01
9.991973684210526674e-01
9.992236842105263195e-01
9.992236842105263195e-01
9.992499999999999716e-01
9.993815789473684541e-01
9.992894736842105052e-01
9.993684210526315725e-01
9.992105263157894379e-01
9.994473684210526399e-01
9.993026315789473868e-01
9.993684210526315725e-01
9.993552631578946910e-01
9.993684210526315725e-01
9.992763157894737347e-01
9.993026315789473868e-01
9.994342105263157583e-01
9.992894736842105052e-01
9.992631578947368531e-01
9.993421052631579204e-01
9.993157894736841573e-01
9.994605263157895214e-01
9.993026315789473868e-01
9.992763157894737347e-01
9.993684210526315725e-01
9.993552631578946910e-01
9.994210526315789878e-01
9.993684210526315725e-01
9.994868421052631735e-01
9.993552631578946910e-01
9.994605263157895214e-01
9.994078947368421062e-01
9.995131578947368256e-01
9.994605263157895214e-01
9.995657894736842408e-01
9.994605263157895214e-01
9.995131578947368256e-01
9.995921052631578929e-01
9.994736842105262919e-01
9.994605263157895214e-01
9.995000000000000551e-01
9.995131578947368256e-01
9.995526315789473593e-01
9.994473684210526399e-01
9.994342105263157583e-01
9.994736842105262919e-01
9.995657894736842408e-01
9.994342105263157583e-01
9.995394736842104777e-01
9.995263157894737072e-01
9.995526315789473593e-01
9.994736842105262919e-01
9.996052631578947745e-01
9.995789473684210114e-01
9.996184210526315450e-01
9.995263157894737072e-01
9.995921052631578929e-01
9.995657894736842408e-01
9.995131578947368256e-01
9.995131578947368256e-01
9.995657894736842408e-01
9.996315789473684266e-01
9.995657894736842408e-01
9.995394736842104777e-01
9.995394736842104777e-01
9.995789473684210114e-01
9.994736842105262919e-01
9.994473684210526399e-01
9.994736842105262919e-01
9.995526315789473593e-01
9.996315789473684266e-01
9.996710526315789602e-01
9.995657894736842408e-01
9.995657894736842408e-01
9.996052631578947745e-01
9.996315789473684266e-01
9.996184210526315450e-01
9.995921052631578929e-01
9.996052631578947745e-01
9.997105263157894939e-01
9.997105263157894939e-01
9.997368421052631460e-01
9.995394736842104777e-01
9.996447368421053081e-01
9.995921052631578929e-01
9.997763157894736796e-01
9.996447368421053081e-01
9.997368421052631460e-01
9.995657894736842408e-01
9.996842105263158418e-01
9.996710526315789602e-01
9.996710526315789602e-01
9.997105263157894939e-01
9.996578947368420787e-01
9.996447368421053081e-01
9.996447368421053081e-01
9.996710526315789602e-01
9.996973684210526123e-01
9.997763157894736796e-01
9.997236842105262644e-01
9.997631578947367981e-01
9.998026315789473317e-01
9.996578947368420787e-01
9.996315789473684266e-01
9.996578947368420787e-01
9.996842105263158418e-01
9.996447368421053081e-01
9.996842105263158418e-01
9.997368421052631460e-01
9.996447368421053081e-01
9.997763157894736796e-01
9.998289473684210948e-01
9.998157894736842133e-01
9.997894736842105612e-01
9.997763157894736796e-01
9.997500000000000275e-01
9.996973684210526123e-01
9.997631578947367981e-01
9.996842105263158418e-01
9.996578947368420787e-01
9.997105263157894939e-01
9.997763157894736796e-01
9.998289473684210948e-01
9.997368421052631460e-01
9.996578947368420787e-01
9.997500000000000275e-01
9.997894736842105612e-01
9.998026315789473317e-01
9.997368421052631460e-01
9.997763157894736796e-01
9.997500000000000275e-01
9.997763157894736796e-01
9.997894736842105612e-01
9.996973684210526123e-01
9.998157894736842133e-01
9.998157894736842133e-01
9.998684210526316285e-01
9.997894736842105612e-01
9.997500000000000275e-01
9.998289473684210948e-01
9.998815789473683990e-01
9.998421052631578654e-01
9.998289473684210948e-01
9.997500000000000275e-01
9.997763157894736796e-01
9.998552631578947469e-01
9.998289473684210948e-01
9.998289473684210948e-01
9.998157894736842133e-01
9.998289473684210948e-01
9.997368421052631460e-01
9.997763157894736796e-01
9.998289473684210948e-01
9.998026315789473317e-01
9.998157894736842133e-01
9.997631578947367981e-01
9.998552631578947469e-01
9.997763157894736796e-01
9.997894736842105612e-01
9.998552631578947469e-01
9.998157894736842133e-01
9.997500000000000275e-01
9.998552631578947469e-01
9.998157894736842133e-01
9.998421052631578654e-01
9.998026315789473317e-01
9.998421052631578654e-01
9.998026315789473317e-01
9.998289473684210948e-01
9.998289473684210948e-01
9.998157894736842133e-01
9.998947368421052806e-01
9.998947368421052806e-01
9.998552631578947469e-01
9.997894736842105612e-01
9.998552631578947469e-01
9.998421052631578654e-01
9.997894736842105612e-01
9.998684210526316285e-01
9.998552631578947469e-01
9.998421052631578654e-01
