3.970499932765960693e-01
3.971672207117080688e-01
3.974169939756393433e-01
3.976440876722335815e-01
3.967653959989547729e-01
3.905621618032455444e-01
3.719565123319625854e-01
3.422549962997436523e-01
3.119652867317199707e-01
2.859929203987121582e-01
2.612990438938140869e-01
2.391964048147201538e-01
2.235311418771743774e-01
2.098166868090629578e-01
1.999938189983367920e-01
1.912090927362442017e-01
1.824896410107612610e-01
1.748925223946571350e-01
1.678845286369323730e-01
1.605395674705505371e-01
1.547691971063613892e-01
1.492882370948791504e-01
1.425884887576103210e-01
1.375663951039314270e-01
1.298387497663497925e-01
1.304642260074615479e-01
1.223585121333599091e-01
1.157127432525157928e-01
1.139862351119518280e-01
1.070591248571872711e-01
1.096179112792015076e-01
1.018053516745567322e-01
9.170177951455116272e-02
8.904683589935302734e-02
8.754430338740348816e-02
8.868321031332015991e-02
7.844182103872299194e-02
7.787210121750831604e-02
7.233975082635879517e-02
6.928516924381256104e-02
6.801293045282363892e-02
6.450091674923896790e-02
6.115510687232017517e-02
5.925908870995044708e-02
5.922648869454860687e-02
5.204913392663002014e-02
5.458347313106060028e-02
5.950210429728031158e-02
4.980864375829696655e-02
4.230456799268722534e-02
4.286241903901100159e-02
4.680614732205867767e-02
4.049244150519371033e-02
3.806453570723533630e-02
4.029583930969238281e-02
3.877006843686103821e-02
3.443793207406997681e-02
3.037300705909729004e-02
2.707771118730306625e-02
2.635940816253423691e-02
2.649638894945383072e-02
2.523241098970174789e-02
2.270930074155330658e-02
2.158274874091148376e-02
2.190874144434928894e-02
2.098097000271081924e-02
2.118233870714902878e-02
2.130108606070280075e-02
2.018998842686414719e-02
1.788012497127056122e-02
1.850978471338748932e-02
2.034258283674716949e-02
1.583233196288347244e-02
1.721980702131986618e-02
1.371719641610980034e-02
1.360549731180071831e-02
1.223103236407041550e-02
1.207356993108987808e-02
1.082443632185459137e-02
1.265981886535882950e-02
1.326385093852877617e-02
1.067107403650879860e-02
1.462461892515420914e-02
1.114672748371958733e-02
1.163000706583261490e-02
9.822952561080455780e-03
1.067854138091206551e-02
8.967089932411909103e-03
1.303221145644783974e-02
8.469818159937858582e-03
8.921775035560131073e-03
9.360531345009803772e-03
7.241920102387666702e-03
8.621384389698505402e-03
7.767824921756982803e-03
8.783290628343820572e-03
7.121070288121700287e-03
8.624989539384841919e-03
6.992779672145843506e-03
6.426935782656073570e-03
5.602256162092089653e-03
7.680873852223157883e-03
5.744094261899590492e-03
7.007291540503501892e-03
6.399386096745729446e-03
7.299126125872135162e-03
6.091040326282382011e-03
5.739394109696149826e-03
6.447697058320045471e-03
1.361646596342325211e-02
1.044614287093281746e-02
6.785215111449360847e-03
5.283592734485864639e-03
5.528432782739400864e-03
1.258584344759583473e-02
6.137639284133911133e-03
5.136488005518913269e-03
5.101876333355903625e-03
4.229119047522544861e-03
3.254232578910887241e-03
3.412008401937782764e-03
3.643332282081246376e-03
3.171902731992304325e-03
6.417058408260345459e-03
3.086204058490693569e-03
3.016521688550710678e-03
4.955571959726512432e-03
6.943705957382917404e-03
2.918896032497286797e-03
7.961447816342115402e-03
3.442776622250676155e-03
5.052782362326979637e-03
2.851000754162669182e-03
2.778473775833845139e-03
2.447181614115834236e-03
2.825391595251858234e-03
2.621067105792462826e-03
2.970093628391623497e-03
3.011655295267701149e-03
2.738759387284517288e-03
2.991451881825923920e-03
2.128244028426706791e-03
6.757558789104223251e-03
9.713400620967149734e-03
3.078971058130264282e-03
2.428761916235089302e-03
2.348351757973432541e-03
2.163829165510833263e-03
4.638477694243192673e-03
2.911098534241318703e-03
9.706055046990513802e-03
4.122844897210597992e-03
2.831802703440189362e-03
3.858516225591301918e-03
4.332632757723331451e-03
1.785404863767325878e-03
1.729242736473679543e-03
1.640217378735542297e-03
5.003504105843603611e-03
3.466687747277319431e-03
2.930174581706523895e-03
1.549495849758386612e-03
2.987004700116813183e-03
1.632697181776165962e-03
2.073564333841204643e-03
1.930079772137105465e-03
1.993228099308907986e-03
2.043511834926903248e-03
2.918078331276774406e-03
2.434539608657360077e-03
1.755168195813894272e-03
1.693840429652482271e-03
2.050212700851261616e-03
1.509713125415146351e-03
2.132738067302852869e-02
2.496459812391549349e-03
1.951495360117405653e-03
2.592787786852568388e-03
2.064594766125082970e-03
1.920096925459802151e-03
1.256285409908741713e-03
1.187116082292050123e-03
1.043476950144395232e-03
1.142457302194088697e-03
1.069103484041988850e-03
8.368801791220903397e-04
9.039026044774800539e-04
2.504077536286786199e-03
1.276851748116314411e-03
1.119609165471047163e-03
1.014734967611730099e-03
1.859070151112973690e-03
1.363217656034976244e-03
1.667266013100743294e-03
2.331529743969440460e-03
1.392228528857231140e-03
2.962141647003591061e-03
4.556933534331619740e-03
1.236484094988554716e-03
9.346469887532293797e-04
1.167315320344641805e-03
6.923630426172167063e-04
6.690489826723933220e-04
6.483362521976232529e-04
7.414406572934240103e-04
6.883527385070919991e-04
6.995131843723356724e-04
4.965859581716358662e-03
4.077074001543223858e-03
2.105296414811164141e-03
1.984356145840138197e-03
5.709958146326243877e-03
2.370350062847137451e-03
9.200581116601824760e-04
1.700172899290919304e-03
4.360982245998457074e-03
1.078376721125096083e-03
2.285221009515225887e-03
7.085132529027760029e-04
1.170575036667287350e-03
1.172306365333497524e-03
3.175989259034395218e-03
9.163896029349416494e-04
8.952678414061665535e-03
9.122983901761472225e-04
1.209729380207136273e-03
9.504244371782988310e-04
6.043760513421148062e-04
6.407012988347560167e-04
1.200126804178580642e-03
3.805387066677212715e-03
1.342345145530998707e-03
1.026818412356078625e-03
4.096989257959648967e-03
1.669741235673427582e-03
2.737126545980572701e-03
9.070379310287535191e-04
8.108495967462658882e-04
5.853175243828445673e-04
5.633793771266937256e-04
4.400502511998638511e-04
4.301150329411029816e-04
4.929090500809252262e-04
4.282993613742291927e-04
5.361401272239163518e-04
7.789959490764886141e-04
5.047331360401585698e-04
8.341156062670052052e-04
4.881400673184543848e-04
3.876911941915750504e-04
4.031427670270204544e-04
3.841015568468719721e-04
4.191466141492128372e-04
3.968489327235147357e-04
3.854170208796858788e-04
3.759064420592039824e-04
3.529865498421713710e-04
4.450593551155179739e-04
4.121269739698618650e-04
1.023840624839067459e-03
5.224978085607290268e-04
3.578808682505041361e-04
4.322878958191722631e-04
4.216695670038461685e-04
4.085839900653809309e-04
3.210022696293890476e-04
3.551379923010244966e-04
1.406435243552550673e-03
5.189663206692785025e-04
7.939328788779675961e-04
6.587774027138948441e-03
1.329467049799859524e-03
1.335692650172859430e-03
3.046653186902403831e-02
2.087928820401430130e-03
3.239986835978925228e-03
5.746077222283929586e-04
5.146941985003650188e-03
5.710141995223239064e-04
1.327799749560654163e-03
4.137992655159905553e-04
3.627136902650818229e-04
3.733272751560434699e-04
4.041036154376342893e-04
3.147752140648663044e-04
2.949036424979567528e-04
2.657274235389195383e-04
2.563940797699615359e-04
2.712537825573235750e-04
2.750963467406108975e-04
2.627633220981806517e-04
2.517645189072936773e-04
2.558534833951853216e-04
2.472922933520749211e-04
2.628127840580418706e-04
2.574468817329034209e-04
3.025344049092382193e-04
2.728274266701191664e-04
2.446833823341876268e-04
2.994905953528359532e-04
2.457616647006943822e-04
6.600593624170869589e-04
2.516916065360419452e-04
2.439971576677635312e-04
2.556895342422649264e-04
2.403204634902067482e-04
2.340807623113505542e-04
2.441600227029994130e-04
1.875625457614660263e-03
2.815859479596838355e-04
2.274726139148697257e-04
2.401549718342721462e-04
2.111287758452817798e-04
3.353316278662532568e-04
2.688896565814502537e-04
2.435768183204345405e-04
2.847780997399240732e-04
4.496808105614036322e-04
2.433020054013468325e-04
2.274371217936277390e-04
2.193746768170967698e-04
2.091707574436441064e-04
1.984987437026575208e-03
3.126935727777890861e-03
1.863657351350411773e-03
2.652990224305540323e-03
6.591895071323961020e-04
9.083212353289127350e-04
1.612415013369172812e-02
6.550492325914092362e-03
3.453244862612336874e-04
8.863529074005782604e-04
4.909331037197262049e-04
3.244599356548860669e-04
2.383721875958144665e-04
4.418714379426091909e-04
5.234467535046860576e-04
4.352419200586155057e-04
4.611916228896006942e-04
3.771468327613547444e-04
9.569987014401704073e-04
6.109504029154777527e-04
2.278989777551032603e-03
3.028719103895127773e-03
1.274484660825692117e-03
1.053034677170217037e-03
4.041896027047187090e-03
6.242483796086162329e-04
2.931227354565635324e-04
3.097137523582205176e-04
2.579612191766500473e-04
3.242348029743880033e-04
2.241235124529339373e-04
2.647030632942914963e-04
2.177815113100223243e-04
2.478250025887973607e-04
2.170566076529212296e-04
1.781869141268543899e-04
8.460800236207433045e-03
1.539515506010502577e-03
1.630770624615252018e-03
1.143165020039305091e-03
7.422594790114089847e-04
8.916432270780205727e-04
1.648230550927110016e-03
3.662591770989820361e-04
4.980727389920502901e-04
4.110987138119526207e-04
2.457120572216808796e-04
7.339739095186814666e-04
3.461934364167973399e-03
2.164214020012877882e-04
2.734110224992036819e-03
8.699680678546428680e-03
1.350570630165748298e-03
2.354228985495865345e-03
6.298403313849121332e-04
3.786600398598238826e-03
2.839601904270239174e-03
9.472362871747463942e-04
3.125439397990703583e-04
3.128086391370743513e-04
2.100725469063036144e-04
2.050862894975580275e-04
1.800556638045236468e-04
1.977255888050422072e-04
1.634583459235727787e-04
1.962399401236325502e-04
8.715479780221357942e-04
1.859986878116615117e-04
1.624248543521389365e-04
4.570621022139675915e-04
4.788465739693492651e-04
2.504692383809015155e-04
1.949584693647921085e-04
2.392008609604090452e-04
1.889587874757125974e-04
7.850685506127774715e-04
5.805823311675339937e-04
3.171236021444201469e-04
2.743660515989176929e-04
