5.000000000000000278e-02
5.000000000000000278e-02
5.000000000000000278e-02
5.000000000000000278e-02
5.050000000000000322e-02
5.124999999999999695e-02
5.374999999999999917e-02
6.325000000000000067e-02
6.275000000000000022e-02
7.674999999999999878e-02
1.100000000000000006e-01
1.360000000000000098e-01
1.552499999999999991e-01
2.632499999999999840e-01
2.520000000000000018e-01
3.185000000000000053e-01
2.919999999999999818e-01
3.327499999999999902e-01
3.472500000000000031e-01
3.130000000000000004e-01
3.599999999999999867e-01
3.277499999999999858e-01
3.437500000000000000e-01
3.420000000000000262e-01
4.257500000000000173e-01
3.517500000000000071e-01
3.897499999999999853e-01
4.129999999999999782e-01
3.712500000000000244e-01
4.794999999999999818e-01
3.752499999999999725e-01
3.417499999999999982e-01
4.630000000000000226e-01
3.770000000000000018e-01
4.834999999999999853e-01
4.057499999999999996e-01
4.899999999999999911e-01
3.742500000000000271e-01
4.974999999999999978e-01
3.132499999999999729e-01
4.284999999999999920e-01
5.022499999999999742e-01
4.744999999999999774e-01
5.010000000000000009e-01
4.567499999999999893e-01
5.497499999999999609e-01
4.662499999999999978e-01
4.602499999999999925e-01
5.154999999999999583e-01
5.202499999999999902e-01
4.977500000000000258e-01
4.224999999999999867e-01
6.002499999999999503e-01
4.632499999999999951e-01
5.799999999999999600e-01
4.982500000000000262e-01
6.744999999999999885e-01
3.514999999999999791e-01
5.070000000000000062e-01
5.875000000000000222e-01
5.639999999999999458e-01
4.405000000000000027e-01
5.762500000000000400e-01
6.105000000000000426e-01
6.607499999999999485e-01
5.024999999999999467e-01
3.955000000000000182e-01
6.062499999999999556e-01
5.762500000000000400e-01
7.282499999999999529e-01
6.427500000000000435e-01
6.347500000000000364e-01
5.709999999999999520e-01
4.232500000000000151e-01
5.965000000000000302e-01
6.364999999999999547e-01
4.909999999999999920e-01
6.145000000000000462e-01
6.567499999999999449e-01
4.867500000000000160e-01
6.384999999999999565e-01
4.934999999999999942e-01
5.200000000000000178e-01
5.672500000000000320e-01
5.612500000000000266e-01
4.949999999999999956e-01
6.377500000000000391e-01
6.804999999999999938e-01
4.944999999999999951e-01
5.174999999999999600e-01
4.877500000000000169e-01
6.457500000000000462e-01
5.717499999999999805e-01
5.467499999999999583e-01
5.112499999999999822e-01
4.762500000000000067e-01
6.002499999999999503e-01
4.422499999999999765e-01
5.862500000000000488e-01
6.292499999999999760e-01
2.374999999999999889e-01
5.600000000000000533e-01
5.157500000000000417e-01
5.577499999999999680e-01
5.210000000000000187e-01
6.560000000000000275e-01
5.847499999999999920e-01
5.522500000000000187e-01
5.935000000000000275e-01
4.764999999999999791e-01
5.827499999999999902e-01
8.135000000000000009e-01
4.327500000000000235e-01
3.332499999999999907e-01
6.412499999999999867e-01
6.650000000000000355e-01
5.912500000000000533e-01
6.814999999999999947e-01
6.205000000000000515e-01
5.702500000000000346e-01
6.460000000000000187e-01
4.207500000000000129e-01
7.352499999999999591e-01
6.922500000000000320e-01
3.915000000000000147e-01
6.935000000000000053e-01
6.242499999999999716e-01
7.954999999999999849e-01
3.474999999999999756e-01
4.717500000000000027e-01
3.677500000000000213e-01
7.179999999999999716e-01
7.042500000000000426e-01
5.444999999999999840e-01
6.905000000000000027e-01
6.742500000000000160e-01
7.225000000000000311e-01
6.182499999999999662e-01
5.919999999999999707e-01
6.237500000000000266e-01
6.867499999999999716e-01
6.867499999999999716e-01
7.232499999999999485e-01
6.037500000000000089e-01
6.195000000000000506e-01
6.012499999999999512e-01
5.769999999999999574e-01
6.297500000000000320e-01
4.525000000000000133e-01
5.422500000000000098e-01
5.237500000000000488e-01
5.827499999999999902e-01
5.767499999999999849e-01
5.977500000000000036e-01
4.749999999999999778e-01
6.942500000000000338e-01
6.347500000000000364e-01
6.584999999999999742e-01
5.220000000000000195e-01
4.947500000000000231e-01
4.212500000000000133e-01
6.947499999999999787e-01
6.965000000000000080e-01
6.707499999999999574e-01
6.147500000000000187e-01
4.244999999999999885e-01
5.257500000000000506e-01
6.812500000000000222e-01
4.897500000000000187e-01
5.157500000000000417e-01
5.134999999999999565e-01
7.714999999999999636e-01
5.849999999999999645e-01
5.080000000000000071e-01
6.292499999999999760e-01
8.477500000000000036e-01
7.920000000000000373e-01
7.422499999999999654e-01
5.162499999999999867e-01
6.534999999999999698e-01
6.055000000000000382e-01
5.805000000000000160e-01
6.800000000000000488e-01
6.540000000000000258e-01
6.610000000000000320e-01
4.987500000000000266e-01
6.942500000000000338e-01
3.472500000000000031e-01
6.147500000000000187e-01
4.947500000000000231e-01
5.799999999999999600e-01
5.765000000000000124e-01
4.147500000000000075e-01
7.495000000000000551e-01
6.697499999999999565e-01
4.607499999999999929e-01
7.514999999999999458e-01
6.360000000000000098e-01
3.712500000000000244e-01
4.869999999999999885e-01
3.325000000000000178e-01
6.760000000000000453e-01
7.085000000000000187e-01
7.107499999999999929e-01
6.889999999999999458e-01
4.877500000000000169e-01
3.877499999999999836e-01
3.232499999999999818e-01
6.422499999999999876e-01
7.172500000000000542e-01
7.359999999999999876e-01
6.850000000000000533e-01
6.919999999999999485e-01
6.949999999999999512e-01
4.507499999999999840e-01
7.534999999999999476e-01
5.805000000000000160e-01
4.819999999999999840e-01
3.607500000000000151e-01
7.292499999999999538e-01
3.880000000000000115e-01
6.440000000000000169e-01
6.797499999999999654e-01
5.022499999999999742e-01
5.665000000000000036e-01
6.497500000000000497e-01
6.482499999999999929e-01
5.344999999999999751e-01
6.510000000000000231e-01
7.387500000000000178e-01
8.167499999999999760e-01
6.002499999999999503e-01
6.732500000000000151e-01
6.772500000000000187e-01
8.309999999999999609e-01
8.487500000000000044e-01
7.455000000000000515e-01
7.577500000000000346e-01
6.997499999999999831e-01
5.717499999999999805e-01
5.190000000000000169e-01
5.104999999999999538e-01
6.270000000000000018e-01
5.342500000000000027e-01
6.162499999999999645e-01
6.634999999999999787e-01
6.514999999999999680e-01
6.297500000000000320e-01
6.830000000000000515e-01
7.132500000000000506e-01
6.302499999999999769e-01
5.659999999999999476e-01
6.087500000000000133e-01
5.130000000000000115e-01
7.527500000000000302e-01
6.394999999999999574e-01
5.440000000000000391e-01
6.079999999999999849e-01
7.092500000000000471e-01
4.777500000000000080e-01
7.147499999999999964e-01
6.354999999999999538e-01
4.417499999999999760e-01
5.809999999999999609e-01
4.929999999999999938e-01
4.152500000000000080e-01
7.182500000000000551e-01
4.799999999999999822e-01
8.192500000000000338e-01
7.580000000000000071e-01
7.854999999999999760e-01
7.195000000000000284e-01
6.059999999999999831e-01
5.112499999999999822e-01
4.082500000000000018e-01
6.532499999999999973e-01
8.372500000000000497e-01
5.727499999999999813e-01
4.435000000000000053e-01
8.084999999999999964e-01
7.217500000000000027e-01
7.465000000000000524e-01
6.267500000000000293e-01
7.512499999999999734e-01
8.275000000000000133e-01
6.959999999999999520e-01
7.804999999999999716e-01
6.987499999999999822e-01
6.082499999999999574e-01
5.975000000000000311e-01
6.580000000000000293e-01
4.600000000000000200e-01
7.437500000000000222e-01
6.422499999999999876e-01
8.102500000000000258e-01
7.904999999999999805e-01
4.357500000000000262e-01
6.245000000000000551e-01
6.882500000000000284e-01
7.860000000000000320e-01
6.182499999999999662e-01
6.577499999999999458e-01
4.234999999999999876e-01
7.037499999999999867e-01
6.737499999999999600e-01
7.994999999999999885e-01
7.122500000000000497e-01
7.345000000000000417e-01
8.212500000000000355e-01
6.032499999999999529e-01
7.002500000000000391e-01
6.607499999999999485e-01
5.819999999999999618e-01
2.434999999999999942e-01
6.337500000000000355e-01
8.070000000000000506e-01
8.407499999999999973e-01
5.629999999999999449e-01
7.982500000000000151e-01
7.247500000000000053e-01
7.727500000000000480e-01
7.634999999999999565e-01
6.875000000000000000e-01
7.402499999999999636e-01
7.767500000000000515e-01
7.202499999999999458e-01
7.487500000000000266e-01
6.324999999999999512e-01
6.122499999999999609e-01
6.284999999999999476e-01
7.650000000000000133e-01
7.057499999999999885e-01
4.450000000000000067e-01
3.260000000000000120e-01
4.959999999999999964e-01
8.499999999999999778e-01
5.602500000000000258e-01
4.672499999999999987e-01
7.052500000000000435e-01
4.337500000000000244e-01
6.082499999999999574e-01
8.002500000000000169e-01
6.165000000000000480e-01
6.312499999999999778e-01
7.095000000000000195e-01
7.807500000000000551e-01
7.692499999999999893e-01
8.217499999999999805e-01
8.735000000000000542e-01
7.807500000000000551e-01
6.760000000000000453e-01
7.487500000000000266e-01
8.407499999999999973e-01
7.660000000000000142e-01
7.674999999999999600e-01
8.412500000000000533e-01
7.977499999999999591e-01
6.732500000000000151e-01
7.359999999999999876e-01
5.504999999999999893e-01
8.087499999999999689e-01
8.299999999999999600e-01
7.315000000000000391e-01
6.340000000000000080e-01
8.495000000000000329e-01
7.095000000000000195e-01
7.684999999999999609e-01
6.927499999999999769e-01
3.454999999999999738e-01
6.532499999999999973e-01
7.247500000000000053e-01
6.547500000000000542e-01
7.052500000000000435e-01
6.670000000000000373e-01
5.979999999999999760e-01
6.967499999999999805e-01
5.287500000000000533e-01
7.442499999999999671e-01
5.939999999999999725e-01
7.602499999999999813e-01
8.297499999999999876e-01
7.175000000000000266e-01
6.500000000000000222e-01
8.014999999999999902e-01
3.285000000000000142e-01
7.222499999999999476e-01
5.590000000000000524e-01
4.472499999999999809e-01
7.984999999999999876e-01
8.569999999999999840e-01
8.555000000000000382e-01
5.962499999999999467e-01
8.375000000000000222e-01
6.229999999999999982e-01
6.332499999999999796e-01
7.874999999999999778e-01
5.124999999999999556e-01
6.997499999999999831e-01
6.092499999999999583e-01
7.810000000000000275e-01
7.345000000000000417e-01
7.674999999999999600e-01
7.315000000000000391e-01
7.640000000000000124e-01
8.147499999999999742e-01
7.399999999999999911e-01
6.620000000000000329e-01
6.322499999999999787e-01
6.474999999999999645e-01
7.500000000000000000e-01
5.682500000000000329e-01
6.947499999999999787e-01
6.304999999999999494e-01
6.607499999999999485e-01
6.290000000000000036e-01
8.155000000000000027e-01
5.647499999999999742e-01
7.312499999999999556e-01
7.119999999999999662e-01
6.935000000000000053e-01
7.455000000000000515e-01
7.129999999999999671e-01
7.419999999999999929e-01
7.550000000000000044e-01
8.034999999999999920e-01
6.115000000000000435e-01
7.752499999999999947e-01
6.480000000000000204e-01
6.294999999999999485e-01
6.820000000000000506e-01
7.590000000000000080e-01
7.744999999999999662e-01
7.022500000000000409e-01
5.912500000000000533e-01
7.189999999999999725e-01
7.834999999999999742e-01
7.015000000000000124e-01
7.657500000000000417e-01
8.022500000000000187e-01
7.594999999999999529e-01
7.574999999999999512e-01
6.997499999999999831e-01
5.367499999999999494e-01
6.522499999999999964e-01
7.002500000000000391e-01
4.709999999999999742e-01
6.982500000000000373e-01
6.554999999999999716e-01
7.325000000000000400e-01
8.239999999999999547e-01
7.794999999999999707e-01
6.587499999999999467e-01
7.015000000000000124e-01
7.990000000000000435e-01
8.422500000000000542e-01
3.039999999999999925e-01
6.632500000000000062e-01
5.797499999999999876e-01
7.435000000000000497e-01
6.039999999999999813e-01
6.560000000000000275e-01
7.235000000000000320e-01
6.524999999999999689e-01
7.169999999999999707e-01
5.614999999999999991e-01
6.734999999999999876e-01
7.754999999999999671e-01
8.727500000000000258e-01
5.560000000000000497e-01
8.080000000000000515e-01
7.417500000000000204e-01
7.472499999999999698e-01
8.375000000000000222e-01
6.015000000000000346e-01
7.852500000000000036e-01
6.527500000000000524e-01
7.542499999999999760e-01
6.404999999999999583e-01
7.469999999999999973e-01
6.402499999999999858e-01
6.877499999999999725e-01
7.787500000000000533e-01
7.974999999999999867e-01
7.700000000000000178e-01
7.880000000000000338e-01
4.540000000000000147e-01
6.500000000000000222e-01
3.427499999999999991e-01
7.392499999999999627e-01
7.900000000000000355e-01
5.799999999999999600e-01
6.272499999999999742e-01
6.877499999999999725e-01
6.730000000000000426e-01
7.524999999999999467e-01
6.955000000000000071e-01
7.817499999999999449e-01
7.752499999999999947e-01
7.429999999999999938e-01
8.222500000000000364e-01
7.229999999999999760e-01
7.694999999999999618e-01
8.127499999999999725e-01
8.679999999999999938e-01
8.209999999999999520e-01
3.474999999999999756e-01
6.005000000000000338e-01
4.304999999999999938e-01
6.957499999999999796e-01
8.687500000000000222e-01
6.850000000000000533e-01
8.060000000000000497e-01
8.309999999999999609e-01
7.504999999999999449e-01
5.955000000000000293e-01
7.117499999999999938e-01
6.864999999999999991e-01
7.950000000000000400e-01
7.417500000000000204e-01
8.669999999999999929e-01
6.400000000000000133e-01
6.564999999999999725e-01
7.650000000000000133e-01
5.785000000000000142e-01
6.632500000000000062e-01
6.262499999999999734e-01
8.545000000000000373e-01
6.382499999999999840e-01
8.064999999999999947e-01
7.267500000000000071e-01
5.887499999999999956e-01
4.397499999999999742e-01
7.317500000000000115e-01
6.750000000000000444e-01
7.764999999999999680e-01
7.984999999999999876e-01
8.339999999999999636e-01
7.485000000000000542e-01
8.135000000000000009e-01
8.349999999999999645e-01
8.192500000000000338e-01
6.929999999999999494e-01
7.744999999999999662e-01
3.674999999999999933e-01
7.082500000000000462e-01
6.554999999999999716e-01
6.450000000000000178e-01
7.227500000000000036e-01
7.964999999999999858e-01
7.479999999999999982e-01
8.837500000000000355e-01
8.657500000000000195e-01
7.292499999999999538e-01
7.337500000000000133e-01
7.567500000000000338e-01
4.904999999999999916e-01
7.960000000000000409e-01
8.359999999999999654e-01
6.752500000000000169e-01
8.225000000000000089e-01
7.537500000000000311e-01
8.272500000000000409e-01
6.730000000000000426e-01
8.289999999999999591e-01
4.902500000000000191e-01
7.055000000000000160e-01
6.514999999999999680e-01
8.012500000000000178e-01
7.105000000000000204e-01
6.734999999999999876e-01
8.335000000000000187e-01
8.415000000000000258e-01
6.252499999999999725e-01
7.824999999999999734e-01
7.307500000000000107e-01
7.617500000000000382e-01
6.312499999999999778e-01
7.804999999999999716e-01
8.167499999999999760e-01
8.342500000000000471e-01
8.047499999999999654e-01
8.067499999999999671e-01
7.055000000000000160e-01
7.327500000000000124e-01
5.552500000000000213e-01
7.269999999999999796e-01
8.267499999999999849e-01
6.407500000000000417e-01
8.649999999999999911e-01
6.310000000000000053e-01
7.025000000000000133e-01
6.997499999999999831e-01
6.620000000000000329e-01
6.754999999999999893e-01
7.950000000000000400e-01
7.607500000000000373e-01
8.342500000000000471e-01
6.919999999999999485e-01
7.500000000000000000e-01
8.272500000000000409e-01
7.630000000000000115e-01
7.734999999999999654e-01
7.587500000000000355e-01
7.914999999999999813e-01
7.620000000000000107e-01
8.235000000000000098e-01
7.594999999999999529e-01
7.794999999999999707e-01
8.492499999999999494e-01
7.275000000000000355e-01
6.660000000000000364e-01
8.307499999999999885e-01
8.415000000000000258e-01
6.464999999999999636e-01
7.957499999999999574e-01
8.117499999999999716e-01
5.695000000000000062e-01
4.445000000000000062e-01
8.549999999999999822e-01
6.019999999999999796e-01
5.444999999999999840e-01
8.267499999999999849e-01
8.004999999999999893e-01
7.992500000000000160e-01
8.750000000000000000e-01
7.485000000000000542e-01
6.764999999999999902e-01
7.379999999999999893e-01
7.944999999999999840e-01
7.907499999999999529e-01
7.962500000000000133e-01
8.042500000000000204e-01
7.762499999999999956e-01
8.605000000000000426e-01
6.604999999999999760e-01
8.627500000000000169e-01
9.030000000000000249e-01
8.637500000000000178e-01
3.407499999999999973e-01
8.122500000000000275e-01
7.720000000000000195e-01
8.407499999999999973e-01
8.515000000000000346e-01
6.995000000000000107e-01
6.637499999999999512e-01
6.774999999999999911e-01
3.805000000000000049e-01
8.137499999999999734e-01
7.245000000000000329e-01
5.927499999999999991e-01
7.662499999999999867e-01
7.722499999999999920e-01
8.125000000000000000e-01
8.637500000000000178e-01
9.042499999999999982e-01
8.762499999999999734e-01
8.257499999999999840e-01
5.440000000000000391e-01
7.122500000000000497e-01
7.012500000000000400e-01
7.717500000000000471e-01
8.104999999999999982e-01
7.530000000000000027e-01
6.129999999999999893e-01
7.419999999999999929e-01
6.787499999999999645e-01
8.012500000000000178e-01
8.195000000000000062e-01
8.757500000000000284e-01
5.715000000000000080e-01
7.172500000000000542e-01
6.634999999999999787e-01
7.657500000000000417e-01
7.624999999999999556e-01
8.705000000000000515e-01
8.449999999999999734e-01
8.419999999999999707e-01
7.614999999999999547e-01
8.030000000000000471e-01
8.834999999999999520e-01
7.927499999999999547e-01
8.669999999999999929e-01
8.042500000000000204e-01
8.482499999999999485e-01
6.965000000000000080e-01
7.942500000000000115e-01
5.692500000000000338e-01
7.682499999999999885e-01
5.685000000000000053e-01
6.767499999999999627e-01
6.062499999999999556e-01
8.669999999999999929e-01
7.902500000000000080e-01
8.722499999999999698e-01
8.217499999999999805e-01
5.857499999999999929e-01
8.267499999999999849e-01
7.614999999999999547e-01
8.647500000000000187e-01
8.297499999999999876e-01
8.162500000000000311e-01
7.312499999999999556e-01
8.002500000000000169e-01
7.415000000000000480e-01
6.340000000000000080e-01
6.965000000000000080e-01
8.022500000000000187e-01
7.162500000000000533e-01
8.972499999999999920e-01
8.417499999999999982e-01
8.432500000000000551e-01
6.837499999999999689e-01
6.927499999999999769e-01
6.300000000000000044e-01
8.692499999999999671e-01
5.492500000000000160e-01
8.147499999999999742e-01
7.794999999999999707e-01
8.084999999999999964e-01
7.059999999999999609e-01
7.640000000000000124e-01
8.612499999999999600e-01
7.632499999999999840e-01
8.699999999999999956e-01
7.897499999999999520e-01
7.880000000000000338e-01
8.012500000000000178e-01
8.369999999999999662e-01
7.522499999999999742e-01
7.035000000000000142e-01
4.979999999999999982e-01
8.342500000000000471e-01
6.644999999999999796e-01
8.582499999999999574e-01
7.452499999999999680e-01
7.847499999999999476e-01
7.954999999999999849e-01
4.687500000000000000e-01
6.042499999999999538e-01
8.972499999999999920e-01
4.552499999999999880e-01
7.402499999999999636e-01
7.332499999999999574e-01
6.909999999999999476e-01
8.485000000000000320e-01
6.550000000000000266e-01
4.635000000000000231e-01
7.295000000000000373e-01
8.532499999999999529e-01
8.665000000000000480e-01
7.517500000000000293e-01
7.710000000000000187e-01
7.412499999999999645e-01
8.882499999999999840e-01
6.280000000000000027e-01
7.335000000000000409e-01
6.860000000000000542e-01
7.259999999999999787e-01
7.449999999999999956e-01
7.677500000000000435e-01
8.077499999999999680e-01
8.262500000000000400e-01
6.962500000000000355e-01
7.772499999999999964e-01
7.289999999999999813e-01
7.844999999999999751e-01
8.297499999999999876e-01
6.424999999999999600e-01
8.750000000000000000e-01
8.659999999999999920e-01
8.345000000000000195e-01
5.722500000000000364e-01
7.125000000000000222e-01
6.764999999999999902e-01
6.472499999999999920e-01
7.720000000000000195e-01
8.957500000000000462e-01
8.419999999999999707e-01
6.925000000000000044e-01
8.609999999999999876e-01
7.165000000000000258e-01
8.699999999999999956e-01
8.172500000000000320e-01
7.457500000000000240e-01
7.385000000000000453e-01
7.932500000000000107e-01
7.690000000000000169e-01
7.740000000000000213e-01
5.972499999999999476e-01
6.640000000000000346e-01
9.040000000000000258e-01
8.372500000000000497e-01
8.507500000000000062e-01
8.910000000000000142e-01
7.762499999999999956e-01
7.265000000000000346e-01
7.860000000000000320e-01
8.637500000000000178e-01
8.277499999999999858e-01
8.459999999999999742e-01
8.037499999999999645e-01
8.227499999999999813e-01
8.122500000000000275e-01
8.265000000000000124e-01
7.840000000000000302e-01
8.537500000000000089e-01
6.860000000000000542e-01
8.844999999999999529e-01
8.372500000000000497e-01
8.445000000000000284e-01
8.042500000000000204e-01
8.062500000000000222e-01
8.697500000000000231e-01
6.055000000000000382e-01
8.402500000000000524e-01
8.499999999999999778e-01
8.132500000000000284e-01
7.870000000000000329e-01
8.462499999999999467e-01
8.382500000000000506e-01
7.345000000000000417e-01
7.942500000000000115e-01
7.750000000000000222e-01
7.974999999999999867e-01
7.930000000000000382e-01
7.289999999999999813e-01
6.354999999999999538e-01
6.640000000000000346e-01
7.299999999999999822e-01
8.507500000000000062e-01
8.635000000000000453e-01
8.752499999999999725e-01
8.892499999999999849e-01
8.940000000000000169e-01
9.080000000000000293e-01
8.317499999999999893e-01
6.550000000000000266e-01
7.932500000000000107e-01
7.664999999999999591e-01
8.329999999999999627e-01
8.385000000000000231e-01
9.022499999999999964e-01
8.667500000000000204e-01
7.967499999999999583e-01
8.750000000000000000e-01
7.455000000000000515e-01
8.477500000000000036e-01
7.197500000000000009e-01
8.432500000000000551e-01
8.854999999999999538e-01
8.489999999999999769e-01
8.617500000000000160e-01
8.575000000000000400e-01
5.290000000000000258e-01
7.994999999999999885e-01
8.010000000000000453e-01
8.004999999999999893e-01
8.427499999999999991e-01
7.750000000000000222e-01
8.345000000000000195e-01
7.800000000000000266e-01
9.020000000000000240e-01
5.867499999999999938e-01
7.542499999999999760e-01
8.854999999999999538e-01
6.075000000000000400e-01
7.447500000000000231e-01
7.652499999999999858e-01
7.249999999999999778e-01
8.405000000000000249e-01
6.209999999999999964e-01
8.689999999999999947e-01
7.680000000000000160e-01
6.870000000000000551e-01
8.072500000000000231e-01
7.537500000000000311e-01
6.642500000000000071e-01
5.272499999999999964e-01
5.897499999999999964e-01
7.734999999999999654e-01
7.787500000000000533e-01
7.292499999999999538e-01
7.427500000000000213e-01
8.237499999999999822e-01
7.972500000000000142e-01
8.559999999999999831e-01
8.255000000000000115e-01
8.445000000000000284e-01
8.112500000000000266e-01
6.867499999999999716e-01
8.100000000000000533e-01
7.752499999999999947e-01
7.637500000000000400e-01
8.890000000000000124e-01
8.947500000000000453e-01
7.147499999999999964e-01
8.994999999999999662e-01
8.379999999999999671e-01
5.885000000000000231e-01
8.267499999999999849e-01
7.235000000000000320e-01
7.992500000000000160e-01
6.770000000000000462e-01
9.002499999999999947e-01
7.687500000000000444e-01
8.147499999999999742e-01
6.397500000000000409e-01
7.834999999999999742e-01
7.764999999999999680e-01
8.112500000000000266e-01
7.734999999999999654e-01
8.425000000000000266e-01
7.860000000000000320e-01
7.642499999999999849e-01
7.900000000000000355e-01
7.177499999999999991e-01
8.359999999999999654e-01
8.877500000000000391e-01
8.004999999999999893e-01
7.432499999999999662e-01
8.934999999999999609e-01
8.837500000000000355e-01
7.920000000000000373e-01
8.185000000000000053e-01
6.697499999999999565e-01
8.649999999999999911e-01
7.907499999999999529e-01
8.339999999999999636e-01
7.997499999999999609e-01
8.349999999999999645e-01
7.182500000000000551e-01
8.982499999999999929e-01
8.359999999999999654e-01
8.637500000000000178e-01
7.654999999999999583e-01
8.980000000000000204e-01
8.569999999999999840e-01
7.479999999999999982e-01
8.780000000000000027e-01
8.229999999999999538e-01
8.417499999999999982e-01
7.452499999999999680e-01
7.452499999999999680e-01
8.864999999999999547e-01
8.844999999999999529e-01
8.669999999999999929e-01
8.864999999999999547e-01
8.692499999999999671e-01
8.745000000000000551e-01
8.405000000000000249e-01
8.265000000000000124e-01
8.252500000000000391e-01
8.467500000000000027e-01
8.677500000000000213e-01
8.522499999999999520e-01
8.537500000000000089e-01
8.762499999999999734e-01
8.627500000000000169e-01
8.339999999999999636e-01
8.252500000000000391e-01
8.034999999999999920e-01
8.429999999999999716e-01
8.415000000000000258e-01
7.757500000000000506e-01
9.002499999999999947e-01
8.682499999999999662e-01
8.877500000000000391e-01
8.632499999999999618e-01
5.767499999999999849e-01
7.442499999999999671e-01
8.057499999999999662e-01
8.415000000000000258e-01
8.087499999999999689e-01
8.367499999999999938e-01
8.617500000000000160e-01
8.567500000000000115e-01
9.007500000000000506e-01
8.750000000000000000e-01
8.625000000000000444e-01
8.669999999999999929e-01
8.032500000000000195e-01
8.529999999999999805e-01
6.935000000000000053e-01
7.752499999999999947e-01
8.754999999999999449e-01
8.052500000000000213e-01
8.499999999999999778e-01
8.339999999999999636e-01
6.045000000000000373e-01
8.122500000000000275e-01
8.242500000000000382e-01
7.620000000000000107e-01
7.720000000000000195e-01
8.689999999999999947e-01
8.022500000000000187e-01
7.232499999999999485e-01
7.904999999999999805e-01
7.357500000000000151e-01
8.259999999999999565e-01
8.757500000000000284e-01
8.365000000000000213e-01
