2.000000000000000111e-01
2.000000000000000111e-01
2.006666666666666599e-01
2.173333333333333228e-01
2.526666666666666505e-01
2.500000000000000000e-01
2.473333333333333217e-01
2.513333333333333530e-01
2.546666666666666523e-01
2.526666666666666505e-01
2.513333333333333530e-01
2.520000000000000018e-01
2.506666666666666488e-01
2.500000000000000000e-01
2.506666666666666488e-01
2.486666666666666747e-01
2.419999999999999929e-01
2.439999999999999947e-01
2.446666666666666712e-01
2.453333333333333199e-01
2.439999999999999947e-01
2.433333333333333459e-01
2.446666666666666712e-01
2.446666666666666712e-01
2.446666666666666712e-01
2.453333333333333199e-01
2.459999999999999964e-01
2.459999999999999964e-01
2.446666666666666712e-01
2.446666666666666712e-01
2.446666666666666712e-01
2.433333333333333459e-01
2.446666666666666712e-01
2.446666666666666712e-01
2.439999999999999947e-01
2.419999999999999929e-01
2.399999999999999911e-01
2.399999999999999911e-01
2.426666666666666694e-01
2.419999999999999929e-01
2.406666666666666676e-01
2.406666666666666676e-01
2.399999999999999911e-01
2.433333333333333459e-01
2.419999999999999929e-01
2.426666666666666694e-01
2.426666666666666694e-01
2.433333333333333459e-01
2.426666666666666694e-01
2.433333333333333459e-01
2.439999999999999947e-01
2.399999999999999911e-01
2.386666666666666659e-01
2.399999999999999911e-01
2.406666666666666676e-01
2.379999999999999893e-01
2.413333333333333441e-01
2.426666666666666694e-01
2.433333333333333459e-01
2.439999999999999947e-01
2.433333333333333459e-01
2.439999999999999947e-01
2.406666666666666676e-01
2.399999999999999911e-01
2.426666666666666694e-01
2.393333333333333424e-01
2.413333333333333441e-01
2.413333333333333441e-01
2.419999999999999929e-01
2.419999999999999929e-01
2.399999999999999911e-01
2.399999999999999911e-01
2.426666666666666694e-01
2.399999999999999911e-01
2.386666666666666659e-01
2.413333333333333441e-01
2.426666666666666694e-01
2.413333333333333441e-01
2.413333333333333441e-01
2.419999999999999929e-01
2.406666666666666676e-01
2.413333333333333441e-01
2.386666666666666659e-01
2.366666666666666641e-01
2.406666666666666676e-01
2.373333333333333406e-01
2.399999999999999911e-01
2.399999999999999911e-01
2.393333333333333424e-01
2.386666666666666659e-01
2.426666666666666694e-01
2.379999999999999893e-01
2.426666666666666694e-01
2.413333333333333441e-01
2.426666666666666694e-01
2.439999999999999947e-01
2.433333333333333459e-01
2.413333333333333441e-01
2.406666666666666676e-01
2.399999999999999911e-01
2.419999999999999929e-01
2.379999999999999893e-01
2.406666666666666676e-01
2.406666666666666676e-01
2.393333333333333424e-01
2.393333333333333424e-01
2.373333333333333406e-01
2.419999999999999929e-01
2.433333333333333459e-01
2.419999999999999929e-01
2.439999999999999947e-01
2.406666666666666676e-01
2.406666666666666676e-01
2.419999999999999929e-01
2.419999999999999929e-01
2.406666666666666676e-01
2.406666666666666676e-01
2.413333333333333441e-01
2.413333333333333441e-01
2.413333333333333441e-01
2.406666666666666676e-01
2.399999999999999911e-01
2.399999999999999911e-01
2.439999999999999947e-01
2.406666666666666676e-01
2.399999999999999911e-01
2.413333333333333441e-01
2.399999999999999911e-01
2.419999999999999929e-01
2.399999999999999911e-01
2.399999999999999911e-01
2.413333333333333441e-01
2.433333333333333459e-01
2.426666666666666694e-01
2.439999999999999947e-01
2.433333333333333459e-01
2.446666666666666712e-01
2.433333333333333459e-01
2.433333333333333459e-01
2.419999999999999929e-01
2.413333333333333441e-01
2.419999999999999929e-01
2.413333333333333441e-01
2.406666666666666676e-01
2.433333333333333459e-01
2.433333333333333459e-01
2.419999999999999929e-01
2.426666666666666694e-01
2.419999999999999929e-01
2.399999999999999911e-01
2.413333333333333441e-01
2.399999999999999911e-01
2.413333333333333441e-01
2.426666666666666694e-01
2.413333333333333441e-01
2.413333333333333441e-01
2.406666666666666676e-01
2.399999999999999911e-01
2.419999999999999929e-01
2.413333333333333441e-01
2.406666666666666676e-01
2.406666666666666676e-01
2.419999999999999929e-01
2.419999999999999929e-01
2.426666666666666694e-01
2.379999999999999893e-01
2.426666666666666694e-01
2.426666666666666694e-01
2.399999999999999911e-01
2.426666666666666694e-01
2.426666666666666694e-01
2.413333333333333441e-01
2.406666666666666676e-01
2.426666666666666694e-01
2.413333333333333441e-01
2.419999999999999929e-01
2.386666666666666659e-01
2.406666666666666676e-01
2.406666666666666676e-01
2.413333333333333441e-01
2.433333333333333459e-01
2.413333333333333441e-01
2.399999999999999911e-01
2.406666666666666676e-01
2.419999999999999929e-01
2.399999999999999911e-01
2.406666666666666676e-01
2.406666666666666676e-01
2.419999999999999929e-01
2.426666666666666694e-01
2.379999999999999893e-01
2.406666666666666676e-01
2.379999999999999893e-01
2.393333333333333424e-01
2.413333333333333441e-01
2.413333333333333441e-01
2.399999999999999911e-01
2.433333333333333459e-01
2.413333333333333441e-01
2.426666666666666694e-01
2.413333333333333441e-01
2.413333333333333441e-01
2.373333333333333406e-01
2.393333333333333424e-01
2.399999999999999911e-01
2.406666666666666676e-01
2.399999999999999911e-01
2.393333333333333424e-01
2.406666666666666676e-01
2.393333333333333424e-01
2.413333333333333441e-01
2.406666666666666676e-01
2.393333333333333424e-01
2.406666666666666676e-01
2.399999999999999911e-01
2.406666666666666676e-01
2.413333333333333441e-01
2.379999999999999893e-01
2.426666666666666694e-01
2.399999999999999911e-01
2.373333333333333406e-01
2.399999999999999911e-01
2.386666666666666659e-01
2.406666666666666676e-01
2.419999999999999929e-01
2.426666666666666694e-01
2.413333333333333441e-01
2.419999999999999929e-01
2.406666666666666676e-01
2.386666666666666659e-01
2.399999999999999911e-01
2.419999999999999929e-01
2.406666666666666676e-01
2.406666666666666676e-01
2.406666666666666676e-01
2.373333333333333406e-01
2.386666666666666659e-01
2.413333333333333441e-01
2.406666666666666676e-01
2.386666666666666659e-01
2.419999999999999929e-01
2.413333333333333441e-01
2.406666666666666676e-01
2.413333333333333441e-01
2.419999999999999929e-01
2.393333333333333424e-01
2.386666666666666659e-01
2.393333333333333424e-01
2.393333333333333424e-01
2.419999999999999929e-01
2.399999999999999911e-01
2.393333333333333424e-01
2.399999999999999911e-01
2.393333333333333424e-01
2.399999999999999911e-01
2.413333333333333441e-01
2.413333333333333441e-01
2.386666666666666659e-01
2.386666666666666659e-01
2.399999999999999911e-01
2.386666666666666659e-01
2.399999999999999911e-01
2.393333333333333424e-01
2.419999999999999929e-01
2.393333333333333424e-01
2.393333333333333424e-01
2.399999999999999911e-01
2.399999999999999911e-01
2.393333333333333424e-01
2.386666666666666659e-01
2.406666666666666676e-01
2.386666666666666659e-01
2.406666666666666676e-01
2.406666666666666676e-01
2.426666666666666694e-01
2.399999999999999911e-01
2.399999999999999911e-01
2.439999999999999947e-01
2.433333333333333459e-01
2.426666666666666694e-01
2.426666666666666694e-01
2.399999999999999911e-01
2.366666666666666641e-01
2.399999999999999911e-01
2.393333333333333424e-01
2.386666666666666659e-01
2.406666666666666676e-01
2.426666666666666694e-01
2.393333333333333424e-01
2.379999999999999893e-01
2.393333333333333424e-01
2.386666666666666659e-01
2.366666666666666641e-01
2.413333333333333441e-01
2.426666666666666694e-01
2.406666666666666676e-01
2.393333333333333424e-01
2.419999999999999929e-01
2.393333333333333424e-01
2.393333333333333424e-01
2.406666666666666676e-01
2.426666666666666694e-01
2.399999999999999911e-01
2.419999999999999929e-01
2.393333333333333424e-01
2.433333333333333459e-01
2.406666666666666676e-01
2.413333333333333441e-01
2.426666666666666694e-01
2.393333333333333424e-01
2.413333333333333441e-01
2.393333333333333424e-01
2.379999999999999893e-01
2.393333333333333424e-01
2.426666666666666694e-01
2.413333333333333441e-01
2.413333333333333441e-01
2.399999999999999911e-01
2.393333333333333424e-01
2.406666666666666676e-01
2.399999999999999911e-01
2.413333333333333441e-01
2.419999999999999929e-01
2.406666666666666676e-01
2.413333333333333441e-01
2.419999999999999929e-01
2.419999999999999929e-01
2.386666666666666659e-01
2.413333333333333441e-01
2.386666666666666659e-01
2.406666666666666676e-01
2.406666666666666676e-01
2.406666666666666676e-01
2.399999999999999911e-01
2.406666666666666676e-01
2.406666666666666676e-01
2.393333333333333424e-01
2.386666666666666659e-01
2.399999999999999911e-01
2.393333333333333424e-01
2.419999999999999929e-01
2.379999999999999893e-01
2.413333333333333441e-01
2.419999999999999929e-01
2.399999999999999911e-01
2.399999999999999911e-01
2.393333333333333424e-01
2.386666666666666659e-01
2.413333333333333441e-01
2.399999999999999911e-01
2.426666666666666694e-01
2.399999999999999911e-01
2.399999999999999911e-01
2.413333333333333441e-01
2.393333333333333424e-01
2.386666666666666659e-01
2.386666666666666659e-01
2.419999999999999929e-01
2.419999999999999929e-01
2.433333333333333459e-01
2.413333333333333441e-01
2.406666666666666676e-01
2.386666666666666659e-01
2.413333333333333441e-01
2.399999999999999911e-01
2.386666666666666659e-01
2.379999999999999893e-01
2.393333333333333424e-01
2.379999999999999893e-01
2.399999999999999911e-01
2.393333333333333424e-01
2.379999999999999893e-01
2.379999999999999893e-01
2.373333333333333406e-01
2.419999999999999929e-01
2.393333333333333424e-01
2.406666666666666676e-01
2.406666666666666676e-01
2.393333333333333424e-01
2.426666666666666694e-01
2.426666666666666694e-01
2.379999999999999893e-01
2.386666666666666659e-01
2.379999999999999893e-01
2.413333333333333441e-01
2.399999999999999911e-01
2.379999999999999893e-01
2.386666666666666659e-01
2.393333333333333424e-01
2.393333333333333424e-01
2.413333333333333441e-01
2.406666666666666676e-01
2.413333333333333441e-01
2.413333333333333441e-01
2.379999999999999893e-01
2.393333333333333424e-01
2.406666666666666676e-01
2.386666666666666659e-01
2.386666666666666659e-01
2.399999999999999911e-01
2.393333333333333424e-01
2.399999999999999911e-01
2.399999999999999911e-01
2.419999999999999929e-01
2.399999999999999911e-01
2.419999999999999929e-01
2.379999999999999893e-01
2.386666666666666659e-01
2.393333333333333424e-01
2.386666666666666659e-01
2.379999999999999893e-01
2.366666666666666641e-01
2.386666666666666659e-01
2.399999999999999911e-01
2.379999999999999893e-01
2.399999999999999911e-01
2.386666666666666659e-01
2.386666666666666659e-01
2.413333333333333441e-01
2.373333333333333406e-01
2.379999999999999893e-01
2.373333333333333406e-01
2.393333333333333424e-01
2.379999999999999893e-01
2.373333333333333406e-01
2.406666666666666676e-01
2.399999999999999911e-01
2.413333333333333441e-01
2.399999999999999911e-01
2.386666666666666659e-01
2.379999999999999893e-01
2.379999999999999893e-01
2.379999999999999893e-01
2.413333333333333441e-01
2.413333333333333441e-01
2.419999999999999929e-01
2.406666666666666676e-01
2.393333333333333424e-01
2.379999999999999893e-01
2.406666666666666676e-01
2.426666666666666694e-01
2.419999999999999929e-01
2.419999999999999929e-01
2.419999999999999929e-01
2.433333333333333459e-01
2.413333333333333441e-01
2.413333333333333441e-01
2.413333333333333441e-01
2.406666666666666676e-01
2.419999999999999929e-01
2.419999999999999929e-01
2.379999999999999893e-01
2.386666666666666659e-01
2.399999999999999911e-01
2.413333333333333441e-01
2.393333333333333424e-01
2.406666666666666676e-01
2.393333333333333424e-01
2.393333333333333424e-01
2.399999999999999911e-01
2.439999999999999947e-01
2.419999999999999929e-01
2.433333333333333459e-01
2.386666666666666659e-01
2.419999999999999929e-01
2.406666666666666676e-01
2.399999999999999911e-01
2.399999999999999911e-01
2.406666666666666676e-01
2.366666666666666641e-01
2.393333333333333424e-01
2.406666666666666676e-01
2.419999999999999929e-01
2.379999999999999893e-01
2.359999999999999876e-01
2.386666666666666659e-01
2.386666666666666659e-01
2.399999999999999911e-01
2.373333333333333406e-01
2.386666666666666659e-01
2.426666666666666694e-01
2.406666666666666676e-01
2.413333333333333441e-01
2.386666666666666659e-01
2.446666666666666712e-01
2.419999999999999929e-01
2.399999999999999911e-01
2.399999999999999911e-01
2.399999999999999911e-01
2.393333333333333424e-01
2.399999999999999911e-01
2.379999999999999893e-01
2.399999999999999911e-01
2.406666666666666676e-01
2.406666666666666676e-01
2.413333333333333441e-01
2.419999999999999929e-01
2.433333333333333459e-01
2.406666666666666676e-01
2.379999999999999893e-01
2.379999999999999893e-01
2.413333333333333441e-01
2.399999999999999911e-01
2.373333333333333406e-01
2.373333333333333406e-01
2.386666666666666659e-01
2.373333333333333406e-01
2.393333333333333424e-01
2.393333333333333424e-01
2.386666666666666659e-01
2.359999999999999876e-01
2.406666666666666676e-01
2.393333333333333424e-01
2.386666666666666659e-01
2.406666666666666676e-01
2.386666666666666659e-01
2.419999999999999929e-01
2.386666666666666659e-01
2.399999999999999911e-01
2.426666666666666694e-01
2.406666666666666676e-01
2.399999999999999911e-01
2.413333333333333441e-01
2.426666666666666694e-01
2.413333333333333441e-01
2.399999999999999911e-01
2.413333333333333441e-01
2.419999999999999929e-01
2.419999999999999929e-01
2.446666666666666712e-01
2.426666666666666694e-01
2.419999999999999929e-01
2.419999999999999929e-01
2.386666666666666659e-01
2.386666666666666659e-01
2.386666666666666659e-01
2.393333333333333424e-01
2.399999999999999911e-01
2.426666666666666694e-01
2.379999999999999893e-01
2.406666666666666676e-01
2.406666666666666676e-01
2.393333333333333424e-01
2.426666666666666694e-01
2.399999999999999911e-01
2.379999999999999893e-01
2.386666666666666659e-01
2.386666666666666659e-01
2.399999999999999911e-01
2.353333333333333388e-01
2.386666666666666659e-01
2.379999999999999893e-01
2.393333333333333424e-01
2.399999999999999911e-01
2.419999999999999929e-01
2.399999999999999911e-01
2.413333333333333441e-01
2.413333333333333441e-01
2.426666666666666694e-01
2.406666666666666676e-01
2.433333333333333459e-01
2.413333333333333441e-01
2.439999999999999947e-01
2.379999999999999893e-01
2.393333333333333424e-01
2.399999999999999911e-01
2.373333333333333406e-01
2.379999999999999893e-01
2.379999999999999893e-01
2.446666666666666712e-01
2.379999999999999893e-01
2.393333333333333424e-01
2.413333333333333441e-01
2.399999999999999911e-01
2.399999999999999911e-01
2.393333333333333424e-01
2.426666666666666694e-01
2.433333333333333459e-01
2.393333333333333424e-01
2.406666666666666676e-01
2.373333333333333406e-01
2.373333333333333406e-01
2.393333333333333424e-01
2.386666666666666659e-01
2.413333333333333441e-01
2.406666666666666676e-01
2.419999999999999929e-01
2.386666666666666659e-01
2.379999999999999893e-01
2.419999999999999929e-01
2.419999999999999929e-01
2.386666666666666659e-01
2.386666666666666659e-01
2.406666666666666676e-01
2.366666666666666641e-01
2.406666666666666676e-01
2.413333333333333441e-01
2.426666666666666694e-01
2.419999999999999929e-01
2.419999999999999929e-01
2.406666666666666676e-01
2.446666666666666712e-01
2.393333333333333424e-01
2.393333333333333424e-01
2.393333333333333424e-01
2.419999999999999929e-01
2.386666666666666659e-01
2.406666666666666676e-01
2.413333333333333441e-01
2.393333333333333424e-01
2.399999999999999911e-01
2.393333333333333424e-01
2.393333333333333424e-01
2.393333333333333424e-01
2.393333333333333424e-01
2.373333333333333406e-01
2.399999999999999911e-01
2.393333333333333424e-01
2.399999999999999911e-01
2.399999999999999911e-01
2.406666666666666676e-01
2.399999999999999911e-01
2.379999999999999893e-01
2.373333333333333406e-01
2.379999999999999893e-01
2.419999999999999929e-01
2.433333333333333459e-01
2.426666666666666694e-01
2.359999999999999876e-01
2.399999999999999911e-01
2.379999999999999893e-01
2.393333333333333424e-01
2.399999999999999911e-01
2.379999999999999893e-01
2.373333333333333406e-01
2.379999999999999893e-01
2.379999999999999893e-01
2.399999999999999911e-01
2.393333333333333424e-01
2.379999999999999893e-01
2.433333333333333459e-01
2.399999999999999911e-01
2.406666666666666676e-01
2.386666666666666659e-01
2.386666666666666659e-01
2.399999999999999911e-01
2.373333333333333406e-01
2.399999999999999911e-01
2.393333333333333424e-01
2.379999999999999893e-01
2.379999999999999893e-01
2.413333333333333441e-01
2.433333333333333459e-01
2.439999999999999947e-01
2.399999999999999911e-01
2.386666666666666659e-01
2.433333333333333459e-01
2.379999999999999893e-01
2.433333333333333459e-01
2.433333333333333459e-01
2.419999999999999929e-01
2.399999999999999911e-01
2.419999999999999929e-01
2.406666666666666676e-01
2.426666666666666694e-01
2.379999999999999893e-01
2.426666666666666694e-01
2.439999999999999947e-01
2.433333333333333459e-01
2.393333333333333424e-01
2.359999999999999876e-01
2.406666666666666676e-01
2.433333333333333459e-01
2.419999999999999929e-01
2.406666666666666676e-01
2.406666666666666676e-01
2.433333333333333459e-01
2.399999999999999911e-01
2.386666666666666659e-01
2.366666666666666641e-01
2.399999999999999911e-01
2.373333333333333406e-01
2.366666666666666641e-01
2.373333333333333406e-01
2.353333333333333388e-01
2.406666666666666676e-01
2.393333333333333424e-01
2.366666666666666641e-01
2.439999999999999947e-01
2.426666666666666694e-01
2.386666666666666659e-01
2.399999999999999911e-01
2.386666666666666659e-01
2.406666666666666676e-01
2.406666666666666676e-01
2.426666666666666694e-01
2.433333333333333459e-01
2.359999999999999876e-01
2.399999999999999911e-01
2.399999999999999911e-01
2.413333333333333441e-01
2.406666666666666676e-01
2.406666666666666676e-01
2.413333333333333441e-01
2.386666666666666659e-01
2.386666666666666659e-01
2.413333333333333441e-01
2.406666666666666676e-01
2.393333333333333424e-01
2.406666666666666676e-01
2.366666666666666641e-01
2.379999999999999893e-01
2.386666666666666659e-01
2.419999999999999929e-01
2.419999999999999929e-01
2.419999999999999929e-01
2.399999999999999911e-01
2.413333333333333441e-01
2.379999999999999893e-01
2.393333333333333424e-01
2.419999999999999929e-01
2.419999999999999929e-01
2.426666666666666694e-01
2.386666666666666659e-01
2.366666666666666641e-01
2.373333333333333406e-01
2.379999999999999893e-01
2.386666666666666659e-01
2.399999999999999911e-01
2.399999999999999911e-01
2.413333333333333441e-01
2.399999999999999911e-01
2.413333333333333441e-01
2.406666666666666676e-01
2.419999999999999929e-01
2.426666666666666694e-01
2.419999999999999929e-01
2.373333333333333406e-01
2.366666666666666641e-01
2.359999999999999876e-01
2.413333333333333441e-01
2.433333333333333459e-01
2.439999999999999947e-01
2.426666666666666694e-01
2.413333333333333441e-01
2.419999999999999929e-01
2.419999999999999929e-01
2.439999999999999947e-01
2.399999999999999911e-01
2.393333333333333424e-01
2.406666666666666676e-01
2.406666666666666676e-01
2.426666666666666694e-01
2.433333333333333459e-01
2.406666666666666676e-01
2.406666666666666676e-01
2.433333333333333459e-01
2.419999999999999929e-01
2.399999999999999911e-01
2.406666666666666676e-01
2.439999999999999947e-01
2.413333333333333441e-01
2.393333333333333424e-01
2.433333333333333459e-01
2.413333333333333441e-01
2.419999999999999929e-01
2.406666666666666676e-01
2.419999999999999929e-01
2.413333333333333441e-01
2.433333333333333459e-01
2.406666666666666676e-01
2.419999999999999929e-01
2.393333333333333424e-01
2.439999999999999947e-01
2.419999999999999929e-01
2.426666666666666694e-01
2.399999999999999911e-01
2.419999999999999929e-01
2.379999999999999893e-01
2.366666666666666641e-01
2.406666666666666676e-01
2.413333333333333441e-01
2.419999999999999929e-01
2.426666666666666694e-01
2.399999999999999911e-01
2.426666666666666694e-01
2.393333333333333424e-01
2.419999999999999929e-01
2.426666666666666694e-01
2.419999999999999929e-01
2.413333333333333441e-01
2.426666666666666694e-01
2.426666666666666694e-01
2.419999999999999929e-01
2.386666666666666659e-01
2.373333333333333406e-01
2.406666666666666676e-01
2.413333333333333441e-01
2.399999999999999911e-01
2.426666666666666694e-01
2.413333333333333441e-01
2.413333333333333441e-01
2.413333333333333441e-01
2.433333333333333459e-01
2.406666666666666676e-01
2.426666666666666694e-01
2.419999999999999929e-01
2.413333333333333441e-01
2.433333333333333459e-01
2.406666666666666676e-01
2.413333333333333441e-01
2.386666666666666659e-01
2.406666666666666676e-01
2.386666666666666659e-01
2.386666666666666659e-01
2.426666666666666694e-01
2.413333333333333441e-01
2.419999999999999929e-01
2.419999999999999929e-01
2.406666666666666676e-01
2.439999999999999947e-01
2.419999999999999929e-01
2.399999999999999911e-01
2.419999999999999929e-01
2.413333333333333441e-01
2.393333333333333424e-01
2.366666666666666641e-01
2.413333333333333441e-01
2.386666666666666659e-01
2.399999999999999911e-01
2.373333333333333406e-01
2.426666666666666694e-01
2.393333333333333424e-01
2.406666666666666676e-01
2.413333333333333441e-01
2.379999999999999893e-01
2.399999999999999911e-01
2.393333333333333424e-01
2.406666666666666676e-01
2.413333333333333441e-01
2.393333333333333424e-01
2.399999999999999911e-01
2.406666666666666676e-01
2.413333333333333441e-01
2.426666666666666694e-01
2.413333333333333441e-01
2.413333333333333441e-01
2.393333333333333424e-01
2.373333333333333406e-01
2.426666666666666694e-01
2.413333333333333441e-01
2.413333333333333441e-01
2.419999999999999929e-01
2.406666666666666676e-01
2.393333333333333424e-01
2.379999999999999893e-01
2.393333333333333424e-01
2.426666666666666694e-01
2.419999999999999929e-01
2.439999999999999947e-01
2.446666666666666712e-01
2.393333333333333424e-01
2.399999999999999911e-01
2.413333333333333441e-01
2.419999999999999929e-01
2.399999999999999911e-01
2.419999999999999929e-01
2.413333333333333441e-01
2.439999999999999947e-01
2.399999999999999911e-01
2.413333333333333441e-01
2.379999999999999893e-01
2.399999999999999911e-01
2.399999999999999911e-01
2.399999999999999911e-01
2.379999999999999893e-01
2.419999999999999929e-01
2.393333333333333424e-01
2.413333333333333441e-01
2.433333333333333459e-01
2.413333333333333441e-01
2.413333333333333441e-01
2.399999999999999911e-01
2.366666666666666641e-01
2.366666666666666641e-01
2.413333333333333441e-01
2.406666666666666676e-01
2.433333333333333459e-01
2.399999999999999911e-01
2.413333333333333441e-01
2.413333333333333441e-01
2.413333333333333441e-01
2.413333333333333441e-01
2.386666666666666659e-01
2.399999999999999911e-01
2.413333333333333441e-01
2.399999999999999911e-01
2.413333333333333441e-01
2.399999999999999911e-01
2.399999999999999911e-01
2.399999999999999911e-01
2.413333333333333441e-01
2.426666666666666694e-01
2.399999999999999911e-01
2.406666666666666676e-01
2.406666666666666676e-01
2.406666666666666676e-01
2.406666666666666676e-01
2.419999999999999929e-01
2.406666666666666676e-01
2.453333333333333199e-01
2.393333333333333424e-01
2.379999999999999893e-01
2.399999999999999911e-01
2.426666666666666694e-01
2.399999999999999911e-01
2.439999999999999947e-01
2.419999999999999929e-01
2.386666666666666659e-01
2.426666666666666694e-01
2.413333333333333441e-01
2.386666666666666659e-01
2.406666666666666676e-01
2.426666666666666694e-01
2.419999999999999929e-01
2.393333333333333424e-01
2.379999999999999893e-01
2.419999999999999929e-01
2.393333333333333424e-01
2.419999999999999929e-01
2.439999999999999947e-01
2.459999999999999964e-01
2.433333333333333459e-01
2.406666666666666676e-01
2.373333333333333406e-01
2.393333333333333424e-01
2.399999999999999911e-01
2.393333333333333424e-01
2.413333333333333441e-01
2.386666666666666659e-01
2.406666666666666676e-01
2.406666666666666676e-01
2.433333333333333459e-01
2.393333333333333424e-01
2.399999999999999911e-01
2.439999999999999947e-01
2.419999999999999929e-01
2.393333333333333424e-01
2.433333333333333459e-01
2.433333333333333459e-01
2.393333333333333424e-01
2.386666666666666659e-01
2.406666666666666676e-01
2.413333333333333441e-01
2.379999999999999893e-01
2.373333333333333406e-01
2.399999999999999911e-01
2.406666666666666676e-01
2.419999999999999929e-01
2.419999999999999929e-01
2.419999999999999929e-01
2.439999999999999947e-01
2.406666666666666676e-01
2.426666666666666694e-01
2.446666666666666712e-01
2.446666666666666712e-01
2.446666666666666712e-01
2.399999999999999911e-01
2.439999999999999947e-01
2.419999999999999929e-01
2.433333333333333459e-01
2.426666666666666694e-01
2.433333333333333459e-01
2.413333333333333441e-01
2.413333333333333441e-01
2.413333333333333441e-01
2.419999999999999929e-01
2.426666666666666694e-01
2.426666666666666694e-01
2.426666666666666694e-01
2.426666666666666694e-01
2.426666666666666694e-01
2.419999999999999929e-01
2.419999999999999929e-01
2.399999999999999911e-01
2.399999999999999911e-01
2.413333333333333441e-01
2.393333333333333424e-01
2.426666666666666694e-01
2.393333333333333424e-01
2.393333333333333424e-01
2.426666666666666694e-01
2.413333333333333441e-01
2.439999999999999947e-01
2.453333333333333199e-01
2.393333333333333424e-01
2.393333333333333424e-01
2.426666666666666694e-01
2.419999999999999929e-01
2.419999999999999929e-01
2.439999999999999947e-01
