1.011823415756225586e+00
1.121305505434672112e+00
9.939525723457336426e-01
7.885449727376302453e-01
5.315822561581929895e-01
4.853805303573608398e-01
5.188694099585214881e-01
5.412380099296569824e-01
5.550628006458282471e-01
5.498894651730855676e-01
5.766528149445852014e-01
5.636148055394490930e-01
5.629040400187174109e-01
5.712761779626210901e-01
5.682846705118814734e-01
5.702085892359415320e-01
5.698709686597188684e-01
5.746387541294097900e-01
5.786708990732828406e-01
5.794531404972076416e-01
5.817071596781412390e-01
5.868263443311055871e-01
5.903239051500955847e-01
5.958673755327860144e-01
5.926015277703603479e-01
5.961536963780721399e-01
5.953374306360880164e-01
5.951396624247232703e-01
6.014108459154764441e-01
6.023404399553934363e-01
6.020280917485555383e-01
6.027026275793710974e-01
6.047159036000570032e-01
6.120260755221048621e-01
6.126465201377868652e-01
6.135575771331787109e-01
6.154359082380930213e-01
6.167874932289123535e-01
6.240638891855875281e-01
6.224771042664846155e-01
6.260650952657064172e-01
6.307751337687174109e-01
6.299123366673787805e-01
6.262940168380737305e-01
6.264122525850931433e-01
6.294527749220529822e-01
6.304213404655456543e-01
6.346224347750345496e-01
6.361653308073679236e-01
6.367874940236409875e-01
6.411316096782684326e-01
6.429244677225748328e-01
6.421344478925069543e-01
6.426767110824584961e-01
6.448801755905151367e-01
6.476244926452636719e-01
6.483020683129628869e-01
6.487754384676615027e-01
6.494766275087991980e-01
6.521716117858886719e-01
6.529900828997293738e-01
6.560863653818765906e-01
6.565670768419901160e-01
6.612209479014078406e-01
6.590128739674886438e-01
6.571537752946218225e-01
6.547707517941793176e-01
6.603592236836751672e-01
6.618477106094360352e-01
6.639418800671895715e-01
6.643936038017272949e-01
6.704203685124715539e-01
6.654174526532491418e-01
6.688551207383474084e-01
6.692920327186584473e-01
6.669703125953674316e-01
6.723239024480184289e-01
6.723411281903585168e-01
6.734492282072702674e-01
6.737884978453317908e-01
6.711505452791849402e-01
6.749074161052703857e-01
6.751473844051361084e-01
6.755388776461282996e-01
6.768176158269246789e-01
6.728843351205190393e-01
6.783441305160522461e-01
6.796357134977976111e-01
6.773874560991922644e-01
6.832714676856994629e-01
6.865598360697428015e-01
6.908365289370218543e-01
6.824679772059122351e-01
6.851164698600769043e-01
6.827298204104105261e-01
6.826368967692056922e-01
6.827780803044637414e-01
6.884262760480245325e-01
6.939147710800170898e-01
6.972057422002156946e-01
6.946410536766052246e-01
6.918057699998220178e-01
6.936337749163309363e-01
6.968179742495218543e-01
6.960506240526834754e-01
6.990890701611837121e-01
7.008106907208760950e-01
6.979681452115377160e-01
6.988325715065002441e-01
7.001948753992716101e-01
6.938392122586568567e-01
6.956896086533864709e-01
6.995103160540262488e-01
6.987096170584360388e-01
7.017562389373779297e-01
7.011719544728597375e-01
7.013380527496337891e-01
6.993458966414133338e-01
7.017695009708404541e-01
7.003266612688699988e-01
7.057566046714782715e-01
7.041203578313192102e-01
7.028137445449829102e-01
7.063435117403665808e-01
7.065401871999105188e-01
7.056032816569010047e-01
7.042359610398610803e-01
7.097222606341043738e-01
7.135911583900451660e-01
7.124015092849731445e-01
7.153388659159342078e-01
7.120558023452758789e-01
7.137515147527059289e-01
7.076091368993123742e-01
7.115694085756937293e-01
7.164448102315267297e-01
7.137093544006347656e-01
7.150924801826477051e-01
7.133272588253021240e-01
7.156908114751180383e-01
7.186825275421142578e-01
7.155366539955139160e-01
7.184701561927795410e-01
7.195080518722534180e-01
7.156902949015299109e-01
7.185927828152974817e-01
7.210140228271484375e-01
7.200415134429931641e-01
7.184806466102600098e-01
7.234158317248026160e-01
7.200203935305277136e-01
7.188100218772888184e-01
7.221390207608541223e-01
7.213274836540222168e-01
7.224541107813516883e-01
7.250343163808187219e-01
7.185642719268798828e-01
7.247249881426492957e-01
7.268190383911132812e-01
7.306840022404988977e-01
7.286978761355081824e-01
7.291363279024759558e-01
7.282362381617227820e-01
7.261003851890563965e-01
7.272762457529703406e-01
7.319477597872415808e-01
7.384712298711141321e-01
7.315567135810852051e-01
7.293665607770284387e-01
7.305410106976827356e-01
7.312899033228555945e-01
7.331735094388326379e-01
7.333943446477254602e-01
7.340547442436218262e-01
7.328948577245076867e-01
7.327987551689147949e-01
7.387061119079589844e-01
7.375244696935018274e-01
7.361631194750467566e-01
7.366124590237935754e-01
7.356073260307312012e-01
7.354904015858968469e-01
7.358263333638509485e-01
7.401328086853027344e-01
7.400200168291727332e-01
7.410156726837158203e-01
7.435977061589559289e-01
7.396884560585021973e-01
7.394102414449056360e-01
7.390002409617105750e-01
7.387217481931050989e-01
7.402365605036417273e-01
7.410098314285278320e-01
7.417087157567342492e-01
7.395081321398416785e-01
7.428875764211019250e-01
7.462153832117716101e-01
7.420663038889566687e-01
7.443990310033162805e-01
7.408221761385599402e-01
7.406671444574991492e-01
7.439510822296142578e-01
7.458290060361226770e-01
7.421415646870931360e-01
7.464277545611063269e-01
7.469028234481811523e-01
7.501441041628519324e-01
7.464546362559000281e-01
7.488549947738647461e-01
7.499365011850992468e-01
7.475851178169250488e-01
7.445661226908365515e-01
7.456850806872049597e-01
7.501398921012878418e-01
7.525602181752523157e-01
7.480102380116780969e-01
7.502175966898599890e-01
7.555233041445413855e-01
7.557519078254699707e-01
7.531637946764627722e-01
7.537711064020792273e-01
7.563967903455098840e-01
7.571220199267069129e-01
7.529758612314859656e-01
7.503569722175598145e-01
7.498270273208618164e-01
7.530201474825540808e-01
7.538000742594400672e-01
7.557579080263773230e-01
7.542253136634826660e-01
7.519282301266988489e-01
7.502770423889160156e-01
7.527811328570047644e-01
7.574169437090555457e-01
7.557256420453389856e-01
7.619617581367492676e-01
7.583337227503458289e-01
7.556189298629760742e-01
7.563052376111348840e-01
7.551917632420858117e-01
7.579799095789591101e-01
7.551623384157816199e-01
7.601812084515889856e-01
7.570615808169046668e-01
7.577431400616964075e-01
7.580413818359375000e-01
7.638782858848571777e-01
7.595812082290649414e-01
7.617024978001912805e-01
7.575523654619852332e-01
7.620132366816202429e-01
7.641361355781555176e-01
7.604447205861409875e-01
7.624921997388204309e-01
7.612336476643880578e-01
7.645761569341024133e-01
7.659814357757568359e-01
7.669568856557210657e-01
7.661906679471334192e-01
7.634722391764322547e-01
7.646364768346151086e-01
7.632463971773782996e-01
7.672916054725646973e-01
7.655343214670816687e-01
7.612350384394327429e-01
7.656638622283935547e-01
7.655523220698038367e-01
7.621253331502279016e-01
7.645534475644429895e-01
7.665388584136962891e-01
7.681314945220947266e-01
7.680354317029317590e-01
7.653613090515136719e-01
7.631540099779764441e-01
7.663518786430358887e-01
7.657527128855387000e-01
7.653325001398721961e-01
7.645966013272603723e-01
7.648582061131795617e-01
7.656616568565368652e-01
7.642221649487813684e-01
7.678124308586120605e-01
7.708292206128438684e-01
7.667317390441894531e-01
7.729512055714925500e-01
7.698763807614644739e-01
7.705689469973245886e-01
7.748272418975830078e-01
7.696831822395324707e-01
7.679057121276855469e-01
7.722869118054708215e-01
7.711684107780456543e-01
7.720302740732828406e-01
7.671579718589782715e-01
7.706971565882364539e-01
7.726782759030660364e-01
7.694620887438455847e-01
7.714609503746032715e-01
7.736490964889526367e-01
7.695846756299337121e-01
7.736011346181234094e-01
7.720619440078735352e-01
7.762705485026041297e-01
7.737732529640197754e-01
7.731631000836690637e-01
7.720513939857482910e-01
7.773618896802266809e-01
7.717428207397460938e-01
7.719172437985738489e-01
7.765906651814779016e-01
7.764527002970377234e-01
7.794183095296224328e-01
7.789277633031209680e-01
7.759829759597778320e-01
7.742618123690286902e-01
7.745761076609293250e-01
7.766702373822530481e-01
7.790853381156921387e-01
7.813457250595092773e-01
7.754572431246439246e-01
7.793240149815877649e-01
7.773414651552835730e-01
7.759734590848287317e-01
7.769948641459146765e-01
7.769556244214376184e-01
7.773322860399881629e-01
7.773425181706746789e-01
7.774275938669840125e-01
7.805593411127725867e-01
7.843932906786600379e-01
7.761711080869039270e-01
7.757226427396138879e-01
7.820247610410054895e-01
7.803355654080709192e-01
7.806646426518758508e-01
7.823998133341470984e-01
7.809637983640035364e-01
7.800790866216024133e-01
7.887549599011739465e-01
7.807268500328063965e-01
7.792774637540181848e-01
7.797448436419168738e-01
7.778509855270385742e-01
7.797850569089254114e-01
7.817998727162679407e-01
7.796089450518289832e-01
7.828380068143209192e-01
7.827622493108113977e-01
7.853359977404276160e-01
7.829828858375549316e-01
7.801432013511657715e-01
7.853069305419921875e-01
7.804483572642008093e-01
7.819439570109049109e-01
7.803770701090494422e-01
7.855870326360067102e-01
7.839904824892679480e-01
7.836209336916605261e-01
7.836364308993021277e-01
7.833911180496215820e-01
7.807525595029195520e-01
7.811357180277506140e-01
7.815879782040914270e-01
7.826280991236368445e-01
7.779673337936401367e-01
7.859994371732076379e-01
7.877946297327677039e-01
7.859961191813150672e-01
7.834453980127970008e-01
7.815961241722106934e-01
7.844147086143493652e-01
7.832909623781839636e-01
7.821208437283834192e-01
7.880822221438089636e-01
7.872795462608337402e-01
7.909441590309143066e-01
7.879985173543294641e-01
7.882665395736694336e-01
7.864059209823608398e-01
7.879411379496256140e-01
7.884827653566995886e-01
7.887217601140340539e-01
7.926238377888997766e-01
7.859721581141153601e-01
7.853845556577047082e-01
7.839445869127908972e-01
7.804193695386251184e-01
7.847867012023925781e-01
7.895034551620483398e-01
7.844646573066711426e-01
7.909214099248250696e-01
7.858023246129354211e-01
7.860192457834879187e-01
7.862023909886678430e-01
7.911140720049539832e-01
7.882355650266011926e-01
7.879999876022338867e-01
7.888097365697225305e-01
7.854612270991007117e-01
7.892436981201171875e-01
7.875407338142395020e-01
7.848580479621887207e-01
7.855029900868734094e-01
7.881219784418741492e-01
7.874492208162943152e-01
7.926509181658426550e-01
7.920301953951517371e-01
7.888235648473104211e-01
7.884465058644613000e-01
7.847584088643392297e-01
7.882692019144693640e-01
7.902548909187316895e-01
7.896297574043273926e-01
7.843833367029825476e-01
7.908192475636800500e-01
7.934292753537496301e-01
7.872499227523803711e-01
7.923326293627420691e-01
7.905063231786092492e-01
7.866157889366149902e-01
7.810517946879068640e-01
7.868478298187255859e-01
7.885556419690450403e-01
7.880393067995706824e-01
7.880593736966451379e-01
7.891234358151754114e-01
7.896357973416646692e-01
7.901993791262308386e-01
7.878397901852925989e-01
7.890549302101135254e-01
7.928355336189270020e-01
7.911550998687744141e-01
7.940281033515930176e-01
7.863128582636514929e-01
7.880811889966329309e-01
7.879723310470581055e-01
7.869040568669637414e-01
7.885439594586690637e-01
7.905077139536539343e-01
7.896936337153116492e-01
7.948128581047058105e-01
7.897888223330179480e-01
7.883225282033284875e-01
7.914273142814636230e-01
7.881240049997965125e-01
7.928948799769083289e-01
7.892796198527017859e-01
7.867630124092102051e-01
7.943777044614156457e-01
7.871417204538980750e-01
7.890538573265075684e-01
7.914424935976663855e-01
7.877683043479919434e-01
7.925178408622741699e-01
7.889981071154276160e-01
7.888137896855672571e-01
7.952650586764017371e-01
7.927707036336263391e-01
7.934623360633850098e-01
7.936607797940572473e-01
7.880765398343404504e-01
7.915102442105611535e-01
7.909249265988668176e-01
7.916235129038492468e-01
7.871722777684529992e-01
7.867618799209594727e-01
7.902150154113769531e-01
7.930672566095987586e-01
7.928650180498758582e-01
7.963742216428121301e-01
7.915601929028829309e-01
7.881447474161783484e-01
7.916461626688638953e-01
7.868878642717996863e-01
7.926808595657348633e-01
7.964967886606851843e-01
7.894011537233988074e-01
7.897129257520040246e-01
7.899808088938394812e-01
7.864414056142171594e-01
7.916780908902486535e-01
7.898231744766235352e-01
7.855018973350524902e-01
7.864235838254293176e-01
7.887150247891744348e-01
7.862400015195211145e-01
7.878618240356445312e-01
7.871658603350321082e-01
7.942253549893697473e-01
7.929110924402872351e-01
7.913515965143839148e-01
7.947958310445150110e-01
7.942916552225748328e-01
7.927776972452799109e-01
7.963333725929260254e-01
7.941107948621114465e-01
7.906848589579263953e-01
7.933583855628967285e-01
7.914135058720906946e-01
7.898947795232137414e-01
7.912129163742065430e-01
7.860788106918334961e-01
7.884683609008789062e-01
7.969975471496582031e-01
7.912261883417764929e-01
7.910814881324768066e-01
7.918757398923238489e-01
7.911535700162252160e-01
7.877323627471923828e-01
7.935718496640523645e-01
7.964210708936055871e-01
7.920242945353189734e-01
7.884119153022766113e-01
7.854003508885701867e-01
7.891738812128702429e-01
7.894643545150756836e-01
7.899599273999532434e-01
7.941910028457641602e-01
7.946799000104268762e-01
7.899194359779357910e-01
7.929839491844177246e-01
7.929662664731343957e-01
7.912473678588867188e-01
7.903814713160196570e-01
7.923321723937988281e-01
7.921839952468872070e-01
7.897577087084451941e-01
7.864582141240438196e-01
7.901448011398315430e-01
7.871855894724527625e-01
7.918380697568258020e-01
7.898261149724324914e-01
7.885332703590393066e-01
7.869193553924560547e-01
7.884395718574523926e-01
7.885617216428121301e-01
7.901302774747213098e-01
7.868916392326354980e-01
7.871890664100646973e-01
7.953983545303344727e-01
7.908302545547485352e-01
7.902218699455261230e-01
7.921713789304097864e-01
7.879412174224853516e-01
7.883161703745523718e-01
7.901845177014669153e-01
7.908450961112976074e-01
8.005230824152628211e-01
7.953394850095113489e-01
7.952298521995544434e-01
7.909384369850158691e-01
7.875478267669677734e-01
7.894780635833740234e-01
7.903876701990762976e-01
7.902256449063619348e-01
7.906928261121114465e-01
7.876646916071573523e-01
7.846876581509908410e-01
7.919761339823404578e-01
7.928858995437622070e-01
7.928184668223062781e-01
7.917425036430358887e-01
7.914214134216308594e-01
7.895777821540832520e-01
7.910729448000589636e-01
7.896136442820230750e-01
7.906406919161478308e-01
7.974819739659627649e-01
7.951751351356506348e-01
7.997039755185445520e-01
7.971316973368326453e-01
7.929043769836425781e-01
7.970291773478189734e-01
7.958026528358459473e-01
7.943639755249023438e-01
7.925178805987039832e-01
7.953577041625976562e-01
7.972421447436014441e-01
7.944347858428955078e-01
7.955195109049478797e-01
7.939479152361551550e-01
7.946164608001708984e-01
7.919458945592244836e-01
7.895132104555765418e-01
7.971123854319254187e-01
7.948159376780191687e-01
7.930131554603576660e-01
8.028481403986612586e-01
7.925212581952413293e-01
7.943411072095235559e-01
7.959252198537191125e-01
7.970168590545654297e-01
7.983250816663106653e-01
7.948223749796549109e-01
7.952202558517456055e-01
7.919318874677022668e-01
7.950662573178609582e-01
8.003726402918497351e-01
7.989509503046671179e-01
7.948348124821981164e-01
7.968486150105794641e-01
8.011823097864786414e-01
8.000056346257528039e-01
8.026281992594400672e-01
7.958205739657083777e-01
7.967491547266641883e-01
7.982956171035766602e-01
7.974419593811035156e-01
7.965638438860574988e-01
8.010973731676737097e-01
7.952375014623006555e-01
7.994167208671569824e-01
7.953887979189554480e-01
7.983614603678385047e-01
7.981394529342651367e-01
8.082724610964456824e-01
8.034267425537109375e-01
8.009374340375264856e-01
7.993793487548828125e-01
8.034400939941406250e-01
8.044388294219970703e-01
7.975049416224161414e-01
7.953519622484842566e-01
7.934561967849731445e-01
7.975506385167440149e-01
7.966892917950948450e-01
7.979380687077840539e-01
8.015065193176269531e-01
8.074304461479187012e-01
8.037927150726318359e-01
8.022340734799703332e-01
8.019609053929647180e-01
8.018048604329427453e-01
7.966548403104146692e-01
7.964863777160644531e-01
7.970464428265889856e-01
8.072805603345235559e-01
8.047745625178018836e-01
8.100583751996358606e-01
8.042476574579874304e-01
8.051084081331888465e-01
8.061309456825256348e-01
8.036667505900064734e-01
8.083546161651611328e-01
8.028144439061483117e-01
8.070764342943826941e-01
8.087861736615499231e-01
8.079186280568441125e-01
8.091612060864766809e-01
8.071561257044473914e-01
8.086752692858377722e-01
8.057830731074014929e-01
8.059559663136800500e-01
8.073057730992635461e-01
8.138891855875650672e-01
8.068535923957824707e-01
8.071250319480895996e-01
8.072352210680643347e-01
8.078910311063131067e-01
8.089547952016195032e-01
8.107261260350545617e-01
8.109940290451049805e-01
8.106063206990560266e-01
8.209685484568277625e-01
8.133558233579000207e-01
8.141500552495321008e-01
8.144098718961080285e-01
8.132823705673217773e-01
8.103159666061401367e-01
8.180382847785949707e-01
8.222212394078572961e-01
8.144755562146505090e-01
8.165062864621480676e-01
8.157097101211547852e-01
8.171948989232381555e-01
8.153150677680969238e-01
8.167359828948974609e-01
8.206120133399963379e-01
8.195057312647501258e-01
8.201469381650289270e-01
8.175597588221231726e-01
8.181917866071065637e-01
8.149606386820474890e-01
8.144288857777913782e-01
8.207185864448547363e-01
8.183828989664713172e-01
8.278448979059854773e-01
8.198999166488647461e-01
8.224970499674478797e-01
8.247781793276468543e-01
8.225706418355306360e-01
8.221060633659362793e-01
8.218790094057718543e-01
8.315649231274923059e-01
8.244684139887491492e-01
8.277999162673950195e-01
8.297493457794189453e-01
8.308535615603128699e-01
8.313553333282470703e-01
8.324638406435648230e-01
8.278144001960754395e-01
8.341371218363443640e-01
8.286716540654500696e-01
8.267234563827514648e-01
8.327739437421163293e-01
8.285859425862630578e-01
8.334495623906453821e-01
8.412143389383951453e-01
8.396023114522298547e-01
8.375227053960164758e-01
8.361801703770955774e-01
8.404693802197774621e-01
8.349159558614095422e-01
8.368750214576721191e-01
8.379863897959390906e-01
8.427835106849670410e-01
8.398955066998800012e-01
8.465378681818643836e-01
8.397287925084432336e-01
8.386404315630594519e-01
8.428464333216348914e-01
8.464596271514892578e-01
8.481947779655456543e-01
8.469783663749694824e-01
8.471383253733316687e-01
8.448307116826375696e-01
8.419712583223978308e-01
8.461401263872782019e-01
8.458953102429708215e-01
8.412295977274576453e-01
8.524680932362874719e-01
8.498074412345886230e-01
8.555242021878560754e-01
8.601745367050170898e-01
8.530994653701782227e-01
8.574705719947814941e-01
8.589257796605428430e-01
8.504840135574340820e-01
8.505395054817199707e-01
8.497410416603088379e-01
8.603150447209676477e-01
8.568631211916605261e-01
8.538078467051187781e-01
8.556311329205831262e-01
8.602465192476907996e-01
8.590218424797058105e-01
8.651840090751647949e-01
8.618636131286621094e-01
8.608112136522928504e-01
8.641952474912008020e-01
8.649505575497945520e-01
8.612155119578043250e-01
8.641439874966939660e-01
8.671208222707113000e-01
8.674416939417520789e-01
8.667596975962320593e-01
8.690641125043233606e-01
8.710613449414571496e-01
8.714478810628255578e-01
8.757165273030599328e-01
8.731311957041422156e-01
8.724386096000671387e-01
8.699980974197387695e-01
8.727045456568399695e-01
8.699472347895303992e-01
8.725379308064779016e-01
8.753912846247354773e-01
8.711106777191162109e-01
8.679937521616617468e-01
8.701279958089193078e-01
8.789388338724771765e-01
8.723145723342895508e-01
8.763063351313272742e-01
8.782001137733459473e-01
8.800744811693826941e-01
8.780246575673421594e-01
8.720140655835469934e-01
8.755738139152526855e-01
8.730454246203104285e-01
8.757434288660684851e-01
8.798128167788187293e-01
8.751469651858011511e-01
8.799192110697428015e-01
8.871923685073852539e-01
8.853081862131754187e-01
8.876014947891235352e-01
8.827693263689676550e-01
8.812156120936075476e-01
8.816157182057698938e-01
8.859994411468505859e-01
8.863428433736165735e-01
8.844981193542480469e-01
8.858555555343627930e-01
8.828915754954019812e-01
8.851906458536783484e-01
8.921745220820108679e-01
8.884224494298299524e-01
8.911258379618326453e-01
8.870488603909810754e-01
8.924629489580789832e-01
8.892555634180704383e-01
8.916158477465311316e-01
8.891279300053914758e-01
8.909652034441629675e-01
8.912170330683389929e-01
8.944368163744608191e-01
8.902908364931741980e-01
8.931577603022257117e-01
8.965875903765360144e-01
8.952486515045166016e-01
8.958324988683065149e-01
8.975426952044168738e-01
8.963380654652913782e-01
8.939692179361978797e-01
8.950927257537841797e-01
8.946060538291931152e-01
8.998738725980123254e-01
8.973800341288248328e-01
9.005403319994608191e-01
9.023863077163696289e-01
9.068836569786071777e-01
9.011583526929219934e-01
8.997268478075662879e-01
8.996474742889404297e-01
8.997050921122232703e-01
9.026096065839132043e-01
9.075314203898111609e-01
9.029398163159688684e-01
9.001030127207437781e-01
9.060113628705342981e-01
9.041646917661031457e-01
9.055658578872680664e-01
9.056107799212137488e-01
9.112525780995687219e-01
9.065455198287963867e-01
9.089409311612447473e-01
9.114531278610229492e-01
9.140592217445373535e-01
9.113306800524393347e-01
9.193092783292134973e-01
9.058797756830850867e-01
9.063570102055867883e-01
9.090937376022338867e-01
9.176175196965535852e-01
9.141166806221008301e-01
9.125206073125203821e-01
9.165402452150980261e-01
9.202161431312561035e-01
9.172526796658834192e-01
9.171462059020996094e-01
9.108486572901407508e-01
9.132795731226602820e-01
9.175408681233724328e-01
9.141099651654561731e-01
9.143204291661580774e-01
9.116909106572469446e-01
9.156568646430969238e-01
9.184036850929260254e-01
9.185451070467630652e-01
9.203367630640665320e-01
9.241969188054403039e-01
9.222844441731771203e-01
9.220035274823507043e-01
9.217181404431661340e-01
9.221984346707662317e-01
9.247506658236185340e-01
9.395123720169067383e-01
9.288430213928222656e-01
9.254981478055318567e-01
9.235194325447082520e-01
9.307379921277364465e-01
9.288039008776346472e-01
9.274072845776876184e-01
9.254233439763387414e-01
9.294088284174600867e-01
9.350105524063110352e-01
9.353053569793701172e-01
9.302290678024291992e-01
9.295203288396199914e-01
9.386681715647379187e-01
9.422288537025451660e-01
9.398213823636373254e-01
9.333376089731851843e-01
9.347275892893472937e-01
9.299317995707193640e-01
9.341370463371276855e-01
9.435123602549234656e-01
9.367857774098714563e-01
9.328200221061706543e-01
9.336945215861002234e-01
9.404880801836649207e-01
9.382227460543314246e-01
9.388966162999471399e-01
9.344385464986165735e-01
9.334358970324198035e-01
9.431816339492797852e-01
9.339580138524373742e-01
9.350409706433614465e-01
9.420903126398721961e-01
9.364174207051595422e-01
9.404711524645487097e-01
9.395592808723449707e-01
9.472651084264119836e-01
9.449302355448404578e-01
9.414245684941610071e-01
9.428950945536295203e-01
9.422281384468078613e-01
9.420822262763977051e-01
9.403250813484191895e-01
9.391032059987386438e-01
9.400853912035623816e-01
9.467118183771768836e-01
9.474887649218241004e-01
9.436361392339071008e-01
9.356173276901245117e-01
9.499656756718953821e-01
9.451801578203836707e-01
9.417492349942525598e-01
9.445450107256571082e-01
9.438202381134033203e-01
9.450781146685282019e-01
9.456901947657266883e-01
9.508979717890421179e-01
9.522668321927388879e-01
9.554190039634704590e-01
9.566652973492940637e-01
9.583980441093444824e-01
9.546718994776407508e-01
9.523163239161173133e-01
9.531892140706380578e-01
9.524866938591003418e-01
9.541253050168355676e-01
9.569541613260904578e-01
9.537811875343322754e-01
9.500888188680013391e-01
9.525472919146219519e-01
9.581152002016702918e-01
9.623295466105142859e-01
9.628623922665914270e-01
9.661420186360677453e-01
9.554607669512430457e-01
9.539454181989034387e-01
9.648389021555582312e-01
9.624008536338806152e-01
9.586755037307739258e-01
9.549434781074523926e-01
9.659047126770019531e-01
9.601151148478189734e-01
9.564761122067769739e-01
9.558928807576497766e-01
9.586704373359680176e-01
9.606282909711202356e-01
9.599720040957132605e-01
9.628728032112121582e-01
9.592442115147908899e-01
9.679540197054544715e-01
9.640335241953531531e-01
9.666764140129089355e-01
9.647830724716186523e-01
9.662280082702636719e-01
9.699479738871256140e-01
9.665714502334594727e-01
9.681314229965209961e-01
9.650532404581705359e-01
9.664449691772460938e-01
9.659630854924520227e-01
9.634309411048889160e-01
9.607475996017456055e-01
9.667019049326578406e-01
9.635204871495565149e-01
9.701801141103109094e-01
9.667524695396423340e-01
9.654732942581176758e-01
9.733204444249471399e-01
9.679067730903625488e-01
9.738842447598775598e-01
9.943603674570719031e-01
9.792521397272745398e-01
9.736833771069844934e-01
9.713071386019388465e-01
9.683008988698323938e-01
9.669104019800821570e-01
9.732172489166259766e-01
9.667612115542093543e-01
9.727544188499450684e-01
9.785652955373128625e-01
9.747623205184936523e-01
9.789088765780130652e-01
9.798782666524251672e-01
9.774781862894693640e-01
9.741416970888773230e-01
9.785338242848714563e-01
9.841429988543192175e-01
9.780038595199584961e-01
9.749829769134521484e-01
9.759574135144551965e-01
9.766566952069600793e-01
9.834974010785421106e-01
9.819160501162210730e-01
9.902480045954386023e-01
9.832025369008382532e-01
