1.315789473684210453e-02
1.844736842105263244e-02
3.156578947368421373e-02
3.998684210526316091e-02
4.738157894736842041e-02
5.822368421052631637e-02
6.480263157894736170e-02
6.932894736842105943e-02
7.478947368421053066e-02
8.272368421052631038e-02
9.082894736842105077e-02
1.010657894736842061e-01
1.093421052631578932e-01
1.220921052631578907e-01
1.353684210526315823e-01
1.482631578947368467e-01
1.629078947368421126e-01
1.764342105263157767e-01
1.927368421052631509e-01
2.062631578947368427e-01
2.217236842105263228e-01
2.305921052631579038e-01
2.427631578947368474e-01
2.587894736842105137e-01
2.637368421052631584e-01
2.764605263157894899e-01
2.866315789473684039e-01
2.866710526315789376e-01
2.975789473684210540e-01
3.101973684210526105e-01
3.220131578947368345e-01
3.311578947368420955e-01
3.351184210526315654e-01
3.422894736842105323e-01
3.429868421052631455e-01
3.576973684210526527e-01
3.614473684210526283e-01
3.687500000000000222e-01
3.658684210526315650e-01
3.807763157894736850e-01
3.844210526315789411e-01
3.892631578947368665e-01
3.958157894736842319e-01
3.985131578947368469e-01
4.013684210526315965e-01
4.052631578947368252e-01
4.104210526315789642e-01
4.132368421052631802e-01
4.201710526315789451e-01
4.220394736842105199e-01
4.287105263157894863e-01
4.321315789473684221e-01
4.320263157894737027e-01
4.358815789473683977e-01
4.258552631578947367e-01
4.428157894736842182e-01
4.464473684210526483e-01
4.330131578947368221e-01
4.505789473684210789e-01
4.545131578947368411e-01
4.532631578947368678e-01
4.582894736842105243e-01
4.559342105263157752e-01
4.601842105263158067e-01
4.661842105263158120e-01
4.683026315789473593e-01
4.700263157894736810e-01
4.768157894736841929e-01
4.763815789473684337e-01
4.761973684210526470e-01
4.760921052631578720e-01
4.747236842105262977e-01
4.778157894736841937e-01
4.839736842105263337e-01
4.888684210526315632e-01
4.864605263157894544e-01
4.863289473684210273e-01
4.862631578947368416e-01
4.933421052631579151e-01
4.748947368421052584e-01
4.959999999999999964e-01
4.982500000000000262e-01
4.953289473684210353e-01
4.979736842105262906e-01
5.034868421052631771e-01
5.016578947368420804e-01
5.008552631578947478e-01
5.036578947368420822e-01
5.053157894736841627e-01
5.105131578947368354e-01
5.136578947368420911e-01
5.047763157894736841e-01
5.060526315789474205e-01
5.051052631578947238e-01
5.167236842105262795e-01
5.089605263157894743e-01
5.150131578947368949e-01
5.151842105263158000e-01
5.173157894736841733e-01
5.158552631578947612e-01
5.211578947368421533e-01
5.235789473684210327e-01
5.170131578947368967e-01
5.254342105263157814e-01
5.224868421052631939e-01
5.183289473684210558e-01
5.271578947368421586e-01
5.210131578947367892e-01
5.282236842105263452e-01
5.271315789473683955e-01
5.215526315789473788e-01
5.254210526315788998e-01
5.304999999999999716e-01
5.313289473684210673e-01
5.319473684210526132e-01
5.284342105263157841e-01
5.315394736842105061e-01
5.364999999999999769e-01
5.334473684210526701e-01
5.191447368421052699e-01
5.355263157894737391e-01
5.414605263157894477e-01
5.425921052631579311e-01
5.400394736842105692e-01
5.382236842105263541e-01
5.434342105263157974e-01
5.387499999999999512e-01
5.411052631578947558e-01
5.427894736842104884e-01
5.419605263157895036e-01
5.342631578947368842e-01
5.395657894736841653e-01
5.202763157894736423e-01
5.431973684210525954e-01
5.433552631578947301e-01
5.426184210526315832e-01
5.461842105263158276e-01
5.355394736842105097e-01
5.441052631578947585e-01
5.483552631578947345e-01
5.472500000000000142e-01
5.465526315789474010e-01
5.393289473684210744e-01
5.473552631578947336e-01
5.518815789473684452e-01
5.478026315789473744e-01
5.523815789473683902e-01
5.479473684210526274e-01
5.362763157894736565e-01
5.498552631578947913e-01
5.420526315789473415e-01
5.542500000000000204e-01
5.440263157894736912e-01
5.310921052631578654e-01
5.492894736842105496e-01
5.525526315789474063e-01
5.535789473684210593e-01
5.509473684210526301e-01
5.552894736842105550e-01
5.454736842105263328e-01
5.515263157894736423e-01
5.391710526315789398e-01
5.588684210526315699e-01
5.568684210526315681e-01
5.364868421052632064e-01
5.557236842105263142e-01
5.577631578947368496e-01
5.591315789473684239e-01
5.577499999999999680e-01
5.565394736842105283e-01
5.550394736842104715e-01
5.595263157894736494e-01
5.580921052631578894e-01
5.603947368421052788e-01
5.580526315789473557e-01
5.611973684210526114e-01
5.551842105263158356e-01
5.575263157894736477e-01
5.644473684210525866e-01
5.603684210526316267e-01
5.590789473684210087e-01
5.632236842105262653e-01
5.606710526315789034e-01
5.598552631578946892e-01
5.605131578947368798e-01
5.608552631578946901e-01
5.597763157894737329e-01
5.676052631578947238e-01
5.637236842105263213e-01
5.646578947368421364e-01
5.641710526315789620e-01
5.662236842105262680e-01
5.628552631578946919e-01
5.665131578947368851e-01
5.573157894736842088e-01
5.509473684210526301e-01
5.693421052631578716e-01
5.507894736842104955e-01
5.649210526315789904e-01
5.665000000000000036e-01
5.665526315789474188e-01
5.679736842105262973e-01
5.540263157894737001e-01
5.680789473684210167e-01
5.557368421052631957e-01
5.651447368421053108e-01
5.696447368421052593e-01
5.645526315789474170e-01
5.633157894736842142e-01
5.687763157894736299e-01
5.709342105263157663e-01
5.671447368421053126e-01
5.673421052631578698e-01
5.685921052631578432e-01
5.705000000000000071e-01
5.700263157894737143e-01
5.692631578947368043e-01
5.746842105263157974e-01
5.460657894736842266e-01
5.742894736842105718e-01
5.680263157894737125e-01
5.717105263157894468e-01
5.738552631578947016e-01
5.758026315789473992e-01
5.762236842105262768e-01
5.749078947368421177e-01
5.693552631578947532e-01
5.752500000000000391e-01
5.753026315789473433e-01
5.690789473684210176e-01
5.749342105263157698e-01
5.712500000000000355e-01
5.739605263157894210e-01
5.733026315789473415e-01
5.747105263157894495e-01
5.733026315789473415e-01
5.706184210526316081e-01
5.748815789473684656e-01
5.781710526315789744e-01
5.724473684210525937e-01
5.798947368421052406e-01
5.769736842105263053e-01
5.826052631578947372e-01
5.793026315789473468e-01
5.816842105263158036e-01
5.764868421052631309e-01
5.815921052631578547e-01
5.797499999999999876e-01
5.801315789473684426e-01
5.752763157894736912e-01
5.683157894736842186e-01
5.806315789473683875e-01
5.833552631578947656e-01
5.718157894736841662e-01
5.809605263157894273e-01
5.665657894736841893e-01
5.836973684210526869e-01
5.766973684210526807e-01
5.820263157894737249e-01
5.819473684210526576e-01
5.838815789473684736e-01
5.851184210526315654e-01
5.824868421052631362e-01
5.620394736842104777e-01
5.859210526315788981e-01
5.864473684210526061e-01
5.858421052631579418e-01
5.809868421052631904e-01
5.875131578947367927e-01
5.871578947368421009e-01
5.900526315789473841e-01
5.876842105263158089e-01
5.847105263157894584e-01
5.809342105263157752e-01
5.925657894736842124e-01
5.807105263157894548e-01
5.899605263157894353e-01
5.850394736842104981e-01
5.913947368421053064e-01
5.892368421052631700e-01
5.930526315789473868e-01
5.804078947368420671e-01
5.935263157894736796e-01
5.921842105263157574e-01
5.801315789473684426e-01
5.924342105263158409e-01
5.893552631578947709e-01
5.934078947368420787e-01
5.952499999999999458e-01
5.946973684210525857e-01
5.936184210526316285e-01
5.957236842105263497e-01
5.860657894736842621e-01
5.982236842105262964e-01
5.963421052631578956e-01
5.830921052631579116e-01
5.924605263157894930e-01
5.997236842105263532e-01
5.981842105263157627e-01
5.980394736842105097e-01
5.933157894736842408e-01
5.993157894736842461e-01
5.998947368421052584e-01
5.936315789473683990e-01
6.004868421052631522e-01
5.963289473684210140e-01
6.006973684210525910e-01
6.006315789473684053e-01
5.992236842105262973e-01
5.839078947368421257e-01
6.005921052631578716e-01
6.023157894736842488e-01
5.999078947368421399e-01
6.029078947368421426e-01
5.991710526315789931e-01
5.994736842105262697e-01
5.988684210526316054e-01
6.090131578947368673e-01
6.089999999999999858e-01
6.059210526315789158e-01
6.091315789473684683e-01
6.031973684210526487e-01
6.110657894736841733e-01
6.066052631578947585e-01
6.103289473684210265e-01
6.051447368421052353e-01
5.953684210526315468e-01
6.115921052631578814e-01
6.084078947368420920e-01
6.125789473684210007e-01
6.113157894736842568e-01
6.033552631578947834e-01
6.064342105263157423e-01
6.139078947368421524e-01
6.075263157894736921e-01
6.146842105263158329e-01
6.142368421052631922e-01
6.118157894736842017e-01
6.146842105263158329e-01
6.179605263157894601e-01
6.105131578947368132e-01
6.108684210526316161e-01
6.122894736842104946e-01
6.134473684210526301e-01
6.094605263157895081e-01
6.185131578947368203e-01
6.191578947368421293e-01
6.192499999999999671e-01
6.159342105263158063e-01
6.098684210526316152e-01
6.127631578947367874e-01
6.181842105263157805e-01
6.231842105263157849e-01
6.197631578947367936e-01
6.101973684210526550e-01
6.165394736842105816e-01
6.213947368421052220e-01
6.267631578947367998e-01
6.102499999999999591e-01
6.230526315789474134e-01
6.274078947368421089e-01
6.258815789473683999e-01
6.287500000000000311e-01
6.321052631578947256e-01
6.315131578947368318e-01
6.299473684210525892e-01
6.269605263157894681e-01
6.288552631578947505e-01
6.322236842105263266e-01
6.319078947368420573e-01
6.342499999999999805e-01
6.333552631578946990e-01
6.400526315789473175e-01
6.117236842105263639e-01
6.422236842105263355e-01
6.371052631578947301e-01
6.432368421052631069e-01
6.366315789473684372e-01
6.245263157894737072e-01
6.423026315789474028e-01
6.429473684210526008e-01
6.356842105263157405e-01
6.450789473684210851e-01
6.423421052631579364e-01
6.385526315789473717e-01
6.433552631578947079e-01
6.250000000000000000e-01
6.305789473684210167e-01
6.410526315789473184e-01
6.475657894736842612e-01
6.471578947368421542e-01
6.492763157894736459e-01
6.490131578947367919e-01
6.478026315789473522e-01
6.461578947368421533e-01
6.488026315789473530e-01
6.494605263157894326e-01
6.471973684210525768e-01
6.445789473684210291e-01
6.463947368421052442e-01
6.370921052631578485e-01
6.521052631578947434e-01
6.464342105263157778e-01
6.520789473684210913e-01
6.523947368421052495e-01
6.416710526315789753e-01
6.526315789473684514e-01
6.524868421052631984e-01
6.334605263157894184e-01
6.442499999999999893e-01
6.465921052631579125e-01
6.517763157894737036e-01
6.501447368421052753e-01
6.523421052631579453e-01
6.562763157894736521e-01
6.555526315789473868e-01
6.571184210526316294e-01
6.482236842105263408e-01
6.539605263157894921e-01
6.525789473684210362e-01
6.549342105263158409e-01
6.529342105263158391e-01
6.499605263157894885e-01
6.494078947368421284e-01
6.558026315789473593e-01
6.561315789473683990e-01
6.535657894736841556e-01
6.518815789473684230e-01
6.491578947368421559e-01
6.580263157894736814e-01
6.585526315789473895e-01
6.554210526315789043e-01
6.574605263157894397e-01
6.586578947368421089e-01
6.554736842105263195e-01
6.509736842105263710e-01
6.391315789473683839e-01
6.446315789473684443e-01
6.576842105263157601e-01
6.556842105263157583e-01
6.554605263157894379e-01
6.579210526315789620e-01
6.455131578947368443e-01
6.568289473684210122e-01
6.585263157894737374e-01
6.586184210526315752e-01
6.552499999999999991e-01
6.471710526315789247e-01
6.599473684210526159e-01
6.563947368421052531e-01
6.431973684210526843e-01
6.575263157894737365e-01
6.584868421052632037e-01
6.587763157894737098e-01
6.622763157894736574e-01
6.427894736842105772e-01
6.549605263157894930e-01
6.621842105263158196e-01
6.592500000000000027e-01
6.550657894736842124e-01
6.600526315789473353e-01
6.513552631578947150e-01
6.629605263157895001e-01
6.600000000000000311e-01
6.504473684210526629e-01
6.639210526315789673e-01
6.598947368421053117e-01
6.590263157894736823e-01
6.497763157894737018e-01
6.394473684210526532e-01
6.600789473684210984e-01
6.594342105263157894e-01
6.595394736842105088e-01
6.565526315789473877e-01
6.594736842105263230e-01
6.617763157894737125e-01
6.469605263157894859e-01
6.555263157894737347e-01
6.384999999999999565e-01
6.528289473684210087e-01
6.603815789473683751e-01
6.631973684210525910e-01
6.602368421052631220e-01
6.663421052631578467e-01
6.600526315789473353e-01
6.604868421052632055e-01
6.623289473684210726e-01
6.635657894736841644e-01
6.592763157894736548e-01
6.604736842105263239e-01
6.593289473684210700e-01
6.637236842105262991e-01
6.649078947368420867e-01
6.630657894736842195e-01
6.619868421052631513e-01
6.617236842105262973e-01
6.666315789473684639e-01
6.636447368421052317e-01
6.637631578947368327e-01
6.636184210526315796e-01
6.631315789473684053e-01
