2.000000000000000111e-01
2.000000000000000111e-01
2.006666666666666599e-01
5.266666666666666163e-01
5.679999999999999494e-01
5.979999999999999760e-01
6.133333333333332860e-01
6.266666666666667052e-01
6.226666666666667016e-01
6.173333333333332895e-01
6.073333333333332806e-01
6.173333333333332895e-01
6.320000000000000062e-01
6.246666666666667034e-01
6.186666666666666980e-01
6.213333333333332931e-01
6.199999999999999956e-01
6.213333333333332931e-01
6.173333333333332895e-01
6.179999999999999938e-01
6.193333333333332913e-01
6.179999999999999938e-01
6.186666666666666980e-01
6.173333333333332895e-01
6.153333333333332877e-01
6.166666666666666963e-01
6.146666666666666945e-01
6.186666666666666980e-01
6.179999999999999938e-01
6.166666666666666963e-01
6.166666666666666963e-01
6.153333333333332877e-01
6.179999999999999938e-01
6.173333333333332895e-01
6.139999999999999902e-01
6.133333333333332860e-01
6.139999999999999902e-01
6.159999999999999920e-01
6.146666666666666945e-01
6.159999999999999920e-01
6.146666666666666945e-01
6.146666666666666945e-01
6.159999999999999920e-01
6.139999999999999902e-01
6.133333333333332860e-01
6.133333333333332860e-01
6.159999999999999920e-01
6.139999999999999902e-01
6.153333333333332877e-01
6.146666666666666945e-01
6.146666666666666945e-01
6.179999999999999938e-01
6.139999999999999902e-01
6.146666666666666945e-01
6.146666666666666945e-01
6.153333333333332877e-01
6.126666666666666927e-01
6.153333333333332877e-01
6.146666666666666945e-01
6.153333333333332877e-01
6.153333333333332877e-01
6.126666666666666927e-01
6.126666666666666927e-01
6.139999999999999902e-01
6.146666666666666945e-01
6.133333333333332860e-01
6.139999999999999902e-01
6.139999999999999902e-01
6.139999999999999902e-01
6.126666666666666927e-01
6.153333333333332877e-01
6.173333333333332895e-01
6.153333333333332877e-01
6.153333333333332877e-01
6.146666666666666945e-01
6.153333333333332877e-01
6.179999999999999938e-01
6.126666666666666927e-01
6.139999999999999902e-01
6.186666666666666980e-01
6.133333333333332860e-01
6.159999999999999920e-01
6.159999999999999920e-01
6.126666666666666927e-01
6.139999999999999902e-01
6.153333333333332877e-01
6.133333333333332860e-01
6.153333333333332877e-01
6.133333333333332860e-01
6.126666666666666927e-01
6.126666666666666927e-01
6.153333333333332877e-01
6.146666666666666945e-01
6.159999999999999920e-01
6.159999999999999920e-01
6.146666666666666945e-01
6.159999999999999920e-01
6.153333333333332877e-01
6.113333333333332842e-01
6.159999999999999920e-01
6.179999999999999938e-01
6.166666666666666963e-01
6.159999999999999920e-01
6.159999999999999920e-01
6.166666666666666963e-01
6.159999999999999920e-01
6.153333333333332877e-01
6.133333333333332860e-01
6.146666666666666945e-01
6.153333333333332877e-01
6.166666666666666963e-01
6.146666666666666945e-01
6.166666666666666963e-01
6.186666666666666980e-01
6.139999999999999902e-01
6.119999999999999885e-01
6.119999999999999885e-01
6.113333333333332842e-01
6.153333333333332877e-01
6.146666666666666945e-01
6.186666666666666980e-01
6.146666666666666945e-01
6.113333333333332842e-01
6.133333333333332860e-01
6.126666666666666927e-01
6.126666666666666927e-01
6.139999999999999902e-01
6.099999999999999867e-01
6.133333333333332860e-01
6.139999999999999902e-01
6.133333333333332860e-01
6.146666666666666945e-01
6.139999999999999902e-01
6.153333333333332877e-01
6.153333333333332877e-01
6.119999999999999885e-01
6.099999999999999867e-01
6.146666666666666945e-01
6.119999999999999885e-01
6.133333333333332860e-01
6.126666666666666927e-01
6.119999999999999885e-01
6.113333333333332842e-01
6.133333333333332860e-01
6.153333333333332877e-01
6.133333333333332860e-01
6.126666666666666927e-01
6.126666666666666927e-01
6.119999999999999885e-01
6.173333333333332895e-01
6.139999999999999902e-01
6.106666666666666909e-01
6.126666666666666927e-01
6.139999999999999902e-01
6.126666666666666927e-01
6.119999999999999885e-01
6.133333333333332860e-01
6.119999999999999885e-01
6.139999999999999902e-01
6.126666666666666927e-01
6.126666666666666927e-01
6.139999999999999902e-01
6.159999999999999920e-01
6.126666666666666927e-01
6.126666666666666927e-01
6.126666666666666927e-01
6.146666666666666945e-01
6.153333333333332877e-01
6.126666666666666927e-01
6.126666666666666927e-01
6.119999999999999885e-01
6.133333333333332860e-01
6.133333333333332860e-01
6.146666666666666945e-01
6.166666666666666963e-01
6.146666666666666945e-01
6.119999999999999885e-01
6.113333333333332842e-01
6.159999999999999920e-01
6.119999999999999885e-01
6.126666666666666927e-01
6.139999999999999902e-01
6.146666666666666945e-01
6.133333333333332860e-01
6.126666666666666927e-01
6.126666666666666927e-01
6.119999999999999885e-01
6.133333333333332860e-01
6.119999999999999885e-01
6.153333333333332877e-01
6.119999999999999885e-01
6.106666666666666909e-01
6.113333333333332842e-01
6.119999999999999885e-01
6.146666666666666945e-01
6.133333333333332860e-01
6.119999999999999885e-01
6.146666666666666945e-01
6.106666666666666909e-01
6.126666666666666927e-01
6.119999999999999885e-01
6.113333333333332842e-01
6.113333333333332842e-01
6.133333333333332860e-01
6.126666666666666927e-01
6.146666666666666945e-01
6.146666666666666945e-01
6.159999999999999920e-01
6.146666666666666945e-01
6.133333333333332860e-01
6.126666666666666927e-01
6.113333333333332842e-01
6.133333333333332860e-01
6.173333333333332895e-01
6.146666666666666945e-01
6.159999999999999920e-01
6.153333333333332877e-01
6.133333333333332860e-01
6.126666666666666927e-01
6.153333333333332877e-01
6.119999999999999885e-01
6.146666666666666945e-01
6.126666666666666927e-01
6.133333333333332860e-01
6.139999999999999902e-01
6.146666666666666945e-01
6.126666666666666927e-01
6.146666666666666945e-01
6.133333333333332860e-01
6.113333333333332842e-01
6.093333333333332824e-01
6.099999999999999867e-01
6.126666666666666927e-01
6.126666666666666927e-01
6.139999999999999902e-01
6.133333333333332860e-01
6.133333333333332860e-01
6.146666666666666945e-01
6.119999999999999885e-01
6.153333333333332877e-01
6.133333333333332860e-01
6.126666666666666927e-01
6.133333333333332860e-01
6.093333333333332824e-01
6.119999999999999885e-01
6.133333333333332860e-01
6.113333333333332842e-01
6.126666666666666927e-01
6.126666666666666927e-01
6.106666666666666909e-01
6.113333333333332842e-01
6.093333333333332824e-01
6.119999999999999885e-01
6.113333333333332842e-01
6.133333333333332860e-01
6.113333333333332842e-01
6.106666666666666909e-01
6.139999999999999902e-01
6.139999999999999902e-01
6.139999999999999902e-01
6.139999999999999902e-01
6.119999999999999885e-01
6.139999999999999902e-01
6.133333333333332860e-01
6.119999999999999885e-01
6.119999999999999885e-01
6.153333333333332877e-01
6.133333333333332860e-01
6.113333333333332842e-01
6.126666666666666927e-01
6.133333333333332860e-01
6.113333333333332842e-01
6.119999999999999885e-01
6.139999999999999902e-01
6.086666666666666892e-01
6.113333333333332842e-01
6.133333333333332860e-01
6.119999999999999885e-01
6.139999999999999902e-01
6.146666666666666945e-01
6.139999999999999902e-01
6.133333333333332860e-01
6.139999999999999902e-01
6.166666666666666963e-01
6.126666666666666927e-01
6.139999999999999902e-01
6.126666666666666927e-01
6.133333333333332860e-01
6.133333333333332860e-01
6.126666666666666927e-01
6.126666666666666927e-01
6.099999999999999867e-01
6.106666666666666909e-01
6.146666666666666945e-01
6.146666666666666945e-01
6.119999999999999885e-01
6.106666666666666909e-01
6.119999999999999885e-01
6.113333333333332842e-01
6.133333333333332860e-01
6.139999999999999902e-01
6.133333333333332860e-01
6.133333333333332860e-01
6.126666666666666927e-01
6.119999999999999885e-01
6.119999999999999885e-01
6.119999999999999885e-01
6.113333333333332842e-01
6.126666666666666927e-01
6.126666666666666927e-01
6.093333333333332824e-01
6.099999999999999867e-01
6.113333333333332842e-01
6.133333333333332860e-01
6.113333333333332842e-01
6.126666666666666927e-01
6.106666666666666909e-01
6.119999999999999885e-01
6.086666666666666892e-01
6.099999999999999867e-01
6.126666666666666927e-01
6.119999999999999885e-01
6.133333333333332860e-01
6.119999999999999885e-01
6.159999999999999920e-01
6.126666666666666927e-01
6.139999999999999902e-01
6.153333333333332877e-01
6.119999999999999885e-01
6.093333333333332824e-01
6.126666666666666927e-01
6.093333333333332824e-01
6.106666666666666909e-01
6.119999999999999885e-01
6.139999999999999902e-01
6.153333333333332877e-01
6.093333333333332824e-01
6.106666666666666909e-01
6.133333333333332860e-01
6.139999999999999902e-01
6.126666666666666927e-01
6.099999999999999867e-01
6.106666666666666909e-01
6.086666666666666892e-01
6.099999999999999867e-01
6.119999999999999885e-01
6.119999999999999885e-01
6.113333333333332842e-01
6.119999999999999885e-01
6.093333333333332824e-01
6.126666666666666927e-01
6.113333333333332842e-01
6.099999999999999867e-01
6.119999999999999885e-01
6.113333333333332842e-01
6.153333333333332877e-01
6.093333333333332824e-01
6.119999999999999885e-01
6.113333333333332842e-01
6.133333333333332860e-01
6.133333333333332860e-01
6.133333333333332860e-01
6.126666666666666927e-01
6.106666666666666909e-01
6.126666666666666927e-01
6.133333333333332860e-01
6.126666666666666927e-01
6.133333333333332860e-01
6.106666666666666909e-01
6.133333333333332860e-01
6.119999999999999885e-01
6.126666666666666927e-01
6.099999999999999867e-01
6.086666666666666892e-01
6.126666666666666927e-01
6.113333333333332842e-01
6.126666666666666927e-01
6.113333333333332842e-01
6.113333333333332842e-01
6.106666666666666909e-01
6.099999999999999867e-01
6.119999999999999885e-01
6.113333333333332842e-01
6.086666666666666892e-01
6.106666666666666909e-01
6.099999999999999867e-01
6.133333333333332860e-01
6.133333333333332860e-01
6.139999999999999902e-01
6.146666666666666945e-01
6.166666666666666963e-01
6.106666666666666909e-01
6.119999999999999885e-01
6.093333333333332824e-01
6.119999999999999885e-01
6.133333333333332860e-01
6.126666666666666927e-01
6.099999999999999867e-01
6.099999999999999867e-01
6.166666666666666963e-01
6.153333333333332877e-01
6.133333333333332860e-01
6.146666666666666945e-01
6.126666666666666927e-01
6.119999999999999885e-01
6.113333333333332842e-01
6.099999999999999867e-01
6.113333333333332842e-01
6.106666666666666909e-01
6.113333333333332842e-01
6.126666666666666927e-01
6.126666666666666927e-01
6.119999999999999885e-01
6.126666666666666927e-01
6.119999999999999885e-01
6.113333333333332842e-01
6.119999999999999885e-01
6.086666666666666892e-01
6.113333333333332842e-01
6.066666666666666874e-01
6.066666666666666874e-01
6.113333333333332842e-01
6.093333333333332824e-01
6.119999999999999885e-01
6.119999999999999885e-01
6.113333333333332842e-01
6.106666666666666909e-01
6.126666666666666927e-01
6.106666666666666909e-01
6.106666666666666909e-01
6.099999999999999867e-01
6.126666666666666927e-01
6.119999999999999885e-01
6.086666666666666892e-01
6.106666666666666909e-01
6.106666666666666909e-01
6.079999999999999849e-01
6.093333333333332824e-01
6.119999999999999885e-01
6.093333333333332824e-01
6.119999999999999885e-01
6.126666666666666927e-01
6.126666666666666927e-01
6.093333333333332824e-01
6.079999999999999849e-01
6.119999999999999885e-01
6.106666666666666909e-01
6.113333333333332842e-01
6.139999999999999902e-01
6.093333333333332824e-01
6.099999999999999867e-01
6.106666666666666909e-01
6.099999999999999867e-01
6.093333333333332824e-01
6.099999999999999867e-01
6.106666666666666909e-01
6.146666666666666945e-01
6.139999999999999902e-01
6.133333333333332860e-01
6.126666666666666927e-01
6.133333333333332860e-01
6.106666666666666909e-01
6.113333333333332842e-01
6.113333333333332842e-01
6.113333333333332842e-01
6.099999999999999867e-01
6.066666666666666874e-01
6.099999999999999867e-01
6.106666666666666909e-01
6.133333333333332860e-01
6.099999999999999867e-01
6.119999999999999885e-01
6.119999999999999885e-01
6.093333333333332824e-01
6.093333333333332824e-01
6.106666666666666909e-01
6.099999999999999867e-01
6.126666666666666927e-01
6.099999999999999867e-01
6.113333333333332842e-01
6.139999999999999902e-01
6.133333333333332860e-01
6.113333333333332842e-01
6.119999999999999885e-01
6.099999999999999867e-01
6.119999999999999885e-01
6.126666666666666927e-01
6.119999999999999885e-01
6.119999999999999885e-01
6.119999999999999885e-01
6.126666666666666927e-01
6.093333333333332824e-01
6.113333333333332842e-01
6.099999999999999867e-01
6.113333333333332842e-01
6.086666666666666892e-01
6.086666666666666892e-01
6.099999999999999867e-01
6.113333333333332842e-01
6.126666666666666927e-01
6.119999999999999885e-01
6.113333333333332842e-01
6.113333333333332842e-01
6.119999999999999885e-01
6.099999999999999867e-01
6.106666666666666909e-01
6.099999999999999867e-01
6.126666666666666927e-01
6.073333333333332806e-01
6.133333333333332860e-01
6.099999999999999867e-01
6.106666666666666909e-01
6.119999999999999885e-01
6.113333333333332842e-01
6.093333333333332824e-01
6.113333333333332842e-01
6.133333333333332860e-01
6.119999999999999885e-01
6.119999999999999885e-01
6.133333333333332860e-01
6.099999999999999867e-01
6.126666666666666927e-01
6.113333333333332842e-01
6.126666666666666927e-01
6.119999999999999885e-01
6.113333333333332842e-01
6.126666666666666927e-01
6.126666666666666927e-01
6.113333333333332842e-01
6.106666666666666909e-01
6.099999999999999867e-01
6.093333333333332824e-01
6.113333333333332842e-01
6.133333333333332860e-01
6.099999999999999867e-01
6.119999999999999885e-01
6.079999999999999849e-01
6.093333333333332824e-01
6.099999999999999867e-01
6.106666666666666909e-01
6.133333333333332860e-01
6.113333333333332842e-01
6.113333333333332842e-01
6.126666666666666927e-01
6.126666666666666927e-01
6.139999999999999902e-01
6.119999999999999885e-01
6.126666666666666927e-01
6.113333333333332842e-01
6.119999999999999885e-01
6.119999999999999885e-01
6.106666666666666909e-01
6.119999999999999885e-01
6.133333333333332860e-01
6.126666666666666927e-01
6.113333333333332842e-01
6.093333333333332824e-01
6.113333333333332842e-01
6.119999999999999885e-01
6.106666666666666909e-01
6.106666666666666909e-01
6.106666666666666909e-01
6.099999999999999867e-01
6.126666666666666927e-01
6.099999999999999867e-01
6.119999999999999885e-01
6.086666666666666892e-01
6.093333333333332824e-01
6.119999999999999885e-01
6.119999999999999885e-01
6.119999999999999885e-01
6.119999999999999885e-01
6.099999999999999867e-01
6.106666666666666909e-01
6.139999999999999902e-01
6.119999999999999885e-01
6.119999999999999885e-01
6.106666666666666909e-01
6.133333333333332860e-01
6.126666666666666927e-01
6.126666666666666927e-01
6.106666666666666909e-01
6.106666666666666909e-01
6.106666666666666909e-01
6.119999999999999885e-01
6.079999999999999849e-01
6.093333333333332824e-01
6.106666666666666909e-01
6.126666666666666927e-01
6.119999999999999885e-01
6.106666666666666909e-01
6.153333333333332877e-01
6.119999999999999885e-01
6.106666666666666909e-01
6.113333333333332842e-01
6.113333333333332842e-01
6.119999999999999885e-01
6.093333333333332824e-01
6.119999999999999885e-01
6.133333333333332860e-01
6.133333333333332860e-01
6.119999999999999885e-01
6.133333333333332860e-01
6.139999999999999902e-01
6.126666666666666927e-01
6.126666666666666927e-01
6.126666666666666927e-01
6.106666666666666909e-01
6.146666666666666945e-01
6.113333333333332842e-01
6.113333333333332842e-01
6.073333333333332806e-01
6.126666666666666927e-01
6.106666666666666909e-01
6.099999999999999867e-01
6.113333333333332842e-01
6.086666666666666892e-01
6.066666666666666874e-01
6.113333333333332842e-01
6.073333333333332806e-01
6.099999999999999867e-01
6.086666666666666892e-01
6.099999999999999867e-01
6.073333333333332806e-01
6.086666666666666892e-01
6.113333333333332842e-01
6.093333333333332824e-01
6.106666666666666909e-01
6.133333333333332860e-01
6.073333333333332806e-01
6.073333333333332806e-01
6.126666666666666927e-01
6.119999999999999885e-01
6.146666666666666945e-01
6.106666666666666909e-01
6.126666666666666927e-01
6.086666666666666892e-01
6.099999999999999867e-01
6.073333333333332806e-01
6.093333333333332824e-01
6.079999999999999849e-01
6.099999999999999867e-01
6.099999999999999867e-01
6.106666666666666909e-01
6.106666666666666909e-01
6.126666666666666927e-01
6.106666666666666909e-01
6.113333333333332842e-01
6.086666666666666892e-01
6.106666666666666909e-01
6.119999999999999885e-01
6.093333333333332824e-01
6.133333333333332860e-01
6.139999999999999902e-01
6.113333333333332842e-01
6.079999999999999849e-01
6.126666666666666927e-01
6.106666666666666909e-01
6.113333333333332842e-01
6.099999999999999867e-01
6.099999999999999867e-01
6.086666666666666892e-01
6.119999999999999885e-01
6.146666666666666945e-01
6.126666666666666927e-01
6.113333333333332842e-01
6.079999999999999849e-01
6.079999999999999849e-01
6.106666666666666909e-01
6.093333333333332824e-01
6.113333333333332842e-01
6.099999999999999867e-01
6.113333333333332842e-01
6.113333333333332842e-01
6.126666666666666927e-01
6.113333333333332842e-01
6.119999999999999885e-01
6.113333333333332842e-01
6.119999999999999885e-01
6.126666666666666927e-01
6.126666666666666927e-01
6.119999999999999885e-01
6.106666666666666909e-01
6.106666666666666909e-01
6.126666666666666927e-01
6.126666666666666927e-01
6.126666666666666927e-01
6.099999999999999867e-01
6.099999999999999867e-01
6.113333333333332842e-01
6.093333333333332824e-01
6.099999999999999867e-01
6.099999999999999867e-01
6.099999999999999867e-01
6.119999999999999885e-01
6.099999999999999867e-01
6.093333333333332824e-01
6.099999999999999867e-01
6.093333333333332824e-01
6.099999999999999867e-01
6.093333333333332824e-01
6.099999999999999867e-01
6.106666666666666909e-01
6.099999999999999867e-01
6.093333333333332824e-01
6.113333333333332842e-01
6.093333333333332824e-01
6.113333333333332842e-01
6.126666666666666927e-01
6.126666666666666927e-01
6.153333333333332877e-01
6.106666666666666909e-01
6.099999999999999867e-01
6.113333333333332842e-01
6.146666666666666945e-01
6.093333333333332824e-01
6.106666666666666909e-01
6.126666666666666927e-01
6.106666666666666909e-01
6.133333333333332860e-01
6.126666666666666927e-01
6.139999999999999902e-01
6.106666666666666909e-01
6.106666666666666909e-01
6.119999999999999885e-01
6.119999999999999885e-01
6.133333333333332860e-01
6.119999999999999885e-01
6.119999999999999885e-01
6.119999999999999885e-01
6.133333333333332860e-01
6.119999999999999885e-01
6.126666666666666927e-01
6.133333333333332860e-01
6.119999999999999885e-01
6.113333333333332842e-01
6.106666666666666909e-01
6.126666666666666927e-01
6.119999999999999885e-01
6.139999999999999902e-01
6.126666666666666927e-01
6.106666666666666909e-01
6.113333333333332842e-01
6.113333333333332842e-01
6.119999999999999885e-01
6.113333333333332842e-01
6.126666666666666927e-01
6.099999999999999867e-01
6.106666666666666909e-01
6.126666666666666927e-01
6.106666666666666909e-01
6.126666666666666927e-01
6.113333333333332842e-01
6.093333333333332824e-01
6.093333333333332824e-01
6.119999999999999885e-01
6.113333333333332842e-01
6.099999999999999867e-01
6.113333333333332842e-01
6.113333333333332842e-01
6.133333333333332860e-01
6.119999999999999885e-01
6.113333333333332842e-01
6.099999999999999867e-01
6.099999999999999867e-01
6.139999999999999902e-01
6.133333333333332860e-01
6.106666666666666909e-01
6.126666666666666927e-01
6.106666666666666909e-01
6.106666666666666909e-01
6.106666666666666909e-01
6.086666666666666892e-01
6.106666666666666909e-01
6.106666666666666909e-01
6.086666666666666892e-01
6.113333333333332842e-01
6.119999999999999885e-01
6.113333333333332842e-01
6.119999999999999885e-01
6.099999999999999867e-01
6.139999999999999902e-01
6.126666666666666927e-01
6.133333333333332860e-01
6.119999999999999885e-01
6.146666666666666945e-01
6.119999999999999885e-01
6.139999999999999902e-01
6.146666666666666945e-01
6.106666666666666909e-01
6.113333333333332842e-01
6.099999999999999867e-01
6.119999999999999885e-01
6.086666666666666892e-01
6.113333333333332842e-01
6.099999999999999867e-01
6.073333333333332806e-01
6.106666666666666909e-01
6.126666666666666927e-01
6.099999999999999867e-01
6.119999999999999885e-01
6.119999999999999885e-01
6.126666666666666927e-01
6.113333333333332842e-01
6.099999999999999867e-01
6.119999999999999885e-01
6.126666666666666927e-01
6.119999999999999885e-01
6.133333333333332860e-01
6.133333333333332860e-01
6.133333333333332860e-01
6.139999999999999902e-01
6.106666666666666909e-01
6.119999999999999885e-01
6.106666666666666909e-01
6.106666666666666909e-01
6.106666666666666909e-01
6.106666666666666909e-01
6.126666666666666927e-01
6.126666666666666927e-01
6.093333333333332824e-01
6.099999999999999867e-01
6.099999999999999867e-01
6.086666666666666892e-01
6.113333333333332842e-01
6.119999999999999885e-01
6.106666666666666909e-01
6.113333333333332842e-01
6.113333333333332842e-01
6.139999999999999902e-01
6.119999999999999885e-01
6.133333333333332860e-01
6.119999999999999885e-01
6.113333333333332842e-01
6.133333333333332860e-01
6.119999999999999885e-01
6.113333333333332842e-01
6.119999999999999885e-01
6.119999999999999885e-01
6.126666666666666927e-01
6.106666666666666909e-01
6.119999999999999885e-01
6.106666666666666909e-01
6.119999999999999885e-01
6.093333333333332824e-01
6.106666666666666909e-01
6.113333333333332842e-01
6.106666666666666909e-01
6.126666666666666927e-01
6.133333333333332860e-01
6.146666666666666945e-01
6.159999999999999920e-01
6.133333333333332860e-01
6.119999999999999885e-01
6.099999999999999867e-01
6.126666666666666927e-01
6.113333333333332842e-01
6.066666666666666874e-01
6.086666666666666892e-01
6.086666666666666892e-01
6.106666666666666909e-01
6.106666666666666909e-01
6.119999999999999885e-01
6.113333333333332842e-01
6.113333333333332842e-01
6.119999999999999885e-01
6.113333333333332842e-01
6.113333333333332842e-01
6.126666666666666927e-01
6.146666666666666945e-01
6.133333333333332860e-01
6.106666666666666909e-01
6.099999999999999867e-01
6.133333333333332860e-01
6.146666666666666945e-01
6.139999999999999902e-01
6.153333333333332877e-01
6.153333333333332877e-01
6.133333333333332860e-01
6.139999999999999902e-01
6.119999999999999885e-01
6.106666666666666909e-01
6.126666666666666927e-01
6.133333333333332860e-01
6.126666666666666927e-01
6.139999999999999902e-01
6.086666666666666892e-01
6.119999999999999885e-01
6.099999999999999867e-01
6.106666666666666909e-01
6.126666666666666927e-01
6.113333333333332842e-01
6.159999999999999920e-01
6.146666666666666945e-01
6.126666666666666927e-01
6.113333333333332842e-01
6.119999999999999885e-01
6.113333333333332842e-01
6.133333333333332860e-01
6.133333333333332860e-01
6.126666666666666927e-01
6.119999999999999885e-01
6.139999999999999902e-01
6.126666666666666927e-01
6.119999999999999885e-01
6.126666666666666927e-01
6.086666666666666892e-01
6.133333333333332860e-01
6.126666666666666927e-01
6.099999999999999867e-01
6.119999999999999885e-01
6.113333333333332842e-01
6.106666666666666909e-01
6.119999999999999885e-01
6.133333333333332860e-01
6.119999999999999885e-01
6.106666666666666909e-01
6.099999999999999867e-01
6.133333333333332860e-01
6.113333333333332842e-01
6.139999999999999902e-01
6.113333333333332842e-01
6.093333333333332824e-01
6.086666666666666892e-01
6.113333333333332842e-01
6.106666666666666909e-01
6.146666666666666945e-01
6.086666666666666892e-01
6.126666666666666927e-01
6.126666666666666927e-01
6.126666666666666927e-01
6.106666666666666909e-01
6.119999999999999885e-01
6.153333333333332877e-01
6.119999999999999885e-01
6.113333333333332842e-01
6.133333333333332860e-01
6.139999999999999902e-01
6.133333333333332860e-01
6.159999999999999920e-01
6.139999999999999902e-01
6.126666666666666927e-01
6.139999999999999902e-01
6.146666666666666945e-01
6.139999999999999902e-01
6.113333333333332842e-01
6.113333333333332842e-01
6.133333333333332860e-01
6.079999999999999849e-01
6.113333333333332842e-01
6.113333333333332842e-01
6.139999999999999902e-01
6.126666666666666927e-01
6.106666666666666909e-01
6.099999999999999867e-01
6.099999999999999867e-01
6.119999999999999885e-01
6.119999999999999885e-01
6.133333333333332860e-01
6.133333333333332860e-01
6.099999999999999867e-01
6.119999999999999885e-01
6.139999999999999902e-01
6.146666666666666945e-01
6.133333333333332860e-01
6.133333333333332860e-01
6.099999999999999867e-01
6.113333333333332842e-01
6.099999999999999867e-01
6.126666666666666927e-01
6.139999999999999902e-01
6.139999999999999902e-01
6.119999999999999885e-01
6.133333333333332860e-01
6.126666666666666927e-01
6.119999999999999885e-01
6.099999999999999867e-01
6.119999999999999885e-01
6.126666666666666927e-01
6.119999999999999885e-01
6.119999999999999885e-01
6.126666666666666927e-01
6.139999999999999902e-01
6.113333333333332842e-01
6.113333333333332842e-01
6.119999999999999885e-01
6.119999999999999885e-01
6.106666666666666909e-01
6.133333333333332860e-01
6.159999999999999920e-01
6.126666666666666927e-01
6.133333333333332860e-01
6.119999999999999885e-01
6.106666666666666909e-01
6.106666666666666909e-01
6.113333333333332842e-01
6.119999999999999885e-01
6.119999999999999885e-01
6.119999999999999885e-01
6.133333333333332860e-01
6.146666666666666945e-01
