2.000000000000000111e-01
2.000000000000000111e-01
5.360000000000000320e-01
5.206666666666667220e-01
5.340000000000000302e-01
6.199999999999999956e-01
6.760000000000000453e-01
7.113333333333333730e-01
7.159999999999999698e-01
7.173333333333333783e-01
7.253333333333333854e-01
7.159999999999999698e-01
7.346666666666666901e-01
7.126666666666666705e-01
7.259999999999999787e-01
7.286666666666666847e-01
7.239999999999999769e-01
7.399999999999999911e-01
7.366666666666666918e-01
7.346666666666666901e-01
7.326666666666666883e-01
7.333333333333332815e-01
7.299999999999999822e-01
7.306666666666666865e-01
7.299999999999999822e-01
7.319999999999999840e-01
7.293333333333332780e-01
7.319999999999999840e-01
7.306666666666666865e-01
7.293333333333332780e-01
7.293333333333332780e-01
7.293333333333332780e-01
7.293333333333332780e-01
7.299999999999999822e-01
7.306666666666666865e-01
7.333333333333332815e-01
7.279999999999999805e-01
7.286666666666666847e-01
7.266666666666666829e-01
7.233333333333333837e-01
7.253333333333333854e-01
7.246666666666666812e-01
7.266666666666666829e-01
7.273333333333333872e-01
7.286666666666666847e-01
7.259999999999999787e-01
7.293333333333332780e-01
7.273333333333333872e-01
7.279999999999999805e-01
7.266666666666666829e-01
7.266666666666666829e-01
7.239999999999999769e-01
7.266666666666666829e-01
7.233333333333333837e-01
7.233333333333333837e-01
7.273333333333333872e-01
7.259999999999999787e-01
7.246666666666666812e-01
7.233333333333333837e-01
7.219999999999999751e-01
7.226666666666666794e-01
7.239999999999999769e-01
7.233333333333333837e-01
7.246666666666666812e-01
7.286666666666666847e-01
7.226666666666666794e-01
7.226666666666666794e-01
7.219999999999999751e-01
7.233333333333333837e-01
7.253333333333333854e-01
7.233333333333333837e-01
7.226666666666666794e-01
7.239999999999999769e-01
7.259999999999999787e-01
7.226666666666666794e-01
7.246666666666666812e-01
7.273333333333333872e-01
7.246666666666666812e-01
7.259999999999999787e-01
7.206666666666666776e-01
7.233333333333333837e-01
7.226666666666666794e-01
7.239999999999999769e-01
7.253333333333333854e-01
7.213333333333333819e-01
7.259999999999999787e-01
7.233333333333333837e-01
7.259999999999999787e-01
7.259999999999999787e-01
7.259999999999999787e-01
7.253333333333333854e-01
7.206666666666666776e-01
7.226666666666666794e-01
7.179999999999999716e-01
7.246666666666666812e-01
7.233333333333333837e-01
7.219999999999999751e-01
7.199999999999999734e-01
7.253333333333333854e-01
7.199999999999999734e-01
7.219999999999999751e-01
7.226666666666666794e-01
7.253333333333333854e-01
7.233333333333333837e-01
7.259999999999999787e-01
7.266666666666666829e-01
7.266666666666666829e-01
7.266666666666666829e-01
7.273333333333333872e-01
7.253333333333333854e-01
7.253333333333333854e-01
7.233333333333333837e-01
7.246666666666666812e-01
7.246666666666666812e-01
7.259999999999999787e-01
7.253333333333333854e-01
7.259999999999999787e-01
7.226666666666666794e-01
7.226666666666666794e-01
7.246666666666666812e-01
7.246666666666666812e-01
7.239999999999999769e-01
7.233333333333333837e-01
7.273333333333333872e-01
7.219999999999999751e-01
7.246666666666666812e-01
7.239999999999999769e-01
7.239999999999999769e-01
7.226666666666666794e-01
7.219999999999999751e-01
7.233333333333333837e-01
7.253333333333333854e-01
7.266666666666666829e-01
7.193333333333333801e-01
7.186666666666666758e-01
7.233333333333333837e-01
7.246666666666666812e-01
7.233333333333333837e-01
7.239999999999999769e-01
7.233333333333333837e-01
7.226666666666666794e-01
7.226666666666666794e-01
7.253333333333333854e-01
7.233333333333333837e-01
7.253333333333333854e-01
7.253333333333333854e-01
7.239999999999999769e-01
7.226666666666666794e-01
7.219999999999999751e-01
7.213333333333333819e-01
7.266666666666666829e-01
7.226666666666666794e-01
7.226666666666666794e-01
7.226666666666666794e-01
7.253333333333333854e-01
7.246666666666666812e-01
7.253333333333333854e-01
7.226666666666666794e-01
7.213333333333333819e-01
7.239999999999999769e-01
7.253333333333333854e-01
7.253333333333333854e-01
7.253333333333333854e-01
7.226666666666666794e-01
7.213333333333333819e-01
7.233333333333333837e-01
7.193333333333333801e-01
7.239999999999999769e-01
7.259999999999999787e-01
7.239999999999999769e-01
7.206666666666666776e-01
7.219999999999999751e-01
7.226666666666666794e-01
7.219999999999999751e-01
7.213333333333333819e-01
7.259999999999999787e-01
7.226666666666666794e-01
7.273333333333333872e-01
7.246666666666666812e-01
7.219999999999999751e-01
7.226666666666666794e-01
7.239999999999999769e-01
7.239999999999999769e-01
7.233333333333333837e-01
7.213333333333333819e-01
7.246666666666666812e-01
7.199999999999999734e-01
7.226666666666666794e-01
7.206666666666666776e-01
7.226666666666666794e-01
7.266666666666666829e-01
7.239999999999999769e-01
7.226666666666666794e-01
7.233333333333333837e-01
7.233333333333333837e-01
7.213333333333333819e-01
7.199999999999999734e-01
7.253333333333333854e-01
7.233333333333333837e-01
7.239999999999999769e-01
7.246666666666666812e-01
7.219999999999999751e-01
7.246666666666666812e-01
7.219999999999999751e-01
7.259999999999999787e-01
7.259999999999999787e-01
7.239999999999999769e-01
7.233333333333333837e-01
7.226666666666666794e-01
7.239999999999999769e-01
7.239999999999999769e-01
7.253333333333333854e-01
7.226666666666666794e-01
7.226666666666666794e-01
7.219999999999999751e-01
7.206666666666666776e-01
7.233333333333333837e-01
7.259999999999999787e-01
7.259999999999999787e-01
7.226666666666666794e-01
7.213333333333333819e-01
7.199999999999999734e-01
7.233333333333333837e-01
7.233333333333333837e-01
7.246666666666666812e-01
7.239999999999999769e-01
7.233333333333333837e-01
7.246666666666666812e-01
7.213333333333333819e-01
7.213333333333333819e-01
7.206666666666666776e-01
7.219999999999999751e-01
7.226666666666666794e-01
7.199999999999999734e-01
7.213333333333333819e-01
7.199999999999999734e-01
7.219999999999999751e-01
7.213333333333333819e-01
7.193333333333333801e-01
7.226666666666666794e-01
7.213333333333333819e-01
7.226666666666666794e-01
7.226666666666666794e-01
7.199999999999999734e-01
7.233333333333333837e-01
7.206666666666666776e-01
7.213333333333333819e-01
7.226666666666666794e-01
7.213333333333333819e-01
7.246666666666666812e-01
7.246666666666666812e-01
7.226666666666666794e-01
7.193333333333333801e-01
7.219999999999999751e-01
7.233333333333333837e-01
7.213333333333333819e-01
7.219999999999999751e-01
7.233333333333333837e-01
7.233333333333333837e-01
7.246666666666666812e-01
7.266666666666666829e-01
7.266666666666666829e-01
7.239999999999999769e-01
7.213333333333333819e-01
7.233333333333333837e-01
7.253333333333333854e-01
7.233333333333333837e-01
7.226666666666666794e-01
7.219999999999999751e-01
7.239999999999999769e-01
7.206666666666666776e-01
7.239999999999999769e-01
7.233333333333333837e-01
7.219999999999999751e-01
7.226666666666666794e-01
7.246666666666666812e-01
7.199999999999999734e-01
7.253333333333333854e-01
7.206666666666666776e-01
7.219999999999999751e-01
7.219999999999999751e-01
7.193333333333333801e-01
7.186666666666666758e-01
7.213333333333333819e-01
7.273333333333333872e-01
7.213333333333333819e-01
7.226666666666666794e-01
7.219999999999999751e-01
7.226666666666666794e-01
7.233333333333333837e-01
7.193333333333333801e-01
7.186666666666666758e-01
7.213333333333333819e-01
7.233333333333333837e-01
7.246666666666666812e-01
7.226666666666666794e-01
7.206666666666666776e-01
7.226666666666666794e-01
7.206666666666666776e-01
7.239999999999999769e-01
7.213333333333333819e-01
7.226666666666666794e-01
7.219999999999999751e-01
7.199999999999999734e-01
7.186666666666666758e-01
7.206666666666666776e-01
7.199999999999999734e-01
7.219999999999999751e-01
7.239999999999999769e-01
7.246666666666666812e-01
7.246666666666666812e-01
7.206666666666666776e-01
7.246666666666666812e-01
7.199999999999999734e-01
7.219999999999999751e-01
7.199999999999999734e-01
7.226666666666666794e-01
7.206666666666666776e-01
7.233333333333333837e-01
7.253333333333333854e-01
7.213333333333333819e-01
7.199999999999999734e-01
7.233333333333333837e-01
7.239999999999999769e-01
7.226666666666666794e-01
7.259999999999999787e-01
7.226666666666666794e-01
7.239999999999999769e-01
7.253333333333333854e-01
7.239999999999999769e-01
7.239999999999999769e-01
7.213333333333333819e-01
7.206666666666666776e-01
7.199999999999999734e-01
7.219999999999999751e-01
7.253333333333333854e-01
7.253333333333333854e-01
7.226666666666666794e-01
7.199999999999999734e-01
7.213333333333333819e-01
7.239999999999999769e-01
7.219999999999999751e-01
7.226666666666666794e-01
7.213333333333333819e-01
7.246666666666666812e-01
7.253333333333333854e-01
7.253333333333333854e-01
7.219999999999999751e-01
7.219999999999999751e-01
7.219999999999999751e-01
7.253333333333333854e-01
7.266666666666666829e-01
7.246666666666666812e-01
7.239999999999999769e-01
7.253333333333333854e-01
7.259999999999999787e-01
7.226666666666666794e-01
7.253333333333333854e-01
7.206666666666666776e-01
7.273333333333333872e-01
7.259999999999999787e-01
7.213333333333333819e-01
7.199999999999999734e-01
7.186666666666666758e-01
7.199999999999999734e-01
7.226666666666666794e-01
7.226666666666666794e-01
7.213333333333333819e-01
7.213333333333333819e-01
7.226666666666666794e-01
7.259999999999999787e-01
7.233333333333333837e-01
7.219999999999999751e-01
7.226666666666666794e-01
7.219999999999999751e-01
7.226666666666666794e-01
7.219999999999999751e-01
7.239999999999999769e-01
7.246666666666666812e-01
7.226666666666666794e-01
7.239999999999999769e-01
7.233333333333333837e-01
7.199999999999999734e-01
7.239999999999999769e-01
7.213333333333333819e-01
7.213333333333333819e-01
7.253333333333333854e-01
7.226666666666666794e-01
7.233333333333333837e-01
7.206666666666666776e-01
7.233333333333333837e-01
7.259999999999999787e-01
7.253333333333333854e-01
7.239999999999999769e-01
7.219999999999999751e-01
7.226666666666666794e-01
7.206666666666666776e-01
7.233333333333333837e-01
7.213333333333333819e-01
7.233333333333333837e-01
7.226666666666666794e-01
7.253333333333333854e-01
7.253333333333333854e-01
7.246666666666666812e-01
7.239999999999999769e-01
7.219999999999999751e-01
7.253333333333333854e-01
7.233333333333333837e-01
7.239999999999999769e-01
7.259999999999999787e-01
7.239999999999999769e-01
7.246666666666666812e-01
7.246666666666666812e-01
7.213333333333333819e-01
7.233333333333333837e-01
7.233333333333333837e-01
7.219999999999999751e-01
7.253333333333333854e-01
7.253333333333333854e-01
7.246666666666666812e-01
7.266666666666666829e-01
7.226666666666666794e-01
7.259999999999999787e-01
7.226666666666666794e-01
7.219999999999999751e-01
7.226666666666666794e-01
7.226666666666666794e-01
7.226666666666666794e-01
7.253333333333333854e-01
7.239999999999999769e-01
7.226666666666666794e-01
7.226666666666666794e-01
7.239999999999999769e-01
7.253333333333333854e-01
7.246666666666666812e-01
7.226666666666666794e-01
7.233333333333333837e-01
7.253333333333333854e-01
7.219999999999999751e-01
7.219999999999999751e-01
7.193333333333333801e-01
7.239999999999999769e-01
7.226666666666666794e-01
7.226666666666666794e-01
7.219999999999999751e-01
7.193333333333333801e-01
7.239999999999999769e-01
7.253333333333333854e-01
7.246666666666666812e-01
7.239999999999999769e-01
7.233333333333333837e-01
7.233333333333333837e-01
7.226666666666666794e-01
7.219999999999999751e-01
7.226666666666666794e-01
7.239999999999999769e-01
7.206666666666666776e-01
7.186666666666666758e-01
7.239999999999999769e-01
7.239999999999999769e-01
7.199999999999999734e-01
7.199999999999999734e-01
7.206666666666666776e-01
7.226666666666666794e-01
7.226666666666666794e-01
7.233333333333333837e-01
7.246666666666666812e-01
7.253333333333333854e-01
7.246666666666666812e-01
7.233333333333333837e-01
7.226666666666666794e-01
7.213333333333333819e-01
7.233333333333333837e-01
7.273333333333333872e-01
7.246666666666666812e-01
7.226666666666666794e-01
7.253333333333333854e-01
7.259999999999999787e-01
7.253333333333333854e-01
7.246666666666666812e-01
7.213333333333333819e-01
7.206666666666666776e-01
7.233333333333333837e-01
7.239999999999999769e-01
7.213333333333333819e-01
7.226666666666666794e-01
7.233333333333333837e-01
7.219999999999999751e-01
7.246666666666666812e-01
7.219999999999999751e-01
7.246666666666666812e-01
7.219999999999999751e-01
7.253333333333333854e-01
7.259999999999999787e-01
7.226666666666666794e-01
7.246666666666666812e-01
7.226666666666666794e-01
7.239999999999999769e-01
7.253333333333333854e-01
7.233333333333333837e-01
7.246666666666666812e-01
7.246666666666666812e-01
7.253333333333333854e-01
7.206666666666666776e-01
7.246666666666666812e-01
7.193333333333333801e-01
7.213333333333333819e-01
7.213333333333333819e-01
7.233333333333333837e-01
7.206666666666666776e-01
7.213333333333333819e-01
7.226666666666666794e-01
7.233333333333333837e-01
7.226666666666666794e-01
7.259999999999999787e-01
7.253333333333333854e-01
7.253333333333333854e-01
7.253333333333333854e-01
7.266666666666666829e-01
7.239999999999999769e-01
7.233333333333333837e-01
7.259999999999999787e-01
7.233333333333333837e-01
7.226666666666666794e-01
7.233333333333333837e-01
7.226666666666666794e-01
7.219999999999999751e-01
7.246666666666666812e-01
7.233333333333333837e-01
7.206666666666666776e-01
7.226666666666666794e-01
7.233333333333333837e-01
7.266666666666666829e-01
7.273333333333333872e-01
7.246666666666666812e-01
7.226666666666666794e-01
7.239999999999999769e-01
7.226666666666666794e-01
7.253333333333333854e-01
7.239999999999999769e-01
7.213333333333333819e-01
7.233333333333333837e-01
7.193333333333333801e-01
7.219999999999999751e-01
7.239999999999999769e-01
7.226666666666666794e-01
7.219999999999999751e-01
7.233333333333333837e-01
7.226666666666666794e-01
7.219999999999999751e-01
7.246666666666666812e-01
7.246666666666666812e-01
7.219999999999999751e-01
7.246666666666666812e-01
7.219999999999999751e-01
7.233333333333333837e-01
7.233333333333333837e-01
7.233333333333333837e-01
7.253333333333333854e-01
7.219999999999999751e-01
7.253333333333333854e-01
7.239999999999999769e-01
7.253333333333333854e-01
7.253333333333333854e-01
7.233333333333333837e-01
7.219999999999999751e-01
7.213333333333333819e-01
7.246666666666666812e-01
7.239999999999999769e-01
7.226666666666666794e-01
7.253333333333333854e-01
7.213333333333333819e-01
7.239999999999999769e-01
7.226666666666666794e-01
7.266666666666666829e-01
7.246666666666666812e-01
7.219999999999999751e-01
7.233333333333333837e-01
7.193333333333333801e-01
7.219999999999999751e-01
7.213333333333333819e-01
7.226666666666666794e-01
7.226666666666666794e-01
7.233333333333333837e-01
7.219999999999999751e-01
7.226666666666666794e-01
7.233333333333333837e-01
7.233333333333333837e-01
7.266666666666666829e-01
7.233333333333333837e-01
7.253333333333333854e-01
7.246666666666666812e-01
7.219999999999999751e-01
7.233333333333333837e-01
7.239999999999999769e-01
7.239999999999999769e-01
7.233333333333333837e-01
7.253333333333333854e-01
7.226666666666666794e-01
7.226666666666666794e-01
7.179999999999999716e-01
7.179999999999999716e-01
7.239999999999999769e-01
7.233333333333333837e-01
7.213333333333333819e-01
7.226666666666666794e-01
7.233333333333333837e-01
7.246666666666666812e-01
7.226666666666666794e-01
7.246666666666666812e-01
7.239999999999999769e-01
7.206666666666666776e-01
7.213333333333333819e-01
7.233333333333333837e-01
7.226666666666666794e-01
7.246666666666666812e-01
7.246666666666666812e-01
7.233333333333333837e-01
7.213333333333333819e-01
7.239999999999999769e-01
7.213333333333333819e-01
7.246666666666666812e-01
7.219999999999999751e-01
7.246666666666666812e-01
7.253333333333333854e-01
7.219999999999999751e-01
7.233333333333333837e-01
7.233333333333333837e-01
7.206666666666666776e-01
7.226666666666666794e-01
7.213333333333333819e-01
7.199999999999999734e-01
7.193333333333333801e-01
7.199999999999999734e-01
7.206666666666666776e-01
7.226666666666666794e-01
7.233333333333333837e-01
7.233333333333333837e-01
7.246666666666666812e-01
7.246666666666666812e-01
7.239999999999999769e-01
7.213333333333333819e-01
7.239999999999999769e-01
7.219999999999999751e-01
7.239999999999999769e-01
7.226666666666666794e-01
7.226666666666666794e-01
7.226666666666666794e-01
7.226666666666666794e-01
7.199999999999999734e-01
7.199999999999999734e-01
7.233333333333333837e-01
7.213333333333333819e-01
7.199999999999999734e-01
7.219999999999999751e-01
7.239999999999999769e-01
7.219999999999999751e-01
7.219999999999999751e-01
7.213333333333333819e-01
7.246666666666666812e-01
7.253333333333333854e-01
7.233333333333333837e-01
7.219999999999999751e-01
7.233333333333333837e-01
7.233333333333333837e-01
7.233333333333333837e-01
7.233333333333333837e-01
7.233333333333333837e-01
7.226666666666666794e-01
7.259999999999999787e-01
7.193333333333333801e-01
7.213333333333333819e-01
7.246666666666666812e-01
7.239999999999999769e-01
7.233333333333333837e-01
7.219999999999999751e-01
7.193333333333333801e-01
7.233333333333333837e-01
7.199999999999999734e-01
7.259999999999999787e-01
7.233333333333333837e-01
7.239999999999999769e-01
7.206666666666666776e-01
7.213333333333333819e-01
7.213333333333333819e-01
7.226666666666666794e-01
7.233333333333333837e-01
7.206666666666666776e-01
7.226666666666666794e-01
7.233333333333333837e-01
7.226666666666666794e-01
7.233333333333333837e-01
7.199999999999999734e-01
7.213333333333333819e-01
7.226666666666666794e-01
7.239999999999999769e-01
7.213333333333333819e-01
7.213333333333333819e-01
7.213333333333333819e-01
7.219999999999999751e-01
7.193333333333333801e-01
7.213333333333333819e-01
7.226666666666666794e-01
7.233333333333333837e-01
7.233333333333333837e-01
7.199999999999999734e-01
7.199999999999999734e-01
7.219999999999999751e-01
7.199999999999999734e-01
7.206666666666666776e-01
7.193333333333333801e-01
7.239999999999999769e-01
7.193333333333333801e-01
7.239999999999999769e-01
7.219999999999999751e-01
7.213333333333333819e-01
7.213333333333333819e-01
7.219999999999999751e-01
7.206666666666666776e-01
7.199999999999999734e-01
7.219999999999999751e-01
7.239999999999999769e-01
7.233333333333333837e-01
7.239999999999999769e-01
7.226666666666666794e-01
7.226666666666666794e-01
7.213333333333333819e-01
7.219999999999999751e-01
7.239999999999999769e-01
7.206666666666666776e-01
7.226666666666666794e-01
7.239999999999999769e-01
7.239999999999999769e-01
7.213333333333333819e-01
7.226666666666666794e-01
7.226666666666666794e-01
7.219999999999999751e-01
7.239999999999999769e-01
7.226666666666666794e-01
7.219999999999999751e-01
7.193333333333333801e-01
7.206666666666666776e-01
7.239999999999999769e-01
7.226666666666666794e-01
7.219999999999999751e-01
7.219999999999999751e-01
7.226666666666666794e-01
7.226666666666666794e-01
7.213333333333333819e-01
7.246666666666666812e-01
7.233333333333333837e-01
7.206666666666666776e-01
7.193333333333333801e-01
7.213333333333333819e-01
7.213333333333333819e-01
7.213333333333333819e-01
7.226666666666666794e-01
7.226666666666666794e-01
7.233333333333333837e-01
7.239999999999999769e-01
7.206666666666666776e-01
7.199999999999999734e-01
7.213333333333333819e-01
7.186666666666666758e-01
7.226666666666666794e-01
7.226666666666666794e-01
7.213333333333333819e-01
7.226666666666666794e-01
7.186666666666666758e-01
7.219999999999999751e-01
7.219999999999999751e-01
7.219999999999999751e-01
7.193333333333333801e-01
7.206666666666666776e-01
7.199999999999999734e-01
7.219999999999999751e-01
7.219999999999999751e-01
7.199999999999999734e-01
7.226666666666666794e-01
7.206666666666666776e-01
7.199999999999999734e-01
7.199999999999999734e-01
7.226666666666666794e-01
7.206666666666666776e-01
7.213333333333333819e-01
7.186666666666666758e-01
7.213333333333333819e-01
7.226666666666666794e-01
7.233333333333333837e-01
7.213333333333333819e-01
7.206666666666666776e-01
7.219999999999999751e-01
7.213333333333333819e-01
7.193333333333333801e-01
7.219999999999999751e-01
7.213333333333333819e-01
7.213333333333333819e-01
7.213333333333333819e-01
7.239999999999999769e-01
7.213333333333333819e-01
7.193333333333333801e-01
7.206666666666666776e-01
7.206666666666666776e-01
7.179999999999999716e-01
7.226666666666666794e-01
7.226666666666666794e-01
7.179999999999999716e-01
7.219999999999999751e-01
7.199999999999999734e-01
7.213333333333333819e-01
7.213333333333333819e-01
7.213333333333333819e-01
7.253333333333333854e-01
7.226666666666666794e-01
7.226666666666666794e-01
7.206666666666666776e-01
7.219999999999999751e-01
7.239999999999999769e-01
7.213333333333333819e-01
7.206666666666666776e-01
7.219999999999999751e-01
7.213333333333333819e-01
7.179999999999999716e-01
7.239999999999999769e-01
7.199999999999999734e-01
7.186666666666666758e-01
7.186666666666666758e-01
7.219999999999999751e-01
7.179999999999999716e-01
7.179999999999999716e-01
7.199999999999999734e-01
7.206666666666666776e-01
7.233333333333333837e-01
7.219999999999999751e-01
7.213333333333333819e-01
7.206666666666666776e-01
7.213333333333333819e-01
7.213333333333333819e-01
7.246666666666666812e-01
7.239999999999999769e-01
7.206666666666666776e-01
7.199999999999999734e-01
7.199999999999999734e-01
7.226666666666666794e-01
7.213333333333333819e-01
7.239999999999999769e-01
7.226666666666666794e-01
7.179999999999999716e-01
7.179999999999999716e-01
7.179999999999999716e-01
7.253333333333333854e-01
7.213333333333333819e-01
7.193333333333333801e-01
7.206666666666666776e-01
7.199999999999999734e-01
7.199999999999999734e-01
7.206666666666666776e-01
7.173333333333333783e-01
7.186666666666666758e-01
7.199999999999999734e-01
7.213333333333333819e-01
7.199999999999999734e-01
7.193333333333333801e-01
7.186666666666666758e-01
7.199999999999999734e-01
7.206666666666666776e-01
7.233333333333333837e-01
7.199999999999999734e-01
7.186666666666666758e-01
7.206666666666666776e-01
7.206666666666666776e-01
7.173333333333333783e-01
7.219999999999999751e-01
7.226666666666666794e-01
7.193333333333333801e-01
7.193333333333333801e-01
7.199999999999999734e-01
7.173333333333333783e-01
7.166666666666666741e-01
7.179999999999999716e-01
7.173333333333333783e-01
7.206666666666666776e-01
7.206666666666666776e-01
7.186666666666666758e-01
7.179999999999999716e-01
7.193333333333333801e-01
7.199999999999999734e-01
7.199999999999999734e-01
7.186666666666666758e-01
7.219999999999999751e-01
7.226666666666666794e-01
7.233333333333333837e-01
7.173333333333333783e-01
7.173333333333333783e-01
7.193333333333333801e-01
7.233333333333333837e-01
7.219999999999999751e-01
7.206666666666666776e-01
7.206666666666666776e-01
7.179999999999999716e-01
7.186666666666666758e-01
7.193333333333333801e-01
7.193333333333333801e-01
7.193333333333333801e-01
7.233333333333333837e-01
7.199999999999999734e-01
7.206666666666666776e-01
7.213333333333333819e-01
7.193333333333333801e-01
7.233333333333333837e-01
7.213333333333333819e-01
7.226666666666666794e-01
7.206666666666666776e-01
7.219999999999999751e-01
7.193333333333333801e-01
7.213333333333333819e-01
7.199999999999999734e-01
7.239999999999999769e-01
7.219999999999999751e-01
7.213333333333333819e-01
7.173333333333333783e-01
7.213333333333333819e-01
7.226666666666666794e-01
7.206666666666666776e-01
7.173333333333333783e-01
7.213333333333333819e-01
7.199999999999999734e-01
7.213333333333333819e-01
7.186666666666666758e-01
7.199999999999999734e-01
7.186666666666666758e-01
7.213333333333333819e-01
7.246666666666666812e-01
7.199999999999999734e-01
7.213333333333333819e-01
7.199999999999999734e-01
7.186666666666666758e-01
7.193333333333333801e-01
7.179999999999999716e-01
7.199999999999999734e-01
7.179999999999999716e-01
7.193333333333333801e-01
7.186666666666666758e-01
7.199999999999999734e-01
7.159999999999999698e-01
7.206666666666666776e-01
7.219999999999999751e-01
7.199999999999999734e-01
7.193333333333333801e-01
7.179999999999999716e-01
7.199999999999999734e-01
7.213333333333333819e-01
7.173333333333333783e-01
7.186666666666666758e-01
7.219999999999999751e-01
7.199999999999999734e-01
7.199999999999999734e-01
7.199999999999999734e-01
7.233333333333333837e-01
7.193333333333333801e-01
7.199999999999999734e-01
7.186666666666666758e-01
7.219999999999999751e-01
7.186666666666666758e-01
7.193333333333333801e-01
7.166666666666666741e-01
7.199999999999999734e-01
7.206666666666666776e-01
7.213333333333333819e-01
7.186666666666666758e-01
7.173333333333333783e-01
7.173333333333333783e-01
7.199999999999999734e-01
7.173333333333333783e-01
7.179999999999999716e-01
7.199999999999999734e-01
7.226666666666666794e-01
7.219999999999999751e-01
7.179999999999999716e-01
7.186666666666666758e-01
7.213333333333333819e-01
7.193333333333333801e-01
7.213333333333333819e-01
7.186666666666666758e-01
7.179999999999999716e-01
7.186666666666666758e-01
7.206666666666666776e-01
7.166666666666666741e-01
7.193333333333333801e-01
7.179999999999999716e-01
7.173333333333333783e-01
7.193333333333333801e-01
7.166666666666666741e-01
7.193333333333333801e-01
7.199999999999999734e-01
7.199999999999999734e-01
7.186666666666666758e-01
7.159999999999999698e-01
7.159999999999999698e-01
7.166666666666666741e-01
7.213333333333333819e-01
