2.000000000000000111e-01
2.000000000000000111e-01
4.973333333333333495e-01
5.120000000000000107e-01
5.280000000000000249e-01
6.133333333333332860e-01
6.926666666666666528e-01
7.206666666666666776e-01
7.239999999999999769e-01
7.139999999999999680e-01
7.166666666666666741e-01
7.246666666666666812e-01
7.226666666666666794e-01
7.153333333333333766e-01
7.159999999999999698e-01
7.059999999999999609e-01
7.319999999999999840e-01
7.133333333333333748e-01
7.206666666666666776e-01
7.186666666666666758e-01
7.133333333333333748e-01
7.286666666666666847e-01
7.333333333333332815e-01
7.266666666666666829e-01
7.333333333333332815e-01
7.333333333333332815e-01
7.319999999999999840e-01
7.319999999999999840e-01
7.326666666666666883e-01
7.319999999999999840e-01
7.306666666666666865e-01
7.313333333333332797e-01
7.306666666666666865e-01
7.319999999999999840e-01
7.353333333333332833e-01
7.339999999999999858e-01
7.346666666666666901e-01
7.366666666666666918e-01
7.339999999999999858e-01
7.306666666666666865e-01
7.306666666666666865e-01
7.306666666666666865e-01
7.333333333333332815e-01
7.353333333333332833e-01
7.386666666666666936e-01
7.333333333333332815e-01
7.373333333333332851e-01
7.333333333333332815e-01
7.353333333333332833e-01
7.333333333333332815e-01
7.326666666666666883e-01
7.319999999999999840e-01
7.326666666666666883e-01
7.339999999999999858e-01
7.306666666666666865e-01
7.326666666666666883e-01
7.339999999999999858e-01
7.353333333333332833e-01
7.326666666666666883e-01
7.326666666666666883e-01
7.326666666666666883e-01
7.339999999999999858e-01
7.339999999999999858e-01
7.339999999999999858e-01
7.366666666666666918e-01
7.339999999999999858e-01
7.339999999999999858e-01
7.353333333333332833e-01
7.326666666666666883e-01
7.333333333333332815e-01
7.346666666666666901e-01
7.333333333333332815e-01
7.353333333333332833e-01
7.366666666666666918e-01
7.326666666666666883e-01
7.373333333333332851e-01
7.373333333333332851e-01
7.366666666666666918e-01
7.346666666666666901e-01
7.346666666666666901e-01
7.326666666666666883e-01
7.373333333333332851e-01
7.353333333333332833e-01
7.339999999999999858e-01
7.353333333333332833e-01
7.373333333333332851e-01
7.346666666666666901e-01
7.333333333333332815e-01
7.339999999999999858e-01
7.359999999999999876e-01
7.339999999999999858e-01
7.319999999999999840e-01
7.333333333333332815e-01
7.313333333333332797e-01
7.346666666666666901e-01
7.346666666666666901e-01
7.353333333333332833e-01
7.353333333333332833e-01
7.333333333333332815e-01
7.346666666666666901e-01
7.359999999999999876e-01
7.339999999999999858e-01
7.353333333333332833e-01
7.359999999999999876e-01
7.353333333333332833e-01
7.353333333333332833e-01
7.346666666666666901e-01
7.353333333333332833e-01
7.359999999999999876e-01
7.339999999999999858e-01
7.339999999999999858e-01
7.339999999999999858e-01
7.339999999999999858e-01
7.353333333333332833e-01
7.353333333333332833e-01
7.333333333333332815e-01
7.359999999999999876e-01
7.333333333333332815e-01
7.353333333333332833e-01
7.353333333333332833e-01
7.346666666666666901e-01
7.326666666666666883e-01
7.346666666666666901e-01
7.353333333333332833e-01
7.326666666666666883e-01
7.319999999999999840e-01
7.319999999999999840e-01
7.339999999999999858e-01
7.333333333333332815e-01
7.319999999999999840e-01
7.339999999999999858e-01
7.333333333333332815e-01
7.353333333333332833e-01
7.333333333333332815e-01
7.319999999999999840e-01
7.326666666666666883e-01
7.333333333333332815e-01
7.313333333333332797e-01
7.313333333333332797e-01
7.326666666666666883e-01
7.326666666666666883e-01
7.339999999999999858e-01
7.339999999999999858e-01
7.339999999999999858e-01
7.346666666666666901e-01
7.339999999999999858e-01
7.339999999999999858e-01
7.319999999999999840e-01
7.319999999999999840e-01
7.346666666666666901e-01
7.346666666666666901e-01
7.333333333333332815e-01
7.346666666666666901e-01
7.346666666666666901e-01
7.366666666666666918e-01
7.353333333333332833e-01
7.353333333333332833e-01
7.339999999999999858e-01
7.346666666666666901e-01
7.353333333333332833e-01
7.346666666666666901e-01
7.346666666666666901e-01
7.359999999999999876e-01
7.339999999999999858e-01
7.333333333333332815e-01
7.346666666666666901e-01
7.326666666666666883e-01
7.359999999999999876e-01
7.339999999999999858e-01
7.346666666666666901e-01
7.326666666666666883e-01
7.339999999999999858e-01
7.346666666666666901e-01
7.366666666666666918e-01
7.346666666666666901e-01
7.366666666666666918e-01
7.339999999999999858e-01
7.333333333333332815e-01
7.339999999999999858e-01
7.333333333333332815e-01
7.319999999999999840e-01
7.359999999999999876e-01
7.366666666666666918e-01
7.346666666666666901e-01
7.333333333333332815e-01
7.339999999999999858e-01
7.319999999999999840e-01
7.333333333333332815e-01
7.339999999999999858e-01
7.353333333333332833e-01
7.339999999999999858e-01
7.313333333333332797e-01
7.333333333333332815e-01
7.346666666666666901e-01
7.359999999999999876e-01
7.319999999999999840e-01
7.326666666666666883e-01
7.333333333333332815e-01
7.346666666666666901e-01
7.333333333333332815e-01
7.339999999999999858e-01
7.326666666666666883e-01
7.319999999999999840e-01
7.333333333333332815e-01
7.313333333333332797e-01
7.346666666666666901e-01
7.346666666666666901e-01
7.359999999999999876e-01
7.353333333333332833e-01
7.353333333333332833e-01
7.359999999999999876e-01
7.359999999999999876e-01
7.339999999999999858e-01
7.339999999999999858e-01
7.339999999999999858e-01
7.339999999999999858e-01
7.359999999999999876e-01
7.346666666666666901e-01
7.339999999999999858e-01
7.333333333333332815e-01
7.326666666666666883e-01
7.339999999999999858e-01
7.333333333333332815e-01
7.339999999999999858e-01
7.346666666666666901e-01
7.346666666666666901e-01
7.339999999999999858e-01
7.339999999999999858e-01
7.333333333333332815e-01
7.346666666666666901e-01
7.346666666666666901e-01
7.339999999999999858e-01
7.339999999999999858e-01
7.333333333333332815e-01
7.326666666666666883e-01
7.339999999999999858e-01
7.333333333333332815e-01
7.339999999999999858e-01
7.333333333333332815e-01
7.333333333333332815e-01
7.313333333333332797e-01
7.333333333333332815e-01
7.346666666666666901e-01
7.346666666666666901e-01
7.339999999999999858e-01
7.339999999999999858e-01
7.333333333333332815e-01
7.319999999999999840e-01
7.346666666666666901e-01
7.346666666666666901e-01
7.333333333333332815e-01
7.353333333333332833e-01
7.333333333333332815e-01
7.319999999999999840e-01
7.346666666666666901e-01
7.346666666666666901e-01
7.353333333333332833e-01
7.346666666666666901e-01
7.339999999999999858e-01
7.313333333333332797e-01
7.306666666666666865e-01
7.319999999999999840e-01
7.313333333333332797e-01
7.333333333333332815e-01
7.333333333333332815e-01
7.313333333333332797e-01
7.306666666666666865e-01
7.326666666666666883e-01
7.333333333333332815e-01
7.346666666666666901e-01
7.346666666666666901e-01
7.333333333333332815e-01
7.346666666666666901e-01
7.353333333333332833e-01
7.346666666666666901e-01
7.333333333333332815e-01
7.333333333333332815e-01
7.333333333333332815e-01
7.306666666666666865e-01
7.333333333333332815e-01
7.339999999999999858e-01
7.333333333333332815e-01
7.333333333333332815e-01
7.319999999999999840e-01
7.339999999999999858e-01
7.353333333333332833e-01
7.353333333333332833e-01
7.353333333333332833e-01
7.326666666666666883e-01
7.353333333333332833e-01
7.333333333333332815e-01
7.313333333333332797e-01
7.319999999999999840e-01
7.353333333333332833e-01
7.346666666666666901e-01
7.333333333333332815e-01
7.339999999999999858e-01
7.333333333333332815e-01
7.346666666666666901e-01
7.326666666666666883e-01
7.346666666666666901e-01
7.339999999999999858e-01
7.326666666666666883e-01
7.353333333333332833e-01
7.326666666666666883e-01
7.319999999999999840e-01
7.333333333333332815e-01
7.339999999999999858e-01
7.346666666666666901e-01
7.313333333333332797e-01
7.346666666666666901e-01
7.339999999999999858e-01
7.339999999999999858e-01
7.326666666666666883e-01
7.313333333333332797e-01
7.333333333333332815e-01
7.313333333333332797e-01
7.339999999999999858e-01
7.353333333333332833e-01
7.359999999999999876e-01
7.333333333333332815e-01
7.339999999999999858e-01
7.313333333333332797e-01
7.326666666666666883e-01
7.346666666666666901e-01
7.353333333333332833e-01
7.326666666666666883e-01
7.333333333333332815e-01
7.326666666666666883e-01
7.346666666666666901e-01
7.326666666666666883e-01
7.319999999999999840e-01
7.293333333333332780e-01
7.313333333333332797e-01
7.319999999999999840e-01
7.333333333333332815e-01
7.353333333333332833e-01
7.339999999999999858e-01
7.339999999999999858e-01
7.326666666666666883e-01
7.339999999999999858e-01
7.353333333333332833e-01
7.326666666666666883e-01
7.353333333333332833e-01
7.353333333333332833e-01
7.333333333333332815e-01
7.339999999999999858e-01
7.339999999999999858e-01
7.339999999999999858e-01
7.346666666666666901e-01
7.326666666666666883e-01
7.333333333333332815e-01
7.333333333333332815e-01
7.333333333333332815e-01
7.326666666666666883e-01
7.333333333333332815e-01
7.346666666666666901e-01
7.326666666666666883e-01
7.339999999999999858e-01
7.339999999999999858e-01
7.339999999999999858e-01
7.293333333333332780e-01
7.326666666666666883e-01
7.319999999999999840e-01
7.339999999999999858e-01
7.319999999999999840e-01
7.333333333333332815e-01
7.293333333333332780e-01
7.326666666666666883e-01
7.319999999999999840e-01
7.339999999999999858e-01
7.333333333333332815e-01
7.313333333333332797e-01
7.333333333333332815e-01
7.326666666666666883e-01
7.326666666666666883e-01
7.313333333333332797e-01
7.339999999999999858e-01
7.333333333333332815e-01
7.319999999999999840e-01
7.333333333333332815e-01
7.339999999999999858e-01
7.326666666666666883e-01
7.326666666666666883e-01
7.306666666666666865e-01
7.333333333333332815e-01
7.313333333333332797e-01
7.326666666666666883e-01
7.326666666666666883e-01
7.326666666666666883e-01
7.326666666666666883e-01
7.346666666666666901e-01
7.333333333333332815e-01
7.346666666666666901e-01
7.333333333333332815e-01
7.339999999999999858e-01
7.319999999999999840e-01
7.346666666666666901e-01
7.333333333333332815e-01
7.326666666666666883e-01
7.319999999999999840e-01
7.333333333333332815e-01
7.333333333333332815e-01
7.346666666666666901e-01
7.333333333333332815e-01
7.299999999999999822e-01
7.346666666666666901e-01
7.319999999999999840e-01
7.326666666666666883e-01
7.333333333333332815e-01
7.326666666666666883e-01
7.333333333333332815e-01
7.326666666666666883e-01
7.319999999999999840e-01
7.326666666666666883e-01
7.346666666666666901e-01
7.319999999999999840e-01
7.306666666666666865e-01
7.319999999999999840e-01
7.333333333333332815e-01
7.353333333333332833e-01
7.339999999999999858e-01
7.353333333333332833e-01
7.326666666666666883e-01
7.333333333333332815e-01
7.326666666666666883e-01
7.313333333333332797e-01
7.339999999999999858e-01
7.326666666666666883e-01
7.326666666666666883e-01
7.333333333333332815e-01
7.319999999999999840e-01
7.313333333333332797e-01
7.339999999999999858e-01
7.326666666666666883e-01
7.333333333333332815e-01
7.339999999999999858e-01
7.319999999999999840e-01
7.326666666666666883e-01
7.326666666666666883e-01
7.306666666666666865e-01
7.319999999999999840e-01
7.319999999999999840e-01
7.319999999999999840e-01
7.333333333333332815e-01
7.326666666666666883e-01
7.313333333333332797e-01
7.326666666666666883e-01
7.326666666666666883e-01
7.326666666666666883e-01
7.339999999999999858e-01
7.313333333333332797e-01
7.286666666666666847e-01
7.346666666666666901e-01
7.333333333333332815e-01
7.326666666666666883e-01
7.313333333333332797e-01
7.306666666666666865e-01
7.326666666666666883e-01
7.339999999999999858e-01
7.333333333333332815e-01
7.319999999999999840e-01
7.333333333333332815e-01
7.333333333333332815e-01
7.333333333333332815e-01
7.339999999999999858e-01
7.319999999999999840e-01
7.339999999999999858e-01
7.346666666666666901e-01
7.326666666666666883e-01
7.326666666666666883e-01
7.326666666666666883e-01
7.326666666666666883e-01
7.326666666666666883e-01
7.339999999999999858e-01
7.319999999999999840e-01
7.339999999999999858e-01
7.326666666666666883e-01
7.333333333333332815e-01
7.326666666666666883e-01
7.313333333333332797e-01
7.319999999999999840e-01
7.313333333333332797e-01
7.333333333333332815e-01
7.333333333333332815e-01
7.333333333333332815e-01
7.339999999999999858e-01
7.333333333333332815e-01
7.333333333333332815e-01
7.326666666666666883e-01
7.319999999999999840e-01
7.306666666666666865e-01
7.333333333333332815e-01
7.313333333333332797e-01
7.293333333333332780e-01
7.326666666666666883e-01
7.326666666666666883e-01
7.346666666666666901e-01
7.333333333333332815e-01
7.346666666666666901e-01
7.313333333333332797e-01
7.326666666666666883e-01
7.313333333333332797e-01
7.333333333333332815e-01
7.333333333333332815e-01
7.319999999999999840e-01
7.339999999999999858e-01
7.333333333333332815e-01
7.333333333333332815e-01
7.313333333333332797e-01
7.346666666666666901e-01
7.299999999999999822e-01
7.306666666666666865e-01
7.333333333333332815e-01
7.346666666666666901e-01
7.326666666666666883e-01
7.319999999999999840e-01
7.313333333333332797e-01
7.339999999999999858e-01
7.326666666666666883e-01
7.319999999999999840e-01
7.333333333333332815e-01
7.313333333333332797e-01
7.339999999999999858e-01
7.339999999999999858e-01
7.319999999999999840e-01
7.299999999999999822e-01
7.313333333333332797e-01
7.313333333333332797e-01
7.313333333333332797e-01
7.326666666666666883e-01
7.333333333333332815e-01
7.326666666666666883e-01
7.333333333333332815e-01
7.319999999999999840e-01
7.346666666666666901e-01
7.353333333333332833e-01
7.326666666666666883e-01
7.339999999999999858e-01
7.326666666666666883e-01
7.319999999999999840e-01
7.326666666666666883e-01
7.313333333333332797e-01
7.333333333333332815e-01
7.326666666666666883e-01
7.333333333333332815e-01
7.319999999999999840e-01
7.333333333333332815e-01
7.313333333333332797e-01
7.326666666666666883e-01
7.319999999999999840e-01
7.313333333333332797e-01
7.313333333333332797e-01
7.326666666666666883e-01
7.319999999999999840e-01
7.333333333333332815e-01
7.333333333333332815e-01
7.319999999999999840e-01
7.339999999999999858e-01
7.326666666666666883e-01
7.313333333333332797e-01
7.319999999999999840e-01
7.339999999999999858e-01
7.339999999999999858e-01
7.326666666666666883e-01
7.319999999999999840e-01
7.333333333333332815e-01
7.319999999999999840e-01
7.306666666666666865e-01
7.319999999999999840e-01
7.333333333333332815e-01
7.319999999999999840e-01
7.326666666666666883e-01
7.346666666666666901e-01
7.319999999999999840e-01
7.346666666666666901e-01
7.333333333333332815e-01
7.326666666666666883e-01
7.319999999999999840e-01
7.313333333333332797e-01
7.313333333333332797e-01
7.333333333333332815e-01
7.326666666666666883e-01
7.313333333333332797e-01
7.333333333333332815e-01
7.339999999999999858e-01
7.326666666666666883e-01
7.319999999999999840e-01
7.333333333333332815e-01
7.313333333333332797e-01
7.333333333333332815e-01
7.313333333333332797e-01
7.313333333333332797e-01
7.313333333333332797e-01
7.333333333333332815e-01
7.319999999999999840e-01
7.313333333333332797e-01
7.333333333333332815e-01
7.333333333333332815e-01
7.313333333333332797e-01
7.333333333333332815e-01
7.313333333333332797e-01
7.319999999999999840e-01
7.326666666666666883e-01
7.306666666666666865e-01
7.326666666666666883e-01
7.313333333333332797e-01
7.319999999999999840e-01
7.333333333333332815e-01
7.326666666666666883e-01
7.313333333333332797e-01
7.299999999999999822e-01
7.313333333333332797e-01
7.319999999999999840e-01
7.306666666666666865e-01
7.319999999999999840e-01
7.333333333333332815e-01
7.326666666666666883e-01
7.313333333333332797e-01
7.333333333333332815e-01
7.313333333333332797e-01
7.333333333333332815e-01
7.313333333333332797e-01
7.326666666666666883e-01
7.313333333333332797e-01
7.313333333333332797e-01
7.319999999999999840e-01
7.326666666666666883e-01
7.313333333333332797e-01
7.339999999999999858e-01
7.333333333333332815e-01
7.326666666666666883e-01
7.319999999999999840e-01
7.299999999999999822e-01
7.319999999999999840e-01
7.313333333333332797e-01
7.319999999999999840e-01
7.333333333333332815e-01
7.306666666666666865e-01
7.313333333333332797e-01
7.326666666666666883e-01
7.313333333333332797e-01
7.306666666666666865e-01
7.313333333333332797e-01
7.313333333333332797e-01
7.319999999999999840e-01
7.333333333333332815e-01
7.306666666666666865e-01
7.313333333333332797e-01
7.313333333333332797e-01
7.293333333333332780e-01
7.293333333333332780e-01
7.313333333333332797e-01
7.313333333333332797e-01
7.299999999999999822e-01
7.326666666666666883e-01
7.326666666666666883e-01
7.299999999999999822e-01
7.333333333333332815e-01
7.333333333333332815e-01
7.326666666666666883e-01
7.339999999999999858e-01
7.326666666666666883e-01
7.306666666666666865e-01
7.306666666666666865e-01
7.326666666666666883e-01
7.306666666666666865e-01
7.333333333333332815e-01
7.326666666666666883e-01
7.306666666666666865e-01
7.293333333333332780e-01
7.319999999999999840e-01
7.293333333333332780e-01
7.313333333333332797e-01
7.313333333333332797e-01
7.313333333333332797e-01
7.299999999999999822e-01
7.313333333333332797e-01
7.313333333333332797e-01
7.293333333333332780e-01
7.286666666666666847e-01
7.293333333333332780e-01
7.306666666666666865e-01
7.299999999999999822e-01
7.299999999999999822e-01
7.306666666666666865e-01
7.306666666666666865e-01
7.313333333333332797e-01
7.306666666666666865e-01
7.299999999999999822e-01
7.333333333333332815e-01
7.319999999999999840e-01
7.313333333333332797e-01
7.313333333333332797e-01
7.293333333333332780e-01
7.306666666666666865e-01
7.313333333333332797e-01
7.326666666666666883e-01
7.286666666666666847e-01
7.306666666666666865e-01
7.279999999999999805e-01
7.306666666666666865e-01
7.306666666666666865e-01
7.286666666666666847e-01
7.299999999999999822e-01
7.319999999999999840e-01
7.299999999999999822e-01
7.293333333333332780e-01
7.313333333333332797e-01
7.286666666666666847e-01
7.293333333333332780e-01
7.299999999999999822e-01
7.313333333333332797e-01
7.299999999999999822e-01
7.293333333333332780e-01
7.306666666666666865e-01
7.286666666666666847e-01
7.286666666666666847e-01
7.293333333333332780e-01
7.299999999999999822e-01
7.299999999999999822e-01
7.306666666666666865e-01
7.293333333333332780e-01
7.306666666666666865e-01
7.306666666666666865e-01
7.293333333333332780e-01
7.293333333333332780e-01
7.306666666666666865e-01
7.299999999999999822e-01
7.286666666666666847e-01
7.286666666666666847e-01
7.306666666666666865e-01
7.286666666666666847e-01
7.286666666666666847e-01
7.286666666666666847e-01
7.326666666666666883e-01
7.313333333333332797e-01
7.319999999999999840e-01
7.326666666666666883e-01
7.293333333333332780e-01
7.306666666666666865e-01
7.299999999999999822e-01
7.293333333333332780e-01
7.299999999999999822e-01
7.313333333333332797e-01
7.293333333333332780e-01
7.326666666666666883e-01
7.313333333333332797e-01
7.306666666666666865e-01
7.299999999999999822e-01
7.306666666666666865e-01
7.313333333333332797e-01
7.286666666666666847e-01
7.319999999999999840e-01
7.306666666666666865e-01
7.299999999999999822e-01
7.313333333333332797e-01
7.306666666666666865e-01
7.326666666666666883e-01
7.319999999999999840e-01
7.286666666666666847e-01
7.299999999999999822e-01
7.313333333333332797e-01
7.259999999999999787e-01
7.299999999999999822e-01
7.293333333333332780e-01
7.306666666666666865e-01
7.306666666666666865e-01
7.286666666666666847e-01
7.293333333333332780e-01
7.313333333333332797e-01
7.279999999999999805e-01
7.273333333333333872e-01
7.293333333333332780e-01
7.293333333333332780e-01
7.286666666666666847e-01
7.299999999999999822e-01
7.306666666666666865e-01
7.319999999999999840e-01
7.306666666666666865e-01
7.279999999999999805e-01
7.286666666666666847e-01
7.286666666666666847e-01
7.286666666666666847e-01
7.299999999999999822e-01
7.286666666666666847e-01
7.273333333333333872e-01
7.286666666666666847e-01
7.293333333333332780e-01
7.293333333333332780e-01
7.273333333333333872e-01
7.293333333333332780e-01
7.273333333333333872e-01
7.286666666666666847e-01
7.306666666666666865e-01
7.286666666666666847e-01
7.286666666666666847e-01
7.299999999999999822e-01
7.313333333333332797e-01
7.273333333333333872e-01
7.279999999999999805e-01
7.279999999999999805e-01
7.286666666666666847e-01
7.273333333333333872e-01
7.299999999999999822e-01
7.293333333333332780e-01
7.279999999999999805e-01
7.306666666666666865e-01
7.273333333333333872e-01
7.306666666666666865e-01
7.299999999999999822e-01
7.319999999999999840e-01
7.306666666666666865e-01
7.306666666666666865e-01
7.306666666666666865e-01
7.306666666666666865e-01
7.299999999999999822e-01
7.299999999999999822e-01
7.313333333333332797e-01
7.306666666666666865e-01
7.326666666666666883e-01
7.299999999999999822e-01
7.299999999999999822e-01
7.293333333333332780e-01
7.293333333333332780e-01
7.286666666666666847e-01
7.273333333333333872e-01
7.279999999999999805e-01
7.279999999999999805e-01
7.273333333333333872e-01
7.293333333333332780e-01
7.306666666666666865e-01
7.306666666666666865e-01
7.306666666666666865e-01
7.286666666666666847e-01
7.299999999999999822e-01
7.286666666666666847e-01
7.299999999999999822e-01
7.299999999999999822e-01
7.279999999999999805e-01
7.266666666666666829e-01
7.299999999999999822e-01
7.306666666666666865e-01
7.293333333333332780e-01
7.286666666666666847e-01
7.306666666666666865e-01
7.279999999999999805e-01
7.273333333333333872e-01
7.273333333333333872e-01
7.279999999999999805e-01
7.313333333333332797e-01
7.293333333333332780e-01
7.286666666666666847e-01
7.299999999999999822e-01
7.293333333333332780e-01
7.299999999999999822e-01
7.286666666666666847e-01
7.279999999999999805e-01
7.293333333333332780e-01
7.293333333333332780e-01
7.313333333333332797e-01
7.293333333333332780e-01
7.286666666666666847e-01
7.293333333333332780e-01
7.279999999999999805e-01
7.306666666666666865e-01
7.293333333333332780e-01
7.266666666666666829e-01
7.299999999999999822e-01
7.306666666666666865e-01
7.306666666666666865e-01
7.326666666666666883e-01
7.299999999999999822e-01
7.279999999999999805e-01
7.279999999999999805e-01
7.279999999999999805e-01
7.279999999999999805e-01
7.279999999999999805e-01
7.273333333333333872e-01
7.273333333333333872e-01
7.286666666666666847e-01
7.286666666666666847e-01
7.299999999999999822e-01
7.273333333333333872e-01
7.273333333333333872e-01
7.286666666666666847e-01
7.293333333333332780e-01
7.286666666666666847e-01
7.273333333333333872e-01
7.286666666666666847e-01
7.293333333333332780e-01
7.313333333333332797e-01
7.293333333333332780e-01
7.273333333333333872e-01
7.279999999999999805e-01
7.299999999999999822e-01
7.299999999999999822e-01
7.279999999999999805e-01
7.286666666666666847e-01
7.279999999999999805e-01
7.293333333333332780e-01
7.286666666666666847e-01
7.273333333333333872e-01
7.299999999999999822e-01
7.293333333333332780e-01
7.286666666666666847e-01
7.286666666666666847e-01
7.286666666666666847e-01
7.273333333333333872e-01
7.299999999999999822e-01
7.273333333333333872e-01
7.306666666666666865e-01
7.286666666666666847e-01
7.279999999999999805e-01
7.299999999999999822e-01
7.293333333333332780e-01
7.259999999999999787e-01
7.299999999999999822e-01
7.306666666666666865e-01
7.293333333333332780e-01
7.279999999999999805e-01
7.286666666666666847e-01
7.273333333333333872e-01
7.286666666666666847e-01
7.293333333333332780e-01
7.306666666666666865e-01
7.293333333333332780e-01
7.299999999999999822e-01
7.279999999999999805e-01
7.273333333333333872e-01
7.279999999999999805e-01
7.286666666666666847e-01
7.306666666666666865e-01
7.286666666666666847e-01
7.286666666666666847e-01
7.293333333333332780e-01
7.279999999999999805e-01
7.273333333333333872e-01
7.273333333333333872e-01
7.273333333333333872e-01
7.253333333333333854e-01
7.266666666666666829e-01
7.253333333333333854e-01
7.273333333333333872e-01
7.273333333333333872e-01
7.293333333333332780e-01
7.293333333333332780e-01
7.299999999999999822e-01
7.279999999999999805e-01
7.273333333333333872e-01
7.279999999999999805e-01
7.259999999999999787e-01
7.273333333333333872e-01
7.286666666666666847e-01
7.299999999999999822e-01
7.279999999999999805e-01
7.259999999999999787e-01
7.273333333333333872e-01
7.293333333333332780e-01
7.299999999999999822e-01
7.279999999999999805e-01
7.279999999999999805e-01
7.293333333333332780e-01
7.279999999999999805e-01
7.279999999999999805e-01
7.279999999999999805e-01
7.279999999999999805e-01
7.279999999999999805e-01
7.306666666666666865e-01
7.293333333333332780e-01
7.253333333333333854e-01
7.266666666666666829e-01
7.259999999999999787e-01
7.293333333333332780e-01
7.286666666666666847e-01
7.279999999999999805e-01
7.286666666666666847e-01
7.306666666666666865e-01
7.279999999999999805e-01
7.293333333333332780e-01
7.299999999999999822e-01
7.326666666666666883e-01
7.319999999999999840e-01
7.299999999999999822e-01
7.313333333333332797e-01
7.299999999999999822e-01
7.279999999999999805e-01
7.259999999999999787e-01
7.279999999999999805e-01
7.299999999999999822e-01
7.293333333333332780e-01
7.306666666666666865e-01
7.306666666666666865e-01
7.299999999999999822e-01
7.279999999999999805e-01
7.273333333333333872e-01
7.279999999999999805e-01
7.293333333333332780e-01
7.259999999999999787e-01
7.273333333333333872e-01
7.279999999999999805e-01
