5.836000000000000076e-01
7.416000000000000369e-01
8.054000000000000048e-01
8.494000000000000439e-01
9.068000000000000504e-01
9.362000000000000322e-01
9.524000000000000243e-01
9.756000000000000227e-01
9.794000000000000483e-01
9.849999999999999867e-01
9.931999999999999718e-01
9.959999999999999964e-01
9.993999999999999551e-01
9.989999999999999991e-01
9.989999999999999991e-01
9.989999999999999991e-01
9.988000000000000211e-01
9.991999999999999771e-01
9.978000000000000203e-01
9.971999999999999753e-01
9.979999999999999982e-01
9.996000000000000441e-01
9.991999999999999771e-01
9.961999999999999744e-01
9.953999999999999515e-01
9.938000000000000167e-01
9.913999999999999480e-01
9.866000000000000325e-01
9.916000000000000369e-01
9.911999999999999700e-01
9.916000000000000369e-01
9.921999999999999709e-01
9.938000000000000167e-01
9.923999999999999488e-01
9.939999999999999947e-01
9.958000000000000185e-01
9.963999999999999524e-01
9.969999999999999973e-01
9.991999999999999771e-01
9.996000000000000441e-01
9.998000000000000220e-01
1.000000000000000000e+00
1.000000000000000000e+00
9.998000000000000220e-01
9.998000000000000220e-01
9.998000000000000220e-01
1.000000000000000000e+00
1.000000000000000000e+00
1.000000000000000000e+00
1.000000000000000000e+00
1.000000000000000000e+00
1.000000000000000000e+00
1.000000000000000000e+00
1.000000000000000000e+00
1.000000000000000000e+00
1.000000000000000000e+00
1.000000000000000000e+00
1.000000000000000000e+00
1.000000000000000000e+00
1.000000000000000000e+00
1.000000000000000000e+00
1.000000000000000000e+00
1.000000000000000000e+00
1.000000000000000000e+00
1.000000000000000000e+00
1.000000000000000000e+00
1.000000000000000000e+00
1.000000000000000000e+00
1.000000000000000000e+00
1.000000000000000000e+00
1.000000000000000000e+00
1.000000000000000000e+00
1.000000000000000000e+00
1.000000000000000000e+00
1.000000000000000000e+00
1.000000000000000000e+00
1.000000000000000000e+00
1.000000000000000000e+00
1.000000000000000000e+00
1.000000000000000000e+00
1.000000000000000000e+00
1.000000000000000000e+00
1.000000000000000000e+00
1.000000000000000000e+00
1.000000000000000000e+00
1.000000000000000000e+00
1.000000000000000000e+00
1.000000000000000000e+00
1.000000000000000000e+00
1.000000000000000000e+00
1.000000000000000000e+00
1.000000000000000000e+00
1.000000000000000000e+00
1.000000000000000000e+00
1.000000000000000000e+00
1.000000000000000000e+00
1.000000000000000000e+00
1.000000000000000000e+00
1.000000000000000000e+00
1.000000000000000000e+00
1.000000000000000000e+00
