6.822207629680633323e-01
4.815328896045684703e-01
3.955183237791061179e-01
3.340634852647781372e-01
2.630624204874038585e-01
2.011899471282959095e-01
1.623237937688827570e-01
1.199460797011852320e-01
8.671713918447494784e-02
5.860643088817596436e-02
3.847144227474928041e-02
2.849823981523513794e-02
2.222856879234313965e-02
1.734609827399253776e-02
1.371350213885307381e-02
1.028113136999309063e-02
7.366466475650668491e-03
6.072932924143970186e-03
4.115701885893940926e-03
2.728277107235044067e-03
1.831874600611627102e-03
1.450926600955426650e-03
1.221426634583622261e-03
9.881310339551418152e-04
8.040841261390596411e-04
7.076257548760622957e-04
6.372144911438226483e-04
5.943975760601460717e-04
5.570624722167849758e-04
5.487746442668139718e-04
5.893907364225015044e-04
4.610403120750561357e-04
4.642493702704087008e-04
4.463757155463099697e-04
4.042262095026672103e-04
4.391862486954778324e-04
3.596040187403559685e-04
3.842513164272531650e-04
3.450342133874073841e-04
3.066479839617386460e-04
3.102753355051390718e-04
2.976297269924544015e-04
2.848688774975016605e-04
2.630543676787056029e-04
2.570639815530739833e-04
2.705128470552153994e-04
2.552742458647117236e-04
2.413000358501449119e-04
2.329693583305925185e-04
2.263483242131769711e-04
2.618508136947639070e-04
2.269059084937907864e-04
1.951061887666582953e-04
2.056015917332843054e-04
1.923297153552994186e-04
1.801159567548893501e-04
1.906861958559602445e-04
1.865152851678431143e-04
1.624556971364654601e-04
1.778435718733817231e-04
1.638131667277775651e-04
1.631186984013765996e-04
1.496343567850999426e-04
1.466020636144094115e-04
1.447608199669048299e-04
1.401724191964604069e-04
1.330820632574614137e-04
1.298129878705367392e-04
1.469904847908764969e-04
1.250793371582403725e-04
1.354625375824980329e-04
1.173817960079759305e-04
1.133656696765683591e-04
1.248785127245355506e-04
1.113546342821791795e-04
9.953429325832985070e-05
1.097372332878876477e-04
1.195684322738088613e-04
1.205637570819817456e-04
1.057924942870158648e-04
1.107261065044440275e-04
1.058200403349474045e-04
9.024447936099023169e-05
1.011589280096813982e-04
8.762823053984903341e-05
9.173483776976354149e-05
9.149890174739994651e-05
8.407967543462291089e-05
8.299539476865902001e-05
8.432063405052758211e-05
8.130713249556719715e-05
8.445161947747691924e-05
7.795772762619890273e-05
8.634909900138155168e-05
7.179588865255937522e-05
7.437002968799789047e-05
8.147676417138426954e-05
7.186527072917669740e-05
6.925709894858300144e-05
7.224952205433509702e-05
7.639272844244260612e-05
