7.094673395156860796e-01
5.157925903797149214e-01
4.402614712715148815e-01
3.711497813463210949e-01
3.000411599874496238e-01
2.306221261620521601e-01
1.819759726524353138e-01
1.334951534867286627e-01
9.303222820162773687e-02
6.307013407349586209e-02
4.026569053530693054e-02
2.774094175547361235e-02
1.906225718557834695e-02
1.227816948667168583e-02
1.071378467604517867e-02
6.198756024241447102e-03
4.215907142497599298e-03
2.663581119850278074e-03
1.989499758929014293e-03
1.568334735929966060e-03
1.235333341173827605e-03
1.197298540500924035e-03
1.098131947219371752e-03
9.191024932079016945e-04
8.275578031316400008e-04
7.627552549820393324e-04
6.970618851482868195e-04
6.523443560581653877e-04
6.111331400461495139e-04
5.956460838206112818e-04
6.540424685226753788e-04
5.182008986594155648e-04
5.102404888020828149e-04
4.720204189652576934e-04
4.253260791301727512e-04
4.557854816084727753e-04
3.814179886830970862e-04
4.046042711706832160e-04
3.681842877995223024e-04
3.326311067212373235e-04
3.349687089212238572e-04
3.240264166379347552e-04
2.984493970870971463e-04
2.944186213426292159e-04
2.903983113355934620e-04
2.984112943522632122e-04
2.671041933353990100e-04
2.531014222768135477e-04
2.516858803573995829e-04
2.503006049664691307e-04
2.671288122655823718e-04
2.405966049991548170e-04
2.112675894750282060e-04
2.127236672095023041e-04
2.051522111287340468e-04
1.973757476662285572e-04
2.047047557425685118e-04
1.895704728667624186e-04
1.713027566438540925e-04
1.903060678159818107e-04
1.769293739926069975e-04
1.770032409694977050e-04
1.665379168116487563e-04
1.600884468643926192e-04
1.531385496491566300e-04
1.475502671382855678e-04
1.434331221389584189e-04
1.432594835932832211e-04
1.476118268328718841e-04
1.333834312390536016e-04
1.457098274840973263e-04
1.243645339854992818e-04
1.199772894324269119e-04
1.307825601543299800e-04
1.224512518092524152e-04
1.013642664474900758e-04
1.150991054601035985e-04
1.230015725013799857e-04
1.224735511641483700e-04
1.089292018150445074e-04
1.128658062953036333e-04
1.071602368028834516e-04
9.387526151840574497e-05
1.053066232998389724e-04
9.036365445354021815e-05
9.498087238171137327e-05
9.279161604354157773e-05
8.838410722091793472e-05
8.797593036433682388e-05
8.743527723709121346e-05
8.366891051991842687e-05
8.315358136314898187e-05
8.216884525609202412e-05
8.699633617652580413e-05
7.652093991055153581e-05
8.030932076508179307e-05
8.274467109004035592e-05
7.793426702846772698e-05
7.324755570152774724e-05
7.322117162402718717e-05
7.893112779129296270e-05
