2.000000000000000111e-01
2.000000000000000111e-01
2.000000000000000111e-01
2.013333333333333364e-01
2.740000000000000213e-01
4.373333333333333517e-01
5.446666666666666323e-01
5.353333333333333277e-01
6.680000000000000382e-01
6.666666666666666297e-01
6.580000000000000293e-01
6.813333333333333464e-01
7.073333333333333695e-01
7.026666666666666616e-01
6.646666666666666279e-01
6.999999999999999556e-01
6.939999999999999503e-01
7.179999999999999716e-01
6.973333333333333606e-01
7.026666666666666616e-01
6.753333333333333410e-01
7.033333333333333659e-01
6.886666666666666492e-01
6.786666666666666403e-01
6.733333333333333393e-01
6.953333333333333588e-01
6.219999999999999973e-01
6.353333333333333055e-01
6.660000000000000364e-01
6.813333333333333464e-01
6.879999999999999449e-01
6.933333333333333570e-01
6.713333333333333375e-01
6.800000000000000488e-01
6.500000000000000222e-01
7.119999999999999662e-01
7.086666666666666670e-01
6.946666666666666545e-01
7.046666666666666634e-01
7.166666666666666741e-01
7.033333333333333659e-01
6.999999999999999556e-01
7.259999999999999787e-01
6.879999999999999449e-01
7.166666666666666741e-01
7.059999999999999609e-01
7.053333333333333677e-01
7.093333333333333712e-01
7.093333333333333712e-01
7.066666666666666652e-01
7.053333333333333677e-01
7.079999999999999627e-01
7.059999999999999609e-01
7.079999999999999627e-01
7.086666666666666670e-01
7.086666666666666670e-01
7.079999999999999627e-01
7.079999999999999627e-01
7.053333333333333677e-01
7.059999999999999609e-01
7.079999999999999627e-01
7.093333333333333712e-01
7.079999999999999627e-01
7.126666666666666705e-01
7.099999999999999645e-01
7.073333333333333695e-01
7.099999999999999645e-01
7.106666666666666687e-01
7.073333333333333695e-01
7.099999999999999645e-01
7.079999999999999627e-01
7.106666666666666687e-01
7.073333333333333695e-01
7.079999999999999627e-01
7.079999999999999627e-01
7.086666666666666670e-01
7.086666666666666670e-01
7.086666666666666670e-01
7.099999999999999645e-01
7.073333333333333695e-01
7.113333333333333730e-01
7.079999999999999627e-01
7.086666666666666670e-01
7.066666666666666652e-01
7.073333333333333695e-01
7.079999999999999627e-01
7.093333333333333712e-01
7.073333333333333695e-01
7.106666666666666687e-01
7.133333333333333748e-01
7.106666666666666687e-01
7.106666666666666687e-01
7.099999999999999645e-01
7.086666666666666670e-01
7.073333333333333695e-01
7.106666666666666687e-01
7.113333333333333730e-01
7.099999999999999645e-01
7.139999999999999680e-01
7.099999999999999645e-01
7.079999999999999627e-01
