3.938534930348396301e-01
3.782390318810939789e-01
3.637212254106998444e-01
3.493692055344581604e-01
3.350912481546401978e-01
3.217213340103626251e-01
3.092595152556896210e-01
2.972690388560295105e-01
2.854639142751693726e-01
2.746908180415630341e-01
2.648700810968875885e-01
2.559961974620819092e-01
2.461327854543924332e-01
2.382297851145267487e-01
2.319930009543895721e-01
2.251167949289083481e-01
2.184408884495496750e-01
2.102120984345674515e-01
2.050044760107994080e-01
2.002648357301950455e-01
1.931336931884288788e-01
1.902445442974567413e-01
1.833187509328126907e-01
1.809402219951152802e-01
1.774140428751707077e-01
1.710167136043310165e-01
1.668245308101177216e-01
1.652771532535552979e-01
1.623770948499441147e-01
1.672839317470788956e-01
1.652727872133255005e-01
1.531591136008501053e-01
1.469867806881666183e-01
1.450958065688610077e-01
1.429042331874370575e-01
1.494032908231019974e-01
1.453795991837978363e-01
1.427995134145021439e-01
1.379713732749223709e-01
1.341205183416604996e-01
1.356751993298530579e-01
1.324911117553710938e-01
1.289409175515174866e-01
1.194061040878295898e-01
1.167357806116342545e-01
1.157462121918797493e-01
1.142871109768748283e-01
1.101280031725764275e-01
1.120752273127436638e-01
1.116282176226377487e-01
1.090192683041095734e-01
1.013048104941844940e-01
1.078912857919931412e-01
1.048014918342232704e-01
9.965512342751026154e-02
9.679776243865489960e-02
1.023374795913696289e-01
9.352751728147268295e-02
9.296423196792602539e-02
9.115817584097385406e-02
8.506076131016016006e-02
9.288844279944896698e-02
9.051160980015993118e-02
8.630336076021194458e-02
8.786500338464975357e-02
9.098882414400577545e-02
8.765149861574172974e-02
8.836678043007850647e-02
9.434080310165882111e-02
9.228890296071767807e-02
8.520205132663249969e-02
7.929096184670925140e-02
7.793575897812843323e-02
7.064790930598974228e-02
7.511819805949926376e-02
7.326417043805122375e-02
7.881787419319152832e-02
7.216557580977678299e-02
6.931323092430830002e-02
6.597414053976535797e-02
6.330745760351419449e-02
6.468322826549410820e-02
6.860545929521322250e-02
7.743711024522781372e-02
7.085416652262210846e-02
7.484515849500894547e-02
6.961402762681245804e-02
6.529335305094718933e-02
5.789062567055225372e-02
6.159136304631829262e-02
5.519569013267755508e-02
5.202772840857505798e-02
6.007901579141616821e-02
5.285409698262810707e-02
5.239965720102190971e-02
5.221376754343509674e-02
6.208521034568548203e-02
5.836826050654053688e-02
4.967671399936079979e-02
5.122523335739970207e-02
5.210226681083440781e-02
5.055577959865331650e-02
4.900880949571728706e-02
4.871629551053047180e-02
4.839033400639891624e-02
4.612383944913744926e-02
4.367512185126543045e-02
4.608634300529956818e-02
4.482118645682930946e-02
4.581505199894309044e-02
4.942618124186992645e-02
4.853739263489842415e-02
5.083557497709989548e-02
5.216381931677460670e-02
4.879160691052675247e-02
4.503261949867010117e-02
4.772210260853171349e-02
4.301494453102350235e-02
3.906930424273014069e-02
4.970145830884575844e-02
4.698618315160274506e-02
4.132059961557388306e-02
4.462567623704671860e-02
3.953892737627029419e-02
3.605069965124130249e-02
4.149288823828101158e-02
3.785233059898018837e-02
3.509939578361809254e-02
3.454671008512377739e-02
3.871953859925270081e-02
3.775900183245539665e-02
3.998044831678271294e-02
3.614594764076173306e-02
3.702132334001362324e-02
3.210257831960916519e-02
3.638803353533148766e-02
4.102109698578715324e-02
3.715940541587769985e-02
4.037099191918969154e-02
4.066381254233419895e-02
3.507671062834560871e-02
3.868796629831194878e-02
3.431065799668431282e-02
3.332835203036665916e-02
3.186830435879528522e-02
2.901158737950026989e-02
2.764966501854360104e-02
3.092409763485193253e-02
3.221428138203918934e-02
3.628617059439420700e-02
2.810627361759543419e-02
3.030488919466733932e-02
4.031479102559387684e-02
2.605272131040692329e-02
2.909368975088000298e-02
2.936587203294038773e-02
2.734360494650900364e-02
2.782323164865374565e-02
2.377241943031549454e-02
2.457840950228273869e-02
2.885591168887913227e-02
2.721625287085771561e-02
2.862878795713186264e-02
2.489420468918979168e-02
2.415751921944320202e-02
2.252073120325803757e-02
2.455525263212621212e-02
2.613400039263069630e-02
3.401047177612781525e-02
3.188724792562425137e-02
3.099907794967293739e-02
2.745624398812651634e-02
2.216936275362968445e-02
2.492755348794162273e-02
2.244782005436718464e-02
2.027046680450439453e-02
1.778697769623249769e-02
2.732539991848170757e-02
2.804323635064065456e-02
2.608901914209127426e-02
3.445741091854870319e-02
3.952542133629322052e-02
3.313189256004989147e-02
2.425509109161794186e-02
2.540317992679774761e-02
2.144177979789674282e-02
2.696195337921380997e-02
2.650513267144560814e-02
2.294508134946227074e-02
1.787104108370840549e-02
1.625560375396162271e-02
1.684122823644429445e-02
1.874869770836085081e-02
2.336138929240405560e-02
2.383951982483267784e-02
2.085460594389587641e-02
2.512898459099233150e-02
1.971576409414410591e-02
2.415295108221471310e-02
2.138385584112256765e-02
1.996023079846054316e-02
1.584809366613626480e-02
1.695551059674471617e-02
1.619914814364165068e-02
1.570390793494880199e-02
1.773765042889863253e-02
2.543187828268855810e-02
1.854992483276873827e-02
1.964689907617866993e-02
1.586128724738955498e-02
1.486161595676094294e-02
1.270280976314097643e-02
1.450807892251759768e-02
1.419452310074120760e-02
1.515651680529117584e-02
1.348923821933567524e-02
1.240128744393587112e-02
1.579252642113715410e-02
1.625695906113833189e-02
3.121660975739359856e-02
3.124167001806199551e-02
2.763535664416849613e-02
1.874926674645394087e-02
1.556948514189571142e-02
1.764946233015507460e-02
1.482681022025644779e-02
1.573707535862922668e-02
1.384488446637988091e-02
1.520841126330196857e-02
1.980713056400418282e-02
1.474544731900095940e-02
2.453121973667293787e-02
2.233415644150227308e-02
2.604983560740947723e-02
2.064055833034217358e-02
1.779632596299052238e-02
1.615016232244670391e-02
1.409396692179143429e-02
1.157128973864018917e-02
1.762043964117765427e-02
1.666017924435436726e-02
1.965675677638500929e-02
1.500506815500557423e-02
1.602439361158758402e-02
1.587077544536441565e-02
1.805152767337858677e-02
1.949404773768037558e-02
1.461162534542381763e-02
1.613132457714527845e-02
1.140862994361668825e-02
1.244153012521564960e-02
1.177509070839732885e-02
1.128252141643315554e-02
1.331708824727684259e-02
1.438278576824814081e-02
1.440593512961640954e-02
1.119252678472548723e-02
1.423185772728174925e-02
1.634973229374736547e-02
1.497795165050774813e-02
1.261347997933626175e-02
1.567360677290707827e-02
1.345471560489386320e-02
1.259597542230039835e-02
1.196621666895225644e-02
1.940233295317739248e-02
1.458987168734893203e-02
1.729949424043297768e-02
1.666989608202129602e-02
1.462746539618819952e-02
1.644009072333574295e-02
1.683619723189622164e-02
1.614513352978974581e-02
2.019471151288598776e-02
1.545405224896967411e-02
1.790299243293702602e-02
1.589175511617213488e-02
1.478417124599218369e-02
1.125860272441059351e-02
1.227249763906002045e-02
1.632347935810685158e-02
1.344480342231690884e-02
1.435219950508326292e-02
1.312734722159802914e-02
1.137787627521902323e-02
1.275881787296384573e-02
1.142155408160760999e-02
8.746127714402973652e-03
9.110866521950811148e-03
9.952309483196586370e-03
1.113500568317249417e-02
1.034654077375307679e-02
9.258740465156733990e-03
9.078799921553581953e-03
1.289461599662899971e-02
1.321916718734428287e-02
1.176325534470379353e-02
1.695418986491858959e-02
1.764865370932966471e-02
1.521811180282384157e-02
1.375818811357021332e-02
1.180604810360819101e-02
1.163565943716093898e-02
9.362703771330416203e-03
8.309846627525985241e-03
1.317984348861500621e-02
1.007193315308541059e-02
9.318693017121404409e-03
1.512159977573901415e-02
1.283481135033071041e-02
7.922373246401548386e-03
1.100348925683647394e-02
1.262518943985924125e-02
1.451152469962835312e-02
1.106554572470486164e-02
1.328342535998672247e-02
1.109333295607939363e-02
9.770157514140009880e-03
1.230469532310962677e-02
1.171625166898593307e-02
7.804349239449948072e-03
1.174063107464462519e-02
1.061027479590848088e-02
1.229303498985245824e-02
1.474454969866201282e-02
1.076271501369774342e-02
9.999221132602542639e-03
1.991310092853382230e-02
2.383305132389068604e-02
2.258701680693775415e-02
2.016014873515814543e-02
1.156057696789503098e-02
1.406868314370512962e-02
1.196437282487750053e-02
8.925620000809431076e-03
1.269291760399937630e-02
1.554640964604914188e-02
1.364258257672190666e-02
1.006146235158666968e-02
1.023222686490043998e-02
1.104544743429869413e-02
1.195704814745113254e-02
1.340905745746567845e-02
8.821368683129549026e-03
9.599373093806207180e-03
9.686726494692265987e-03
8.063373097684234381e-03
9.682854812126606703e-03
1.165915804449468851e-02
8.560687478166073561e-03
7.265749969519674778e-03
1.338169199880212545e-02
1.111185387708246708e-02
8.493603207170963287e-03
7.606860657688230276e-03
9.376667556352913380e-03
1.202301640296354890e-02
9.546739514917135239e-03
1.137069589458405972e-02
1.198236877098679543e-02
1.289910270133987069e-02
9.186802664771676064e-03
1.266577455680817366e-02
1.700382088893093169e-02
1.102075946982949972e-02
1.072305347770452499e-02
1.251371280523017049e-02
9.551329188980162144e-03
6.485301360953599215e-03
8.294084691442549229e-03
8.093120239209383726e-03
7.502351800212636590e-03
8.322339621372520924e-03
7.495491125155240297e-03
6.439575750846415758e-03
5.503021529875695705e-03
7.287076849024742842e-03
9.306581458076834679e-03
1.046123570995405316e-02
1.744694070657715201e-02
1.597538037458434701e-02
1.210172357968986034e-02
8.883611735654994845e-03
6.815700267907232046e-03
6.025658280123025179e-03
6.260543828830122948e-03
6.032155419234186411e-03
6.338069040793925524e-03
2.204374544089660048e-02
1.867202424909919500e-02
1.060760533437132835e-02
1.065245876088738441e-02
7.591529167257249355e-03
7.288812135811895132e-03
6.599854415981099010e-03
8.130388741847127676e-03
8.641025633551180363e-03
7.227426394820213318e-03
7.205378555227071047e-03
5.023058940423652530e-03
7.208045833976939321e-03
8.501500997226685286e-03
1.256938610458746552e-02
1.379059010650962591e-02
6.630550720728933811e-03
5.847201508004218340e-03
6.837943656137213111e-03
5.598785064648836851e-03
4.857157793594524264e-03
6.366277113556861877e-03
7.750783610390499234e-03
1.043316884897649288e-02
1.330273289931938052e-02
1.024479651823639870e-02
1.003065524855628610e-02
5.816717544803395867e-03
8.676987665239721537e-03
8.199906034860759974e-03
9.071958018466830254e-03
9.399269183631986380e-03
6.279409339185804129e-03
5.996577703626826406e-03
7.555742369731888175e-03
5.054325854871422052e-03
4.916264995699748397e-03
4.916559177218005061e-03
4.320883337641134858e-03
6.580218847375363111e-03
5.475641723023727536e-03
5.048203165642917156e-03
6.521505914861336350e-03
5.673274485161527991e-03
9.095449233427643776e-03
6.260655034566298127e-03
5.027738574426621199e-03
5.569377855863422155e-03
7.014880422502756119e-03
4.317537008319050074e-03
1.073477393947541714e-02
1.033568923594430089e-02
1.151892857160419226e-02
1.423805113881826401e-02
2.041481505148112774e-02
1.329688751138746738e-02
9.305806714110076427e-03
9.129883255809545517e-03
7.183188805356621742e-03
4.326462105382233858e-03
5.101344955619424582e-03
4.894087280263192952e-03
6.294675986282527447e-03
6.756727845640853047e-03
7.814068521838635206e-03
1.190745359053835273e-02
1.422040676698088646e-02
1.403277093777433038e-02
1.666065782774239779e-02
1.586954621598124504e-02
7.760547858197242022e-03
7.125301723135635257e-03
9.417986031621694565e-03
1.047832163749262691e-02
9.517881495412439108e-03
7.055116671836003661e-03
1.073646941222250462e-02
6.571852369233965874e-03
4.107230197405442595e-03
3.548958804458379745e-03
5.032465182011947036e-03
5.532475712243467569e-03
5.149657547008246183e-03
5.561582045629620552e-03
6.290748424362391233e-03
4.119813354918733239e-03
6.175528804305940866e-03
9.255506272893399000e-03
1.016980700660496950e-02
9.371625928906723857e-03
5.638528789859265089e-03
6.581911788089200854e-03
6.239086913410574198e-03
6.081396248191595078e-03
6.865719420602545142e-03
6.501543568447232246e-03
5.747327406425029039e-03
4.046493006171658635e-03
4.244909068802371621e-03
6.965586100704967976e-03
9.225283982232213020e-03
1.138037635246291757e-02
1.004457491217181087e-02
7.176939572673290968e-03
6.664970540441572666e-03
1.014676183694973588e-02
6.081917963456362486e-03
5.236703349510207772e-03
3.525405336404219270e-03
5.302545818267390132e-03
4.150079679675400257e-03
6.994842056883499026e-03
1.264261806500144303e-02
9.575049160048365593e-03
7.532680727308616042e-03
6.076630379538983107e-03
6.405892665497958660e-03
7.351264008320868015e-03
7.387794088572263718e-03
1.037030742736533284e-02
1.423911639722064137e-02
1.756547152763232589e-02
9.890535729937255383e-03
8.864406030625104904e-03
8.473659167066216469e-03
6.960101600270718336e-03
7.112154300557449460e-03
7.233953801915049553e-03
5.610446212813258171e-03
7.289176050107926130e-03
6.778802373446524143e-03
7.032821100438013673e-03
6.992003560299053788e-03
8.202966884709894657e-03
6.214333465322852135e-03
3.883969955495558679e-03
3.428687603445723653e-03
6.044547946657985449e-03
4.980971978511661291e-03
5.757836275734007359e-03
4.133249400183558464e-03
4.408780790981836617e-03
5.392236576881259680e-03
4.585331829730421305e-03
3.943707386497408152e-03
3.808186243986710906e-03
3.712089994223788381e-03
3.057843656279146671e-03
2.586233138572424650e-03
2.618078535306267440e-03
3.262607817305251956e-03
2.269254939164966345e-03
1.963007322046905756e-03
2.141451288480311632e-03
3.223372681532055140e-03
3.743182140169665217e-03
4.834871491766534746e-03
7.015214418061077595e-03
9.799565596040338278e-03
1.244390080682933331e-02
1.187554845819249749e-02
9.773554629646241665e-03
8.482968376483768225e-03
6.170567125082015991e-03
6.822298921179026365e-03
6.217765854671597481e-03
4.543874936643987894e-03
5.872945883311331272e-03
7.453925180016085505e-03
7.511183241149410605e-03
6.351795018417760730e-03
8.773594832746312022e-03
6.165443192003294826e-03
7.759949308820068836e-03
4.539875546470284462e-03
7.354208442848175764e-03
1.070899152546189725e-02
1.237411127658560872e-02
7.142462185584008694e-03
6.879947730340063572e-03
6.641538057010620832e-03
8.256633998826146126e-03
6.641334621235728264e-03
6.335608311928808689e-03
5.733400990720838308e-03
5.429965181974694133e-03
5.128080287249758840e-03
1.159115810878574848e-02
8.165053368429653347e-03
4.596409242367371917e-03
2.532728729420341551e-03
3.241138096200302243e-03
3.726221999386325479e-03
5.294555856380611658e-03
5.987984215607866645e-03
7.652499305550009012e-03
5.252211762126535177e-03
7.006700121564790606e-03
8.043655252549797297e-03
9.789102739887312055e-03
6.435491930460557342e-03
8.271306549431756139e-03
9.554970951285213232e-03
5.585717415669932961e-03
6.249417114304378629e-03
5.344074437743984163e-03
4.186741571174934506e-03
5.802677100291475654e-03
5.228643582086078823e-03
6.509837519843131304e-03
4.936741956043988466e-03
4.187010781606659293e-03
7.117696382920257747e-03
5.498916492797434330e-03
1.012839534087106586e-02
8.128279034281149507e-03
5.935637309448793530e-03
4.200301045784726739e-03
3.323201875900849700e-03
4.468874627491459250e-03
2.898281993111595511e-03
3.134916376438923180e-03
3.896650916431099176e-03
8.341386201209388673e-03
6.103641557274386287e-03
6.344355046167038381e-03
7.507367045036517084e-03
7.091944135027006269e-03
7.851560134440660477e-03
7.334039051784202456e-03
5.891537701245397329e-03
5.382203729823231697e-03
4.882158187683671713e-03
4.412681257235817611e-03
4.057785648910794407e-03
5.340286472346633673e-03
4.116137308301404119e-03
4.406321721035055816e-03
4.606757313013076782e-03
3.684207273181527853e-03
4.147971689235419035e-03
5.572818248765543103e-03
6.210044550243765116e-03
5.383343843277543783e-03
1.122570004372391850e-02
7.176915387390181422e-03
6.555096988449804485e-03
6.071856798371300101e-03
8.485070953611284494e-03
1.258292049169540405e-02
6.239860871573910117e-03
3.659212743514217436e-03
2.277433231938630342e-03
1.853874724474735558e-03
1.554664529976435006e-03
3.893365268595516682e-03
3.344399330671876669e-03
3.624348290031775832e-03
3.089061952778138220e-03
4.356639881734736264e-03
5.812208954012021422e-03
1.141522987745702267e-02
7.858311233576387167e-03
5.026204482419416308e-03
4.770659637870267034e-03
4.202070849714800715e-03
2.306426467839628458e-03
1.721055916277691722e-03
1.536082054371945560e-03
2.625571360113099217e-03
2.609322851640172303e-03
3.043609976884908974e-03
2.558954431151505560e-03
3.666936267109122127e-03
4.685039006290026009e-03
5.049396248068660498e-03
5.726237490307539701e-03
4.958890916896052659e-03
1.477522897766903043e-02
1.684139732969924808e-02
1.013273239368572831e-02
7.320326898479834199e-03
7.841849524993449450e-03
6.431494286516681314e-03
1.270396614563651383e-02
9.879871533485129476e-03
5.576918047154322267e-03
4.753197252284735441e-03
4.247680306434631348e-03
2.839899447280913591e-03
2.662822531419806182e-03
1.639540991163812578e-03
3.203871834557503462e-03
1.927057775901630521e-03
2.823960341629572213e-03
3.094398489338345826e-03
2.695906121516600251e-03
3.670151098049245775e-03
4.411888381582684815e-03
2.144715952454134822e-03
1.553083071485161781e-03
2.087242915877141058e-03
2.956011434434913099e-03
5.448500349302776158e-03
6.029217045579571277e-03
2.805737007292918861e-03
3.196554564055986702e-03
4.396108139189891517e-03
2.938333826023153961e-03
3.233003182685934007e-03
4.850783909205347300e-03
3.997735984739847481e-03
2.359201884246431291e-03
2.435221715131774545e-03
2.856111881555989385e-03
6.320509644865524024e-03
3.978404944064095616e-03
6.890065124025568366e-03
7.260413432959467173e-03
5.095246771816164255e-03
3.355833643581718206e-03
1.911460734845604748e-03
2.088526409352198243e-03
2.172557564335875213e-03
2.089249523123726249e-03
4.399338242365047336e-03
3.343881995533592999e-03
3.215471297153271735e-03
2.637506608152762055e-03
3.543607483152300119e-03
3.115113198873586953e-03
3.403007227461785078e-03
3.119321481790393591e-03
2.665778214577585459e-03
2.777319867163896561e-03
3.096671222010627389e-03
3.822652040980756283e-03
6.090066308388486505e-03
1.067264089942909777e-02
7.343108125496655703e-03
8.106314955512061715e-03
8.310237259138375521e-03
9.950722800567746162e-03
7.111054961569607258e-03
5.139484361279755831e-03
4.997700089006684721e-03
4.962828359566628933e-03
3.791870301938615739e-03
5.488048336701467633e-03
1.085717312525957823e-02
1.031160910497419536e-02
8.091822790447622538e-03
6.781795222195796669e-03
7.212216063635423779e-03
4.932297713821753860e-03
6.001219880999997258e-03
5.929998704232275486e-03
4.622391221346333623e-03
7.494187899283133447e-03
8.519103401340544224e-03
7.373455620836466551e-03
5.546962260268628597e-03
3.010642001754604280e-03
5.427902855444699526e-03
5.646653677104040980e-03
1.259113894775509834e-02
1.054746622685343027e-02
4.702143275062553585e-02
3.093891858588904142e-02
1.603172562317922711e-02
9.748139418661594391e-03
7.603450561873614788e-03
5.963837407762184739e-03
4.009650743682868779e-03
3.491391835268586874e-03
3.240314574213698506e-03
3.154022662783972919e-03
1.943990733707323670e-03
1.872256150818429887e-03
2.752423970378004014e-03
2.346838547964580357e-03
2.694093636819161475e-03
1.718228479148820043e-03
1.435625526937656105e-03
4.380707483505830169e-03
3.198014564986806363e-03
3.436071463511325419e-03
1.762979816703591496e-03
2.642227336764335632e-03
4.598877960233949125e-03
4.159682939643971622e-03
3.866330305754672736e-03
1.609584964171517640e-03
1.547522966575343162e-03
1.095451923902146518e-03
2.277090432471595705e-03
1.321752009971532971e-03
2.710203538299538195e-03
2.008239469432737678e-03
2.014142242842353880e-03
2.139893404091708362e-03
1.691646466497331858e-03
1.410368160577490926e-03
2.060539409285411239e-03
1.520110236015170813e-03
2.175685105612501502e-03
1.706612805719487369e-03
1.371457336063031107e-03
1.683278322161640972e-03
1.468500937335193157e-03
3.212120282114483416e-03
2.152490182197652757e-03
1.901771320262923837e-03
1.485065353335812688e-03
3.089884383371099830e-03
4.383922525448724627e-03
4.995957249775528908e-03
4.473747918382287025e-03
2.809008408803492785e-03
2.313179051270708442e-03
1.814498249586904421e-03
4.719546479464042932e-03
6.355887526297010481e-03
1.026164312497712672e-02
4.872170087764970958e-03
3.397558233700692654e-03
2.349343238165602088e-03
1.653659383009653538e-03
8.577551125199533999e-04
1.699107837339397520e-03
1.401234760123770684e-03
1.851634835475124419e-03
2.723440331465099007e-03
2.414201844658236951e-03
2.854175938409753144e-03
3.138970321742817760e-03
2.164211546187289059e-03
1.859830561443232000e-03
2.741437259828671813e-03
2.592587014078162611e-03
1.793342176824808121e-03
2.419176540570333600e-03
1.315836314461193979e-03
1.169199247669894248e-03
1.187171510537154973e-03
1.389927798300050199e-03
1.583139332069549710e-03
1.818112017645034939e-03
1.317622860369738191e-03
1.422976754838600755e-03
1.767068788467440754e-03
1.248937413038220257e-03
9.986151490011252463e-04
2.076784643577411771e-03
9.457638516323640943e-04
1.504911644587991759e-03
1.931467406393494457e-03
3.202272899216040969e-03
2.788048004731535912e-03
2.528917480958625674e-03
3.266186991822905838e-03
2.888150498620234430e-03
1.997126644710078835e-03
1.866848528152331710e-03
6.729614397045224905e-04
1.129311498516472057e-03
9.244280663551762700e-04
7.544841610069852322e-04
1.029327351716347039e-03
1.626311903237365186e-03
4.869274220254737884e-03
6.195810608915053308e-03
8.091741066891700029e-03
4.043991881189867854e-03
4.834882114664651453e-03
3.633063053712248802e-03
2.429117630526889116e-03
1.161698222858831286e-03
9.890162473311647773e-04
1.369663288642186671e-03
2.265868090034928173e-03
3.606194186431821436e-03
1.806993444915860891e-03
1.304680001339875162e-03
1.234413408383261412e-03
1.249325461685657501e-03
1.548460917547345161e-03
2.613350581668782979e-03
4.112413840630324557e-03
5.913077053264714777e-03
8.260294562205672264e-03
7.182545392424799502e-03
5.620868061669170856e-03
5.228883936069905758e-03
6.046970738680101931e-03
2.449945939588360488e-03
1.548763881146442145e-03
3.479928738670423627e-03
2.638653779285959899e-03
1.041399079258553684e-02
5.899828451219946146e-03
2.693920279853045940e-03
2.120183395163621753e-03
1.663002723944373429e-03
2.495608801837079227e-03
1.671327860094606876e-03
1.450275667593814433e-03
9.521911997580900788e-04
1.287016391870565712e-03
9.395583037985488772e-04
8.007532596820965409e-04
1.020435676764464006e-03
1.308868108026217669e-03
2.437905481201596558e-03
1.618699971004389226e-03
1.534060727863106877e-03
8.738196156627964228e-04
1.283648798562353477e-03
8.500943658873438835e-04
7.493064367736224085e-04
8.427784050581976771e-04
7.416611551889218390e-04
7.437357962771784514e-04
1.097605079849017784e-03
3.339566195791121572e-03
3.353036241605877876e-03
5.165961018064990640e-03
7.071344414725899696e-03
5.055816669482737780e-03
3.246178559493273497e-03
1.345409822533838451e-03
1.425028000085148960e-03
3.319073060993105173e-03
2.593358258309308439e-03
4.559875131235457957e-03
6.144742394099012017e-03
6.361093197483569384e-03
5.172277320525608957e-03
3.361841867445036769e-03
3.515439537295605987e-03
2.567567731603048742e-03
1.598635979462414980e-03
1.399561282596550882e-03
1.358860376058146358e-03
1.668044875259511173e-03
2.165122321457602084e-03
3.051475505344569683e-03
3.051051622605882585e-03
1.819405049900524318e-03
1.866249862359836698e-03
2.997574221808463335e-03
2.552455225668381900e-03
5.293995753163471818e-03
5.169144402316305786e-03
3.839662858808878809e-03
3.189782728441059589e-03
2.526808573747985065e-03
3.870792701491154730e-03
4.015578437247313559e-03
4.325117188272997737e-03
3.580404474632814527e-03
2.335390323423780501e-03
1.718536586849950254e-03
1.058034264133311808e-03
1.362956347293220460e-03
1.408980977430474013e-03
1.813305654650321230e-03
5.826224885822739452e-03
3.195108620275277644e-03
6.390754046151414514e-03
4.428100015502423048e-03
5.628682585665956140e-03
4.357184829132165760e-03
4.650448041502386332e-03
3.198062331648543477e-03
3.328468585095833987e-03
6.585546419955790043e-03
3.473912132903933525e-03
2.320093510206788778e-03
1.479643215134274215e-03
1.858907387941144407e-03
3.150337070110253990e-03
2.424769787467084825e-03
1.946483767824247479e-03
2.147816339856944978e-03
1.404274695232743397e-03
1.204868283821269870e-03
2.626458328450098634e-03
1.633816777030006051e-03
1.818463650124613196e-03
3.073782339924946427e-03
2.458411021507345140e-03
1.447253554943017662e-03
2.501961105735972524e-03
2.455007474054582417e-03
2.205705168307758868e-03
1.218798148329369724e-03
8.532834945071954280e-04
8.609035612607840449e-04
1.607720143510960042e-03
1.151170727098360658e-03
1.021065727400127798e-03
1.497722943895496428e-03
2.031575502769555897e-03
1.325333745626267046e-03
8.080919251369778067e-04
4.964550171280279756e-04
6.098841986386105418e-04
3.674070831038989127e-04
6.494767512776888907e-04
6.269869845709763467e-04
9.026629195432178676e-04
1.180404375190846622e-03
