6.969708949327468872e-01
6.906517744064331055e-01
6.884603053331375122e-01
6.868831515312194824e-01
6.854486688971519470e-01
6.838885173201560974e-01
6.818259656429290771e-01
6.788140237331390381e-01
6.752950623631477356e-01
6.719781383872032166e-01
6.691662967205047607e-01
6.669224947690963745e-01
6.652560457587242126e-01
6.637845560908317566e-01
6.627514958381652832e-01
6.619393303990364075e-01
6.612290441989898682e-01
6.605341732501983643e-01
6.594994887709617615e-01
6.585159003734588623e-01
6.578733772039413452e-01
6.572086960077285767e-01
6.563762947916984558e-01
6.557815074920654297e-01
6.551549211144447327e-01
6.547257453203201294e-01
6.540451794862747192e-01
6.528799012303352356e-01
6.524627506732940674e-01
6.519535854458808899e-01
6.513806059956550598e-01
6.506400555372238159e-01
6.504134163260459900e-01
6.502433419227600098e-01
6.495979875326156616e-01
6.492159739136695862e-01
6.488751098513603210e-01
6.484475582838058472e-01
6.479884162545204163e-01
6.474774032831192017e-01
6.469431668519973755e-01
6.464057713747024536e-01
6.464969366788864136e-01
6.463274434208869934e-01
6.454640328884124756e-01
6.446372941136360168e-01
6.443667337298393250e-01
6.441123634576797485e-01
6.435141041874885559e-01
6.433588191866874695e-01
6.428646743297576904e-01
6.421158313751220703e-01
6.428463011980056763e-01
6.417714878916740417e-01
6.414559930562973022e-01
6.412860229611396790e-01
6.404967829585075378e-01
6.401649713516235352e-01
6.401218920946121216e-01
6.392936781048774719e-01
6.386387199163436890e-01
6.398672163486480713e-01
6.390853226184844971e-01
6.372505053877830505e-01
6.375180706381797791e-01
6.366825029253959656e-01
6.373034343123435974e-01
6.373180598020553589e-01
6.360726132988929749e-01
6.352830007672309875e-01
6.346600428223609924e-01
6.346616894006729126e-01
6.344341263175010681e-01
6.328802183270454407e-01
6.335169449448585510e-01
6.341263949871063232e-01
6.329672336578369141e-01
6.338182836771011353e-01
6.323893219232559204e-01
6.316106393933296204e-01
6.320800036191940308e-01
6.319593787193298340e-01
6.316851153969764709e-01
6.312366947531700134e-01
6.305467188358306885e-01
6.298232823610305786e-01
6.293896660208702087e-01
6.281518861651420593e-01
6.284159570932388306e-01
6.302952989935874939e-01
6.313239336013793945e-01
6.300854384899139404e-01
6.278793588280677795e-01
6.281385496258735657e-01
6.270811259746551514e-01
6.261343508958816528e-01
6.274148076772689819e-01
6.263985857367515564e-01
6.257241815328598022e-01
6.266456618905067444e-01
6.260450258851051331e-01
6.271164417266845703e-01
6.259245499968528748e-01
6.239020302891731262e-01
6.224668845534324646e-01
6.235185638070106506e-01
6.231738179922103882e-01
6.240621134638786316e-01
6.243464499711990356e-01
6.231431365013122559e-01
6.231019645929336548e-01
6.227672845125198364e-01
6.239163130521774292e-01
6.217895597219467163e-01
6.230655014514923096e-01
6.228427663445472717e-01
6.208990365266799927e-01
6.209471374750137329e-01
6.207713708281517029e-01
6.210422739386558533e-01
6.208845525979995728e-01
6.191621720790863037e-01
6.183171197772026062e-01
6.208637282252311707e-01
6.200109124183654785e-01
6.181939765810966492e-01
6.179808974266052246e-01
6.178551837801933289e-01
6.173214912414550781e-01
6.184744387865066528e-01
6.175768375396728516e-01
6.166151016950607300e-01
6.167951375246047974e-01
6.166601926088333130e-01
6.179859191179275513e-01
6.176772713661193848e-01
6.163519844412803650e-01
6.162063032388687134e-01
6.151782125234603882e-01
6.148022785782814026e-01
6.158675625920295715e-01
6.153355389833450317e-01
6.151160076260566711e-01
6.151851117610931396e-01
6.132222861051559448e-01
6.130942329764366150e-01
6.138473376631736755e-01
6.163430660963058472e-01
6.150686964392662048e-01
6.142890080809593201e-01
6.141652390360832214e-01
6.118997186422348022e-01
6.129537597298622131e-01
6.130508333444595337e-01
6.136864796280860901e-01
6.125946342945098877e-01
6.126570776104927063e-01
6.132657825946807861e-01
6.124495714902877808e-01
6.098838225007057190e-01
6.096470355987548828e-01
6.131242439150810242e-01
6.119373068213462830e-01
6.122888401150703430e-01
6.117973849177360535e-01
6.110213994979858398e-01
6.104706227779388428e-01
6.101348772644996643e-01
6.091820821166038513e-01
6.094461232423782349e-01
6.084634214639663696e-01
6.085628792643547058e-01
6.086734980344772339e-01
6.093134507536888123e-01
6.082816198468208313e-01
6.083981692790985107e-01
6.062574833631515503e-01
6.067784205079078674e-01
6.062899008393287659e-01
6.060028597712516785e-01
6.074536740779876709e-01
6.070124059915542603e-01
6.062314510345458984e-01
6.061339527368545532e-01
6.055580303072929382e-01
6.051458418369293213e-01
6.050842553377151489e-01
6.052586138248443604e-01
6.055499240756034851e-01
6.039609387516975403e-01
6.060595586895942688e-01
6.049118563532829285e-01
6.059793978929519653e-01
6.057458072900772095e-01
6.065170019865036011e-01
6.050470694899559021e-01
6.037028655409812927e-01
6.032142490148544312e-01
6.035500839352607727e-01
6.039982810616493225e-01
6.033924445509910583e-01
6.027046442031860352e-01
6.032649055123329163e-01
6.027560457587242126e-01
6.014103665947914124e-01
6.012101322412490845e-01
6.006518453359603882e-01
6.016396433115005493e-01
6.030848622322082520e-01
6.035849079489707947e-01
6.034290418028831482e-01
6.016994714736938477e-01
6.003952696919441223e-01
6.004894301295280457e-01
5.994401276111602783e-01
6.020934879779815674e-01
5.996902063488960266e-01
6.022930815815925598e-01
6.024997606873512268e-01
6.003005132079124451e-01
5.991541892290115356e-01
6.003844141960144043e-01
5.994147211313247681e-01
5.978393703699111938e-01
5.971787869930267334e-01
5.991845875978469849e-01
5.988224893808364868e-01
5.992985218763351440e-01
5.988319441676139832e-01
5.990236401557922363e-01
5.976101979613304138e-01
5.972695276141166687e-01
5.975387319922447205e-01
5.978952720761299133e-01
5.981656461954116821e-01
5.983557030558586121e-01
5.962005108594894409e-01
5.945237129926681519e-01
5.960282906889915466e-01
5.964039042592048645e-01
5.956175774335861206e-01
5.960113182663917542e-01
5.963149964809417725e-01
5.953907221555709839e-01
5.945414751768112183e-01
5.946421027183532715e-01
5.949577093124389648e-01
5.934472754597663879e-01
5.934281200170516968e-01
5.935510247945785522e-01
5.951212644577026367e-01
5.956752523779869080e-01
5.959059521555900574e-01
5.941357389092445374e-01
5.924894735217094421e-01
5.939404889941215515e-01
5.925647839903831482e-01
5.919117853045463562e-01
5.922279581427574158e-01
5.932835489511489868e-01
5.934125259518623352e-01
5.925020053982734680e-01
5.913405865430831909e-01
5.922492817044258118e-01
5.911270454525947571e-01
5.910887494683265686e-01
5.929583236575126648e-01
5.915414690971374512e-01
5.913061946630477905e-01
5.918976441025733948e-01
5.895243212580680847e-01
5.899705067276954651e-01
5.915764942765235901e-01
5.907962694764137268e-01
5.905725061893463135e-01
5.900066271424293518e-01
5.899186730384826660e-01
5.905314087867736816e-01
5.910343006253242493e-01
5.896356999874114990e-01
5.905096083879470825e-01
5.888288319110870361e-01
5.897850319743156433e-01
5.880643129348754883e-01
5.892290398478507996e-01
5.905940830707550049e-01
5.914804413914680481e-01
5.891603082418441772e-01
5.875048637390136719e-01
5.877406969666481018e-01
5.884252414107322693e-01
5.880083367228507996e-01
5.878290310502052307e-01
5.873473286628723145e-01
5.888639017939567566e-01
5.878334864974021912e-01
5.870362147688865662e-01
5.860863775014877319e-01
5.880960971117019653e-01
5.866092666983604431e-01
5.861708521842956543e-01
5.860110521316528320e-01
5.861714482307434082e-01
5.862270519137382507e-01
5.868293270468711853e-01
5.868984237313270569e-01
5.844182074069976807e-01
5.847994610667228699e-01
5.845516622066497803e-01
5.870428383350372314e-01
5.874167829751968384e-01
5.862963572144508362e-01
5.838580653071403503e-01
5.836919546127319336e-01
5.835694968700408936e-01
5.841799676418304443e-01
5.850162506103515625e-01
5.836252421140670776e-01
5.835504084825515747e-01
5.827905610203742981e-01
5.836765468120574951e-01
5.828943997621536255e-01
5.846313610672950745e-01
5.854233354330062866e-01
5.828607901930809021e-01
5.832235589623451233e-01
5.816539153456687927e-01
5.822427719831466675e-01
5.817909762263298035e-01
5.816483348608016968e-01
5.809095427393913269e-01
5.800795629620552063e-01
5.803490653634071350e-01
5.803523361682891846e-01
5.801663175225257874e-01
5.794014781713485718e-01
5.807112604379653931e-01
5.800361633300781250e-01
5.803679972887039185e-01
5.812735483050346375e-01
5.811136662960052490e-01
5.792308151721954346e-01
5.792530775070190430e-01
5.787872523069381714e-01
5.786768347024917603e-01
5.794853866100311279e-01
5.799762830138206482e-01
5.814879611134529114e-01
5.803439915180206299e-01
5.809798836708068848e-01
5.814119651913642883e-01
5.799766257405281067e-01
5.784339830279350281e-01
5.800421014428138733e-01
5.804437249898910522e-01
5.784988477826118469e-01
5.802131742238998413e-01
5.798730552196502686e-01
5.785941630601882935e-01
5.763820707798004150e-01
5.778075903654098511e-01
5.765358060598373413e-01
5.755090191960334778e-01
5.765830203890800476e-01
5.757093876600265503e-01
5.771893709897994995e-01
5.755385011434555054e-01
5.762116760015487671e-01
5.744508951902389526e-01
5.765279084444046021e-01
5.768317952752113342e-01
5.766677558422088623e-01
5.746428966522216797e-01
5.745740905404090881e-01
5.786373615264892578e-01
5.771807134151458740e-01
5.776691213250160217e-01
5.773556903004646301e-01
5.766714215278625488e-01
5.765926614403724670e-01
5.748298093676567078e-01
5.771608799695968628e-01
5.746058970689773560e-01
5.727134048938751221e-01
5.728457644581794739e-01
5.723815187811851501e-01
5.747523456811904907e-01
5.729932561516761780e-01
5.739928781986236572e-01
5.723715201020240784e-01
5.738824531435966492e-01
5.726006254553794861e-01
5.739590227603912354e-01
5.754090026021003723e-01
5.737083703279495239e-01
5.726568847894668579e-01
5.751637369394302368e-01
5.761853307485580444e-01
5.751640722155570984e-01
5.748895779252052307e-01
5.732051432132720947e-01
5.722602531313896179e-01
5.709407180547714233e-01
5.711056739091873169e-01
5.710112899541854858e-01
5.720224156975746155e-01
5.734281167387962341e-01
5.701700076460838318e-01
5.709634348750114441e-01
5.713985860347747803e-01
5.717291459441184998e-01
5.708434209227561951e-01
5.700974464416503906e-01
5.700904205441474915e-01
5.727040618658065796e-01
5.729647427797317505e-01
5.708965063095092773e-01
5.708880722522735596e-01
5.718054845929145813e-01
5.706004351377487183e-01
5.692243650555610657e-01
5.681978315114974976e-01
5.682749450206756592e-01
5.698036476969718933e-01
5.687178447842597961e-01
5.704361870884895325e-01
5.698229670524597168e-01
5.695881322026252747e-01
5.709851086139678955e-01
5.678926333785057068e-01
5.688416361808776855e-01
5.683560147881507874e-01
5.698240920901298523e-01
5.685604363679885864e-01
5.667428448796272278e-01
5.663781464099884033e-01
5.674554631114006042e-01
5.660801529884338379e-01
5.666681081056594849e-01
5.677619576454162598e-01
5.691237077116966248e-01
5.707938671112060547e-01
5.691052600741386414e-01
5.662071406841278076e-01
5.654854476451873779e-01
5.654817149043083191e-01
5.655591562390327454e-01
5.666659250855445862e-01
5.662954598665237427e-01
5.642867162823677063e-01
5.652662366628646851e-01
5.664512366056442261e-01
5.660138055682182312e-01
5.650916025042533875e-01
5.644095689058303833e-01
5.631132870912551880e-01
5.632336661219596863e-01
5.641673430800437927e-01
5.640275776386260986e-01
5.642768070101737976e-01
5.640056952834129333e-01
5.625632107257843018e-01
5.646470412611961365e-01
5.628979876637458801e-01
5.644862726330757141e-01
5.643747076392173767e-01
5.622228533029556274e-01
5.620250999927520752e-01
5.636294484138488770e-01
5.648053139448165894e-01
5.643933415412902832e-01
5.637671500444412231e-01
5.628643259406089783e-01
5.648643746972084045e-01
5.636351406574249268e-01
5.646785497665405273e-01
5.641376674175262451e-01
5.642378851771354675e-01
5.624597221612930298e-01
5.631346628069877625e-01
5.621113255620002747e-01
5.612416267395019531e-01
5.629080086946487427e-01
5.646123066544532776e-01
5.639268159866333008e-01
5.647824257612228394e-01
5.627618581056594849e-01
5.625888183712959290e-01
5.623603463172912598e-01
5.619506314396858215e-01
5.610473677515983582e-01
5.606859922409057617e-01
5.627069920301437378e-01
5.602848827838897705e-01
5.593364462256431580e-01
5.645923316478729248e-01
5.632078200578689575e-01
5.614514201879501343e-01
5.620919167995452881e-01
5.601273551583290100e-01
5.591112822294235229e-01
5.610756650567054749e-01
5.594620928168296814e-01
5.590159222483634949e-01
5.610054507851600647e-01
5.617618784308433533e-01
5.603491216897964478e-01
5.589192360639572144e-01
5.593973100185394287e-01
5.588485077023506165e-01
5.625310689210891724e-01
5.616091713309288025e-01
5.614482164382934570e-01
5.618439689278602600e-01
5.605961531400680542e-01
5.577881634235382080e-01
5.573168620467185974e-01
5.583326965570449829e-01
5.583781376481056213e-01
5.588267967104911804e-01
5.579713135957717896e-01
5.573433339595794678e-01
5.563354566693305969e-01
5.562730431556701660e-01
5.584612637758255005e-01
5.579830557107925415e-01
5.561684817075729370e-01
5.578605458140373230e-01
5.582673475146293640e-01
5.567912608385086060e-01
5.577342286705970764e-01
5.585500448942184448e-01
5.599800050258636475e-01
5.596144124865531921e-01
5.579009801149368286e-01
5.568828508257865906e-01
5.560344904661178589e-01
5.572021454572677612e-01
5.560512170195579529e-01
5.589807331562042236e-01
5.604111924767494202e-01
5.576638728380203247e-01
5.550323277711868286e-01
5.557861849665641785e-01
5.543598830699920654e-01
5.553677678108215332e-01
5.567493140697479248e-01
5.582254156470298767e-01
5.555593743920326233e-01
5.543154999613761902e-01
5.552824810147285461e-01
5.551568716764450073e-01
5.539659783244132996e-01
5.540083870291709900e-01
5.550374984741210938e-01
5.541009157896041870e-01
5.548467412590980530e-01
5.571174398064613342e-01
5.571101009845733643e-01
5.552740842103958130e-01
5.568410456180572510e-01
5.548589527606964111e-01
5.532827526330947876e-01
5.536451637744903564e-01
5.548737719655036926e-01
5.558235123753547668e-01
5.539024919271469116e-01
5.545018985867500305e-01
5.534543544054031372e-01
5.510987564921379089e-01
5.517652779817581177e-01
5.515361353754997253e-01
5.529077798128128052e-01
5.518368035554885864e-01
5.516264438629150391e-01
5.529667288064956665e-01
5.519424080848693848e-01
5.521505177021026611e-01
5.528101921081542969e-01
5.533261075615882874e-01
5.528799444437026978e-01
5.522982180118560791e-01
5.516531914472579956e-01
5.511989891529083252e-01
5.513120815157890320e-01
5.521389469504356384e-01
5.522917881608009338e-01
5.511270165443420410e-01
5.531377717852592468e-01
5.513541623950004578e-01
5.525551959872245789e-01
5.545009374618530273e-01
5.505075901746749878e-01
5.498158484697341919e-01
5.503055602312088013e-01
5.509125888347625732e-01
5.508310720324516296e-01
5.504360646009445190e-01
5.509263947606086731e-01
5.506536439061164856e-01
5.521146133542060852e-01
5.521021783351898193e-01
5.529657155275344849e-01
5.544961541891098022e-01
5.518893823027610779e-01
5.506803244352340698e-01
5.506291165947914124e-01
5.511011853814125061e-01
5.489442646503448486e-01
5.482750385999679565e-01
5.487151145935058594e-01
5.494740009307861328e-01
5.483320727944374084e-01
5.475520640611648560e-01
5.478675141930580139e-01
5.492554903030395508e-01
5.478552505373954773e-01
5.494246184825897217e-01
5.483057647943496704e-01
5.518057197332382202e-01
5.521136671304702759e-01
5.497743934392929077e-01
5.488201752305030823e-01
5.486696511507034302e-01
5.500095263123512268e-01
5.494568049907684326e-01
5.513223931193351746e-01
5.501757040619850159e-01
5.511419400572776794e-01
5.492129847407341003e-01
5.469044074416160583e-01
5.482035055756568909e-01
5.493947789072990417e-01
5.477542504668235779e-01
5.479466542601585388e-01
5.514178201556205750e-01
5.502687990665435791e-01
5.491462871432304382e-01
5.467546731233596802e-01
5.443621054291725159e-01
5.474377200007438660e-01
5.460187494754791260e-01
5.480706766247749329e-01
5.468809753656387329e-01
5.443329066038131714e-01
5.467494800686836243e-01
5.460034385323524475e-01
5.452042073011398315e-01
5.456370785832405090e-01
5.445218235254287720e-01
5.457880496978759766e-01
5.457891970872879028e-01
5.467676594853401184e-01
5.451705828309059143e-01
5.470392853021621704e-01
5.467897355556488037e-01
5.468808263540267944e-01
5.450537502765655518e-01
5.448442026972770691e-01
5.473793074488639832e-01
5.459392145276069641e-01
5.445021316409111023e-01
5.474464967846870422e-01
5.458482205867767334e-01
5.450108125805854797e-01
5.446736067533493042e-01
5.432092472910881042e-01
5.438033565878868103e-01
5.460529476404190063e-01
5.429960042238235474e-01
5.448525398969650269e-01
5.460541024804115295e-01
5.428267866373062134e-01
5.461443066596984863e-01
5.436488837003707886e-01
5.441758185625076294e-01
5.431813076138496399e-01
5.423566251993179321e-01
5.423824712634086609e-01
5.410042479634284973e-01
5.420120283961296082e-01
5.419237241148948669e-01
5.441795587539672852e-01
5.447513610124588013e-01
5.442400947213172913e-01
5.448346212506294250e-01
5.450226143002510071e-01
5.428862199187278748e-01
5.430283695459365845e-01
5.425129830837249756e-01
5.425013825297355652e-01
5.420175045728683472e-01
5.408372282981872559e-01
5.413824692368507385e-01
5.408645421266555786e-01
5.419433340430259705e-01
5.439871698617935181e-01
5.423264205455780029e-01
5.397155433893203735e-01
5.402011051774024963e-01
5.462096333503723145e-01
5.442264303565025330e-01
5.430337414145469666e-01
5.422198325395584106e-01
5.415586009621620178e-01
5.413222759962081909e-01
5.424140170216560364e-01
5.389704108238220215e-01
5.395247414708137512e-01
5.389961525797843933e-01
5.392861589789390564e-01
5.395658463239669800e-01
5.407893359661102295e-01
5.418428257107734680e-01
5.412250906229019165e-01
5.416373163461685181e-01
5.404325872659683228e-01
5.423125028610229492e-01
5.390900298953056335e-01
5.407724678516387939e-01
5.434387922286987305e-01
5.427711009979248047e-01
5.411751344799995422e-01
5.416375100612640381e-01
5.392023772001266479e-01
5.382864922285079956e-01
5.374229997396469116e-01
5.399997755885124207e-01
5.432050228118896484e-01
5.416709408164024353e-01
5.409225001931190491e-01
5.385873764753341675e-01
5.380486622452735901e-01
5.390824377536773682e-01
5.386474281549453735e-01
5.377898067235946655e-01
5.383568033576011658e-01
5.368287488818168640e-01
5.373209342360496521e-01
5.366862788796424866e-01
5.371730327606201172e-01
5.374331772327423096e-01
5.368314608931541443e-01
5.371532514691352844e-01
5.388249829411506653e-01
5.395192578434944153e-01
5.373072102665901184e-01
5.405639708042144775e-01
5.400796309113502502e-01
5.387499108910560608e-01
5.392923355102539062e-01
5.390960797667503357e-01
5.393221825361251831e-01
5.378496795892715454e-01
5.356674268841743469e-01
5.362696871161460876e-01
5.363213792443275452e-01
5.365351587533950806e-01
5.356491878628730774e-01
5.352792143821716309e-01
5.394445657730102539e-01
5.397626906633377075e-01
5.405552461743354797e-01
5.409159287810325623e-01
5.393048524856567383e-01
5.378774106502532959e-01
5.376666560769081116e-01
5.373890399932861328e-01
5.367802530527114868e-01
5.363539308309555054e-01
5.366739332675933838e-01
5.366861075162887573e-01
5.345899164676666260e-01
5.353179350495338440e-01
5.366417244076728821e-01
5.378716811537742615e-01
5.344732925295829773e-01
5.349066779017448425e-01
5.352030992507934570e-01
5.368149578571319580e-01
5.361276492476463318e-01
5.383754670619964600e-01
5.380108952522277832e-01
5.374649539589881897e-01
5.352896377444267273e-01
5.392658710479736328e-01
5.371698811650276184e-01
5.354077890515327454e-01
5.361696556210517883e-01
5.365246608853340149e-01
5.337544828653335571e-01
5.326329246163368225e-01
5.328182503581047058e-01
5.367210730910301208e-01
5.358806177973747253e-01
5.340611189603805542e-01
5.349808856844902039e-01
5.368649140000343323e-01
5.358181968331336975e-01
5.344115272164344788e-01
5.332887098193168640e-01
5.326073318719863892e-01
5.326731801033020020e-01
5.313526391983032227e-01
5.318852141499519348e-01
5.307669341564178467e-01
5.318502858281135559e-01
5.348432585597038269e-01
5.358568578958511353e-01
5.359035506844520569e-01
5.352112874388694763e-01
5.343930572271347046e-01
5.344669595360755920e-01
5.310645923018455505e-01
5.320163816213607788e-01
5.309424847364425659e-01
5.329399630427360535e-01
5.325956195592880249e-01
5.320634990930557251e-01
5.327721685171127319e-01
5.348312780261039734e-01
5.374576449394226074e-01
5.342074409127235413e-01
5.333000794053077698e-01
5.337293893098831177e-01
5.337683707475662231e-01
5.339728966355323792e-01
5.332232341170310974e-01
5.303747504949569702e-01
5.295258760452270508e-01
5.301953256130218506e-01
5.300064459443092346e-01
5.318841263651847839e-01
5.315406173467636108e-01
5.301724895834922791e-01
5.305545106530189514e-01
5.322605147957801819e-01
5.334115400910377502e-01
5.310847759246826172e-01
5.324529856443405151e-01
5.306655839085578918e-01
5.293585434556007385e-01
5.286689028143882751e-01
5.289984047412872314e-01
5.303998887538909912e-01
5.333464518189430237e-01
5.312494933605194092e-01
5.309556722640991211e-01
5.305379182100296021e-01
5.281739830970764160e-01
5.308009982109069824e-01
5.309878438711166382e-01
5.305158719420433044e-01
5.316776782274246216e-01
5.302484631538391113e-01
5.294854789972305298e-01
5.307110920548439026e-01
5.320627689361572266e-01
5.308289155364036560e-01
5.280770137906074524e-01
5.296067744493484497e-01
5.288665294647216797e-01
5.274657979607582092e-01
5.284956768155097961e-01
5.278609544038772583e-01
5.304826200008392334e-01
5.281523093581199646e-01
5.296982228755950928e-01
5.295147001743316650e-01
5.301388502120971680e-01
5.315788611769676208e-01
5.299288779497146606e-01
5.278492122888565063e-01
5.276284143328666687e-01
5.279584228992462158e-01
5.270394757390022278e-01
5.273042544722557068e-01
5.269031301140785217e-01
5.274640023708343506e-01
5.280405133962631226e-01
5.277509316802024841e-01
5.282391682267189026e-01
5.280845686793327332e-01
5.273290649056434631e-01
5.294071733951568604e-01
5.277472734451293945e-01
5.287986323237419128e-01
5.276188030838966370e-01
5.257768779993057251e-01
5.258179605007171631e-01
5.278072357177734375e-01
5.279041454195976257e-01
5.276914462447166443e-01
5.279090777039527893e-01
5.306859984993934631e-01
5.268815532326698303e-01
5.266795977950096130e-01
5.281749144196510315e-01
5.261102989315986633e-01
5.283216834068298340e-01
5.277625694870948792e-01
5.269158631563186646e-01
5.282198265194892883e-01
5.277085825800895691e-01
5.294698402285575867e-01
5.268953591585159302e-01
5.271631032228469849e-01
5.272485911846160889e-01
5.266577675938606262e-01
5.287173986434936523e-01
5.288495421409606934e-01
5.286689400672912598e-01
5.283015742897987366e-01
5.278887152671813965e-01
5.265533253550529480e-01
5.270414054393768311e-01
5.292998403310775757e-01
5.265693590044975281e-01
5.279441103339195251e-01
5.277073532342910767e-01
5.254780128598213196e-01
5.253762304782867432e-01
5.261481329798698425e-01
5.263243392109870911e-01
5.257582589983940125e-01
5.244356617331504822e-01
5.253540799021720886e-01
5.261138603091239929e-01
5.240985006093978882e-01
5.266222730278968811e-01
5.262334123253822327e-01
5.233222246170043945e-01
5.230587720870971680e-01
5.244550928473472595e-01
5.247861891984939575e-01
5.257236734032630920e-01
5.266119614243507385e-01
5.253498330712318420e-01
5.241358056664466858e-01
5.251591727137565613e-01
5.234488844871520996e-01
5.230818688869476318e-01
5.281616970896720886e-01
5.280294492840766907e-01
5.266966670751571655e-01
5.248919278383255005e-01
5.239748209714889526e-01
5.276955664157867432e-01
5.277348384261131287e-01
5.225454047322273254e-01
5.228548198938369751e-01
5.236246436834335327e-01
5.224288478493690491e-01
5.228074565529823303e-01
5.243768244981765747e-01
5.254746004939079285e-01
5.238783285021781921e-01
5.249615088105201721e-01
5.234856978058815002e-01
5.260790213942527771e-01
5.283544808626174927e-01
5.238818451762199402e-01
5.220998823642730713e-01
5.220720991492271423e-01
5.213770642876625061e-01
5.237938761711120605e-01
5.222596228122711182e-01
5.205314978957176208e-01
5.220108553767204285e-01
5.219926461577415466e-01
5.215206444263458252e-01
5.220569372177124023e-01
5.201544463634490967e-01
5.243055447936058044e-01
5.245757326483726501e-01
5.227248817682266235e-01
5.207949429750442505e-01
5.208789408206939697e-01
5.219445824623107910e-01
5.240334048867225647e-01
5.242126137018203735e-01
5.234024375677108765e-01
5.242599546909332275e-01
5.231627747416496277e-01
5.240811184048652649e-01
5.215444713830947876e-01
5.214265435934066772e-01
5.244221389293670654e-01
5.235932320356369019e-01
5.199919417500495911e-01
5.228237137198448181e-01
5.185507237911224365e-01
5.218506902456283569e-01
5.211850777268409729e-01
5.225422754883766174e-01
5.243800431489944458e-01
5.224272161722183228e-01
5.223780423402786255e-01
5.195223987102508545e-01
5.207823067903518677e-01
5.222172588109970093e-01
