7.899961471557617188e-01
7.639868259429931641e-01
7.542982697486877441e-01
7.512627840042114258e-01
7.503045201301574707e-01
7.444013357162475586e-01
7.484619021415710449e-01
7.470392584800720215e-01
7.454205751419067383e-01
7.427470684051513672e-01
7.443031072616577148e-01
7.468334436416625977e-01
7.436760067939758301e-01
7.492719888687133789e-01
7.450690865516662598e-01
7.496560215950012207e-01
7.495682835578918457e-01
7.483775615692138672e-01
7.469809055328369141e-01
7.503203153610229492e-01
7.501007318496704102e-01
7.506620883941650391e-01
7.524788379669189453e-01
7.571184635162353516e-01
7.547503709793090820e-01
7.528586387634277344e-01
7.538279294967651367e-01
7.575464248657226562e-01
7.556490898132324219e-01
7.575821876525878906e-01
7.560009956359863281e-01
7.619987726211547852e-01
7.627255916595458984e-01
7.623158693313598633e-01
7.595783472061157227e-01
7.634099721908569336e-01
7.629876136779785156e-01
7.670238018035888672e-01
7.663814425468444824e-01
7.696473598480224609e-01
7.694714665412902832e-01
7.714262604713439941e-01
7.721987962722778320e-01
7.718715071678161621e-01
7.792902588844299316e-01
7.762821912765502930e-01
7.754260897636413574e-01
7.807153463363647461e-01
7.833192348480224609e-01
7.813323736190795898e-01
7.834316492080688477e-01
7.814629077911376953e-01
7.874468564987182617e-01
7.840776443481445312e-01
7.871081829071044922e-01
7.907582521438598633e-01
7.882642745971679688e-01
7.930976748466491699e-01
7.940756678581237793e-01
7.938134670257568359e-01
7.928742170333862305e-01
7.946312427520751953e-01
8.040279746055603027e-01
7.998476028442382812e-01
7.988527417182922363e-01
8.034635186195373535e-01
8.032689094543457031e-01
8.027999401092529297e-01
8.096235990524291992e-01
8.021321296691894531e-01
8.076235055923461914e-01
8.117008805274963379e-01
8.092811107635498047e-01
8.130148053169250488e-01
8.135908842086791992e-01
8.189351558685302734e-01
8.165289163589477539e-01
8.199735879898071289e-01
8.173695802688598633e-01
8.276002407073974609e-01
8.226160407066345215e-01
8.267661333084106445e-01
8.228991031646728516e-01
8.245182037353515625e-01
8.315850496292114258e-01
8.296914696693420410e-01
8.300794363021850586e-01
8.343502283096313477e-01
8.447812795639038086e-01
8.334547281265258789e-01
8.446164727210998535e-01
8.387671709060668945e-01
8.399685621261596680e-01
8.440710306167602539e-01
8.410278558731079102e-01
8.463475704193115234e-01
8.492351770401000977e-01
8.489140272140502930e-01
8.471832871437072754e-01
8.459452390670776367e-01
8.483119010925292969e-01
8.549927473068237305e-01
8.572882413864135742e-01
8.656850457191467285e-01
8.595952987670898438e-01
8.643368482589721680e-01
8.624727725982666016e-01
8.629341125488281250e-01
8.597984910011291504e-01
8.612924814224243164e-01
8.714678287506103516e-01
8.759756088256835938e-01
8.728472590446472168e-01
8.720818758010864258e-01
8.694495558738708496e-01
8.765191435813903809e-01
8.793956637382507324e-01
8.759281039237976074e-01
8.770714998245239258e-01
8.801615238189697266e-01
8.837333321571350098e-01
8.834920525550842285e-01
8.855113983154296875e-01
8.891136050224304199e-01
8.916184902191162109e-01
8.880382776260375977e-01
8.867583870887756348e-01
8.953266143798828125e-01
9.003439545631408691e-01
9.001746177673339844e-01
8.989357352256774902e-01
9.095874428749084473e-01
9.000003337860107422e-01
9.021990299224853516e-01
9.012279510498046875e-01
8.964948654174804688e-01
9.056287407875061035e-01
9.064979553222656250e-01
9.057251811027526855e-01
9.143300652503967285e-01
9.132432937622070312e-01
9.108328819274902344e-01
9.137105941772460938e-01
9.114120006561279297e-01
9.202274084091186523e-01
9.240367412567138672e-01
9.242407083511352539e-01
9.163175821304321289e-01
9.310480356216430664e-01
9.190117120742797852e-01
9.281929731369018555e-01
9.211828708648681641e-01
9.305170178413391113e-01
9.207628369331359863e-01
9.323368072509765625e-01
9.346503019332885742e-01
9.364268779754638672e-01
9.334589838981628418e-01
9.360275268554687500e-01
9.331274032592773438e-01
9.409736394882202148e-01
9.458186626434326172e-01
9.431368708610534668e-01
9.412727355957031250e-01
9.446904659271240234e-01
9.465004205703735352e-01
9.431924819946289062e-01
9.489167928695678711e-01
9.506668448448181152e-01
9.540774822235107422e-01
9.456380605697631836e-01
9.555177092552185059e-01
9.565825462341308594e-01
9.561413526535034180e-01
9.551745653152465820e-01
9.598962664604187012e-01
9.599078893661499023e-01
9.599969983100891113e-01
9.679145812988281250e-01
9.607339501380920410e-01
9.672476053237915039e-01
9.685442447662353516e-01
9.679096937179565430e-01
9.661850929260253906e-01
9.623825550079345703e-01
9.688112139701843262e-01
9.632052779197692871e-01
9.747637510299682617e-01
9.804501533508300781e-01
9.810181856155395508e-01
9.800320863723754883e-01
9.790323972702026367e-01
9.774429798126220703e-01
9.865750670433044434e-01
9.825618267059326172e-01
9.836107492446899414e-01
9.850252270698547363e-01
9.804785251617431641e-01
9.839577674865722656e-01
9.892871379852294922e-01
9.917783737182617188e-01
9.984940290451049805e-01
9.955118894577026367e-01
9.962769150733947754e-01
9.926581382751464844e-01
1.002740502357482910e+00
1.000295877456665039e+00
9.949944615364074707e-01
9.998214244842529297e-01
1.004195213317871094e+00
9.993932247161865234e-01
1.016634821891784668e+00
1.009767055511474609e+00
1.009132385253906250e+00
1.014085173606872559e+00
1.013290882110595703e+00
1.008861541748046875e+00
1.014047861099243164e+00
1.013403415679931641e+00
1.017646312713623047e+00
1.018996953964233398e+00
1.020364880561828613e+00
1.021372318267822266e+00
1.026207447052001953e+00
1.015651941299438477e+00
1.022176504135131836e+00
1.031458616256713867e+00
1.020501494407653809e+00
1.024747610092163086e+00
1.024280548095703125e+00
1.037731647491455078e+00
1.032813310623168945e+00
1.028603911399841309e+00
1.032760381698608398e+00
1.031824588775634766e+00
1.034601688385009766e+00
1.039086937904357910e+00
1.036350131034851074e+00
1.037911415100097656e+00
1.034373998641967773e+00
1.049910426139831543e+00
1.042736291885375977e+00
1.048908948898315430e+00
1.040698051452636719e+00
1.038995742797851562e+00
1.048372983932495117e+00
1.041239023208618164e+00
1.053604364395141602e+00
1.048394203186035156e+00
1.047298192977905273e+00
1.052916765213012695e+00
1.054992914199829102e+00
1.059193849563598633e+00
1.054638981819152832e+00
1.059602975845336914e+00
1.055888652801513672e+00
1.069188356399536133e+00
1.057997465133666992e+00
1.073188900947570801e+00
1.065706014633178711e+00
1.062810420989990234e+00
1.063044190406799316e+00
1.065969347953796387e+00
1.077917456626892090e+00
1.067905664443969727e+00
1.063059568405151367e+00
1.080634832382202148e+00
1.077531337738037109e+00
1.078085899353027344e+00
1.078823566436767578e+00
1.081893205642700195e+00
1.081218123435974121e+00
1.073126316070556641e+00
1.077994942665100098e+00
1.075613260269165039e+00
1.087401390075683594e+00
1.080899477005004883e+00
1.086719870567321777e+00
1.090802431106567383e+00
1.082172632217407227e+00
1.078196525573730469e+00
1.092501163482666016e+00
1.090285301208496094e+00
1.093282580375671387e+00
1.091642141342163086e+00
1.091448307037353516e+00
1.098417520523071289e+00
1.096879482269287109e+00
1.101927280426025391e+00
1.102506637573242188e+00
1.098439931869506836e+00
1.099559068679809570e+00
1.103671073913574219e+00
1.102127075195312500e+00
1.106552124023437500e+00
1.113276481628417969e+00
1.107076883316040039e+00
1.105823636054992676e+00
1.112862467765808105e+00
1.107019186019897461e+00
1.112709283828735352e+00
1.112806081771850586e+00
1.119885563850402832e+00
1.114182353019714355e+00
1.121327638626098633e+00
1.126541018486022949e+00
1.123287558555603027e+00
1.113696932792663574e+00
1.116083621978759766e+00
1.120293855667114258e+00
1.130574107170104980e+00
1.124464988708496094e+00
1.124304294586181641e+00
1.124984622001647949e+00
1.127814650535583496e+00
1.128461599349975586e+00
1.126812577247619629e+00
1.136681318283081055e+00
1.134762763977050781e+00
1.137550234794616699e+00
1.137553095817565918e+00
1.131714344024658203e+00
1.135730028152465820e+00
1.141041517257690430e+00
1.136626601219177246e+00
1.139282226562500000e+00
1.150243639945983887e+00
1.138623952865600586e+00
1.151487827301025391e+00
1.138566255569458008e+00
1.149723768234252930e+00
1.158067464828491211e+00
1.146539926528930664e+00
1.147485494613647461e+00
1.147932529449462891e+00
1.155349254608154297e+00
1.151036024093627930e+00
1.156356096267700195e+00
1.156623840332031250e+00
1.167425274848937988e+00
1.167796134948730469e+00
1.158629775047302246e+00
1.161260724067687988e+00
1.164624691009521484e+00
1.164243340492248535e+00
1.160486698150634766e+00
1.171087265014648438e+00
1.161733150482177734e+00
1.159264564514160156e+00
1.167814016342163086e+00
1.158820986747741699e+00
1.166481494903564453e+00
1.169460177421569824e+00
1.168454647064208984e+00
1.171514034271240234e+00
1.175323486328125000e+00
1.173766374588012695e+00
1.174964308738708496e+00
1.180661678314208984e+00
1.167716503143310547e+00
1.173713445663452148e+00
1.179139375686645508e+00
1.173276901245117188e+00
1.175889492034912109e+00
1.177523851394653320e+00
1.180598497390747070e+00
1.184316515922546387e+00
1.180317401885986328e+00
1.183070421218872070e+00
1.185449600219726562e+00
1.188259363174438477e+00
1.184301972389221191e+00
1.183761119842529297e+00
1.183817863464355469e+00
1.186461210250854492e+00
1.197549581527709961e+00
1.202644705772399902e+00
1.191758275032043457e+00
1.187948703765869141e+00
1.200299978256225586e+00
1.207139253616333008e+00
1.208388924598693848e+00
1.195163846015930176e+00
1.204847097396850586e+00
1.199840664863586426e+00
1.196504592895507812e+00
1.203874588012695312e+00
1.203979492187500000e+00
1.200971126556396484e+00
1.206710100173950195e+00
1.214769840240478516e+00
1.209706306457519531e+00
1.212310075759887695e+00
1.213714599609375000e+00
1.216947793960571289e+00
1.210442781448364258e+00
1.205454349517822266e+00
1.208482742309570312e+00
1.213526010513305664e+00
1.212444782257080078e+00
1.220923304557800293e+00
1.217634677886962891e+00
1.217968821525573730e+00
1.221864581108093262e+00
1.222759962081909180e+00
1.217619895935058594e+00
1.226930856704711914e+00
1.228550195693969727e+00
1.227939605712890625e+00
1.219371438026428223e+00
1.223918199539184570e+00
1.231655359268188477e+00
1.236505031585693359e+00
1.223253250122070312e+00
1.235131025314331055e+00
1.229986906051635742e+00
1.231060743331909180e+00
1.231181621551513672e+00
1.238455295562744141e+00
1.247485160827636719e+00
1.235477566719055176e+00
1.237166166305541992e+00
1.241138935089111328e+00
1.241759300231933594e+00
1.236366033554077148e+00
1.244030833244323730e+00
1.240734457969665527e+00
1.241053581237792969e+00
1.254949331283569336e+00
1.254998922348022461e+00
1.246011257171630859e+00
1.252450704574584961e+00
1.247943401336669922e+00
1.252446293830871582e+00
1.244371533393859863e+00
1.250523567199707031e+00
1.255545377731323242e+00
1.256036162376403809e+00
1.250966787338256836e+00
1.256703853607177734e+00
1.258032321929931641e+00
1.261385321617126465e+00
1.254026174545288086e+00
1.256073951721191406e+00
1.259900093078613281e+00
1.261797189712524414e+00
1.264984488487243652e+00
1.265286684036254883e+00
1.263286828994750977e+00
1.258992195129394531e+00
1.261110782623291016e+00
1.267655134201049805e+00
1.264357805252075195e+00
1.276563167572021484e+00
1.274625062942504883e+00
1.273255467414855957e+00
1.258427262306213379e+00
1.266896963119506836e+00
1.267939686775207520e+00
1.272175312042236328e+00
1.274743795394897461e+00
1.268439412117004395e+00
1.285012006759643555e+00
1.274227023124694824e+00
1.275091409683227539e+00
1.279146075248718262e+00
1.270500659942626953e+00
1.284376144409179688e+00
1.288309335708618164e+00
1.275493979454040527e+00
1.273338079452514648e+00
1.278562426567077637e+00
1.279688477516174316e+00
1.292124748229980469e+00
1.278495550155639648e+00
1.289324760437011719e+00
1.284388661384582520e+00
1.282239913940429688e+00
1.294365882873535156e+00
1.294091939926147461e+00
1.285520792007446289e+00
1.287456274032592773e+00
1.290838956832885742e+00
1.289426803588867188e+00
1.299170017242431641e+00
1.301371335983276367e+00
1.292274713516235352e+00
1.291239261627197266e+00
1.292157411575317383e+00
1.302659511566162109e+00
1.302928447723388672e+00
1.308171987533569336e+00
1.304903984069824219e+00
1.304961681365966797e+00
1.304698944091796875e+00
1.310180664062500000e+00
1.308442115783691406e+00
1.308512687683105469e+00
1.304086089134216309e+00
1.305904030799865723e+00
1.310045480728149414e+00
1.309920907020568848e+00
1.312818050384521484e+00
1.305899739265441895e+00
1.318304061889648438e+00
1.322722673416137695e+00
1.315515518188476562e+00
1.307989597320556641e+00
1.308422327041625977e+00
1.319490671157836914e+00
1.307468533515930176e+00
1.316776514053344727e+00
1.318401575088500977e+00
1.316670894622802734e+00
1.319574594497680664e+00
1.316905140876770020e+00
1.316110491752624512e+00
1.323070406913757324e+00
1.319226503372192383e+00
1.324899196624755859e+00
1.320060729980468750e+00
1.325088262557983398e+00
1.321676015853881836e+00
1.328551054000854492e+00
1.327472686767578125e+00
1.333634972572326660e+00
1.331199049949645996e+00
1.320797204971313477e+00
1.334913015365600586e+00
1.328562736511230469e+00
1.328374505043029785e+00
1.338043451309204102e+00
1.337364792823791504e+00
1.324900388717651367e+00
1.332806110382080078e+00
1.339902162551879883e+00
1.336929678916931152e+00
1.334107398986816406e+00
1.341908216476440430e+00
1.339658856391906738e+00
1.340778589248657227e+00
1.342148542404174805e+00
1.343480110168457031e+00
1.346500635147094727e+00
1.344528913497924805e+00
1.347605228424072266e+00
1.348392248153686523e+00
1.350073337554931641e+00
1.339221000671386719e+00
1.352744579315185547e+00
1.346815705299377441e+00
1.342847108840942383e+00
1.344838619232177734e+00
1.347001910209655762e+00
1.348371505737304688e+00
1.334954261779785156e+00
1.349401473999023438e+00
1.344067692756652832e+00
1.347698807716369629e+00
1.337027072906494141e+00
1.351184606552124023e+00
1.349256515502929688e+00
1.352700710296630859e+00
1.347301721572875977e+00
1.350970745086669922e+00
1.351137638092041016e+00
1.351632118225097656e+00
1.351656913757324219e+00
1.357631087303161621e+00
1.355835914611816406e+00
1.361132383346557617e+00
1.357692122459411621e+00
1.355437994003295898e+00
1.358869194984436035e+00
1.356121301651000977e+00
1.358921170234680176e+00
1.363305211067199707e+00
1.364832162857055664e+00
1.363968491554260254e+00
1.369538664817810059e+00
1.357036352157592773e+00
1.370598196983337402e+00
1.368908524513244629e+00
1.369293451309204102e+00
1.373383045196533203e+00
1.366621136665344238e+00
1.372299909591674805e+00
1.355059862136840820e+00
1.374408602714538574e+00
1.377140998840332031e+00
1.375998973846435547e+00
1.382387757301330566e+00
1.374373793601989746e+00
1.382712841033935547e+00
1.373167037963867188e+00
1.373350620269775391e+00
1.369032144546508789e+00
1.389987468719482422e+00
1.371053218841552734e+00
1.373766899108886719e+00
1.373509407043457031e+00
1.386139154434204102e+00
1.376416206359863281e+00
1.388570785522460938e+00
1.380079030990600586e+00
1.384170770645141602e+00
1.391601204872131348e+00
1.387777328491210938e+00
1.385617733001708984e+00
1.383047223091125488e+00
1.383034944534301758e+00
1.381210803985595703e+00
1.383116245269775391e+00
1.381885051727294922e+00
1.381032228469848633e+00
1.388026952743530273e+00
1.393223524093627930e+00
1.397207379341125488e+00
1.386783599853515625e+00
1.395535707473754883e+00
1.391933679580688477e+00
1.387866973876953125e+00
1.404596567153930664e+00
1.392712116241455078e+00
1.392447471618652344e+00
1.401281833648681641e+00
1.392661929130554199e+00
1.400749444961547852e+00
1.399426221847534180e+00
1.402567863464355469e+00
1.392771005630493164e+00
1.393814086914062500e+00
1.391343832015991211e+00
1.400475263595581055e+00
1.399066925048828125e+00
1.397098779678344727e+00
1.401653170585632324e+00
1.399739980697631836e+00
1.387495040893554688e+00
1.400611400604248047e+00
1.393282055854797363e+00
1.395761251449584961e+00
1.408863186836242676e+00
1.408906459808349609e+00
1.415899276733398438e+00
1.407254219055175781e+00
1.409022092819213867e+00
1.410769701004028320e+00
1.403254508972167969e+00
1.409270286560058594e+00
1.398278117179870605e+00
1.408940434455871582e+00
1.400322437286376953e+00
1.407658338546752930e+00
1.417353868484497070e+00
1.406490087509155273e+00
1.413450241088867188e+00
1.404200077056884766e+00
1.411921739578247070e+00
1.414743423461914062e+00
1.418827295303344727e+00
1.412181019783020020e+00
1.415869474411010742e+00
1.411129355430603027e+00
1.429411649703979492e+00
1.413912057876586914e+00
1.418862223625183105e+00
1.406932592391967773e+00
1.408164978027343750e+00
1.419532179832458496e+00
1.419734477996826172e+00
1.418632626533508301e+00
1.414556026458740234e+00
1.421821594238281250e+00
1.420170187950134277e+00
1.421589255332946777e+00
1.418768286705017090e+00
1.421901226043701172e+00
1.413022279739379883e+00
1.414470434188842773e+00
1.431698083877563477e+00
1.425538778305053711e+00
1.425917148590087891e+00
1.415051698684692383e+00
1.424690485000610352e+00
1.425011992454528809e+00
1.423177003860473633e+00
1.421705245971679688e+00
1.425581216812133789e+00
1.428064584732055664e+00
1.420220017433166504e+00
1.424581527709960938e+00
1.419639587402343750e+00
1.424429655075073242e+00
1.432354569435119629e+00
1.439097642898559570e+00
1.429988861083984375e+00
1.427636623382568359e+00
1.432703971862792969e+00
1.430374622344970703e+00
1.423875927925109863e+00
1.433020591735839844e+00
1.427163124084472656e+00
1.433916330337524414e+00
1.432122468948364258e+00
1.422436714172363281e+00
1.433631539344787598e+00
1.440680265426635742e+00
1.427302360534667969e+00
1.421195268630981445e+00
1.432130098342895508e+00
1.438035726547241211e+00
1.439551949501037598e+00
1.434380054473876953e+00
1.435357570648193359e+00
1.436009168624877930e+00
1.438880920410156250e+00
1.424797058105468750e+00
1.435320377349853516e+00
1.450382947921752930e+00
1.438474893569946289e+00
1.430142641067504883e+00
1.437866687774658203e+00
1.440786957740783691e+00
1.445756196975708008e+00
1.438694477081298828e+00
1.440566778182983398e+00
1.434570550918579102e+00
1.440903902053833008e+00
1.443618059158325195e+00
1.456492543220520020e+00
1.453693628311157227e+00
1.449631690979003906e+00
1.444499015808105469e+00
1.441046476364135742e+00
1.441504955291748047e+00
1.445764422416687012e+00
1.448217153549194336e+00
1.460675835609436035e+00
1.453037619590759277e+00
1.452866315841674805e+00
1.445569038391113281e+00
1.447741746902465820e+00
1.446611046791076660e+00
1.441731691360473633e+00
1.453462600708007812e+00
1.445112705230712891e+00
1.453574657440185547e+00
1.450022101402282715e+00
1.452136516571044922e+00
1.450071573257446289e+00
1.446765422821044922e+00
1.449458956718444824e+00
1.460669994354248047e+00
1.456037759780883789e+00
1.453012347221374512e+00
1.448265790939331055e+00
1.454868555068969727e+00
1.452271819114685059e+00
1.452008962631225586e+00
1.445234179496765137e+00
1.452625513076782227e+00
1.450429439544677734e+00
1.457304477691650391e+00
1.458188295364379883e+00
1.455255508422851562e+00
1.454774975776672363e+00
1.462891936302185059e+00
1.457697629928588867e+00
1.459413647651672363e+00
1.442868471145629883e+00
1.458939790725708008e+00
1.456259131431579590e+00
1.457866668701171875e+00
1.459519267082214355e+00
1.467797279357910156e+00
1.455728054046630859e+00
1.464787721633911133e+00
1.463180541992187500e+00
1.457957267761230469e+00
1.464558362960815430e+00
1.459851026535034180e+00
1.463103294372558594e+00
1.462371349334716797e+00
1.458961248397827148e+00
1.453469038009643555e+00
1.463357090950012207e+00
1.464998245239257812e+00
1.460282087326049805e+00
1.462620735168457031e+00
1.466665506362915039e+00
1.464412927627563477e+00
1.466311216354370117e+00
1.463675975799560547e+00
1.468896865844726562e+00
1.470338821411132812e+00
1.471994280815124512e+00
1.465965032577514648e+00
1.461688518524169922e+00
1.472186803817749023e+00
1.463682651519775391e+00
1.460450887680053711e+00
1.471237897872924805e+00
1.464717864990234375e+00
1.472439050674438477e+00
1.470776200294494629e+00
1.460872650146484375e+00
1.476631402969360352e+00
1.458685636520385742e+00
1.477136135101318359e+00
1.475774765014648438e+00
1.472464323043823242e+00
1.464771032333374023e+00
1.469057321548461914e+00
1.467610836029052734e+00
1.468739986419677734e+00
1.464293241500854492e+00
1.475406885147094727e+00
1.464719533920288086e+00
1.464272022247314453e+00
1.474382877349853516e+00
1.469991087913513184e+00
1.473569869995117188e+00
1.482661724090576172e+00
1.474198818206787109e+00
1.474155068397521973e+00
1.467854857444763184e+00
1.479952573776245117e+00
1.468581199645996094e+00
1.477235794067382812e+00
1.462672591209411621e+00
1.469596385955810547e+00
1.466144561767578125e+00
1.474928140640258789e+00
1.470872879028320312e+00
1.469125032424926758e+00
1.470775008201599121e+00
1.477733016014099121e+00
1.473665118217468262e+00
1.470388650894165039e+00
1.478554725646972656e+00
1.472344636917114258e+00
1.479921340942382812e+00
1.475422620773315430e+00
1.472193956375122070e+00
1.487008094787597656e+00
1.466414928436279297e+00
1.470900058746337891e+00
1.477709770202636719e+00
1.479054331779479980e+00
1.477484941482543945e+00
1.477549314498901367e+00
1.486318826675415039e+00
1.469801187515258789e+00
1.482044696807861328e+00
1.479851126670837402e+00
1.474166154861450195e+00
1.493456840515136719e+00
1.473705768585205078e+00
1.483487129211425781e+00
1.485498905181884766e+00
1.483766794204711914e+00
1.472689390182495117e+00
1.480474710464477539e+00
1.483269453048706055e+00
1.479290604591369629e+00
1.482077598571777344e+00
1.477994680404663086e+00
1.487062215805053711e+00
1.478274583816528320e+00
1.483232498168945312e+00
1.487058758735656738e+00
1.475149035453796387e+00
1.489795446395874023e+00
1.480829119682312012e+00
1.483723878860473633e+00
1.480235099792480469e+00
1.487462759017944336e+00
1.477673768997192383e+00
1.474364519119262695e+00
1.489359974861145020e+00
1.484418869018554688e+00
1.481163501739501953e+00
1.494742512702941895e+00
1.485288023948669434e+00
1.470543026924133301e+00
1.477612853050231934e+00
1.484494686126708984e+00
1.480807304382324219e+00
1.479758739471435547e+00
1.487770318984985352e+00
1.482514977455139160e+00
1.485890388488769531e+00
1.476111054420471191e+00
1.480741739273071289e+00
1.489018559455871582e+00
1.490859627723693848e+00
1.476323604583740234e+00
1.482784867286682129e+00
1.494015097618103027e+00
1.493481397628784180e+00
1.483059406280517578e+00
1.493649601936340332e+00
1.494096755981445312e+00
1.488598346710205078e+00
1.475906610488891602e+00
1.489904642105102539e+00
1.487847566604614258e+00
1.487982392311096191e+00
1.481986999511718750e+00
1.473534584045410156e+00
1.488239526748657227e+00
1.501403093338012695e+00
1.487805008888244629e+00
1.490815162658691406e+00
1.485436677932739258e+00
1.493390083312988281e+00
1.494819164276123047e+00
1.496676206588745117e+00
1.495202183723449707e+00
1.495594739913940430e+00
1.494149923324584961e+00
1.494013547897338867e+00
1.493472576141357422e+00
1.487567663192749023e+00
1.489080905914306641e+00
1.491800785064697266e+00
1.490684390068054199e+00
1.493676662445068359e+00
1.490465641021728516e+00
1.497033357620239258e+00
1.493083715438842773e+00
1.486147522926330566e+00
1.498225212097167969e+00
1.496358394622802734e+00
1.498057603836059570e+00
1.489315509796142578e+00
1.499635696411132812e+00
1.486157655715942383e+00
1.492920398712158203e+00
1.482095241546630859e+00
1.491401314735412598e+00
1.490289688110351562e+00
1.495189428329467773e+00
1.497645854949951172e+00
1.496987581253051758e+00
1.491618275642395020e+00
1.491115689277648926e+00
1.495373606681823730e+00
1.502045154571533203e+00
1.494749546051025391e+00
1.486351966857910156e+00
1.494696140289306641e+00
1.487368464469909668e+00
1.492225408554077148e+00
1.500555038452148438e+00
1.490809202194213867e+00
1.492221593856811523e+00
1.496451139450073242e+00
1.497862100601196289e+00
1.490469932556152344e+00
1.487759351730346680e+00
1.497380256652832031e+00
1.496326327323913574e+00
1.496313571929931641e+00
1.495196104049682617e+00
1.495208024978637695e+00
1.484479427337646484e+00
1.495581388473510742e+00
1.497479200363159180e+00
1.495503544807434082e+00
1.501163363456726074e+00
1.497054576873779297e+00
1.493692398071289062e+00
1.498841285705566406e+00
1.491771101951599121e+00
1.505764484405517578e+00
1.498266100883483887e+00
1.499894499778747559e+00
1.498250126838684082e+00
1.488098859786987305e+00
1.497580409049987793e+00
1.497533082962036133e+00
1.494813919067382812e+00
1.492925882339477539e+00
1.497560262680053711e+00
1.508765578269958496e+00
1.503825664520263672e+00
1.506857872009277344e+00
1.499526381492614746e+00
1.505063533782958984e+00
1.505375146865844727e+00
1.497458934783935547e+00
1.494564890861511230e+00
1.505094766616821289e+00
1.501090526580810547e+00
1.500006198883056641e+00
1.498376727104187012e+00
1.498297929763793945e+00
1.493757367134094238e+00
1.495406150817871094e+00
