4.422099999999999920e-01
5.608999999999999542e-01
5.950100000000000389e-01
6.159999999999999920e-01
6.307599999999999874e-01
6.423900000000000166e-01
6.512400000000000411e-01
6.574900000000000189e-01
6.659100000000000019e-01
6.689399999999999791e-01
6.761200000000000543e-01
6.812000000000000277e-01
6.841399999999999704e-01
6.899699999999999722e-01
6.935200000000000253e-01
6.974500000000000144e-01
7.011500000000000510e-01
7.043700000000000516e-01
7.078400000000000247e-01
7.107200000000000184e-01
7.155099999999999794e-01
7.183000000000000496e-01
7.205000000000000293e-01
7.243899999999999784e-01
7.271999999999999575e-01
7.304100000000000037e-01
7.337700000000000333e-01
7.356899999999999551e-01
7.379999999999999893e-01
7.410700000000000065e-01
7.438000000000000167e-01
7.455800000000000205e-01
7.485500000000000487e-01
7.507700000000000484e-01
7.538700000000000401e-01
7.567500000000000338e-01
7.578000000000000291e-01
7.606399999999999828e-01
7.628700000000000481e-01
7.652499999999999858e-01
7.680700000000000305e-01
7.689000000000000279e-01
7.704699999999999882e-01
7.727800000000000225e-01
7.739899999999999558e-01
7.768100000000000005e-01
7.802900000000000391e-01
7.784100000000000463e-01
7.817899999999999849e-01
7.827899999999999858e-01
7.856100000000000305e-01
7.872599999999999598e-01
7.902299999999999880e-01
7.919500000000000428e-01
7.933999999999999941e-01
7.940700000000000536e-01
7.961599999999999788e-01
7.964099999999999513e-01
7.990599999999999925e-01
8.007300000000000528e-01
8.034599999999999520e-01
8.042899999999999494e-01
8.057999999999999607e-01
8.064200000000000257e-01
8.077800000000000535e-01
8.101899999999999658e-01
8.111899999999999666e-01
8.122599999999999820e-01
8.149199999999999777e-01
8.157499999999999751e-01
8.170100000000000140e-01
8.191000000000000503e-01
8.203500000000000236e-01
8.193799999999999972e-01
8.230199999999999738e-01
8.233099999999999863e-01
8.250999999999999446e-01
8.269199999999999884e-01
8.265799999999999814e-01
8.297600000000000531e-01
8.281800000000000272e-01
8.317700000000000093e-01
8.332699999999999552e-01
8.347799999999999665e-01
8.354200000000000514e-01
8.361800000000000344e-01
8.369900000000000118e-01
8.375500000000000167e-01
8.402600000000000069e-01
8.384300000000000086e-01
8.412699999999999623e-01
8.418499999999999872e-01
8.432300000000000351e-01
8.446399999999999464e-01
8.462499999999999467e-01
8.468799999999999661e-01
8.483300000000000285e-01
8.471800000000000441e-01
8.499799999999999578e-01
8.520600000000000396e-01
8.509400000000000297e-01
8.527200000000000335e-01
8.533600000000000074e-01
8.555399999999999672e-01
8.558000000000000052e-01
8.570799999999999530e-01
8.555500000000000327e-01
8.593600000000000128e-01
8.592400000000000038e-01
8.619200000000000195e-01
8.624100000000000099e-01
8.640299999999999647e-01
8.641299999999999537e-01
8.639099999999999557e-01
8.640700000000000047e-01
8.662900000000000045e-01
8.657700000000000395e-01
8.683400000000000007e-01
8.692199999999999926e-01
8.674800000000000288e-01
8.702600000000000335e-01
8.706599999999999895e-01
8.720599999999999463e-01
8.733899999999999997e-01
8.737800000000000011e-01
8.730900000000000327e-01
8.746500000000000385e-01
8.754300000000000415e-01
8.781799999999999606e-01
8.776100000000000012e-01
8.779099999999999682e-01
8.791999999999999815e-01
8.790599999999999525e-01
8.802799999999999514e-01
8.806699999999999529e-01
8.816199999999999593e-01
8.840400000000000480e-01
8.835699999999999665e-01
8.835300000000000376e-01
8.844999999999999529e-01
8.864499999999999602e-01
8.845300000000000384e-01
8.865899999999999892e-01
8.880000000000000115e-01
8.868800000000000017e-01
8.879099999999999770e-01
8.891499999999999959e-01
8.904600000000000293e-01
8.899000000000000243e-01
8.917800000000000171e-01
8.924299999999999455e-01
8.925100000000000255e-01
8.930399999999999450e-01
8.923200000000000021e-01
8.954999999999999627e-01
8.948099999999999943e-01
8.968199999999999505e-01
8.967699999999999561e-01
8.968800000000000106e-01
8.987100000000000088e-01
8.980799999999999894e-01
8.984900000000000109e-01
8.984799999999999454e-01
8.998699999999999477e-01
9.018800000000000150e-01
9.006199999999999761e-01
9.016800000000000370e-01
9.028800000000000159e-01
9.017899999999999805e-01
9.050099999999999811e-01
9.039399999999999658e-01
9.054299999999999571e-01
9.048399999999999777e-01
9.068000000000000504e-01
9.069500000000000339e-01
9.063099999999999490e-01
9.071500000000000119e-01
9.075499999999999678e-01
9.080099999999999838e-01
9.092999999999999972e-01
9.093599999999999461e-01
9.110700000000000465e-01
9.105199999999999960e-01
9.119399999999999729e-01
9.119500000000000384e-01
9.106300000000000505e-01
9.121700000000000363e-01
9.133599999999999497e-01
9.148600000000000065e-01
9.148500000000000520e-01
9.135499999999999732e-01
9.153700000000000170e-01
9.131799999999999917e-01
9.141700000000000381e-01
9.154900000000000260e-01
9.172200000000000353e-01
9.183499999999999996e-01
9.172299999999999898e-01
9.178500000000000547e-01
9.196199999999999930e-01
9.196999999999999620e-01
9.198499999999999455e-01
9.202299999999999924e-01
9.215400000000000258e-01
9.208199999999999719e-01
9.212200000000000388e-01
9.230800000000000116e-01
9.223599999999999577e-01
9.237800000000000455e-01
9.231399999999999606e-01
9.232900000000000551e-01
9.245200000000000085e-01
9.251099999999999879e-01
9.244599999999999485e-01
9.253700000000000259e-01
9.254200000000000204e-01
9.262700000000000378e-01
9.271500000000000297e-01
9.270500000000000407e-01
9.272099999999999786e-01
9.265999999999999792e-01
9.270000000000000462e-01
9.289199999999999680e-01
9.283500000000000085e-01
9.291199999999999459e-01
9.290699999999999514e-01
9.301399999999999668e-01
9.310500000000000442e-01
9.313200000000000367e-01
9.309899999999999842e-01
9.316900000000000182e-01
9.324799999999999756e-01
9.306900000000000173e-01
9.312899999999999512e-01
9.320100000000000051e-01
9.317900000000000071e-01
9.330699999999999550e-01
9.329199999999999715e-01
9.320500000000000451e-01
9.347299999999999498e-01
9.336299999999999599e-01
9.355200000000000182e-01
9.357499999999999707e-01
9.375599999999999490e-01
9.364700000000000246e-01
9.361300000000000177e-01
9.364799999999999791e-01
9.370100000000000096e-01
9.383599999999999719e-01
9.377100000000000435e-01
9.387999999999999678e-01
9.383299999999999974e-01
9.393399999999999528e-01
9.400699999999999612e-01
9.389699999999999713e-01
9.403599999999999737e-01
9.391199999999999548e-01
9.405299999999999772e-01
9.397799999999999487e-01
9.422399999999999665e-01
9.422899999999999610e-01
9.403899999999999482e-01
9.421100000000000030e-01
9.417999999999999705e-01
9.426600000000000534e-01
9.430199999999999694e-01
9.434200000000000363e-01
9.439699999999999758e-01
9.439300000000000468e-01
9.449800000000000422e-01
9.449400000000000022e-01
9.441500000000000448e-01
9.435799999999999743e-01
9.450600000000000112e-01
9.455099999999999616e-01
9.452800000000000091e-01
9.452000000000000401e-01
9.457900000000000196e-01
9.460300000000000376e-01
9.460899999999999865e-01
9.466299999999999715e-01
9.467999999999999750e-01
9.482399999999999718e-01
9.476299999999999724e-01
9.491300000000000292e-01
9.483200000000000518e-01
9.475099999999999634e-01
9.485099999999999643e-01
9.484299999999999953e-01
9.484900000000000553e-01
9.501199999999999646e-01
9.489699999999999802e-01
9.514000000000000234e-01
9.513899999999999579e-01
9.502399999999999736e-01
9.497299999999999631e-01
9.512100000000000000e-01
9.511100000000000110e-01
9.519199999999999884e-01
9.524899999999999478e-01
9.507600000000000495e-01
9.510899999999999910e-01
9.518100000000000449e-01
9.522599999999999953e-01
9.524599999999999733e-01
9.544300000000000006e-01
9.539499999999999647e-01
9.543800000000000061e-01
9.535900000000000487e-01
9.536099999999999577e-01
9.529499999999999638e-01
9.545299999999999896e-01
9.544700000000000406e-01
9.542399999999999771e-01
9.549100000000000366e-01
9.557900000000000285e-01
9.564099999999999824e-01
9.543700000000000516e-01
9.552800000000000180e-01
9.558100000000000485e-01
9.566200000000000259e-01
9.550999999999999490e-01
9.557499999999999885e-01
9.564799999999999969e-01
9.570300000000000473e-01
9.563399999999999679e-01
9.577900000000000302e-01
9.571399999999999908e-01
9.568400000000000238e-01
9.582399999999999807e-01
9.570100000000000273e-01
9.583899999999999642e-01
9.585700000000000331e-01
9.584099999999999842e-01
9.584000000000000297e-01
9.586500000000000021e-01
9.594099999999999850e-01
9.591399999999999926e-01
9.601399999999999935e-01
9.594799999999999995e-01
9.590800000000000436e-01
9.597499999999999920e-01
9.596000000000000085e-01
9.607400000000000384e-01
9.594799999999999995e-01
9.600499999999999590e-01
9.612199999999999633e-01
9.600600000000000245e-01
9.608799999999999564e-01
9.612399999999999833e-01
9.614000000000000323e-01
9.601499999999999480e-01
9.608299999999999619e-01
9.616099999999999648e-01
9.636400000000000521e-01
9.623300000000000187e-01
9.638799999999999590e-01
9.620300000000000518e-01
9.623099999999999987e-01
9.632199999999999651e-01
9.639400000000000190e-01
9.634000000000000341e-01
9.635700000000000376e-01
9.628900000000000237e-01
9.642500000000000515e-01
9.625399999999999512e-01
9.633199999999999541e-01
9.641800000000000370e-01
9.654899999999999594e-01
9.650300000000000544e-01
9.637799999999999701e-01
9.634800000000000031e-01
9.652100000000000124e-01
9.666500000000000092e-01
9.651399999999999979e-01
9.650900000000000034e-01
9.645899999999999475e-01
9.646599999999999620e-01
9.666599999999999637e-01
9.660100000000000353e-01
9.660600000000000298e-01
9.659100000000000463e-01
9.657999999999999918e-01
9.668600000000000527e-01
9.667099999999999582e-01
9.667499999999999982e-01
9.657200000000000228e-01
9.658999999999999808e-01
9.676099999999999701e-01
9.671800000000000397e-01
9.669600000000000417e-01
9.666900000000000492e-01
9.670199999999999907e-01
9.679900000000000171e-01
9.671300000000000452e-01
9.680999999999999606e-01
9.678600000000000536e-01
9.683399999999999785e-01
9.679900000000000171e-01
9.673399999999999777e-01
9.674500000000000322e-01
9.679699999999999971e-01
9.676099999999999701e-01
9.686000000000000165e-01
9.683800000000000185e-01
9.696200000000000374e-01
9.684899999999999620e-01
9.694199999999999484e-01
9.688700000000000090e-01
9.706000000000000183e-01
9.704000000000000403e-01
9.695700000000000429e-01
9.696000000000000174e-01
9.707599999999999563e-01
9.681999999999999496e-01
9.694599999999999884e-01
9.708499999999999908e-01
9.706200000000000383e-01
9.713699999999999557e-01
9.698400000000000354e-01
9.711699999999999777e-01
9.709100000000000508e-01
9.717700000000000227e-01
9.702199999999999713e-01
9.704500000000000348e-01
9.707999999999999963e-01
9.717299999999999827e-01
9.717900000000000427e-01
9.710499999999999687e-01
9.714199999999999502e-01
9.719400000000000261e-01
9.722399999999999931e-01
9.719700000000000006e-01
9.724199999999999511e-01
9.726299999999999946e-01
9.717700000000000227e-01
9.725599999999999801e-01
9.721400000000000041e-01
9.731400000000000050e-01
9.723399999999999821e-01
9.737599999999999589e-01
9.732800000000000340e-01
9.725899999999999546e-01
9.725399999999999601e-01
9.735300000000000065e-01
9.739299999999999624e-01
9.731100000000000305e-01
9.739100000000000534e-01
9.717299999999999827e-01
9.750199999999999978e-01
9.731199999999999850e-01
9.740400000000000169e-01
9.736799999999999899e-01
9.741900000000000004e-01
9.732899999999999885e-01
9.734399999999999720e-01
9.743899999999999784e-01
9.738400000000000389e-01
9.744199999999999529e-01
9.741999999999999549e-01
9.742600000000000149e-01
9.753699999999999593e-01
9.739499999999999824e-01
9.754800000000000137e-01
9.744199999999999529e-01
9.753899999999999793e-01
9.743399999999999839e-01
9.753899999999999793e-01
9.759299999999999642e-01
9.760999999999999677e-01
9.764000000000000457e-01
9.762800000000000367e-01
9.755700000000000482e-01
9.756599999999999717e-01
9.756200000000000427e-01
9.758200000000000207e-01
9.760799999999999477e-01
9.760900000000000132e-01
9.758599999999999497e-01
9.764599999999999946e-01
9.759900000000000242e-01
9.774500000000000410e-01
9.765200000000000546e-01
9.774300000000000210e-01
9.760999999999999677e-01
9.779999999999999805e-01
9.766399999999999526e-01
9.770100000000000451e-01
9.774199999999999555e-01
9.772699999999999720e-01
9.767299999999999871e-01
9.761800000000000477e-01
9.763500000000000512e-01
9.775099999999999900e-01
9.759799999999999587e-01
9.778599999999999515e-01
9.761699999999999822e-01
9.782199999999999784e-01
9.777099999999999680e-01
9.775800000000000045e-01
9.776200000000000445e-01
9.784500000000000419e-01
9.786399999999999544e-01
9.784199999999999564e-01
9.774500000000000410e-01
9.785500000000000309e-01
9.784699999999999509e-01
9.789099999999999469e-01
9.781800000000000495e-01
9.778200000000000225e-01
9.789200000000000124e-01
9.785599999999999854e-01
9.786200000000000454e-01
9.778900000000000370e-01
9.788599999999999524e-01
9.789200000000000124e-01
9.795599999999999863e-01
9.788799999999999724e-01
9.800100000000000477e-01
9.795399999999999663e-01
9.791999999999999593e-01
9.789999999999999813e-01
9.790600000000000414e-01
9.791400000000000103e-01
9.792399999999999993e-01
9.797799999999999843e-01
9.794199999999999573e-01
9.803100000000000147e-01
9.796500000000000208e-01
9.800699999999999967e-01
9.796300000000000008e-01
9.790299999999999558e-01
9.801499999999999657e-01
9.801299999999999457e-01
9.807000000000000162e-01
9.800699999999999967e-01
9.804899999999999727e-01
9.808700000000000196e-01
9.799299999999999677e-01
9.813699999999999646e-01
9.803699999999999637e-01
9.798400000000000443e-01
9.794500000000000428e-01
9.808799999999999741e-01
9.809900000000000286e-01
9.802300000000000457e-01
9.800100000000000477e-01
9.812199999999999811e-01
9.812100000000000266e-01
9.813600000000000101e-01
9.807200000000000362e-01
9.813800000000000301e-01
9.818700000000000205e-01
9.811400000000000121e-01
9.811100000000000376e-01
9.809900000000000286e-01
9.809999999999999831e-01
9.809200000000000141e-01
9.818400000000000460e-01
9.808999999999999941e-01
9.814599999999999991e-01
9.817099999999999715e-01
9.824699999999999545e-01
9.812899999999999956e-01
9.814800000000000191e-01
9.820699999999999985e-01
9.812199999999999811e-01
9.824000000000000510e-01
9.815700000000000536e-01
9.825599999999999890e-01
9.814399999999999791e-01
9.816799999999999971e-01
9.827200000000000379e-01
9.807200000000000362e-01
9.822699999999999765e-01
9.829700000000000104e-01
9.829999999999999849e-01
9.822400000000000020e-01
9.821299999999999475e-01
9.819099999999999495e-01
9.828599999999999559e-01
9.819900000000000295e-01
9.821100000000000385e-01
9.822600000000000220e-01
9.821499999999999675e-01
9.823199999999999710e-01
9.830200000000000049e-01
9.835500000000000353e-01
9.827299999999999924e-01
9.826300000000000034e-01
9.822400000000000020e-01
9.836200000000000498e-01
9.826399999999999579e-01
9.822699999999999765e-01
9.836300000000000043e-01
9.830200000000000049e-01
9.836200000000000498e-01
9.833300000000000374e-01
9.832100000000000284e-01
9.822999999999999510e-01
9.823499999999999455e-01
9.831100000000000394e-01
9.838799999999999768e-01
9.840799999999999548e-01
9.827200000000000379e-01
9.830299999999999594e-01
9.836099999999999843e-01
9.827599999999999669e-01
9.834199999999999608e-01
9.832999999999999519e-01
9.838400000000000478e-01
9.844000000000000528e-01
9.839499999999999913e-01
9.841199999999999948e-01
9.835399999999999698e-01
9.839599999999999458e-01
9.840499999999999803e-01
9.844899999999999762e-01
9.835800000000000098e-01
9.840900000000000203e-01
9.842199999999999838e-01
9.843699999999999672e-01
9.846500000000000252e-01
9.842300000000000493e-01
9.843800000000000328e-01
9.848599999999999577e-01
9.848999999999999977e-01
9.849700000000000122e-01
9.850400000000000267e-01
9.849400000000000377e-01
9.840799999999999548e-01
9.849599999999999467e-01
9.847700000000000342e-01
9.848299999999999832e-01
9.844000000000000528e-01
9.837599999999999678e-01
9.852899999999999991e-01
9.857000000000000206e-01
9.854600000000000026e-01
9.838599999999999568e-01
9.860600000000000476e-01
9.849099999999999522e-01
9.851999999999999647e-01
9.852400000000000047e-01
9.860700000000000021e-01
9.854500000000000481e-01
9.853300000000000392e-01
9.856800000000000006e-01
9.850499999999999812e-01
9.846799999999999997e-01
9.846599999999999797e-01
9.851299999999999502e-01
9.853699999999999681e-01
9.854100000000000081e-01
9.856500000000000261e-01
9.856899999999999551e-01
9.852499999999999591e-01
9.853100000000000191e-01
9.858500000000000041e-01
9.851699999999999902e-01
9.856599999999999806e-01
9.855399999999999716e-01
9.857099999999999751e-01
9.863499999999999490e-01
9.856899999999999551e-01
9.864600000000000035e-01
9.861799999999999455e-01
9.855800000000000116e-01
9.859099999999999531e-01
9.859799999999999676e-01
9.858500000000000041e-01
9.859099999999999531e-01
9.868299999999999850e-01
9.858999999999999986e-01
9.860700000000000021e-01
9.865099999999999980e-01
9.864500000000000490e-01
9.860299999999999621e-01
9.860999999999999766e-01
9.864399999999999835e-01
9.869799999999999685e-01
9.866300000000000070e-01
9.861799999999999455e-01
9.860700000000000021e-01
9.863300000000000400e-01
9.866899999999999560e-01
9.868099999999999650e-01
9.872600000000000264e-01
9.868700000000000250e-01
9.868700000000000250e-01
9.861400000000000166e-01
9.869700000000000140e-01
9.871999999999999664e-01
9.866300000000000070e-01
9.869599999999999485e-01
9.868099999999999650e-01
9.873300000000000409e-01
9.872699999999999809e-01
9.862699999999999800e-01
9.868299999999999850e-01
9.862900000000000000e-01
9.867500000000000160e-01
9.860600000000000476e-01
9.871699999999999919e-01
9.872499999999999609e-01
9.870799999999999574e-01
9.865399999999999725e-01
9.875000000000000444e-01
9.871799999999999464e-01
9.873199999999999754e-01
9.872199999999999864e-01
9.872400000000000064e-01
9.863199999999999745e-01
9.869599999999999485e-01
9.880400000000000293e-01
9.863899999999999890e-01
9.872300000000000519e-01
9.873100000000000209e-01
9.873199999999999754e-01
9.877799999999999914e-01
9.880299999999999638e-01
9.874699999999999589e-01
9.873199999999999754e-01
9.869299999999999740e-01
9.872400000000000064e-01
9.874600000000000044e-01
9.881999999999999673e-01
9.874199999999999644e-01
9.876700000000000479e-01
9.877200000000000424e-01
9.876899999999999569e-01
9.874699999999999589e-01
9.880999999999999783e-01
9.875099999999999989e-01
9.880299999999999638e-01
9.872900000000000009e-01
9.877899999999999459e-01
9.879700000000000149e-01
9.876599999999999824e-01
9.878099999999999659e-01
9.883699999999999708e-01
9.876700000000000479e-01
9.881299999999999528e-01
9.881299999999999528e-01
9.883999999999999453e-01
9.872499999999999609e-01
9.880299999999999638e-01
9.880900000000000238e-01
9.883499999999999508e-01
9.881100000000000438e-01
9.880400000000000293e-01
9.882100000000000328e-01
9.884600000000000053e-01
9.885099999999999998e-01
9.888299999999999867e-01
9.880600000000000493e-01
9.881699999999999928e-01
9.885000000000000453e-01
9.883600000000000163e-01
9.886800000000000033e-01
9.879299999999999748e-01
9.885099999999999998e-01
9.884100000000000108e-01
9.885300000000000198e-01
9.881299999999999528e-01
9.882499999999999618e-01
9.882900000000000018e-01
9.884600000000000053e-01
9.881900000000000128e-01
9.878400000000000514e-01
9.885099999999999998e-01
9.884600000000000053e-01
9.886700000000000488e-01
9.884199999999999653e-01
9.884699999999999598e-01
9.893899999999999917e-01
9.884800000000000253e-01
9.887099999999999778e-01
9.896000000000000352e-01
9.889799999999999702e-01
9.888200000000000323e-01
9.888099999999999667e-01
9.887200000000000433e-01
9.895899999999999697e-01
9.885099999999999998e-01
9.893899999999999917e-01
9.892300000000000537e-01
9.888000000000000123e-01
9.889499999999999957e-01
9.888299999999999867e-01
9.891999999999999682e-01
9.891600000000000392e-01
9.888099999999999667e-01
9.894300000000000317e-01
9.887000000000000233e-01
9.888599999999999612e-01
9.889999999999999902e-01
9.891100000000000447e-01
9.895699999999999497e-01
9.892300000000000537e-01
9.893899999999999917e-01
9.891499999999999737e-01
9.890600000000000502e-01
9.894300000000000317e-01
9.893899999999999917e-01
9.888900000000000468e-01
9.893499999999999517e-01
9.896599999999999842e-01
9.891600000000000392e-01
9.890099999999999447e-01
9.893100000000000227e-01
9.888599999999999612e-01
9.889499999999999957e-01
9.895000000000000462e-01
9.895300000000000207e-01
9.897599999999999731e-01
9.895599999999999952e-01
9.893999999999999462e-01
9.894199999999999662e-01
9.895300000000000207e-01
9.891600000000000392e-01
9.895100000000000007e-01
9.897399999999999531e-01
9.893300000000000427e-01
9.893399999999999972e-01
9.895399999999999752e-01
9.892999999999999572e-01
9.890900000000000247e-01
9.896200000000000552e-01
9.896200000000000552e-01
9.893499999999999517e-01
9.893699999999999717e-01
9.900400000000000311e-01
9.898000000000000131e-01
9.899200000000000221e-01
9.900799999999999601e-01
9.895300000000000207e-01
9.898700000000000276e-01
9.895599999999999952e-01
9.895300000000000207e-01
9.897799999999999931e-01
9.899099999999999566e-01
9.897299999999999986e-01
9.899299999999999766e-01
9.897000000000000242e-01
9.900200000000000111e-01
9.897700000000000387e-01
9.902800000000000491e-01
9.900299999999999656e-01
9.901400000000000201e-01
9.901799999999999491e-01
9.899299999999999766e-01
9.904300000000000326e-01
9.896800000000000042e-01
9.901200000000000001e-01
9.899999999999999911e-01
9.897700000000000387e-01
9.899400000000000421e-01
9.894100000000000117e-01
9.894699999999999607e-01
9.901499999999999746e-01
9.902699999999999836e-01
9.900299999999999656e-01
9.900299999999999656e-01
9.899999999999999911e-01
9.899799999999999711e-01
9.897299999999999986e-01
9.897799999999999931e-01
9.899999999999999911e-01
9.904100000000000126e-01
9.900299999999999656e-01
9.899700000000000166e-01
9.898900000000000476e-01
9.901900000000000146e-01
9.901200000000000001e-01
9.905899999999999705e-01
9.899400000000000421e-01
9.908000000000000140e-01
9.903499999999999526e-01
9.895899999999999697e-01
9.903199999999999781e-01
9.900900000000000256e-01
9.903600000000000181e-01
9.900900000000000256e-01
9.903399999999999981e-01
9.902800000000000491e-01
9.904699999999999616e-01
9.903499999999999526e-01
9.903600000000000181e-01
9.903600000000000181e-01
9.897599999999999731e-01
9.900099999999999456e-01
9.905000000000000471e-01
9.903699999999999726e-01
9.905500000000000416e-01
9.906199999999999450e-01
9.899299999999999766e-01
9.899999999999999911e-01
9.904500000000000526e-01
9.903300000000000436e-01
9.902300000000000546e-01
9.903899999999999926e-01
9.905500000000000416e-01
9.895699999999999497e-01
9.907099999999999795e-01
9.897700000000000387e-01
9.907299999999999995e-01
9.903100000000000236e-01
9.901699999999999946e-01
9.903800000000000381e-01
9.902600000000000291e-01
9.901900000000000146e-01
9.901900000000000146e-01
9.905699999999999505e-01
9.901999999999999691e-01
9.907399999999999540e-01
9.904600000000000071e-01
9.905599999999999961e-01
9.903999999999999471e-01
9.902499999999999636e-01
9.907799999999999940e-01
9.904699999999999616e-01
9.907700000000000395e-01
9.904800000000000271e-01
9.899299999999999766e-01
9.900999999999999801e-01
9.903199999999999781e-01
9.904300000000000326e-01
9.904699999999999616e-01
9.902999999999999581e-01
9.907099999999999795e-01
9.904100000000000126e-01
9.905500000000000416e-01
9.908099999999999685e-01
9.906099999999999905e-01
9.903699999999999726e-01
9.905800000000000161e-01
9.906899999999999595e-01
9.905199999999999561e-01
9.905899999999999705e-01
9.904800000000000271e-01
9.903699999999999726e-01
9.909599999999999520e-01
9.904699999999999616e-01
9.909499999999999975e-01
9.908599999999999630e-01
9.909799999999999720e-01
9.901999999999999691e-01
9.905100000000000016e-01
9.904600000000000071e-01
9.906500000000000306e-01
9.906800000000000050e-01
9.903399999999999981e-01
9.907799999999999940e-01
9.906800000000000050e-01
9.904800000000000271e-01
9.906800000000000050e-01
9.906500000000000306e-01
9.908099999999999685e-01
9.908000000000000140e-01
9.906199999999999450e-01
9.906000000000000361e-01
9.903199999999999781e-01
9.908900000000000485e-01
9.903699999999999726e-01
9.906099999999999905e-01
9.904800000000000271e-01
9.910200000000000120e-01
9.907399999999999540e-01
9.912600000000000300e-01
9.913199999999999790e-01
9.904699999999999616e-01
9.908099999999999685e-01
9.906899999999999595e-01
9.906199999999999450e-01
9.905699999999999505e-01
9.907299999999999995e-01
9.905899999999999705e-01
9.905800000000000161e-01
9.908500000000000085e-01
9.909900000000000375e-01
9.909299999999999775e-01
9.902400000000000091e-01
9.912400000000000100e-01
9.906300000000000106e-01
9.909299999999999775e-01
9.907899999999999485e-01
9.913499999999999535e-01
9.903199999999999781e-01
9.904500000000000526e-01
9.906300000000000106e-01
9.912800000000000500e-01
9.908700000000000285e-01
9.909999999999999920e-01
9.909200000000000230e-01
9.906599999999999850e-01
9.907899999999999485e-01
9.910600000000000520e-01
9.908799999999999830e-01
9.907799999999999940e-01
9.909099999999999575e-01
