1.512499999999999956e-01
1.512499999999999956e-01
1.539999999999999980e-01
1.539999999999999980e-01
1.519999999999999962e-01
1.532499999999999973e-01
1.542499999999999982e-01
1.532499999999999973e-01
1.544999999999999984e-01
1.522499999999999964e-01
1.544999999999999984e-01
1.489999999999999936e-01
1.534999999999999976e-01
1.532499999999999973e-01
1.542499999999999982e-01
1.519999999999999962e-01
1.529999999999999971e-01
1.519999999999999962e-01
1.537499999999999978e-01
1.527499999999999969e-01
1.529999999999999971e-01
1.542499999999999982e-01
1.522499999999999964e-01
1.519999999999999962e-01
1.529999999999999971e-01
1.532499999999999973e-01
1.522499999999999964e-01
1.532499999999999973e-01
1.514999999999999958e-01
1.527499999999999969e-01
1.529999999999999971e-01
1.544999999999999984e-01
1.524999999999999967e-01
1.524999999999999967e-01
1.509999999999999953e-01
1.524999999999999967e-01
1.547499999999999987e-01
1.537499999999999978e-01
1.529999999999999971e-01
1.519999999999999962e-01
1.534999999999999976e-01
1.532499999999999973e-01
1.514999999999999958e-01
1.527499999999999969e-01
1.529999999999999971e-01
1.552499999999999991e-01
1.539999999999999980e-01
1.534999999999999976e-01
1.537499999999999978e-01
1.532499999999999973e-01
1.524999999999999967e-01
1.532499999999999973e-01
1.542499999999999982e-01
1.529999999999999971e-01
1.544999999999999984e-01
1.537499999999999978e-01
1.539999999999999980e-01
1.547499999999999987e-01
1.527499999999999969e-01
1.544999999999999984e-01
1.532499999999999973e-01
1.552499999999999991e-01
1.542499999999999982e-01
1.542499999999999982e-01
1.549999999999999989e-01
1.547499999999999987e-01
1.537499999999999978e-01
1.539999999999999980e-01
1.547499999999999987e-01
1.547499999999999987e-01
1.544999999999999984e-01
1.539999999999999980e-01
1.544999999999999984e-01
1.534999999999999976e-01
1.532499999999999973e-01
1.534999999999999976e-01
1.549999999999999989e-01
1.537499999999999978e-01
1.537499999999999978e-01
1.549999999999999989e-01
1.544999999999999984e-01
1.534999999999999976e-01
1.549999999999999989e-01
1.544999999999999984e-01
1.542499999999999982e-01
1.547499999999999987e-01
1.542499999999999982e-01
1.552499999999999991e-01
1.552499999999999991e-01
1.559999999999999998e-01
1.547499999999999987e-01
1.552499999999999991e-01
1.542499999999999982e-01
1.539999999999999980e-01
1.554999999999999993e-01
1.554999999999999993e-01
1.547499999999999987e-01
1.547499999999999987e-01
1.549999999999999989e-01
1.547499999999999987e-01
1.549999999999999989e-01
1.552499999999999991e-01
1.547499999999999987e-01
1.552499999999999991e-01
1.552499999999999991e-01
1.549999999999999989e-01
1.544999999999999984e-01
1.547499999999999987e-01
1.549999999999999989e-01
1.549999999999999989e-01
1.552499999999999991e-01
1.552499999999999991e-01
1.549999999999999989e-01
1.547499999999999987e-01
1.547499999999999987e-01
1.549999999999999989e-01
1.544999999999999984e-01
1.544999999999999984e-01
1.544999999999999984e-01
1.547499999999999987e-01
1.549999999999999989e-01
1.549999999999999989e-01
1.547499999999999987e-01
1.549999999999999989e-01
1.547499999999999987e-01
1.547499999999999987e-01
1.547499999999999987e-01
1.547499999999999987e-01
1.552499999999999991e-01
1.549999999999999989e-01
1.547499999999999987e-01
1.549999999999999989e-01
1.552499999999999991e-01
1.547499999999999987e-01
1.547499999999999987e-01
1.547499999999999987e-01
1.547499999999999987e-01
1.549999999999999989e-01
1.552499999999999991e-01
1.547499999999999987e-01
1.549999999999999989e-01
1.549999999999999989e-01
1.557499999999999996e-01
1.544999999999999984e-01
1.552499999999999991e-01
1.552499999999999991e-01
1.554999999999999993e-01
1.539999999999999980e-01
1.554999999999999993e-01
1.554999999999999993e-01
1.549999999999999989e-01
1.549999999999999989e-01
1.547499999999999987e-01
1.554999999999999993e-01
1.547499999999999987e-01
1.544999999999999984e-01
1.549999999999999989e-01
1.542499999999999982e-01
1.557499999999999996e-01
1.542499999999999982e-01
1.542499999999999982e-01
1.544999999999999984e-01
1.544999999999999984e-01
1.554999999999999993e-01
1.547499999999999987e-01
1.552499999999999991e-01
1.539999999999999980e-01
1.539999999999999980e-01
1.542499999999999982e-01
1.532499999999999973e-01
1.552499999999999991e-01
1.542499999999999982e-01
1.544999999999999984e-01
1.529999999999999971e-01
1.544999999999999984e-01
1.552499999999999991e-01
1.529999999999999971e-01
1.529999999999999971e-01
1.537499999999999978e-01
1.539999999999999980e-01
1.537499999999999978e-01
1.542499999999999982e-01
1.542499999999999982e-01
1.537499999999999978e-01
1.539999999999999980e-01
1.537499999999999978e-01
1.549999999999999989e-01
1.532499999999999973e-01
1.547499999999999987e-01
1.537499999999999978e-01
1.544999999999999984e-01
1.537499999999999978e-01
1.539999999999999980e-01
1.544999999999999984e-01
1.524999999999999967e-01
1.542499999999999982e-01
1.552499999999999991e-01
1.552499999999999991e-01
1.537499999999999978e-01
1.542499999999999982e-01
1.542499999999999982e-01
1.542499999999999982e-01
1.542499999999999982e-01
1.529999999999999971e-01
1.534999999999999976e-01
1.534999999999999976e-01
1.549999999999999989e-01
1.529999999999999971e-01
1.534999999999999976e-01
1.544999999999999984e-01
1.524999999999999967e-01
1.527499999999999969e-01
1.537499999999999978e-01
1.537499999999999978e-01
1.524999999999999967e-01
1.547499999999999987e-01
1.532499999999999973e-01
1.527499999999999969e-01
1.544999999999999984e-01
1.534999999999999976e-01
1.537499999999999978e-01
1.512499999999999956e-01
1.539999999999999980e-01
1.542499999999999982e-01
1.519999999999999962e-01
1.519999999999999962e-01
1.527499999999999969e-01
1.537499999999999978e-01
1.522499999999999964e-01
1.527499999999999969e-01
1.517499999999999960e-01
1.539999999999999980e-01
1.529999999999999971e-01
1.534999999999999976e-01
1.519999999999999962e-01
1.542499999999999982e-01
1.519999999999999962e-01
1.544999999999999984e-01
1.522499999999999964e-01
1.504999999999999949e-01
1.534999999999999976e-01
1.517499999999999960e-01
1.544999999999999984e-01
1.527499999999999969e-01
1.519999999999999962e-01
1.542499999999999982e-01
1.512499999999999956e-01
1.519999999999999962e-01
1.522499999999999964e-01
1.512499999999999956e-01
1.524999999999999967e-01
1.532499999999999973e-01
1.524999999999999967e-01
1.524999999999999967e-01
1.542499999999999982e-01
1.534999999999999976e-01
1.527499999999999969e-01
1.534999999999999976e-01
1.542499999999999982e-01
1.522499999999999964e-01
1.532499999999999973e-01
1.507499999999999951e-01
1.529999999999999971e-01
1.539999999999999980e-01
1.514999999999999958e-01
1.524999999999999967e-01
1.524999999999999967e-01
1.544999999999999984e-01
1.529999999999999971e-01
1.524999999999999967e-01
1.524999999999999967e-01
1.529999999999999971e-01
1.547499999999999987e-01
1.519999999999999962e-01
1.547499999999999987e-01
1.554999999999999993e-01
1.524999999999999967e-01
1.542499999999999982e-01
1.549999999999999989e-01
1.539999999999999980e-01
1.527499999999999969e-01
1.549999999999999989e-01
1.532499999999999973e-01
1.547499999999999987e-01
1.539999999999999980e-01
1.517499999999999960e-01
1.519999999999999962e-01
1.524999999999999967e-01
1.539999999999999980e-01
1.532499999999999973e-01
1.537499999999999978e-01
1.547499999999999987e-01
1.539999999999999980e-01
1.542499999999999982e-01
1.537499999999999978e-01
1.542499999999999982e-01
1.539999999999999980e-01
1.557499999999999996e-01
1.539999999999999980e-01
1.547499999999999987e-01
1.547499999999999987e-01
1.549999999999999989e-01
1.539999999999999980e-01
1.527499999999999969e-01
1.524999999999999967e-01
1.537499999999999978e-01
1.537499999999999978e-01
1.527499999999999969e-01
1.557499999999999996e-01
1.552499999999999991e-01
1.554999999999999993e-01
1.539999999999999980e-01
1.544999999999999984e-01
1.542499999999999982e-01
1.552499999999999991e-01
1.542499999999999982e-01
1.537499999999999978e-01
1.552499999999999991e-01
1.529999999999999971e-01
1.549999999999999989e-01
1.544999999999999984e-01
1.527499999999999969e-01
1.539999999999999980e-01
1.539999999999999980e-01
1.549999999999999989e-01
1.544999999999999984e-01
1.544999999999999984e-01
1.544999999999999984e-01
1.549999999999999989e-01
1.547499999999999987e-01
1.552499999999999991e-01
1.567500000000000004e-01
1.549999999999999989e-01
1.544999999999999984e-01
1.539999999999999980e-01
1.547499999999999987e-01
1.539999999999999980e-01
1.557499999999999996e-01
1.542499999999999982e-01
1.559999999999999998e-01
1.542499999999999982e-01
1.554999999999999993e-01
1.549999999999999989e-01
1.549999999999999989e-01
1.552499999999999991e-01
1.547499999999999987e-01
1.547499999999999987e-01
1.554999999999999993e-01
1.544999999999999984e-01
1.552499999999999991e-01
1.547499999999999987e-01
1.552499999999999991e-01
1.547499999999999987e-01
1.554999999999999993e-01
1.562500000000000000e-01
1.557499999999999996e-01
1.559999999999999998e-01
1.554999999999999993e-01
1.557499999999999996e-01
1.554999999999999993e-01
1.559999999999999998e-01
1.549999999999999989e-01
1.554999999999999993e-01
1.557499999999999996e-01
1.554999999999999993e-01
1.559999999999999998e-01
1.554999999999999993e-01
1.554999999999999993e-01
1.557499999999999996e-01
1.549999999999999989e-01
1.554999999999999993e-01
1.554999999999999993e-01
1.552499999999999991e-01
1.554999999999999993e-01
1.554999999999999993e-01
1.554999999999999993e-01
1.554999999999999993e-01
1.557499999999999996e-01
1.557499999999999996e-01
1.554999999999999993e-01
1.549999999999999989e-01
1.557499999999999996e-01
1.557499999999999996e-01
1.552499999999999991e-01
1.554999999999999993e-01
1.557499999999999996e-01
1.554999999999999993e-01
1.552499999999999991e-01
1.557499999999999996e-01
1.554999999999999993e-01
1.557499999999999996e-01
1.554999999999999993e-01
1.549999999999999989e-01
1.549999999999999989e-01
1.554999999999999993e-01
1.554999999999999993e-01
1.554999999999999993e-01
1.557499999999999996e-01
1.554999999999999993e-01
1.557499999999999996e-01
1.559999999999999998e-01
1.559999999999999998e-01
1.547499999999999987e-01
1.557499999999999996e-01
1.552499999999999991e-01
1.554999999999999993e-01
1.544999999999999984e-01
1.557499999999999996e-01
1.554999999999999993e-01
1.547499999999999987e-01
1.557499999999999996e-01
1.544999999999999984e-01
1.549999999999999989e-01
1.547499999999999987e-01
1.549999999999999989e-01
1.547499999999999987e-01
1.544999999999999984e-01
1.542499999999999982e-01
1.547499999999999987e-01
1.554999999999999993e-01
1.549999999999999989e-01
1.554999999999999993e-01
1.552499999999999991e-01
1.537499999999999978e-01
1.547499999999999987e-01
1.539999999999999980e-01
1.534999999999999976e-01
1.539999999999999980e-01
1.552499999999999991e-01
1.554999999999999993e-01
1.542499999999999982e-01
1.537499999999999978e-01
1.542499999999999982e-01
1.534999999999999976e-01
1.544999999999999984e-01
1.542499999999999982e-01
1.549999999999999989e-01
1.552499999999999991e-01
1.539999999999999980e-01
1.534999999999999976e-01
1.537499999999999978e-01
1.549999999999999989e-01
1.547499999999999987e-01
1.549999999999999989e-01
1.537499999999999978e-01
1.544999999999999984e-01
1.539999999999999980e-01
1.532499999999999973e-01
1.547499999999999987e-01
1.539999999999999980e-01
1.534999999999999976e-01
1.532499999999999973e-01
1.542499999999999982e-01
1.542499999999999982e-01
1.534999999999999976e-01
1.524999999999999967e-01
1.539999999999999980e-01
1.547499999999999987e-01
1.542499999999999982e-01
1.537499999999999978e-01
1.532499999999999973e-01
1.537499999999999978e-01
1.529999999999999971e-01
1.544999999999999984e-01
1.517499999999999960e-01
1.527499999999999969e-01
1.537499999999999978e-01
1.527499999999999969e-01
1.539999999999999980e-01
1.532499999999999973e-01
1.524999999999999967e-01
1.527499999999999969e-01
1.539999999999999980e-01
1.554999999999999993e-01
1.537499999999999978e-01
1.534999999999999976e-01
1.537499999999999978e-01
1.532499999999999973e-01
1.512499999999999956e-01
1.549999999999999989e-01
1.544999999999999984e-01
1.534999999999999976e-01
1.529999999999999971e-01
1.522499999999999964e-01
1.514999999999999958e-01
1.527499999999999969e-01
1.507499999999999951e-01
1.534999999999999976e-01
1.537499999999999978e-01
1.524999999999999967e-01
1.542499999999999982e-01
1.522499999999999964e-01
1.534999999999999976e-01
1.549999999999999989e-01
1.519999999999999962e-01
1.552499999999999991e-01
1.544999999999999984e-01
1.524999999999999967e-01
1.504999999999999949e-01
1.537499999999999978e-01
1.534999999999999976e-01
1.544999999999999984e-01
1.527499999999999969e-01
1.524999999999999967e-01
1.529999999999999971e-01
1.519999999999999962e-01
1.527499999999999969e-01
1.522499999999999964e-01
1.534999999999999976e-01
1.502499999999999947e-01
1.539999999999999980e-01
1.542499999999999982e-01
1.514999999999999958e-01
1.522499999999999964e-01
1.514999999999999958e-01
1.519999999999999962e-01
1.547499999999999987e-01
1.537499999999999978e-01
1.527499999999999969e-01
1.532499999999999973e-01
1.529999999999999971e-01
1.542499999999999982e-01
1.537499999999999978e-01
1.534999999999999976e-01
1.534999999999999976e-01
1.539999999999999980e-01
1.539999999999999980e-01
1.539999999999999980e-01
1.547499999999999987e-01
1.534999999999999976e-01
1.534999999999999976e-01
1.542499999999999982e-01
1.539999999999999980e-01
1.534999999999999976e-01
1.542499999999999982e-01
1.549999999999999989e-01
1.537499999999999978e-01
1.542499999999999982e-01
1.537499999999999978e-01
1.539999999999999980e-01
1.542499999999999982e-01
1.542499999999999982e-01
1.539999999999999980e-01
1.537499999999999978e-01
1.554999999999999993e-01
1.529999999999999971e-01
1.532499999999999973e-01
1.544999999999999984e-01
1.534999999999999976e-01
1.532499999999999973e-01
1.529999999999999971e-01
1.544999999999999984e-01
1.532499999999999973e-01
1.539999999999999980e-01
1.549999999999999989e-01
1.554999999999999993e-01
1.547499999999999987e-01
1.542499999999999982e-01
1.532499999999999973e-01
1.532499999999999973e-01
1.534999999999999976e-01
1.534999999999999976e-01
1.552499999999999991e-01
1.534999999999999976e-01
1.552499999999999991e-01
1.544999999999999984e-01
1.552499999999999991e-01
1.552499999999999991e-01
1.542499999999999982e-01
1.557499999999999996e-01
1.542499999999999982e-01
1.552499999999999991e-01
1.539999999999999980e-01
1.547499999999999987e-01
1.542499999999999982e-01
1.554999999999999993e-01
1.544999999999999984e-01
1.549999999999999989e-01
1.544999999999999984e-01
1.547499999999999987e-01
1.542499999999999982e-01
1.549999999999999989e-01
1.537499999999999978e-01
1.542499999999999982e-01
1.547499999999999987e-01
1.554999999999999993e-01
1.547499999999999987e-01
1.542499999999999982e-01
1.547499999999999987e-01
1.559999999999999998e-01
1.544999999999999984e-01
1.544999999999999984e-01
1.552499999999999991e-01
1.554999999999999993e-01
1.552499999999999991e-01
1.552499999999999991e-01
1.557499999999999996e-01
1.549999999999999989e-01
1.552499999999999991e-01
1.554999999999999993e-01
1.554999999999999993e-01
1.557499999999999996e-01
1.547499999999999987e-01
1.559999999999999998e-01
1.544999999999999984e-01
1.552499999999999991e-01
1.557499999999999996e-01
1.552499999999999991e-01
1.547499999999999987e-01
1.557499999999999996e-01
1.557499999999999996e-01
1.552499999999999991e-01
1.554999999999999993e-01
1.549999999999999989e-01
1.549999999999999989e-01
1.547499999999999987e-01
1.547499999999999987e-01
1.554999999999999993e-01
1.557499999999999996e-01
1.549999999999999989e-01
1.554999999999999993e-01
1.554999999999999993e-01
1.554999999999999993e-01
1.552499999999999991e-01
1.552499999999999991e-01
1.552499999999999991e-01
1.552499999999999991e-01
1.557499999999999996e-01
1.554999999999999993e-01
1.552499999999999991e-01
1.549999999999999989e-01
1.552499999999999991e-01
1.552499999999999991e-01
1.549999999999999989e-01
1.554999999999999993e-01
1.552499999999999991e-01
1.554999999999999993e-01
1.554999999999999993e-01
1.552499999999999991e-01
1.557499999999999996e-01
1.554999999999999993e-01
1.557499999999999996e-01
1.552499999999999991e-01
1.549999999999999989e-01
1.552499999999999991e-01
1.554999999999999993e-01
1.557499999999999996e-01
1.565000000000000002e-01
1.557499999999999996e-01
1.552499999999999991e-01
1.547499999999999987e-01
1.547499999999999987e-01
1.549999999999999989e-01
1.554999999999999993e-01
1.557499999999999996e-01
1.552499999999999991e-01
1.549999999999999989e-01
1.539999999999999980e-01
1.559999999999999998e-01
1.552499999999999991e-01
1.557499999999999996e-01
1.554999999999999993e-01
1.557499999999999996e-01
1.542499999999999982e-01
1.544999999999999984e-01
1.547499999999999987e-01
1.542499999999999982e-01
1.537499999999999978e-01
1.544999999999999984e-01
1.549999999999999989e-01
1.542499999999999982e-01
1.552499999999999991e-01
1.565000000000000002e-01
1.544999999999999984e-01
1.552499999999999991e-01
1.559999999999999998e-01
1.547499999999999987e-01
1.539999999999999980e-01
1.547499999999999987e-01
1.542499999999999982e-01
1.554999999999999993e-01
1.554999999999999993e-01
1.559999999999999998e-01
1.549999999999999989e-01
1.529999999999999971e-01
1.549999999999999989e-01
1.552499999999999991e-01
1.544999999999999984e-01
1.537499999999999978e-01
1.534999999999999976e-01
1.547499999999999987e-01
1.547499999999999987e-01
1.554999999999999993e-01
1.552499999999999991e-01
1.557499999999999996e-01
1.552499999999999991e-01
1.547499999999999987e-01
1.554999999999999993e-01
1.567500000000000004e-01
1.547499999999999987e-01
1.529999999999999971e-01
1.522499999999999964e-01
1.537499999999999978e-01
1.537499999999999978e-01
1.534999999999999976e-01
1.575000000000000011e-01
1.544999999999999984e-01
1.534999999999999976e-01
1.524999999999999967e-01
1.534999999999999976e-01
1.544999999999999984e-01
1.532499999999999973e-01
1.534999999999999976e-01
1.527499999999999969e-01
1.529999999999999971e-01
1.549999999999999989e-01
1.527499999999999969e-01
1.529999999999999971e-01
1.542499999999999982e-01
1.547499999999999987e-01
1.542499999999999982e-01
1.542499999999999982e-01
1.522499999999999964e-01
1.549999999999999989e-01
1.527499999999999969e-01
1.519999999999999962e-01
1.539999999999999980e-01
1.562500000000000000e-01
1.534999999999999976e-01
1.539999999999999980e-01
1.527499999999999969e-01
1.522499999999999964e-01
1.542499999999999982e-01
1.570000000000000007e-01
1.524999999999999967e-01
1.542499999999999982e-01
1.539999999999999980e-01
1.547499999999999987e-01
1.522499999999999964e-01
1.542499999999999982e-01
1.527499999999999969e-01
1.517499999999999960e-01
1.539999999999999980e-01
1.557499999999999996e-01
1.547499999999999987e-01
1.537499999999999978e-01
1.537499999999999978e-01
1.532499999999999973e-01
1.524999999999999967e-01
1.532499999999999973e-01
1.527499999999999969e-01
1.549999999999999989e-01
1.524999999999999967e-01
1.534999999999999976e-01
1.554999999999999993e-01
1.544999999999999984e-01
1.527499999999999969e-01
1.554999999999999993e-01
1.542499999999999982e-01
1.552499999999999991e-01
1.552499999999999991e-01
1.529999999999999971e-01
1.532499999999999973e-01
1.552499999999999991e-01
1.534999999999999976e-01
1.549999999999999989e-01
1.519999999999999962e-01
1.547499999999999987e-01
1.547499999999999987e-01
1.532499999999999973e-01
1.537499999999999978e-01
1.542499999999999982e-01
1.532499999999999973e-01
1.529999999999999971e-01
1.542499999999999982e-01
1.542499999999999982e-01
1.539999999999999980e-01
1.537499999999999978e-01
1.529999999999999971e-01
1.552499999999999991e-01
1.537499999999999978e-01
1.529999999999999971e-01
1.542499999999999982e-01
1.549999999999999989e-01
1.544999999999999984e-01
1.532499999999999973e-01
1.532499999999999973e-01
1.529999999999999971e-01
1.557499999999999996e-01
1.539999999999999980e-01
1.539999999999999980e-01
1.529999999999999971e-01
1.529999999999999971e-01
1.547499999999999987e-01
1.544999999999999984e-01
1.552499999999999991e-01
1.524999999999999967e-01
1.537499999999999978e-01
1.539999999999999980e-01
1.549999999999999989e-01
1.524999999999999967e-01
1.542499999999999982e-01
1.534999999999999976e-01
1.534999999999999976e-01
1.549999999999999989e-01
1.567500000000000004e-01
1.549999999999999989e-01
1.554999999999999993e-01
1.547499999999999987e-01
1.529999999999999971e-01
1.542499999999999982e-01
1.544999999999999984e-01
1.557499999999999996e-01
1.549999999999999989e-01
1.547499999999999987e-01
1.542499999999999982e-01
1.539999999999999980e-01
1.544999999999999984e-01
1.557499999999999996e-01
1.549999999999999989e-01
1.552499999999999991e-01
1.542499999999999982e-01
1.549999999999999989e-01
1.542499999999999982e-01
1.552499999999999991e-01
1.557499999999999996e-01
1.534999999999999976e-01
1.554999999999999993e-01
1.549999999999999989e-01
1.554999999999999993e-01
1.547499999999999987e-01
1.539999999999999980e-01
1.554999999999999993e-01
1.552499999999999991e-01
1.562500000000000000e-01
1.552499999999999991e-01
1.552499999999999991e-01
1.549999999999999989e-01
1.552499999999999991e-01
1.549999999999999989e-01
1.552499999999999991e-01
1.549999999999999989e-01
1.549999999999999989e-01
1.552499999999999991e-01
1.547499999999999987e-01
1.554999999999999993e-01
1.552499999999999991e-01
1.544999999999999984e-01
1.547499999999999987e-01
1.557499999999999996e-01
1.549999999999999989e-01
1.557499999999999996e-01
1.559999999999999998e-01
1.544999999999999984e-01
1.549999999999999989e-01
1.552499999999999991e-01
1.554999999999999993e-01
1.554999999999999993e-01
1.557499999999999996e-01
1.549999999999999989e-01
1.552499999999999991e-01
1.549999999999999989e-01
1.544999999999999984e-01
1.547499999999999987e-01
1.549999999999999989e-01
1.552499999999999991e-01
1.549999999999999989e-01
1.552499999999999991e-01
1.552499999999999991e-01
1.547499999999999987e-01
1.549999999999999989e-01
1.549999999999999989e-01
1.554999999999999993e-01
1.552499999999999991e-01
1.557499999999999996e-01
1.554999999999999993e-01
1.554999999999999993e-01
1.549999999999999989e-01
1.557499999999999996e-01
1.549999999999999989e-01
1.544999999999999984e-01
1.557499999999999996e-01
1.552499999999999991e-01
1.557499999999999996e-01
1.549999999999999989e-01
1.554999999999999993e-01
1.554999999999999993e-01
1.549999999999999989e-01
1.547499999999999987e-01
1.549999999999999989e-01
1.557499999999999996e-01
1.547499999999999987e-01
1.554999999999999993e-01
1.549999999999999989e-01
1.554999999999999993e-01
1.549999999999999989e-01
1.554999999999999993e-01
1.549999999999999989e-01
1.554999999999999993e-01
1.554999999999999993e-01
1.547499999999999987e-01
1.552499999999999991e-01
1.554999999999999993e-01
1.554999999999999993e-01
1.552499999999999991e-01
1.549999999999999989e-01
1.554999999999999993e-01
1.552499999999999991e-01
1.547499999999999987e-01
1.544999999999999984e-01
1.554999999999999993e-01
1.544999999999999984e-01
1.547499999999999987e-01
1.552499999999999991e-01
1.542499999999999982e-01
1.549999999999999989e-01
1.557499999999999996e-01
1.549999999999999989e-01
1.549999999999999989e-01
1.547499999999999987e-01
1.552499999999999991e-01
1.552499999999999991e-01
1.557499999999999996e-01
1.552499999999999991e-01
1.554999999999999993e-01
1.559999999999999998e-01
1.552499999999999991e-01
1.552499999999999991e-01
1.552499999999999991e-01
1.554999999999999993e-01
1.542499999999999982e-01
1.549999999999999989e-01
1.539999999999999980e-01
1.549999999999999989e-01
1.552499999999999991e-01
1.549999999999999989e-01
1.539999999999999980e-01
1.554999999999999993e-01
1.554999999999999993e-01
1.544999999999999984e-01
1.544999999999999984e-01
1.534999999999999976e-01
1.547499999999999987e-01
1.549999999999999989e-01
1.557499999999999996e-01
1.517499999999999960e-01
1.534999999999999976e-01
1.549999999999999989e-01
1.527499999999999969e-01
1.537499999999999978e-01
1.524999999999999967e-01
1.539999999999999980e-01
1.547499999999999987e-01
1.542499999999999982e-01
1.537499999999999978e-01
1.537499999999999978e-01
1.544999999999999984e-01
1.542499999999999982e-01
1.527499999999999969e-01
1.557499999999999996e-01
1.549999999999999989e-01
1.534999999999999976e-01
1.534999999999999976e-01
1.532499999999999973e-01
1.529999999999999971e-01
1.565000000000000002e-01
1.539999999999999980e-01
1.554999999999999993e-01
1.517499999999999960e-01
1.542499999999999982e-01
1.542499999999999982e-01
1.539999999999999980e-01
1.537499999999999978e-01
1.527499999999999969e-01
1.539999999999999980e-01
1.534999999999999976e-01
1.519999999999999962e-01
1.539999999999999980e-01
1.532499999999999973e-01
1.552499999999999991e-01
1.559999999999999998e-01
1.537499999999999978e-01
1.542499999999999982e-01
1.537499999999999978e-01
1.532499999999999973e-01
1.534999999999999976e-01
1.532499999999999973e-01
1.549999999999999989e-01
1.524999999999999967e-01
1.539999999999999980e-01
1.519999999999999962e-01
1.539999999999999980e-01
1.532499999999999973e-01
1.537499999999999978e-01
1.554999999999999993e-01
1.544999999999999984e-01
1.534999999999999976e-01
1.544999999999999984e-01
1.552499999999999991e-01
1.549999999999999989e-01
1.567500000000000004e-01
