6.916037201881408691e-01
6.919809579849243164e-01
6.926676034927368164e-01
6.935594975948333740e-01
6.942610144615173340e-01
6.937962174415588379e-01
6.911371946334838867e-01
6.867856383323669434e-01
6.821018755435943604e-01
6.792427599430084229e-01
6.753062307834625244e-01
6.712478995323181152e-01
6.680398285388946533e-01
6.674042940139770508e-01
6.633132994174957275e-01
6.620618700981140137e-01
6.621081829071044922e-01
6.612200140953063965e-01
6.604726612567901611e-01
6.593047976493835449e-01
6.581240296363830566e-01
6.584181487560272217e-01
6.575695276260375977e-01
6.562932729721069336e-01
6.559845805168151855e-01
6.558952629566192627e-01
6.544732451438903809e-01
6.537571549415588379e-01
6.528425216674804688e-01
6.526118516921997070e-01
6.523581445217132568e-01
6.518898606300354004e-01
6.511412262916564941e-01
6.506590247154235840e-01
6.503645181655883789e-01
6.505016088485717773e-01
6.510229110717773438e-01
6.487355828285217285e-01
6.487698554992675781e-01
6.488306224346160889e-01
6.480298340320587158e-01
6.482735276222229004e-01
6.469154953956604004e-01
6.478388011455535889e-01
6.480637490749359131e-01
6.468186974525451660e-01
6.465905308723449707e-01
6.465484499931335449e-01
6.465530693531036377e-01
6.450616121292114258e-01
6.448028087615966797e-01
6.451513171195983887e-01
6.446393430233001709e-01
6.432111263275146484e-01
6.425181925296783447e-01
6.428681313991546631e-01
6.423541903495788574e-01
6.443816721439361572e-01
6.421351134777069092e-01
6.409739851951599121e-01
6.429339647293090820e-01
6.441734731197357178e-01
6.412962675094604492e-01
6.399480700492858887e-01
6.404564678668975830e-01
6.400744318962097168e-01
6.408172547817230225e-01
6.394131481647491455e-01
6.392303705215454102e-01
6.371700763702392578e-01
6.399113237857818604e-01
6.381147205829620361e-01
6.373202204704284668e-01
6.376967430114746094e-01
6.427318453788757324e-01
6.392008066177368164e-01
6.386724710464477539e-01
6.378682255744934082e-01
6.364458799362182617e-01
6.356377899646759033e-01
6.356660127639770508e-01
6.342927217483520508e-01
6.333288848400115967e-01
6.318415403366088867e-01
6.324591040611267090e-01
6.315025985240936279e-01
6.330941021442413330e-01
6.285814642906188965e-01
6.313904523849487305e-01
6.334052681922912598e-01
6.308058500289916992e-01
6.328696012496948242e-01
6.289869844913482666e-01
6.282498538494110107e-01
6.366776525974273682e-01
6.285662055015563965e-01
6.334840059280395508e-01
6.310239136219024658e-01
6.332665681838989258e-01
6.288959383964538574e-01
6.338559687137603760e-01
6.250793337821960449e-01
6.270189881324768066e-01
6.237360835075378418e-01
6.281950473785400391e-01
6.251764297485351562e-01
6.314563453197479248e-01
6.311537623405456543e-01
6.286629438400268555e-01
6.258011758327484131e-01
6.292796134948730469e-01
6.213626265525817871e-01
6.262889802455902100e-01
6.201757490634918213e-01
6.277257800102233887e-01
6.217401921749114990e-01
6.256545186042785645e-01
6.234833300113677979e-01
6.213300526142120361e-01
6.226041018962860107e-01
6.216050982475280762e-01
6.200771629810333252e-01
6.305620074272155762e-01
6.198199987411499023e-01
6.187342405319213867e-01
6.206805109977722168e-01
6.216945052146911621e-01
6.176719069480895996e-01
6.160163581371307373e-01
6.170796155929565430e-01
6.190698146820068359e-01
6.205658316612243652e-01
6.181522011756896973e-01
6.214530766010284424e-01
6.231139302253723145e-01
6.171585023403167725e-01
6.193023920059204102e-01
6.160388588905334473e-01
6.135583817958831787e-01
6.150156855583190918e-01
6.129193305969238281e-01
6.174048483371734619e-01
6.133797764778137207e-01
6.191461682319641113e-01
6.111248135566711426e-01
6.117879152297973633e-01
6.124294400215148926e-01
6.131372153759002686e-01
6.123762130737304688e-01
6.109348535537719727e-01
6.127284467220306396e-01
6.164884865283966064e-01
6.146886646747589111e-01
6.124128699302673340e-01
6.147764921188354492e-01
6.110045015811920166e-01
6.133548319339752197e-01
6.120910942554473877e-01
6.089089214801788330e-01
6.096736490726470947e-01
6.089272201061248779e-01
6.069710254669189453e-01
6.112825572490692139e-01
6.055630445480346680e-01
6.074602603912353516e-01
6.145786643028259277e-01
6.108132004737854004e-01
6.093516945838928223e-01
6.062698364257812500e-01
6.054126918315887451e-01
6.140608787536621094e-01
6.074798703193664551e-01
6.105943620204925537e-01
6.046184599399566650e-01
6.063132882118225098e-01
6.075414121150970459e-01
6.050928235054016113e-01
6.058880984783172607e-01
6.104010939598083496e-01
6.045839190483093262e-01
6.024501323699951172e-01
6.149054765701293945e-01
6.043489575386047363e-01
6.137879490852355957e-01
6.049853265285491943e-01
6.062734425067901611e-01
6.094477772712707520e-01
6.041507124900817871e-01
6.097339391708374023e-01
6.014811992645263672e-01
6.048351228237152100e-01
6.148479580879211426e-01
6.053655743598937988e-01
6.061009764671325684e-01
6.212593317031860352e-01
6.107926964759826660e-01
6.070532500743865967e-01
6.035948991775512695e-01
6.001936793327331543e-01
6.081475019454956055e-01
6.010581552982330322e-01
5.971881747245788574e-01
5.996495783329010010e-01
6.002862453460693359e-01
6.036994755268096924e-01
6.161794662475585938e-01
6.014747321605682373e-01
6.082382798194885254e-01
6.057664752006530762e-01
6.112797260284423828e-01
5.998734235763549805e-01
5.990017056465148926e-01
5.972274839878082275e-01
5.947641134262084961e-01
6.010304093360900879e-01
5.986739099025726318e-01
5.974305868148803711e-01
5.978696942329406738e-01
6.016733646392822266e-01
5.981929004192352295e-01
5.964891612529754639e-01
6.021642982959747314e-01
5.973691940307617188e-01
6.094945371150970459e-01
5.993431806564331055e-01
6.012991070747375488e-01
5.998214781284332275e-01
5.950331091880798340e-01
6.048566699028015137e-01
6.083260774612426758e-01
5.979101657867431641e-01
5.927444696426391602e-01
5.956564545631408691e-01
5.960443913936614990e-01
5.929749608039855957e-01
5.968942642211914062e-01
5.946502685546875000e-01
5.995442271232604980e-01
5.926482081413269043e-01
5.917911231517791748e-01
5.934616923332214355e-01
6.038496792316436768e-01
5.893991291522979736e-01
5.921986699104309082e-01
5.955498814582824707e-01
5.916842818260192871e-01
5.930283069610595703e-01
5.906817913055419922e-01
5.937068164348602295e-01
6.014366447925567627e-01
5.911477208137512207e-01
5.950547158718109131e-01
5.924751162528991699e-01
5.926862061023712158e-01
5.932098627090454102e-01
5.931100845336914062e-01
5.932884812355041504e-01
5.874865949153900146e-01
5.903759598731994629e-01
6.030135750770568848e-01
5.964978933334350586e-01
5.941094160079956055e-01
5.863599777221679688e-01
5.890398025512695312e-01
5.860257446765899658e-01
5.889549851417541504e-01
5.899819731712341309e-01
5.891126692295074463e-01
5.985499322414398193e-01
5.927244722843170166e-01
5.876251459121704102e-01
5.905106067657470703e-01
5.864140391349792480e-01
5.884627699851989746e-01
5.864146053791046143e-01
5.846424996852874756e-01
5.912410020828247070e-01
5.895870923995971680e-01
5.876531004905700684e-01
5.860154330730438232e-01
5.937943458557128906e-01
5.978708267211914062e-01
5.865279436111450195e-01
5.861352682113647461e-01
6.031698584556579590e-01
5.940135121345520020e-01
5.892295837402343750e-01
5.921935141086578369e-01
6.026290953159332275e-01
5.882232189178466797e-01
5.930133461952209473e-01
5.848738551139831543e-01
5.830236673355102539e-01
5.844880044460296631e-01
5.860443115234375000e-01
5.846308171749114990e-01
5.836153030395507812e-01
6.019622087478637695e-01
5.976203680038452148e-01
5.869888961315155029e-01
5.875285267829895020e-01
5.798745751380920410e-01
5.841987431049346924e-01
5.962823331356048584e-01
5.898174643516540527e-01
5.820370614528656006e-01
5.886582434177398682e-01
5.808784365653991699e-01
5.817742347717285156e-01
5.891671776771545410e-01
5.880713462829589844e-01
6.032124459743499756e-01
5.837643146514892578e-01
5.801673233509063721e-01
5.896258056163787842e-01
5.808207988739013672e-01
5.795812606811523438e-01
5.925465822219848633e-01
5.837709009647369385e-01
5.829141139984130859e-01
5.841494202613830566e-01
5.885795056819915771e-01
5.801857709884643555e-01
5.860446989536285400e-01
5.846188664436340332e-01
6.051758527755737305e-01
5.830607712268829346e-01
5.862033963203430176e-01
5.888459384441375732e-01
5.873903036117553711e-01
5.770376920700073242e-01
5.785769820213317871e-01
5.836180150508880615e-01
5.808075964450836182e-01
5.785956680774688721e-01
5.822629034519195557e-01
5.808383524417877197e-01
5.895504653453826904e-01
5.742224156856536865e-01
5.924551486968994141e-01
5.883987545967102051e-01
5.782923698425292969e-01
5.791681408882141113e-01
5.798354446887969971e-01
5.871736109256744385e-01
5.903354287147521973e-01
5.832161307334899902e-01
5.758405327796936035e-01
5.768068134784698486e-01
5.761493742465972900e-01
5.803686082363128662e-01
5.786413550376892090e-01
5.825841724872589111e-01
5.818108916282653809e-01
5.740857720375061035e-01
5.766192674636840820e-01
5.781030654907226562e-01
5.800408720970153809e-01
5.792306661605834961e-01
5.770333707332611084e-01
5.914318263530731201e-01
5.948314368724822998e-01
5.738427937030792236e-01
5.758509337902069092e-01
5.709739327430725098e-01
5.848416090011596680e-01
5.815997123718261719e-01
5.930964648723602295e-01
5.696481466293334961e-01
5.720104873180389404e-01
5.828175246715545654e-01
5.767314434051513672e-01
5.729140639305114746e-01
5.700804889202117920e-01
5.775190591812133789e-01
5.718559622764587402e-01
5.712361335754394531e-01
5.690767765045166016e-01
5.722113251686096191e-01
5.702678859233856201e-01
5.744410157203674316e-01
5.717636942863464355e-01
5.734355747699737549e-01
5.823876857757568359e-01
5.719764232635498047e-01
5.910562574863433838e-01
5.755066871643066406e-01
5.719410479068756104e-01
5.681285262107849121e-01
5.777679085731506348e-01
5.696294903755187988e-01
5.713645219802856445e-01
5.663394033908843994e-01
5.680613517761230469e-01
5.704708099365234375e-01
5.861561596393585205e-01
5.716636180877685547e-01
5.650408267974853516e-01
5.793933272361755371e-01
5.701892077922821045e-01
5.714877247810363770e-01
5.711821615695953369e-01
5.904304385185241699e-01
5.882759094238281250e-01
5.834195017814636230e-01
5.730502605438232422e-01
5.769763290882110596e-01
5.719478130340576172e-01
5.752625167369842529e-01
5.668163299560546875e-01
5.664246678352355957e-01
5.660667419433593750e-01
5.781241059303283691e-01
5.705934166908264160e-01
5.642633438110351562e-01
5.840906798839569092e-01
5.794554352760314941e-01
5.723627507686614990e-01
5.794312655925750732e-01
5.661351978778839111e-01
5.721891820430755615e-01
5.676818490028381348e-01
5.733984112739562988e-01
5.697197020053863525e-01
5.684001147747039795e-01
5.691938996315002441e-01
5.641514956951141357e-01
5.620262920856475830e-01
5.765177607536315918e-01
5.614760518074035645e-01
5.668562650680541992e-01
5.745398402214050293e-01
5.659869015216827393e-01
5.631089210510253906e-01
5.789385735988616943e-01
5.867518782615661621e-01
5.644253194332122803e-01
5.637805163860321045e-01
5.623419582843780518e-01
5.841947495937347412e-01
5.715997517108917236e-01
5.767189860343933105e-01
5.677362084388732910e-01
5.624324679374694824e-01
5.598348081111907959e-01
5.670502185821533203e-01
5.664120018482208252e-01
5.606182217597961426e-01
5.636688470840454102e-01
5.662561953067779541e-01
5.799787044525146484e-01
5.770020484924316406e-01
5.632767677307128906e-01
5.690601468086242676e-01
5.613014101982116699e-01
5.673921108245849609e-01
5.698596239089965820e-01
5.743344426155090332e-01
5.683068335056304932e-01
5.906914472579956055e-01
5.638398528099060059e-01
5.583293437957763672e-01
5.645281076431274414e-01
5.692084133625030518e-01
5.675661861896514893e-01
5.581022202968597412e-01
5.657517611980438232e-01
5.574053525924682617e-01
5.716266632080078125e-01
5.828264653682708740e-01
5.630595386028289795e-01
5.744145214557647705e-01
5.674136281013488770e-01
5.585248470306396484e-01
5.584112405776977539e-01
5.688176751136779785e-01
5.599767565727233887e-01
5.717756152153015137e-01
5.579017102718353271e-01
5.580352544784545898e-01
5.718153417110443115e-01
5.576930940151214600e-01
5.598149597644805908e-01
5.572268366813659668e-01
5.645282864570617676e-01
5.729776322841644287e-01
5.615988075733184814e-01
5.730470418930053711e-01
5.950228869915008545e-01
5.608943700790405273e-01
5.593363642692565918e-01
5.541983544826507568e-01
5.596509873867034912e-01
5.731404721736907959e-01
5.582683980464935303e-01
5.658495426177978516e-01
5.711057782173156738e-01
5.583662092685699463e-01
5.633968114852905273e-01
5.676990151405334473e-01
5.557712912559509277e-01
5.573407113552093506e-01
5.509640574455261230e-01
5.534808039665222168e-01
5.603086948394775391e-01
5.572683811187744141e-01
5.637101233005523682e-01
5.541001856327056885e-01
5.545853972434997559e-01
5.539394021034240723e-01
5.543099641799926758e-01
5.621315240859985352e-01
5.663223266601562500e-01
5.606333613395690918e-01
5.762352943420410156e-01
5.569971799850463867e-01
5.535746812820434570e-01
5.545844733715057373e-01
5.685042738914489746e-01
5.541715919971466064e-01
5.597963929176330566e-01
5.649144351482391357e-01
5.722859501838684082e-01
5.553577244281768799e-01
5.669595897197723389e-01
5.544065237045288086e-01
5.522012710571289062e-01
5.846981704235076904e-01
5.679636001586914062e-01
5.765600204467773438e-01
5.688551068305969238e-01
5.647902786731719971e-01
5.580961704254150391e-01
5.521800220012664795e-01
5.685174465179443359e-01
5.499178767204284668e-01
5.619762837886810303e-01
5.531010031700134277e-01
5.558682382106781006e-01
5.679361820220947266e-01
5.553628206253051758e-01
5.553545355796813965e-01
5.571780204772949219e-01
5.558910965919494629e-01
5.532945096492767334e-01
5.523723959922790527e-01
5.581243038177490234e-01
5.534090995788574219e-01
5.475960969924926758e-01
5.553033947944641113e-01
5.634303390979766846e-01
5.529063940048217773e-01
5.483655929565429688e-01
5.494293570518493652e-01
5.617518424987792969e-01
5.547564923763275146e-01
5.579572021961212158e-01
5.580233037471771240e-01
5.610170066356658936e-01
5.457976460456848145e-01
5.526115596294403076e-01
5.460886955261230469e-01
5.469878911972045898e-01
5.479416847229003906e-01
5.506740808486938477e-01
5.545616745948791504e-01
5.652447938919067383e-01
5.564482212066650391e-01
5.501574277877807617e-01
5.479781031608581543e-01
5.785634815692901611e-01
5.565775036811828613e-01
5.550045371055603027e-01
5.449216663837432861e-01
5.469601154327392578e-01
5.498709678649902344e-01
5.648085474967956543e-01
5.696995556354522705e-01
5.643615722656250000e-01
5.458895862102508545e-01
5.459734797477722168e-01
5.465276241302490234e-01
5.534366667270660400e-01
5.495176911354064941e-01
5.554024577140808105e-01
5.460892319679260254e-01
5.478636324405670166e-01
5.440573692321777344e-01
5.518873035907745361e-01
5.552324056625366211e-01
5.582381486892700195e-01
5.540585815906524658e-01
5.505542159080505371e-01
5.599731802940368652e-01
5.528315901756286621e-01
5.515334308147430420e-01
5.656397342681884766e-01
5.713721513748168945e-01
5.430467426776885986e-01
5.466586053371429443e-01
5.621783733367919922e-01
5.446826815605163574e-01
5.429937243461608887e-01
5.530066788196563721e-01
5.438014864921569824e-01
5.438199043273925781e-01
5.847458243370056152e-01
5.479313731193542480e-01
5.423474311828613281e-01
5.453233718872070312e-01
5.449908375740051270e-01
5.509846806526184082e-01
5.468512177467346191e-01
5.456324815750122070e-01
5.437911748886108398e-01
5.485903024673461914e-01
5.453349053859710693e-01
5.456825792789459229e-01
5.448490977287292480e-01
5.427241027355194092e-01
5.464702248573303223e-01
5.610478222370147705e-01
5.434442162513732910e-01
5.398968458175659180e-01
5.472055077552795410e-01
5.513952970504760742e-01
5.892128348350524902e-01
5.618492066860198975e-01
5.437884926795959473e-01
5.772711932659149170e-01
5.437260866165161133e-01
5.481656789779663086e-01
5.411813259124755859e-01
5.584284961223602295e-01
5.619094073772430420e-01
5.549817383289337158e-01
5.480406582355499268e-01
5.537044405937194824e-01
5.412922203540802002e-01
5.476834774017333984e-01
5.464729964733123779e-01
5.527203679084777832e-01
5.644912123680114746e-01
5.387050509452819824e-01
5.452728271484375000e-01
5.996454656124114990e-01
5.457545518875122070e-01
5.602830946445465088e-01
5.500533282756805420e-01
5.546504259109497070e-01
5.508413314819335938e-01
5.487619042396545410e-01
5.426247417926788330e-01
5.371337532997131348e-01
5.421118140220642090e-01
5.458437502384185791e-01
5.396761000156402588e-01
5.521151125431060791e-01
5.425666570663452148e-01
5.836561024188995361e-01
5.441227555274963379e-01
5.483793616294860840e-01
5.502132773399353027e-01
5.546383261680603027e-01
5.418942570686340332e-01
5.380572974681854248e-01
5.458571612834930420e-01
5.361027121543884277e-01
5.443056821823120117e-01
5.513004958629608154e-01
5.595271885395050049e-01
5.426008999347686768e-01
5.338089764118194580e-01
5.545795559883117676e-01
5.404476523399353027e-01
5.448999106884002686e-01
5.466854870319366455e-01
5.371633768081665039e-01
5.406391322612762451e-01
5.541539788246154785e-01
5.372641682624816895e-01
5.609970092773437500e-01
5.445045530796051025e-01
5.544397532939910889e-01
5.415955185890197754e-01
5.463713407516479492e-01
5.543267130851745605e-01
5.553950667381286621e-01
5.410991907119750977e-01
5.446204841136932373e-01
5.330705046653747559e-01
5.348885953426361084e-01
5.412678420543670654e-01
5.366194844245910645e-01
5.433253049850463867e-01
5.438068509101867676e-01
5.353252589702606201e-01
5.390937030315399170e-01
5.462858676910400391e-01
5.337988138198852539e-01
5.300793945789337158e-01
5.448845326900482178e-01
5.524391829967498779e-01
5.476467907428741455e-01
5.610471665859222412e-01
5.443699359893798828e-01
5.395653247833251953e-01
5.422013998031616211e-01
5.345948338508605957e-01
5.556793212890625000e-01
5.353910624980926514e-01
5.652791261672973633e-01
5.483001470565795898e-01
5.477270483970642090e-01
5.516951680183410645e-01
5.773725509643554688e-01
5.343833267688751221e-01
5.551289021968841553e-01
5.423867106437683105e-01
5.432403683662414551e-01
5.543763637542724609e-01
5.684941709041595459e-01
5.455027222633361816e-01
5.376780331134796143e-01
5.349503159523010254e-01
5.408771336078643799e-01
5.298905968666076660e-01
5.321978032588958740e-01
5.807159245014190674e-01
5.294114947319030762e-01
5.417468547821044922e-01
5.322349667549133301e-01
5.655299425125122070e-01
5.369420051574707031e-01
5.626699924468994141e-01
5.355514883995056152e-01
5.293785929679870605e-01
5.314844250679016113e-01
5.587778985500335693e-01
5.287843942642211914e-01
5.323414206504821777e-01
5.600046217441558838e-01
5.453240275382995605e-01
5.524713695049285889e-01
5.573458075523376465e-01
5.683915913105010986e-01
5.302167832851409912e-01
5.423587560653686523e-01
5.534227490425109863e-01
5.437035262584686279e-01
5.323696136474609375e-01
5.361842513084411621e-01
5.838443636894226074e-01
5.340851545333862305e-01
5.466364026069641113e-01
5.317603945732116699e-01
5.389931499958038330e-01
5.678274929523468018e-01
5.286616981029510498e-01
5.318623483180999756e-01
5.353758931159973145e-01
5.456953048706054688e-01
5.359373092651367188e-01
5.298948884010314941e-01
5.464100837707519531e-01
5.437335371971130371e-01
5.407245755195617676e-01
5.267088115215301514e-01
5.461289882659912109e-01
5.359282195568084717e-01
5.321847796440124512e-01
5.561572909355163574e-01
5.313948094844818115e-01
5.280455946922302246e-01
5.486873388290405273e-01
5.495591163635253906e-01
5.435122847557067871e-01
5.422115921974182129e-01
5.309638381004333496e-01
5.379230380058288574e-01
5.254945456981658936e-01
5.316471457481384277e-01
5.511280894279479980e-01
5.320318043231964111e-01
5.281013846397399902e-01
5.323443412780761719e-01
5.296794176101684570e-01
5.345706939697265625e-01
5.422523021697998047e-01
5.513825416564941406e-01
5.269473493099212646e-01
5.351212620735168457e-01
5.324598252773284912e-01
5.650976002216339111e-01
5.457042157649993896e-01
5.452081561088562012e-01
5.382255911827087402e-01
5.586129426956176758e-01
5.345284342765808105e-01
5.405942797660827637e-01
5.386845469474792480e-01
5.396131277084350586e-01
5.347645878791809082e-01
5.405051410198211670e-01
5.267896652221679688e-01
5.315445065498352051e-01
5.244808495044708252e-01
5.465032160282135010e-01
5.221281647682189941e-01
5.304128527641296387e-01
5.252013206481933594e-01
5.321233272552490234e-01
5.173249244689941406e-01
5.391596257686614990e-01
5.264553725719451904e-01
5.307358503341674805e-01
5.370857715606689453e-01
5.459915399551391602e-01
5.551710724830627441e-01
5.195838809013366699e-01
5.337878465652465820e-01
5.512550473213195801e-01
5.469019711017608643e-01
5.257108211517333984e-01
5.270404219627380371e-01
5.235939621925354004e-01
5.304406285285949707e-01
5.322046875953674316e-01
5.272065103054046631e-01
5.226648747920989990e-01
5.408461689949035645e-01
5.208281278610229492e-01
5.275186598300933838e-01
5.449081957340240479e-01
5.801731646060943604e-01
5.253884196281433105e-01
5.283001661300659180e-01
5.414142906665802002e-01
5.206935703754425049e-01
5.457191467285156250e-01
5.180441141128540039e-01
5.247019529342651367e-01
5.516014695167541504e-01
5.259935855865478516e-01
5.279208421707153320e-01
5.248123109340667725e-01
5.400861799716949463e-01
5.770674347877502441e-01
5.252921283245086670e-01
5.472759306430816650e-01
5.238969922065734863e-01
5.588141083717346191e-01
5.304155349731445312e-01
5.228198766708374023e-01
5.267988741397857666e-01
5.327526926994323730e-01
5.317432284355163574e-01
5.322507619857788086e-01
5.163203477859497070e-01
5.377314090728759766e-01
5.162818729877471924e-01
5.211002230644226074e-01
5.259608328342437744e-01
5.238934755325317383e-01
5.299468636512756348e-01
5.423307716846466064e-01
5.277366042137145996e-01
5.195335745811462402e-01
5.192899107933044434e-01
5.267805457115173340e-01
5.277605950832366943e-01
5.212316811084747314e-01
5.236346125602722168e-01
5.221763253211975098e-01
5.387910604476928711e-01
5.313052535057067871e-01
5.364815294742584229e-01
5.266335606575012207e-01
5.164049565792083740e-01
5.284124612808227539e-01
5.250447690486907959e-01
5.159771442413330078e-01
5.399704277515411377e-01
5.226190388202667236e-01
5.363368391990661621e-01
5.194428861141204834e-01
5.250890851020812988e-01
5.223498046398162842e-01
5.251232087612152100e-01
5.213967263698577881e-01
5.481565594673156738e-01
5.233926773071289062e-01
5.302763879299163818e-01
5.259297788143157959e-01
5.195550322532653809e-01
5.454822480678558350e-01
5.267671346664428711e-01
5.290311276912689209e-01
5.467940270900726318e-01
5.396585762500762939e-01
5.125291347503662109e-01
5.225009024143218994e-01
5.283718407154083252e-01
5.146833658218383789e-01
5.248249471187591553e-01
5.164363980293273926e-01
5.136055052280426025e-01
5.161497592926025391e-01
5.427449941635131836e-01
5.725248157978057861e-01
5.511474907398223877e-01
5.397058129310607910e-01
5.234364569187164307e-01
5.367226302623748779e-01
5.409442484378814697e-01
5.184896588325500488e-01
5.172328948974609375e-01
5.136470198631286621e-01
5.198325514793395996e-01
5.273045301437377930e-01
5.141764581203460693e-01
5.200877189636230469e-01
5.158157050609588623e-01
5.919522345066070557e-01
5.163526833057403564e-01
5.294353365898132324e-01
5.230684876441955566e-01
5.359688401222229004e-01
5.539295375347137451e-01
5.574841499328613281e-01
5.457882285118103027e-01
5.240564346313476562e-01
5.122760832309722900e-01
5.157933831214904785e-01
5.199721455574035645e-01
5.156552195549011230e-01
5.276653766632080078e-01
5.373860895633697510e-01
5.336245596408843994e-01
5.302788317203521729e-01
5.508621931076049805e-01
5.216712653636932373e-01
5.156449675559997559e-01
5.132077932357788086e-01
5.137098133563995361e-01
5.225396454334259033e-01
5.336395204067230225e-01
5.297631025314331055e-01
5.105785429477691650e-01
5.262717008590698242e-01
5.193229317665100098e-01
5.242097675800323486e-01
5.130752325057983398e-01
5.227782130241394043e-01
5.624260306358337402e-01
5.449219644069671631e-01
5.573075413703918457e-01
5.090675354003906250e-01
5.163106620311737061e-01
5.348985791206359863e-01
5.298905074596405029e-01
5.333221554756164551e-01
5.381313860416412354e-01
5.363517999649047852e-01
5.276379883289337158e-01
5.417218208312988281e-01
5.352810621261596680e-01
5.384435355663299561e-01
5.266848206520080566e-01
5.153416693210601807e-01
5.201385617256164551e-01
5.084199011325836182e-01
5.216796994209289551e-01
5.426095426082611084e-01
5.160043239593505859e-01
5.119950175285339355e-01
5.306609272956848145e-01
5.126827359199523926e-01
5.232891440391540527e-01
5.118622481822967529e-01
5.107280910015106201e-01
5.165611505508422852e-01
5.125152170658111572e-01
5.241481959819793701e-01
5.341699421405792236e-01
5.218324959278106689e-01
5.109266638755798340e-01
5.504901707172393799e-01
5.286642014980316162e-01
5.155156552791595459e-01
5.092062950134277344e-01
5.095803141593933105e-01
5.214853286743164062e-01
5.447236895561218262e-01
5.116417407989501953e-01
5.266672968864440918e-01
5.276836454868316650e-01
5.114523470401763916e-01
5.094465613365173340e-01
5.198639035224914551e-01
5.199131071567535400e-01
