3.970769941806793213e-01
3.971964865922927856e-01
3.973961770534515381e-01
3.976961076259613037e-01
3.982318341732025146e-01
3.994938582181930542e-01
4.056671410799026489e-01
4.306652843952178955e-01
4.785523265600204468e-01
5.065468996763229370e-01
4.981916844844818115e-01
4.031692147254943848e-01
3.722159713506698608e-01
3.216802179813385010e-01
3.040750026702880859e-01
2.943832874298095703e-01
2.923401892185211182e-01
2.871715724468231201e-01
2.780352383852005005e-01
2.733086347579956055e-01
2.705267965793609619e-01
2.702957242727279663e-01
2.662444859743118286e-01
2.544868588447570801e-01
2.568770200014114380e-01
2.550412565469741821e-01
2.456028684973716736e-01
2.469749450683593750e-01
2.399699389934539795e-01
2.372733056545257568e-01
2.473687604069709778e-01
2.358532398939132690e-01
2.405239790678024292e-01
2.297034263610839844e-01
2.412602305412292480e-01
2.251488938927650452e-01
2.343052923679351807e-01
2.348217964172363281e-01
2.215124741196632385e-01
2.407684326171875000e-01
2.346103712916374207e-01
2.214613184332847595e-01
2.182974964380264282e-01
2.182759046554565430e-01
2.046001479029655457e-01
2.046625763177871704e-01
2.083117440342903137e-01
2.156860455870628357e-01
2.118486091494560242e-01
1.987713053822517395e-01
2.306468486785888672e-01
2.116701006889343262e-01
1.958527565002441406e-01
1.940699890255928040e-01
2.050672993063926697e-01
1.965305581688880920e-01
2.067135721445083618e-01
1.911889463663101196e-01
1.988374143838882446e-01
2.001986503601074219e-01
1.867801621556282043e-01
1.933156251907348633e-01
2.127121537923812866e-01
1.773781478404998779e-01
1.857361271977424622e-01
1.907522454857826233e-01
2.236283794045448303e-01
1.933876872062683105e-01
1.722457334399223328e-01
1.651651933789253235e-01
1.861020550131797791e-01
1.830581277608871460e-01
1.758035197854042053e-01
1.788028031587600708e-01
1.879844814538955688e-01
1.958504840731620789e-01
1.813821345567703247e-01
1.603435948491096497e-01
1.996359750628471375e-01
1.882656440138816833e-01
1.777806580066680908e-01
1.881758272647857666e-01
1.549688130617141724e-01
1.671069860458374023e-01
1.728081703186035156e-01
1.696594879031181335e-01
1.800933703780174255e-01
1.653102859854698181e-01
1.668352484703063965e-01
1.679417192935943604e-01
1.692825928330421448e-01
1.973649784922599792e-01
1.774833500385284424e-01
1.531425565481185913e-01
1.488948091864585876e-01
1.535242795944213867e-01
1.583316251635551453e-01
1.500505283474922180e-01
1.454939991235733032e-01
1.542382985353469849e-01
1.466891244053840637e-01
1.520524695515632629e-01
1.511934250593185425e-01
2.229579389095306396e-01
2.080713510513305664e-01
1.517094448208808899e-01
1.686539947986602783e-01
2.161421030759811401e-01
1.441195756196975708e-01
1.600518077611923218e-01
1.535464152693748474e-01
1.581507697701454163e-01
1.597493961453437805e-01
1.824331730604171753e-01
1.436452269554138184e-01
1.642548441886901855e-01
1.740687862038612366e-01
1.362660601735115051e-01
1.780644282698631287e-01
1.612532287836074829e-01
1.483534350991249084e-01
1.334701403975486755e-01
1.749531775712966919e-01
1.568859517574310303e-01
1.536221727728843689e-01
1.735378876328468323e-01
1.464432552456855774e-01
1.599081754684448242e-01
1.795837283134460449e-01
1.242664381861686707e-01
1.692383065819740295e-01
1.564432904124259949e-01
2.195379659533500671e-01
1.317802295088768005e-01
1.823117882013320923e-01
1.323808655142784119e-01
1.709923222661018372e-01
1.419201865792274475e-01
1.470234543085098267e-01
1.264536529779434204e-01
1.328192427754402161e-01
1.841449514031410217e-01
1.420282945036888123e-01
1.307913064956665039e-01
1.436918005347251892e-01
1.319979578256607056e-01
1.293359845876693726e-01
1.275349855422973633e-01
2.219823598861694336e-01
1.915557831525802612e-01
1.577153056859970093e-01
1.282473951578140259e-01
1.286897286772727966e-01
1.381622776389122009e-01
1.677181422710418701e-01
1.331960409879684448e-01
1.246018707752227783e-01
1.452146992087364197e-01
1.694014966487884521e-01
1.454529836773872375e-01
1.880792602896690369e-01
1.284223310649394989e-01
1.115631386637687683e-01
1.422508507966995239e-01
2.017626985907554626e-01
1.846870556473731995e-01
1.556875035166740417e-01
1.538087874650955200e-01
1.150035709142684937e-01
1.258967593312263489e-01
1.167197823524475098e-01
1.044329702854156494e-01
1.326110363006591797e-01
1.347674876451492310e-01
1.336728930473327637e-01
1.636034399271011353e-01
1.568090841174125671e-01
1.556328237056732178e-01
1.209625303745269775e-01
1.441388428211212158e-01
1.569159850478172302e-01
1.418415158987045288e-01
1.745987087488174438e-01
1.728043705224990845e-01
1.824137121438980103e-01
1.354876533150672913e-01
1.947392001748085022e-01
1.116181127727031708e-01
1.454203128814697266e-01
1.074671447277069092e-01
1.579815968871116638e-01
1.329310722649097443e-01
1.675407886505126953e-01
1.513060256838798523e-01
1.226146817207336426e-01
1.193936131894588470e-01
1.030034981667995453e-01
1.729813888669013977e-01
1.661092340946197510e-01
1.243761554360389709e-01
1.285482197999954224e-01
1.686882823705673218e-01
1.993544697761535645e-01
1.592906191945075989e-01
1.599153578281402588e-01
1.500194519758224487e-01
1.412028148770332336e-01
1.457873955368995667e-01
1.489217430353164673e-01
1.390057429671287537e-01
1.027172356843948364e-01
1.498828753829002380e-01
2.347435802221298218e-01
1.317683160305023193e-01
1.165754869580268860e-01
1.171112433075904846e-01
1.046223081648349762e-01
1.224722415208816528e-01
9.500493109226226807e-02
1.211007460951805115e-01
1.461663916707038879e-01
1.474140137434005737e-01
1.848035305738449097e-01
9.188642352819442749e-02
1.071723364293575287e-01
1.164621263742446899e-01
1.557229310274124146e-01
1.135908663272857666e-01
9.848722815513610840e-02
1.167650371789932251e-01
1.042893454432487488e-01
1.454734429717063904e-01
1.566478833556175232e-01
1.752017065882682800e-01
1.809323281049728394e-01
1.893002688884735107e-01
1.146578341722488403e-01
1.103922463953495026e-01
1.663845330476760864e-01
1.232925355434417725e-01
9.042978286743164062e-02
1.239909641444683075e-01
1.049375012516975403e-01
9.743268787860870361e-02
1.378711462020874023e-01
8.866390585899353027e-02
1.736592948436737061e-01
9.380686655640602112e-02
1.739871948957443237e-01
9.721940010786056519e-02
1.830453202128410339e-01
1.317550763487815857e-01
1.299370676279067993e-01
1.211970709264278412e-01
1.753657758235931396e-01
1.697760894894599915e-01
1.501993983983993530e-01
1.118812337517738342e-01
1.005316078662872314e-01
1.101847440004348755e-01
1.181311830878257751e-01
1.035789363086223602e-01
9.036065638065338135e-02
1.371500417590141296e-01
1.009744703769683838e-01
1.465455591678619385e-01
1.394194550812244415e-01
9.225040301680564880e-02
9.501182660460472107e-02
1.876532956957817078e-01
1.618311554193496704e-01
1.559078842401504517e-01
2.449739277362823486e-01
1.268601119518280029e-01
1.070267409086227417e-01
1.007032506167888641e-01
1.415737196803092957e-01
1.222295165061950684e-01
1.338549554347991943e-01
1.028021648526191711e-01
1.422447785735130310e-01
1.488646790385246277e-01
9.518035873770713806e-02
1.126368157565593719e-01
1.218211911618709564e-01
1.020962744951248169e-01
9.982815384864807129e-02
1.092634722590446472e-01
9.325978532433509827e-02
1.460114642977714539e-01
9.129199385643005371e-02
1.074678786098957062e-01
1.334354355931282043e-01
8.695614337921142578e-02
1.171910278499126434e-01
1.230561956763267517e-01
8.730559796094894409e-02
7.840827107429504395e-02
1.009369529783725739e-01
9.264145791530609131e-02
1.338003128767013550e-01
1.023805066943168640e-01
8.787776902318000793e-02
7.679539173841476440e-02
1.345420554280281067e-01
1.105149760842323303e-01
9.710911288857460022e-02
1.345504298806190491e-01
1.070089861750602722e-01
1.295097470283508301e-01
1.313589215278625488e-01
1.525104641914367676e-01
1.249362453818321228e-01
1.563434749841690063e-01
1.037264391779899597e-01
1.048275306820869446e-01
1.081258133053779602e-01
1.005222424864768982e-01
9.986853599548339844e-02
1.192046962678432465e-01
9.238569438457489014e-02
1.139563061296939850e-01
1.085927933454513550e-01
9.651716426014900208e-02
1.267924159765243530e-01
1.153237521648406982e-01
1.080430895090103149e-01
9.698296338319778442e-02
7.529311254620552063e-02
1.690395623445510864e-01
1.824689880013465881e-01
1.716642975807189941e-01
1.227694638073444366e-01
1.066775396466255188e-01
1.508723795413970947e-01
9.988014027476310730e-02
1.862158030271530151e-01
1.301347091794013977e-01
1.471893340349197388e-01
1.080136299133300781e-01
1.450371146202087402e-01
2.246535867452621460e-01
1.916005685925483704e-01
1.190357170999050140e-01
1.263360604643821716e-01
1.675158813595771790e-01
1.587034165859222412e-01
1.923557072877883911e-01
8.661885559558868408e-02
1.530752852559089661e-01
1.252738200128078461e-01
9.896369650959968567e-02
1.244339868426322937e-01
9.520304948091506958e-02
1.361691057682037354e-01
2.055397182703018188e-01
9.481900930404663086e-02
1.063658818602561951e-01
1.197036579251289368e-01
1.147963702678680420e-01
7.699323445558547974e-02
1.428842246532440186e-01
9.505267813801765442e-02
9.438248351216316223e-02
1.123415119946002960e-01
1.065967977046966553e-01
1.333414837718009949e-01
8.265462517738342285e-02
9.494879469275474548e-02
8.428110182285308838e-02
7.092566788196563721e-02
7.533403486013412476e-02
1.263399198651313782e-01
1.513122692704200745e-01
1.004780679941177368e-01
8.261583745479583740e-02
9.191387146711349487e-02
1.092137321829795837e-01
9.915860742330551147e-02
1.165169104933738708e-01
1.349636912345886230e-01
8.367781713604927063e-02
1.161851063370704651e-01
1.027987599372863770e-01
9.417666867375373840e-02
9.972657263278961182e-02
1.997818946838378906e-01
8.711373060941696167e-02
1.167245097458362579e-01
7.972876727581024170e-02
1.142842657864093781e-01
1.439190432429313660e-01
8.564434945583343506e-02
1.902732104063034058e-01
1.067753769457340240e-01
9.837853163480758667e-02
2.200703397393226624e-01
8.514342084527015686e-02
1.932143121957778931e-01
1.409483999013900757e-01
1.105568148195743561e-01
8.086662366986274719e-02
1.157667785882949829e-01
7.885390520095825195e-02
9.052011743187904358e-02
1.553803160786628723e-01
1.334908157587051392e-01
1.147685945034027100e-01
7.764130830764770508e-02
7.789821922779083252e-02
1.314464360475540161e-01
9.888052567839622498e-02
1.745331808924674988e-01
1.468909010291099548e-01
1.250267699360847473e-01
1.187204234302043915e-01
1.067652478814125061e-01
1.438853517174720764e-01
9.095233306288719177e-02
7.660175114870071411e-02
8.283375948667526245e-02
1.135728955268859863e-01
1.130969785153865814e-01
9.559050202369689941e-02
8.466818928718566895e-02
1.266367137432098389e-01
9.093568846583366394e-02
1.587268263101577759e-01
1.884476169943809509e-01
8.842696622014045715e-02
1.193528845906257629e-01
1.339759603142738342e-01
1.168489754199981689e-01
1.357785239815711975e-01
1.682037264108657837e-01
1.945787444710731506e-01
1.034025140106678009e-01
1.104992069303989410e-01
7.602730765938758850e-02
1.064965724945068359e-01
8.334261178970336914e-02
6.963855773210525513e-02
1.318664550781250000e-01
1.678492873907089233e-01
1.133055239915847778e-01
1.234523430466651917e-01
1.084890253841876984e-01
1.314541883766651154e-01
1.148476526141166687e-01
8.859780058264732361e-02
1.484897062182426453e-01
1.201116666197776794e-01
1.342976912856101990e-01
1.040635704994201660e-01
1.539391875267028809e-01
8.144718408584594727e-02
1.541029065847396851e-01
9.137909486889839172e-02
1.058195084333419800e-01
1.049899719655513763e-01
1.451509073376655579e-01
9.820175170898437500e-02
8.038029819726943970e-02
1.243709959089756012e-01
1.135517731308937073e-01
7.357286661863327026e-02
1.021359860897064209e-01
9.814518690109252930e-02
2.269826382398605347e-01
2.361656427383422852e-01
1.278038956224918365e-01
9.907324984669685364e-02
1.405510306358337402e-01
1.411622911691665649e-01
8.040644228458404541e-02
1.199894584715366364e-01
8.066564053297042847e-02
8.243474364280700684e-02
1.045098975300788879e-01
1.364699155092239380e-01
1.632301285862922668e-01
1.280244290828704834e-01
9.814538806676864624e-02
7.226527109742164612e-02
7.547979801893234253e-02
8.496740460395812988e-02
9.590267762541770935e-02
1.708974391222000122e-01
9.655122831463813782e-02
1.112873367965221405e-01
6.857396289706230164e-02
1.149028800427913666e-01
1.185245141386985779e-01
1.077063158154487610e-01
1.012651361525058746e-01
9.558992832899093628e-02
1.545924544334411621e-01
1.508693993091583252e-01
7.886944711208343506e-02
9.492804110050201416e-02
9.640334174036979675e-02
1.025679074227809906e-01
8.637477457523345947e-02
1.067832186818122864e-01
8.978106826543807983e-02
1.291725710034370422e-01
1.113916486501693726e-01
1.532602012157440186e-01
6.705651059746742249e-02
1.114438287913799286e-01
1.118936464190483093e-01
1.016821265220642090e-01
7.020811736583709717e-02
1.954749971628189087e-01
1.103340014815330505e-01
9.197318926453590393e-02
7.158076763153076172e-02
1.054814606904983521e-01
1.621778756380081177e-01
1.534882113337516785e-01
9.276335313916206360e-02
8.570078015327453613e-02
1.000818759202957153e-01
1.278747878968715668e-01
7.717639952898025513e-02
1.568640619516372681e-01
1.232939250767230988e-01
8.940497785806655884e-02
9.140179678797721863e-02
1.372949108481407166e-01
9.111718833446502686e-02
9.879726544022560120e-02
8.063852041959762573e-02
9.225212037563323975e-02
8.098851889371871948e-02
6.470013409852981567e-02
6.679605133831501007e-02
6.663537770509719849e-02
8.728340268135070801e-02
1.062611415982246399e-01
7.346254959702491760e-02
8.045645803213119507e-02
1.225723996758460999e-01
1.131688468158245087e-01
8.246421813964843750e-02
1.334109157323837280e-01
1.321289166808128357e-01
1.513803936541080475e-01
1.694383770227432251e-01
1.052947118878364563e-01
1.444342955946922302e-01
1.613637208938598633e-01
1.143780387938022614e-01
1.349260397255420685e-01
9.392814710736274719e-02
2.127952873706817627e-01
7.663613557815551758e-02
8.116684481501579285e-02
9.113135188817977905e-02
7.522821426391601562e-02
1.445999071002006531e-01
1.117953397333621979e-01
9.345355257391929626e-02
6.201869249343872070e-02
1.013615056872367859e-01
1.688734069466590881e-01
1.230395063757896423e-01
6.259378418326377869e-02
9.031353890895843506e-02
7.651096582412719727e-02
1.050091162323951721e-01
7.305599376559257507e-02
1.031896658241748810e-01
8.719436079263687134e-02
6.978517025709152222e-02
9.827173128724098206e-02
1.366419196128845215e-01
8.549429848790168762e-02
1.093995980918407440e-01
1.099388524889945984e-01
1.145760416984558105e-01
1.549375802278518677e-01
6.807691976428031921e-02
7.936105877161026001e-02
8.056686073541641235e-02
8.366237580776214600e-02
9.313001111149787903e-02
6.010726466774940491e-02
6.674156710505485535e-02
1.083106398582458496e-01
8.362385258078575134e-02
1.926403641700744629e-01
9.850635752081871033e-02
8.887963742017745972e-02
9.905137494206428528e-02
7.858717441558837891e-02
9.744435548782348633e-02
7.230226695537567139e-02
7.306010648608207703e-02
6.235475279390811920e-02
7.526637613773345947e-02
6.578637659549713135e-02
6.211968883872032166e-02
1.304156407713890076e-01
1.582164838910102844e-01
8.603267371654510498e-02
6.913414224982261658e-02
1.197052001953125000e-01
8.777423575520515442e-02
8.127878606319427490e-02
1.224799826741218567e-01
1.907626911997795105e-01
7.763884216547012329e-02
6.119233183562755585e-02
1.182261332869529724e-01
7.602845877408981323e-02
8.783727139234542847e-02
6.801814585924148560e-02
8.078492060303688049e-02
1.237101033329963684e-01
1.318895071744918823e-01
7.160197198390960693e-02
7.334674894809722900e-02
9.919881820678710938e-02
7.108263298869132996e-02
6.421279907226562500e-02
1.196242384612560272e-01
1.011818125844001770e-01
7.813714072108268738e-02
7.393114268779754639e-02
1.152081228792667389e-01
9.824075177311897278e-02
6.680605933070182800e-02
8.622934296727180481e-02
8.767179027199745178e-02
7.216106355190277100e-02
8.966062217950820923e-02
6.767440959811210632e-02
6.235438585281372070e-02
6.659284606575965881e-02
6.285423412919044495e-02
8.673557639122009277e-02
7.299729809165000916e-02
8.036651462316513062e-02
1.190125681459903717e-01
1.320944651961326599e-01
9.513007476925849915e-02
8.928408473730087280e-02
7.533933967351913452e-02
6.256639212369918823e-02
9.218832105398178101e-02
1.102438233792781830e-01
7.101148366928100586e-02
5.835539288818836212e-02
1.245972961187362671e-01
6.839978694915771484e-02
7.383823394775390625e-02
6.588659435510635376e-02
6.258527189493179321e-02
9.967483207583427429e-02
9.665146470069885254e-02
9.797354415059089661e-02
7.105548307299613953e-02
1.012245267629623413e-01
6.216147728264331818e-02
8.143547922372817993e-02
1.504811346530914307e-01
1.213507875800132751e-01
1.290281116962432861e-01
6.667554005980491638e-02
6.619425490498542786e-02
8.587567508220672607e-02
1.088703460991382599e-01
9.495072066783905029e-02
1.289544031023979187e-01
7.909557968378067017e-02
7.967655360698699951e-02
1.350196450948715210e-01
8.458490669727325439e-02
7.930233702063560486e-02
6.362237781286239624e-02
7.083902135491371155e-02
1.343910992145538330e-01
1.673996299505233765e-01
1.366509497165679932e-01
6.703377515077590942e-02
9.654103964567184448e-02
7.888818532228469849e-02
9.066144376993179321e-02
1.012125983834266663e-01
9.719394147396087646e-02
1.278977319598197937e-01
7.005755975842475891e-02
1.212662979960441589e-01
1.542915031313896179e-01
8.159035444259643555e-02
7.243902236223220825e-02
9.378848224878311157e-02
1.101284958422183990e-01
1.056081429123878479e-01
7.241792976856231689e-02
9.680325910449028015e-02
7.128986716270446777e-02
9.096717089414596558e-02
9.685906022787094116e-02
6.034145504236221313e-02
8.206002786755561829e-02
8.379491791129112244e-02
9.391236305236816406e-02
1.210829317569732666e-01
9.242670238018035889e-02
7.620372995734214783e-02
1.118499562144279480e-01
1.029573343694210052e-01
7.059463858604431152e-02
8.982336893677711487e-02
5.846986919641494751e-02
7.241148129105567932e-02
8.770750835537910461e-02
6.808865815401077271e-02
1.358427777886390686e-01
7.984194159507751465e-02
8.274149149656295776e-02
1.468517258763313293e-01
6.501619145274162292e-02
9.961919859051704407e-02
6.844105571508407593e-02
6.525391899049282074e-02
5.201670713722705841e-02
8.073349297046661377e-02
6.377015635371208191e-02
7.614445686340332031e-02
6.837784871459007263e-02
5.929224193096160889e-02
9.017707407474517822e-02
5.418813973665237427e-02
6.061214208602905273e-02
1.096973121166229248e-01
1.015982292592525482e-01
6.964555382728576660e-02
8.993936702609062195e-02
8.503142371773719788e-02
1.048232316970825195e-01
7.952297851443290710e-02
9.118876606225967407e-02
7.659657299518585205e-02
9.356062114238739014e-02
5.565964058041572571e-02
1.024253629148006439e-01
8.265247568488121033e-02
7.509100437164306641e-02
5.920700170099735260e-02
7.660949230194091797e-02
1.106928214430809021e-01
6.183272227644920349e-02
9.885926544666290283e-02
1.067066676914691925e-01
1.149163171648979187e-01
1.081023886799812317e-01
9.920678660273551941e-02
7.750990614295005798e-02
9.083281457424163818e-02
9.612230211496353149e-02
8.118004351854324341e-02
6.196902319788932800e-02
9.289104864001274109e-02
6.489002332091331482e-02
9.707604721188545227e-02
9.473012015223503113e-02
8.726855739951133728e-02
1.539190560579299927e-01
7.105768099427223206e-02
6.052785366773605347e-02
5.227493867278099060e-02
7.573990896344184875e-02
7.412180304527282715e-02
6.351305171847343445e-02
8.122929185628890991e-02
1.118677332997322083e-01
1.022410318255424500e-01
6.243089027702808380e-02
5.309610068798065186e-02
7.371475547552108765e-02
1.090950854122638702e-01
1.321906968951225281e-01
5.965333431959152222e-02
5.249693430960178375e-02
8.423336222767829895e-02
6.573278456926345825e-02
7.006800919771194458e-02
6.750077381730079651e-02
6.488567031919956207e-02
5.515397712588310242e-02
7.663184776902198792e-02
9.790234267711639404e-02
1.609220430254936218e-01
7.563180103898048401e-02
8.250739797949790955e-02
5.480040982365608215e-02
6.392328068614006042e-02
5.103060603141784668e-02
6.073487177491188049e-02
5.576564930379390717e-02
5.391037091612815857e-02
7.225416228175163269e-02
6.454264186322689056e-02
1.123489886522293091e-01
9.669743478298187256e-02
1.011625900864601135e-01
1.449944525957107544e-01
1.021449640393257141e-01
9.966621547937393188e-02
7.955403998494148254e-02
5.691282264888286591e-02
5.977518297731876373e-02
9.332731738686561584e-02
1.061944924294948578e-01
5.498245172202587128e-02
6.985601782798767090e-02
8.825666457414627075e-02
6.824869662523269653e-02
7.040978968143463135e-02
8.850531652569770813e-02
6.724965199828147888e-02
5.201642215251922607e-02
6.379827857017517090e-02
1.069327369332313538e-01
6.363432854413986206e-02
7.629703730344772339e-02
1.107906289398670197e-01
8.061163872480392456e-02
7.561323791742324829e-02
6.582286581397056580e-02
9.277800098061561584e-02
6.226986646652221680e-02
5.350604839622974396e-02
6.778690963983535767e-02
5.417452007532119751e-02
5.491440929472446442e-02
5.328563787043094635e-02
8.881688863039016724e-02
9.807389602065086365e-02
6.261120736598968506e-02
1.020841225981712341e-01
9.404581785202026367e-02
7.870538160204887390e-02
5.533978715538978577e-02
6.080123223364353180e-02
5.962046235799789429e-02
6.133232824504375458e-02
7.326109707355499268e-02
8.560934662818908691e-02
8.276121690869331360e-02
1.203665249049663544e-01
1.054422557353973389e-01
1.107723005115985870e-01
1.067303195595741272e-01
5.488751642405986786e-02
5.985665135085582733e-02
6.410690397024154663e-02
8.508370816707611084e-02
8.030276745557785034e-02
9.982628002762794495e-02
8.300136774778366089e-02
6.355329044163227081e-02
5.104887485504150391e-02
8.828301355242729187e-02
6.373453512787818909e-02
6.677316129207611084e-02
6.898899003863334656e-02
7.534351199865341187e-02
8.349678665399551392e-02
9.032814204692840576e-02
1.283097565174102783e-01
6.042596511542797089e-02
7.969964295625686646e-02
1.126333847641944885e-01
1.046553552150726318e-01
6.903881579637527466e-02
6.726166233420372009e-02
5.617981217801570892e-02
4.759954288601875305e-02
6.414946913719177246e-02
8.344368636608123779e-02
1.024574078619480133e-01
1.013282872736454010e-01
7.425760850310325623e-02
5.989669635891914368e-02
6.557845696806907654e-02
9.331177175045013428e-02
9.242963045835494995e-02
7.513301074504852295e-02
7.451042160391807556e-02
6.830024346709251404e-02
5.497661605477333069e-02
5.275529995560646057e-02
1.076533086597919464e-01
6.089561618864536285e-02
6.750036031007766724e-02
8.634364232420921326e-02
1.299625188112258911e-01
1.130129918456077576e-01
7.518187165260314941e-02
7.703769579529762268e-02
6.499174609780311584e-02
5.496763065457344055e-02
5.705068632960319519e-02
5.407190136611461639e-02
5.106216296553611755e-02
5.384332314133644104e-02
6.222436949610710144e-02
8.140389993786811829e-02
6.748573109507560730e-02
6.754828244447708130e-02
7.135065644979476929e-02
7.583807036280632019e-02
1.300611458718776703e-01
6.707297265529632568e-02
6.418492458760738373e-02
6.392588093876838684e-02
5.684189125895500183e-02
1.038557179272174835e-01
5.487659759819507599e-02
5.622445791959762573e-02
6.544452719390392303e-02
5.133683420717716217e-02
7.844368368387222290e-02
5.228728987276554108e-02
1.045487336814403534e-01
8.264781162142753601e-02
8.011663705110549927e-02
1.000339910387992859e-01
6.117784790694713593e-02
8.048333972692489624e-02
8.309610188007354736e-02
7.534207403659820557e-02
9.212252497673034668e-02
6.487058103084564209e-02
7.385862246155738831e-02
8.359646424651145935e-02
5.597890913486480713e-02
1.068650297820568085e-01
6.038939394056797028e-02
1.107791177928447723e-01
6.952011585235595703e-02
5.229372344911098480e-02
6.339975260198116302e-02
6.844270974397659302e-02
8.935040980577468872e-02
9.926094859838485718e-02
7.800003141164779663e-02
1.806238740682601929e-01
5.658325925469398499e-02
8.158667758107185364e-02
5.558511242270469666e-02
6.746020168066024780e-02
7.334892079234123230e-02
5.616180971264839172e-02
6.303980201482772827e-02
1.007873117923736572e-01
5.069049447774887085e-02
6.080203130841255188e-02
6.858462095260620117e-02
5.101170763373374939e-02
5.210068449378013611e-02
5.587187409400939941e-02
7.457280531525611877e-02
5.856899730861186981e-02
5.907266959547996521e-02
1.034011319279670715e-01
6.425231695175170898e-02
4.942674562335014343e-02
6.848282366991043091e-02
7.422053068876266479e-02
6.784597039222717285e-02
6.113806739449501038e-02
6.294221989810466766e-02
8.389699831604957581e-02
5.233188532292842865e-02
6.146083027124404907e-02
5.739480443298816681e-02
5.564328469336032867e-02
5.226303078234195709e-02
6.517618894577026367e-02
6.893691420555114746e-02
5.109138414263725281e-02
5.283288285136222839e-02
9.392140060663223267e-02
1.380617469549179077e-01
7.369312644004821777e-02
6.655887514352798462e-02
6.156658008694648743e-02
8.479904383420944214e-02
5.881197005510330200e-02
6.956871971487998962e-02
6.087881326675415039e-02
5.205949023365974426e-02
7.616127654910087585e-02
5.587545782327651978e-02
6.437845900654792786e-02
5.217932164669036865e-02
