3.618942908942699432e-01
3.030867576599121094e-01
2.682492919266223907e-01
2.422386743128299713e-01
2.207060847431421280e-01
2.018324285745620728e-01
1.841983534395694733e-01
1.682209763675928116e-01
1.536852940917015076e-01
1.400709487497806549e-01
1.274205297231674194e-01
1.161358887329697609e-01
1.074157916009426117e-01
9.678822569549083710e-02
8.850396238267421722e-02
7.937095779925584793e-02
7.180466409772634506e-02
6.512734666466712952e-02
6.038934318348765373e-02
5.410869233310222626e-02
4.902024986222386360e-02
4.369253059849143028e-02
3.946518525481224060e-02
3.508513700217008591e-02
3.205461334437131882e-02
2.951673720963299274e-02
2.759211114607751369e-02
2.581275114789605141e-02
2.403643680736422539e-02
2.094075502827763557e-02
2.049111155793070793e-02
1.874088263139128685e-02
1.682432019151747227e-02
1.511024055071175098e-02
1.392777985893189907e-02
1.292632275726646185e-02
1.255385496187955141e-02
1.140184944961220026e-02
1.047474425286054611e-02
9.779376909136772156e-03
9.225848945789039135e-03
9.186482522636651993e-03
8.372131851501762867e-03
8.377241785638034344e-03
7.279288547579199076e-03
7.125113101210445166e-03
6.526305165607482195e-03
6.320629734545946121e-03
5.823801853694021702e-03
5.764395056758075953e-03
5.998315173201262951e-03
5.118286237120628357e-03
4.780639603268355131e-03
4.753780609462410212e-03
4.721130419056862593e-03
4.271582118235528469e-03
4.036306781927123666e-03
3.837137192022055387e-03
3.706913325004279613e-03
3.687187447212636471e-03
3.506573411868885159e-03
3.409514320082962513e-03
3.207036672392860055e-03
2.953977877041324973e-03
2.729879895923659205e-03
2.874679717933759093e-03
2.639700367581099272e-03
2.588932838989421725e-03
2.612880198284983635e-03
2.442028664518147707e-03
2.323884225916117430e-03
2.285432798089459538e-03
2.355574106331914663e-03
2.103541599353775382e-03
2.263649817905388772e-03
1.982643720111809671e-03
1.867371844127774239e-03
1.864978767116554081e-03
1.736130638164468110e-03
1.768857910064980388e-03
1.694209480774588883e-03
1.685979295871220529e-03
1.704944472294300795e-03
1.678424494457431138e-03
1.653769068070687354e-03
1.472615855163894594e-03
1.506413551396690309e-03
1.444541354430839419e-03
1.321438816376030445e-03
1.360640220809727907e-03
1.262718215002678335e-03
1.248567714355885983e-03
1.246100029675289989e-03
1.281164906686171889e-03
1.227604894666001201e-03
1.226617459906265140e-03
1.332539919530972838e-03
1.128122647060081363e-03
1.045955228619277477e-03
1.033286345773376524e-03
1.007495076919440180e-03
1.030934407026506960e-03
1.006019905616994947e-03
9.644093297538347542e-04
9.547545341774821281e-04
8.708081004442647099e-04
9.017145785037428141e-04
8.860242960508912802e-04
8.449173110420815647e-04
8.111703718896023929e-04
8.249450838775373995e-04
7.678854381083510816e-04
7.700826608925126493e-04
7.426329975714907050e-04
7.685144955758005381e-04
7.868545217206701636e-04
7.360568415606394410e-04
6.863021189928986132e-04
7.450021003023721278e-04
6.788231476093642414e-04
6.795690642320550978e-04
6.885119946673512459e-04
6.703222898067906499e-04
6.429556233342736959e-04
6.190109997987747192e-04
6.205148674780502915e-04
6.145394436316564679e-04
5.918543683947063982e-04
6.072164396755397320e-04
6.193397057359106839e-04
5.638832080876454711e-04
5.245362917776219547e-04
5.139953718753531575e-04
5.453257981571368873e-04
5.258740238787140697e-04
4.962866769346874207e-04
4.808471749129239470e-04
4.841361005674116313e-04
4.743008394143544137e-04
4.510462676989845932e-04
4.880930755462031811e-04
4.518776695476844907e-04
4.686198699346277863e-04
4.495370412769261748e-04
4.699760429502930492e-04
4.522356939560268074e-04
4.244257215759716928e-04
4.586442810250446200e-04
4.170716129010543227e-04
4.037123071611858904e-04
4.185302605037577450e-04
3.778185928240418434e-04
3.744950518012046814e-04
3.864679601974785328e-04
3.875519105349667370e-04
3.593051842472050339e-04
3.718593470694031566e-04
3.559725264494773000e-04
3.454430152487475425e-04
3.422091795073356479e-04
3.535123469191603363e-04
3.406061732675880194e-04
3.676624692161567509e-04
3.262217651354148984e-04
3.513085430313367397e-04
3.244389918108936399e-04
3.256726668041665107e-04
3.222800551156979054e-04
3.206498950021341443e-04
3.154907171847298741e-04
2.863726695068180561e-04
3.127347481495235115e-04
2.952442482637707144e-04
2.784830576274544001e-04
2.741768839769065380e-04
3.102695591223891824e-04
2.868448500521481037e-04
2.821653179125860333e-04
2.613891210785368457e-04
3.050786290259566158e-04
2.705296010390156880e-04
2.596745162009028718e-04
2.721502314670942724e-04
2.798596360662486404e-04
2.407034862699219957e-04
2.516290096536977217e-04
2.545552961237262934e-04
2.479220274835824966e-04
2.314408393431222066e-04
2.382335023867199197e-04
2.298241452081128955e-04
2.556530762376496568e-04
2.216756274719955400e-04
2.447965744067914784e-04
2.195623892475850880e-04
2.128974119841586798e-04
2.290751162945525721e-04
2.096958523907233030e-04
2.148039384337607771e-04
2.247043012175709009e-04
2.099061439366778359e-04
2.004700745601439849e-04
2.144575319107389078e-04
1.927083649206906557e-04
1.962445385288447142e-04
2.003897552640410140e-04
2.031689036812167615e-04
2.128505657310597599e-04
1.894361939775990322e-04
1.886264981294516474e-04
1.813810613384703174e-04
1.724057819956215099e-04
1.877349950518691912e-04
1.800028221623506397e-04
1.762431711540557444e-04
1.860207521531265229e-04
1.596237907506292686e-04
1.723095065244706348e-04
1.644637450226582587e-04
1.792446782928891480e-04
1.756026322254911065e-04
2.044490465777926147e-04
1.613481563254026696e-04
1.697728857834590599e-04
1.841139564930927008e-04
1.630525403015781194e-04
1.594736895640380681e-04
1.478214599046623334e-04
1.637704062886768952e-04
1.434544774383539334e-04
1.548802574689034373e-04
1.426498856744728982e-04
1.529212986497441307e-04
1.446562382625415921e-04
1.450301479053450748e-04
1.579450345161603764e-04
1.468648079026024789e-04
1.354951618850464001e-04
1.355903550575021654e-04
1.451765401725424454e-04
1.330970644630724564e-04
1.383631552016595379e-04
1.290166546823456883e-04
1.313739330726093613e-04
1.398617359882337041e-04
1.281349341297755018e-04
1.387879874528152868e-04
1.401823392370715737e-04
1.208330841109273024e-04
1.305250079894904047e-04
1.275530230486765504e-04
1.125341595979989506e-04
1.229574500030139461e-04
1.355523982056183740e-04
1.212195966218132526e-04
1.186160907309385948e-04
1.101545367419021204e-04
1.140866397690842859e-04
1.166010943052242510e-04
1.197981982841156423e-04
1.124482350860489532e-04
1.149609579442767426e-04
1.041264358718763106e-04
1.060148260876303539e-04
1.131262752096517943e-04
1.045394019456580281e-04
9.793797016754979268e-05
1.097150170608074404e-04
1.013641794997965917e-04
9.985525957745267078e-05
9.773618785402504727e-05
1.063561348928487860e-04
1.010282485367497429e-04
1.005641834126436152e-04
1.036543017107760534e-04
9.419321759196463972e-05
9.490103457210352644e-05
9.848425997915910557e-05
9.388009402755415067e-05
1.098524762710439973e-04
1.120031029131496325e-04
9.308815788244828582e-05
9.292132108384976164e-05
8.498003899148898199e-05
9.063637389772338793e-05
9.500479427515529096e-05
8.782949407759588212e-05
8.554113810532726347e-05
8.478175368509255350e-05
8.535722918168175966e-05
9.244918146578129381e-05
8.620869994047097862e-05
8.190496828319737688e-05
8.719280958757735789e-05
8.381025054404744878e-05
8.194277143047656864e-05
8.747950232645962387e-05
7.641122738277772442e-05
8.781920587352942675e-05
8.202319622796494514e-05
8.535584311175625771e-05
7.418731820507673547e-05
7.783435376040870324e-05
7.371558513113996014e-05
7.891369023127481341e-05
7.900496166257653385e-05
7.234505301312310621e-05
7.352550164796411991e-05
7.200562868092674762e-05
8.417310527875088155e-05
7.435684165102429688e-05
7.013606955297291279e-05
7.313528658414725214e-05
6.989484609221108258e-05
7.256713070091791451e-05
6.924186800461029634e-05
7.026052026049001142e-05
6.842929542472120374e-05
7.362405085586942732e-05
7.364004795817891136e-05
6.470897596955182962e-05
6.514957749459426850e-05
6.692804345220793039e-05
6.553775892825797200e-05
6.661095358140300959e-05
6.893952286191051826e-05
6.282417143665952608e-05
7.078650514813489281e-05
6.144563985799322836e-05
6.461676093749701977e-05
6.397232027666177601e-05
6.388917654476244934e-05
6.666641183983301744e-05
6.332045768431271426e-05
6.202895383466966450e-05
6.065440265956567600e-05
6.036375907569890842e-05
6.347837052089744247e-05
6.303919462880003266e-05
6.359935650834813714e-05
5.831595899508101866e-05
6.106673845351906493e-05
5.653245671055628918e-05
5.664402533511747606e-05
5.623715424007968977e-05
5.420808429335011169e-05
5.315555654306081124e-05
5.847311922480002977e-05
5.185544705454958603e-05
5.983816936350194737e-05
5.603026329481508583e-05
5.410397443483816460e-05
5.573525459112715907e-05
5.015065244151628576e-05
5.404493003879906610e-05
5.632989950754563324e-05
5.721560000893077813e-05
5.092729043099097908e-05
5.045987245466676541e-05
4.946558192386873998e-05
5.071523128208355047e-05
5.052896676716045476e-05
4.745291016661212780e-05
5.262730337562970817e-05
4.810362997886841185e-05
5.074717137176776305e-05
5.171718066776520573e-05
4.788327532878611237e-05
4.971079306415049359e-05
4.676655225921422243e-05
4.861057959715253673e-05
4.652732332033338025e-05
4.686636611950234510e-05
4.535830112217809074e-05
4.917013620797661133e-05
4.423042128109955229e-05
4.625619521902990527e-05
4.493260757953976281e-05
4.845025250688195229e-05
4.411837926454609260e-05
4.460476202439167537e-05
4.459230376596678980e-05
4.238992687533027492e-05
4.348098673290223815e-05
4.241411488692392595e-05
4.421072526383795775e-05
4.296778388379607350e-05
4.178464996584807523e-05
4.031273147120373324e-05
3.900489082298008725e-05
4.314876150601776317e-05
3.764858956856187433e-05
4.245709487804560922e-05
4.303845071262912825e-05
4.177044502284843475e-05
3.954477142542600632e-05
3.925144164895755239e-05
3.827874979833723046e-05
3.641798230091808364e-05
3.777670826821122319e-05
3.677060703921597451e-05
3.766855297726579010e-05
4.094207724847365171e-05
3.810612633969867602e-05
3.808368546742713079e-05
3.852281497529475018e-05
3.757835656870156527e-05
3.897224405591259710e-05
4.183786631983821280e-05
3.656797571238712408e-05
3.756476553462562151e-05
3.604178709792904556e-05
3.572872492441092618e-05
3.794877238760818727e-05
3.487168851279420778e-05
3.581629925974993967e-05
3.525132842696621083e-05
3.427510910114506260e-05
3.760534309549257159e-05
3.605254141803015955e-05
3.674907293316209689e-05
3.230283573429915123e-05
3.582532553991768509e-05
3.249029464313935023e-05
3.393841666365915444e-05
3.315984167784336023e-05
3.401629624022461940e-05
3.202503012289525941e-05
3.316499396532890387e-05
3.550879910108051263e-05
3.444903404670185409e-05
3.527079570631030947e-05
3.592755865611252375e-05
3.099497416769736446e-05
3.138589295303972904e-05
3.074304777328507043e-05
3.192693952769332100e-05
3.084362197114387527e-05
2.934905592155701015e-05
3.176129621351719834e-05
3.005067219419288449e-05
3.071057881243177690e-05
2.971549520225380547e-05
3.042341859327279963e-05
3.060647873098787386e-05
3.059316554754332174e-05
2.952281920443056151e-05
2.885649041672877502e-05
3.082607622673094738e-05
3.344298102092579938e-05
2.988663163705496117e-05
2.757140873654861934e-05
2.803386769301141612e-05
2.770936271190294065e-05
2.765723479569714982e-05
2.668603815436654259e-05
2.834373481164220721e-05
2.594722604953858536e-05
2.838802470250811893e-05
2.611637887639517430e-05
2.748985934886150062e-05
2.639255967551434878e-05
2.707742123675416224e-05
2.688503923309326638e-05
2.703039581319899298e-05
3.018029201484750956e-05
2.464055341988569126e-05
2.800587844831170514e-05
2.665913302735134494e-05
3.127539184788474813e-05
2.802183848871209193e-05
2.888043923121585976e-05
2.484296555849141441e-05
2.457497180330392439e-05
2.588522283986094408e-05
2.360356734243396204e-05
2.467063677613623440e-05
2.272390065627405420e-05
2.603088364594441373e-05
2.400719131401274353e-05
2.317549456165579613e-05
2.541113872212008573e-05
2.359282302677456755e-05
2.166077570109337103e-05
2.318593965355830733e-05
2.286097310388868209e-05
2.459498841744789388e-05
2.461566145939286798e-05
2.417897917439404409e-05
2.253033494525880087e-05
2.225829416602209676e-05
2.256872789985209238e-05
2.127288371411850676e-05
2.237072317257116083e-05
2.158075744773668703e-05
2.213298375863814726e-05
2.332976214347581845e-05
2.092991690005874261e-05
2.129633571712474804e-05
2.135305271622200962e-05
2.045136261585867032e-05
1.959226051440055016e-05
2.205935788879287429e-05
2.131572819052962586e-05
2.024234686359704938e-05
2.206222529821388889e-05
2.111192816300899722e-05
2.325031209693406709e-05
2.131075166289519984e-05
2.235527017546701245e-05
2.213478433077398222e-05
1.944723339875054080e-05
2.140736614819616079e-05
1.929446261783596128e-05
2.372212907175708096e-05
2.200459721279912628e-05
1.944402993103722110e-05
1.979915327865455765e-05
1.960603435691155028e-05
1.853149274211318698e-05
2.071663811875623651e-05
1.884188623080262914e-05
1.863148008851567283e-05
1.732280065880331676e-05
1.902269127640465740e-05
1.858159180301299784e-05
1.947650912370590959e-05
1.858446307778649498e-05
1.809935406527074520e-05
1.785617337191069964e-05
1.771546226336795371e-05
1.713304050099395681e-05
1.981728132705029566e-05
1.965034198292414658e-05
1.780619595592725091e-05
1.830126984714297578e-05
1.665847639742423780e-05
1.689441126018209616e-05
1.704817623249255121e-05
1.914236690936377272e-05
1.718209114187629893e-05
1.886686141006066464e-05
1.776239491846354213e-05
1.876800206446205266e-05
1.614185384823940694e-05
1.723496939121105243e-05
1.558048700189829106e-05
1.745923532325832639e-05
1.640561777094262652e-05
1.629436951589013916e-05
1.567437959693052107e-05
1.626986431801924482e-05
1.709033131191972643e-05
1.630208248570852447e-05
1.835017530993354740e-05
1.671532925229257671e-05
1.551238381125585875e-05
1.584647543495520949e-05
1.501391591318679275e-05
1.466533819893811597e-05
1.610503011306718690e-05
1.608118702733918326e-05
1.695261369150102837e-05
1.441016820535878651e-05
1.473371844440407585e-05
1.480415585319860838e-05
1.777753141141147353e-05
1.426889730282709934e-05
1.433663555872044526e-05
1.451483228720462648e-05
1.489757210038078483e-05
1.512988069407583680e-05
1.459648046875372529e-05
1.535288504328491399e-05
1.620599380203202600e-05
1.585350764798931777e-05
1.412358528796175960e-05
1.421689012204296887e-05
1.518666874744667439e-05
1.429331416602508398e-05
1.430749216524418443e-05
1.677203567851393018e-05
1.415620943134854315e-05
1.552561207063263282e-05
1.528389532268192852e-05
1.341259337550582131e-05
1.459892905586457346e-05
1.397019525484211044e-05
1.417465637132409029e-05
1.505164516402146546e-05
1.375593365082750097e-05
1.291591115659684874e-05
1.500521580055647064e-05
1.251798187240638072e-05
1.308627304297260707e-05
1.482493803450779524e-05
1.256414543604478240e-05
1.314564360654912889e-05
1.383523147069354309e-05
1.255671008948411327e-05
1.347330271528335288e-05
1.324052095696970355e-05
1.320275532634695992e-05
1.323998128555103904e-05
1.185066582820581971e-05
1.362977923236030620e-05
1.564447961754922289e-05
1.519802447091933573e-05
1.277514786579558859e-05
1.293597654239420081e-05
1.270936547825840535e-05
1.256457824183598859e-05
1.294373828386596870e-05
1.350138052202964900e-05
1.236744878951867577e-05
1.228887708748516161e-05
1.285309394916112069e-05
1.533791987640142906e-05
1.265895218693913193e-05
1.185726102903572610e-05
1.252799881967803231e-05
1.148908734194264980e-05
1.194226376810547663e-05
1.076642286079732003e-05
1.083644406207895372e-05
1.074509930276690284e-05
1.324158381521556294e-05
1.257745145721855806e-05
1.128732617416972062e-05
1.111984636281704297e-05
1.101356338040204719e-05
1.131571059431735193e-05
1.064313198639865732e-05
1.100495262562617427e-05
1.156128735146921827e-05
1.090404975911951624e-05
1.334408068487391574e-05
1.070833718586072791e-05
1.165279036285937764e-05
1.122821709031995852e-05
1.049496484029077692e-05
1.076340424788213568e-05
9.930993428497458808e-06
1.113432756483234698e-05
1.009737866297655273e-05
1.049689672072418034e-05
1.003830516310699750e-05
1.013190706089517334e-05
9.854555855781654827e-06
1.039817823311750544e-05
1.088639578483707737e-05
1.036566868606314529e-05
1.050015794135106262e-05
1.033460046073741978e-05
1.150374828284839168e-05
1.023999175231438130e-05
1.149140769030054798e-05
1.015074633414769778e-05
1.019760873077757424e-05
9.659610100243298803e-06
9.819548381528875325e-06
1.063009540303028189e-05
9.766223456608713605e-06
9.341668373963329941e-06
9.510089171271829400e-06
9.836614935920806602e-06
9.468123153055785224e-06
1.045860415160859702e-05
9.525444397695537191e-06
9.906970831252692733e-06
9.463614333071745932e-06
9.745461738930316642e-06
8.974542424766696058e-06
9.561375009070616215e-06
8.910123028726957273e-06
9.166078939415456261e-06
8.924753160499676596e-06
8.640769237899803557e-06
9.257914257432275917e-06
9.674761713540647179e-06
8.853022677612898406e-06
9.811450013330613729e-06
8.557833552913507447e-06
9.114207500715565402e-06
9.922799790729186498e-06
1.020218235225911485e-05
9.422623804766772082e-06
9.422382845514221117e-06
1.015534689940977842e-05
8.659502327645896003e-06
8.370698196813464165e-06
9.436122923034417909e-06
8.314391266139864456e-06
8.682042562213609926e-06
8.797000532467791345e-06
8.972210025603999384e-06
8.364026768958865432e-06
7.996592046310979640e-06
8.579324457969050854e-06
8.121605105770868249e-06
8.431123603713785997e-06
7.976816505106398836e-06
8.012127125311963027e-06
8.239500118634168757e-06
7.886253570177359506e-06
8.507282018399564549e-06
8.838528174237580970e-06
7.854012665120535530e-06
8.056959416080644587e-06
7.795112765052181203e-06
7.912878061233641347e-06
8.383420606605795911e-06
7.538057616329751909e-06
8.376754635719407815e-06
7.710067848165635951e-06
8.108474162327183876e-06
8.719674838175706100e-06
7.520845997532887850e-06
7.300209517779876478e-06
7.452216550518642180e-06
7.501792424591258168e-06
7.317474285173375392e-06
7.507197722134151263e-06
7.684361321480537299e-06
7.477410520095872926e-06
7.467728266874473775e-06
7.970646549892990151e-06
7.659732887077552732e-06
7.706553105890634470e-06
7.847773929370305268e-06
7.113186086371570127e-06
7.062079987463221187e-06
7.550914688181364909e-06
7.364794214481662493e-06
7.318158282032527495e-06
7.913477247711853124e-06
7.604607162647880614e-06
7.029702317140618106e-06
8.201017919873265782e-06
6.933795759778149659e-06
7.011756736119423294e-06
6.958384460631350521e-06
7.776801510317454813e-06
7.496703290144068887e-06
7.259489962052612100e-06
6.758371227988391183e-06
6.844709844244789565e-06
6.615087841055355966e-06
6.467047512614954030e-06
7.123190130187140312e-06
6.822895386449090438e-06
6.868700666018412448e-06
7.340480749462585663e-06
6.133515569217706798e-06
6.690188968150323490e-06
6.457373444845870836e-06
7.772972423936153064e-06
6.882463480906153563e-06
7.239526269131602021e-06
6.236354067823413061e-06
6.655974573277489981e-06
6.406946283732395386e-06
6.388967733528261306e-06
6.092645037369948113e-06
6.731214114097383572e-06
6.441522032218927052e-06
6.451122942507936386e-06
6.503563611204299377e-06
6.366107470512361033e-06
6.280391517066163942e-06
6.215727864855580265e-06
6.181147682582377456e-06
6.412700599867093842e-06
6.133874023817043053e-06
7.864724636874598218e-06
7.487187986043863930e-06
6.137659795513172867e-06
6.057660186797875213e-06
6.277919794683839427e-06
6.037812852355273208e-06
5.775562158305547200e-06
6.292409921115904581e-06
6.015449287133378675e-06
5.526843324332730845e-06
6.105705210757150780e-06
5.655534096149494871e-06
5.748762191615242045e-06
5.805886189591547009e-06
6.134200020824209787e-06
6.316592646271601552e-06
6.030806559920165455e-06
5.895384560972161125e-06
5.837962532950768946e-06
5.328383508640399668e-06
5.787547024738159962e-06
5.841992958721675677e-06
5.810893583202414447e-06
5.677182116414769553e-06
5.548646299757820088e-06
5.310329413532599574e-06
5.217050841110904003e-06
5.535720617899642093e-06
5.654073902405798435e-06
5.562649448620504700e-06
5.327265057530894410e-06
5.469735867791314377e-06
7.350280327500513522e-06
6.057782570678682532e-06
5.545065334899845766e-06
5.311617485403985484e-06
5.241731116711889626e-06
5.409474169937311672e-06
5.206320679462805856e-06
5.086277269583661109e-06
5.470806797802652000e-06
5.518557770756160608e-06
5.446393913643987617e-06
5.897738049043255160e-06
5.520368745237647090e-06
5.021064794163976330e-06
4.749554761929175584e-06
4.896162124623515410e-06
5.370458836750913179e-06
5.248371678590046940e-06
5.369113580400153296e-06
4.774486285441525979e-06
5.238534981799602974e-06
5.678145271303947084e-06
5.344074054391967366e-06
4.754081146529642865e-06
5.318513387919665547e-06
4.857564988469675882e-06
4.676372896028624382e-06
4.933887055358354701e-06
5.040931398525572149e-06
4.687791658852802357e-06
5.353182757517060963e-06
4.944539796269964427e-06
4.928810824367246823e-06
4.510167741500481497e-06
4.668814540309540462e-06
4.480081543078995310e-06
4.738818574878678191e-06
4.872921635978855193e-06
4.992611593479523435e-06
4.400419811645406298e-06
5.568292692714749137e-06
4.737722633763041813e-06
4.476114099816186354e-06
4.716593423381709727e-06
5.198103281145449728e-06
4.426330860951566137e-06
4.138984991186589468e-06
4.671904946462746011e-06
4.514657803156296723e-06
4.318217463605833473e-06
4.629013403700810159e-06
4.613763223915157141e-06
4.265715745077613974e-06
4.473219519240956288e-06
4.274609182175481692e-06
4.161755100540176500e-06
4.616979254024045076e-06
4.186789510640664957e-06
4.368992506442737067e-06
4.187725210158532718e-06
1.522767069189967515e-03
1.791043131379410625e-02
5.628328217426314950e-03
2.310264477273449302e-03
9.014712923089973629e-04
4.304043031879700720e-04
2.878251652873586863e-04
2.033405271504307166e-04
1.450551280868239701e-04
1.354544292553327978e-04
1.286477818212006241e-04
1.047420701070223004e-04
1.100350873457500711e-04
9.850072910921880975e-05
8.962642914411844686e-05
7.715667652519186959e-05
7.653681041119853035e-05
6.550279613293241709e-05
8.204850064430502243e-05
8.797610917099518701e-05
7.465415592378121801e-05
6.312790083029540256e-05
8.188386618712684140e-05
7.759607433399651200e-05
5.911689777349238284e-05
5.055551582699990831e-05
4.874669684795662761e-05
4.828556257052696310e-05
4.952208109898492694e-05
5.548544413613853976e-05
4.320915422795224003e-05
4.655859720514854416e-05
4.364509004517458379e-05
4.178424887868459336e-05
4.615770603777491488e-05
3.816361322606098838e-05
4.712337158707669005e-05
3.697930742418975569e-05
3.621420546551235020e-05
3.641918351604545023e-05
3.562396750567131676e-05
4.785595547218690626e-05
3.293031977591454051e-05
3.569881073417491280e-05
3.512370790303975809e-05
3.138944066449766979e-05
2.829375534929567948e-05
3.704544883476046380e-05
3.537782390594657045e-05
3.232098492844670545e-05
3.092725273745600134e-05
3.055718411815178115e-05
2.889829647756414488e-05
2.679140675354574341e-05
3.088614357693586498e-05
2.977163876494159922e-05
2.804969835779047571e-05
2.915599566222226713e-05
2.919467215178883635e-05
2.970896366605302319e-05
2.865130227291956544e-05
2.479413274159014691e-05
2.678152350199525245e-05
3.384345200174720958e-05
2.329791163901973050e-05
2.637030775076709688e-05
2.761072641987993848e-05
2.379529041718342341e-05
2.230898098787292838e-05
2.451602017572440673e-05
2.908304281845630612e-05
2.772440825538069475e-05
2.469632272550370544e-05
2.502243455637653824e-05
2.596583249214745592e-05
2.304522695339983329e-05
2.123324793501524255e-05
2.926837441918905824e-05
2.044412713075871579e-05
2.115023971782648005e-05
2.077746148643200286e-05
2.137468391083530150e-05
2.080650733660149854e-05
2.204951965723012108e-05
2.045019641627732199e-05
2.620106420181400608e-05
1.925475703501433600e-05
1.900749748529051431e-05
1.909756269924400840e-05
1.804808061933727004e-05
1.851294814514403697e-05
1.971854135263129137e-05
2.184195534482569201e-05
1.832303337323537562e-05
1.756035658218024764e-05
1.730019903334323317e-05
1.700562631867796881e-05
1.936314754402701510e-05
1.722112494917382719e-05
1.903459849472710630e-05
1.779808860646880930e-05
1.774374845808779355e-05
1.951665285560011398e-05
1.843365191689372296e-05
1.572750875311612617e-05
2.007280647831066744e-05
1.589126600265444722e-05
1.558474434659729013e-05
1.590668580320198089e-05
1.885378674160165247e-05
1.774816973920678720e-05
1.815712107600120362e-05
1.555412859488569666e-05
1.515450026090547908e-05
1.868992171694117133e-05
1.718560417884873459e-05
1.967402363334258553e-05
2.403380312898661941e-05
1.385635675887897378e-05
1.567179799621953862e-05
1.461289798498910386e-05
1.346687497516541043e-05
1.486633709646412171e-05
1.448615887511550682e-05
1.848354463618306909e-05
1.475831652442138875e-05
1.995913987684616586e-05
1.319978935043764068e-05
1.302940074765501777e-05
1.312182928359106882e-05
1.277860553727805382e-05
1.352198535187199013e-05
1.320869978371774778e-05
1.401791291755216662e-05
1.223285994456091430e-05
