2.000000000000000111e-01
2.000000000000000111e-01
3.286666666666666625e-01
5.220000000000000195e-01
7.706666666666667220e-01
8.046666666666666412e-01
7.886666666666666270e-01
7.913333333333333330e-01
8.080000000000000515e-01
8.133333333333333526e-01
7.893333333333333313e-01
8.000000000000000444e-01
7.913333333333333330e-01
8.053333333333333455e-01
8.040000000000000480e-01
7.940000000000000391e-01
8.080000000000000515e-01
7.940000000000000391e-01
8.073333333333333472e-01
8.120000000000000551e-01
8.159999999999999476e-01
8.113333333333333508e-01
8.073333333333333472e-01
8.053333333333333455e-01
8.080000000000000515e-01
8.093333333333333490e-01
8.086666666666666448e-01
8.126666666666666483e-01
8.126666666666666483e-01
8.100000000000000533e-01
8.106666666666666465e-01
8.146666666666666501e-01
8.153333333333333544e-01
8.080000000000000515e-01
8.146666666666666501e-01
8.159999999999999476e-01
8.126666666666666483e-01
8.139999999999999458e-01
8.113333333333333508e-01
8.106666666666666465e-01
8.093333333333333490e-01
8.120000000000000551e-01
8.113333333333333508e-01
8.120000000000000551e-01
8.120000000000000551e-01
8.126666666666666483e-01
8.113333333333333508e-01
8.100000000000000533e-01
8.120000000000000551e-01
8.146666666666666501e-01
8.113333333333333508e-01
8.126666666666666483e-01
8.120000000000000551e-01
8.120000000000000551e-01
8.146666666666666501e-01
8.120000000000000551e-01
8.100000000000000533e-01
8.106666666666666465e-01
8.120000000000000551e-01
8.146666666666666501e-01
8.139999999999999458e-01
8.113333333333333508e-01
8.106666666666666465e-01
8.080000000000000515e-01
8.100000000000000533e-01
8.126666666666666483e-01
8.120000000000000551e-01
8.113333333333333508e-01
8.113333333333333508e-01
8.126666666666666483e-01
8.120000000000000551e-01
8.106666666666666465e-01
8.133333333333333526e-01
8.106666666666666465e-01
8.100000000000000533e-01
8.153333333333333544e-01
8.100000000000000533e-01
8.126666666666666483e-01
8.073333333333333472e-01
8.153333333333333544e-01
8.133333333333333526e-01
8.139999999999999458e-01
8.133333333333333526e-01
8.146666666666666501e-01
8.126666666666666483e-01
8.146666666666666501e-01
8.133333333333333526e-01
8.106666666666666465e-01
8.120000000000000551e-01
8.113333333333333508e-01
8.106666666666666465e-01
8.120000000000000551e-01
8.146666666666666501e-01
8.113333333333333508e-01
8.139999999999999458e-01
8.166666666666666519e-01
8.153333333333333544e-01
8.106666666666666465e-01
8.100000000000000533e-01
8.080000000000000515e-01
8.100000000000000533e-01
