7.647166666666667112e-01
7.482999999999999652e-01
7.624166666666666314e-01
7.611499999999999932e-01
7.588666666666666893e-01
7.565166666666666151e-01
7.586666666666667114e-01
7.514666666666666162e-01
7.578500000000000236e-01
7.575666666666667215e-01
7.559000000000000163e-01
7.623499999999999721e-01
7.605499999999999483e-01
7.605666666666666131e-01
7.588166666666666949e-01
7.602666666666666462e-01
7.576333333333333808e-01
7.631000000000000005e-01
7.583999999999999631e-01
7.581833333333333202e-01
7.561833333333333185e-01
7.560999999999999943e-01
7.624999999999999556e-01
7.622833333333333128e-01
7.614666666666666250e-01
7.577833333333333643e-01
7.520833333333333259e-01
7.523333333333332984e-01
7.611499999999999932e-01
7.598000000000000309e-01
7.570999999999999952e-01
7.616833333333333789e-01
7.550333333333333341e-01
7.527500000000000302e-01
7.554999999999999494e-01
7.570999999999999952e-01
7.518833333333333480e-01
7.550833333333333286e-01
7.532999999999999696e-01
7.547666666666666968e-01
7.515333333333333865e-01
7.567500000000000338e-01
7.630666666666666709e-01
7.480166666666666631e-01
7.595833333333333881e-01
7.483333333333332948e-01
7.568833333333333524e-01
7.529000000000000137e-01
7.565333333333332799e-01
7.540999999999999925e-01
7.583999999999999631e-01
7.567500000000000338e-01
7.572999999999999732e-01
7.548833333333333506e-01
7.592333333333333156e-01
7.498500000000000165e-01
7.622833333333333128e-01
7.563833333333332964e-01
7.571999999999999842e-01
7.442166666666666375e-01
7.540999999999999925e-01
7.516000000000000458e-01
7.566833333333333744e-01
7.580000000000000071e-01
7.566500000000000448e-01
7.523999999999999577e-01
7.537833333333333607e-01
7.527500000000000302e-01
7.538166666666666904e-01
7.548666666666666858e-01
7.583333333333333037e-01
7.533666666666666289e-01
7.538333333333333552e-01
7.567666666666666986e-01
7.604999999999999538e-01
7.531166666666666565e-01
7.578000000000000291e-01
7.526166666666667115e-01
7.539666666666666739e-01
7.486500000000000377e-01
7.567666666666666986e-01
7.563833333333332964e-01
7.603833333333333000e-01
7.561833333333333185e-01
7.550499999999999989e-01
7.586166666666667169e-01
7.600833333333333330e-01
7.613333333333333064e-01
7.501666666666666483e-01
7.528833333333333488e-01
7.505166666666667208e-01
7.559000000000000163e-01
7.519833333333333369e-01
7.570833333333333304e-01
7.556666666666667087e-01
7.513833333333332920e-01
7.509833333333333361e-01
7.571333333333333249e-01
7.548000000000000265e-01
7.557500000000000329e-01
7.549000000000000155e-01
