3.500377763062715308e-01
2.012961594015360012e-01
1.481752027571201225e-01
1.158853662759065650e-01
9.534926798194647002e-02
8.151423225179314780e-02
7.034886445850134506e-02
6.159024219959974289e-02
5.351273538544774194e-02
4.699511177837848580e-02
4.274233264848589786e-02
4.080512806773185785e-02
3.688956358470022595e-02
3.195083799771964578e-02
3.111286536324769231e-02
2.997812533751130146e-02
2.735015204641967970e-02
2.476003423798829248e-02
2.325342285912484000e-02
2.231999823357909765e-02
2.160500067751854741e-02
2.031850046012550690e-02
1.786458536051213630e-02
1.809254747582599368e-02
1.582179930759593928e-02
1.612236233660951229e-02
1.526457824511453544e-02
1.606397474650293755e-02
1.609329721191897836e-02
1.334797730785794619e-02
1.387758397031575372e-02
1.278275703778490417e-02
1.334244537167251186e-02
1.354524567490443532e-02
9.672385656740516494e-03
1.052832609973847894e-02
1.286488833604380530e-02
1.063834983389824566e-02
9.666621909709648131e-03
1.001331296400167006e-02
1.023517651949077886e-02
9.745761298108845255e-03
8.424584540771320670e-03
9.288401809753850727e-03
1.007173376739956515e-02
9.880801942199469307e-03
7.949795560562052457e-03
7.118892566068097706e-03
8.910497110337018897e-03
8.298885744297877440e-03
7.508235069690272039e-03
7.803548246156424666e-03
8.240221246378496428e-03
7.994794489350169273e-03
6.634989933809265147e-03
7.292076123994775151e-03
7.883096916484646013e-03
7.523230857332236995e-03
6.405738135217688839e-03
6.398143529659137095e-03
6.860475491266697888e-03
5.430081713711842895e-03
6.541623207158409233e-03
7.344016653951257814e-03
6.716728233150206541e-03
5.931067391647957057e-03
7.091044285334646875e-03
5.394034013443160455e-03
6.374905448756180808e-03
4.972901387372985309e-03
3.658800233097281307e-03
5.763249488954898074e-03
6.009332542889751425e-03
5.761410708946641639e-03
6.653478632215410228e-03
6.406897022970952336e-03
4.292731685854960649e-03
4.296320267894770777e-03
4.843186201178469041e-03
5.370670560951112081e-03
5.200913941953331024e-03
4.869800144515466084e-03
5.160456286976113777e-03
4.238233066862448842e-03
4.691560805658809633e-03
5.037882057367823636e-03
5.384038231568410993e-03
4.443870213290210952e-03
4.223889698332641482e-03
3.493183414830127679e-03
3.966168337501585657e-03
4.188452585076447854e-03
4.904228845261968985e-03
5.923147682333365291e-03
4.659601107996422763e-03
2.690245028497884137e-03
2.910137196013238333e-03
4.364480689109768823e-03
4.464268474839628090e-03
3.964888648770283769e-03
4.177113288897089938e-03
