7.484699999999999687e-01
8.600900000000000212e-01
9.018500000000000405e-01
9.236299999999999510e-01
9.406499999999999861e-01
9.511399999999999855e-01
9.586999999999999966e-01
9.653500000000000414e-01
9.702699999999999658e-01
9.744699999999999473e-01
9.756099999999999772e-01
9.790999999999999703e-01
9.810100000000000486e-01
9.826500000000000234e-01
9.850100000000000522e-01
9.864300000000000290e-01
9.869299999999999740e-01
9.884600000000000053e-01
9.897099999999999786e-01
9.896300000000000097e-01
8.213599999999999790e-01
2.432600000000000040e-01
3.179699999999999749e-01
3.963999999999999746e-01
4.683700000000000085e-01
5.201500000000000012e-01
5.572099999999999831e-01
5.852199999999999624e-01
6.066700000000000426e-01
6.263800000000000479e-01
6.424299999999999455e-01
6.573900000000000299e-01
6.675999999999999712e-01
6.803799999999999848e-01
6.901800000000000157e-01
6.995299999999999851e-01
7.069999999999999618e-01
7.164599999999999858e-01
7.236599999999999699e-01
7.295399999999999663e-01
7.370700000000000029e-01
7.426700000000000523e-01
7.479599999999999582e-01
7.532799999999999496e-01
7.587099999999999955e-01
7.626500000000000501e-01
7.688099999999999934e-01
7.721099999999999630e-01
7.779199999999999449e-01
7.826699999999999768e-01
7.880000000000000338e-01
