5.263157894736841987e-03
5.486842105263158020e-03
5.868421052631579184e-03
6.000000000000000125e-03
6.302631578947368723e-03
6.210526315789473631e-03
6.763157894736842451e-03
6.368421052631578760e-03
6.736842105263158263e-03
6.631578947368420643e-03
6.789473684210526640e-03
7.157894736842105275e-03
7.144736842105262747e-03
7.039473684210525994e-03
7.473684210526315534e-03
7.499999999999999722e-03
7.302631578947368744e-03
7.907894736842105074e-03
7.407894736842105497e-03
7.776315789473684133e-03
7.618421052631579003e-03
8.565789473684210648e-03
8.000000000000000167e-03
8.342105263157895481e-03
7.539473684210526438e-03
7.644736842105263191e-03
8.460526315789473895e-03
8.947368421052630943e-03
8.934210526315789283e-03
8.789473684210525814e-03
8.947368421052630943e-03
9.249999999999999542e-03
9.434210526315789727e-03
9.434210526315789727e-03
8.828947368421052530e-03
9.723684210526314931e-03
9.802631578947368363e-03
9.802631578947368363e-03
9.749999999999999986e-03
1.038157894736842050e-02
1.044736842105263228e-02
1.013157894736842028e-02
1.069736842105263076e-02
1.022368421052631537e-02
1.065789473684210578e-02
1.117105263157894789e-02
1.065789473684210578e-02
1.094736842105263099e-02
1.124999999999999958e-02
1.099999999999999936e-02
1.123684210526315792e-02
1.098684210526315770e-02
1.140789473684210471e-02
1.175000000000000003e-02
1.126315789473684124e-02
1.172368421052631497e-02
1.148684210526315815e-02
1.205263157894736863e-02
1.188157894736842184e-02
1.219736842105263210e-02
1.250000000000000069e-02
1.250000000000000069e-02
1.238157894736842055e-02
1.209210526315789534e-02
1.265789473684210582e-02
1.261842105263157911e-02
1.264473684210526243e-02
1.288157894736842099e-02
1.298684210526315774e-02
1.265789473684210582e-02
1.310526315789473616e-02
1.321052631578947291e-02
1.310526315789473616e-02
1.392105263157894686e-02
1.346052631578947313e-02
1.376315789473684173e-02
1.355263157894736822e-02
1.386842105263157848e-02
1.398684210526315863e-02
1.423684210526315712e-02
1.386842105263157848e-02
1.338157894736842143e-02
1.477631578947368428e-02
1.421052631578947380e-02
1.519736842105263129e-02
1.505263157894736782e-02
1.477631578947368428e-02
1.435526315789473727e-02
1.514473684210526291e-02
1.484210526315789432e-02
1.506578947368421122e-02
1.523684210526315801e-02
1.493421052631578941e-02
1.494736842105263107e-02
1.556578947368420993e-02
1.544736842105263151e-02
1.473684210526315756e-02
1.588157894736842018e-02
1.582894736842105354e-02
1.535526315789473642e-02
1.622368421052631723e-02
1.656578947368421081e-02
1.610526315789473709e-02
1.621052631578947384e-02
1.575000000000000011e-02
1.581578947368421015e-02
1.602631578947368365e-02
1.615789473684210373e-02
1.643421052631579074e-02
1.615789473684210373e-02
1.615789473684210373e-02
1.631578947368421059e-02
1.657894736842105421e-02
1.592105263157894690e-02
1.651315789473684070e-02
1.648684210526315738e-02
1.689473684210526447e-02
1.677631578947368432e-02
1.638157894736842063e-02
1.648684210526315738e-02
1.711842105263157790e-02
1.631578947368421059e-02
1.635526315789473731e-02
1.630263157894736720e-02
1.684210526315789436e-02
1.725000000000000144e-02
1.698684210526315783e-02
1.763157894736842174e-02
1.736842105263157812e-02
1.647368421052631746e-02
1.698684210526315783e-02
1.709210526315789458e-02
1.696052631578947451e-02
1.740789473684210484e-02
1.713157894736842130e-02
1.717105263157894801e-02
1.730263157894736809e-02
1.789473684210526189e-02
1.763157894736842174e-02
1.715789473684210462e-02
1.730263157894736809e-02
1.759210526315789502e-02
1.684210526315789436e-02
1.705263157894736786e-02
1.751315789473684159e-02
1.796052631578947539e-02
1.771052631578947517e-02
1.771052631578947517e-02
1.797368421052631532e-02
1.811842105263157879e-02
1.728947368421052469e-02
1.723684210526315805e-02
1.832894736842105229e-02
1.734210526315789480e-02
1.784210526315789525e-02
1.874999999999999931e-02
1.801315789473684204e-02
1.936842105263157990e-02
1.909210526315789636e-02
1.774999999999999842e-02
1.763157894736842174e-02
1.772368421052631510e-02
1.774999999999999842e-02
1.831578947368420890e-02
1.971052631578947348e-02
1.788157894736842196e-02
1.851315789473684248e-02
1.836842105263157901e-02
1.810526315789473539e-02
1.890789473684210617e-02
1.767105263157894846e-02
1.903947368421052624e-02
1.876315789473684270e-02
1.853947368421052580e-02
1.931578947368420979e-02
1.882894736842105274e-02
1.844736842105263244e-02
1.851315789473684248e-02
1.872368421052631599e-02
1.805263157894736875e-02
1.913157894736841960e-02
1.888157894736841938e-02
1.886842105263157945e-02
1.964473684210526344e-02
2.006578947368421045e-02
1.882894736842105274e-02
1.839473684210526233e-02
1.927631578947368307e-02
1.986842105263158034e-02
1.961842105263158012e-02
1.948684210526315658e-02
1.973684210526315680e-02
1.848684210526315916e-02
1.876315789473684270e-02
1.926315789473684315e-02
1.915789473684210639e-02
1.992105263157894698e-02
1.907894736842105296e-02
1.922368421052631643e-02
1.915789473684210639e-02
1.859210526315789591e-02
1.965789473684210684e-02
1.957894736842105340e-02
1.946052631578947326e-02
1.921052631578947303e-02
1.939473684210526322e-02
1.897368421052631621e-02
1.928947368421052647e-02
1.973684210526315680e-02
1.944736842105262986e-02
1.965789473684210684e-02
1.956578947368421001e-02
2.006578947368421045e-02
1.990789473684210359e-02
2.013157894736842049e-02
2.019736842105263053e-02
2.017105263157894721e-02
2.061842105263157754e-02
2.043421052631579082e-02
1.961842105263158012e-02
2.006578947368421045e-02
1.936842105263157990e-02
1.977631578947368352e-02
2.036842105263157732e-02
1.996052631578947370e-02
2.030263157894736728e-02
2.002631578947368374e-02
2.059210526315789422e-02
2.018421052631579060e-02
2.042105263157894743e-02
2.042105263157894743e-02
2.089473684210526455e-02
2.042105263157894743e-02
2.092105263157894787e-02
2.077631578947368440e-02
2.053947368421052758e-02
2.077631578947368440e-02
2.105263157894736795e-02
1.986842105263158034e-02
2.075000000000000108e-02
2.019736842105263053e-02
2.040789473684210403e-02
2.071052631578947437e-02
2.030263157894736728e-02
2.110526315789473806e-02
2.061842105263157754e-02
2.090789473684210448e-02
2.076315789473684101e-02
2.086842105263157776e-02
2.061842105263157754e-02
2.097368421052631451e-02
2.039473684210526411e-02
2.086842105263157776e-02
2.097368421052631451e-02
2.131578947368421156e-02
2.071052631578947437e-02
2.140789473684210492e-02
2.119736842105263142e-02
2.153947368421052500e-02
2.030263157894736728e-02
1.969736842105263008e-02
2.105263157894736795e-02
2.125000000000000153e-02
2.085526315789473784e-02
2.082894736842105105e-02
2.144736842105263164e-02
2.056578947368421090e-02
2.135526315789473828e-02
2.155263157894736839e-02
2.103947368421052802e-02
2.081578947368421112e-02
2.130263157894736817e-02
2.144736842105263164e-02
2.184210526315789533e-02
2.146052631578947503e-02
2.072368421052631429e-02
2.125000000000000153e-02
2.052631578947368418e-02
2.126315789473684145e-02
2.119736842105263142e-02
2.056578947368421090e-02
2.119736842105263142e-02
2.121052631578947481e-02
2.234210526315789577e-02
2.184210526315789533e-02
2.147368421052631496e-02
2.081578947368421112e-02
2.039473684210526411e-02
2.167105263157894854e-02
2.107894736842105127e-02
2.253947368421052588e-02
2.149999999999999828e-02
2.173684210526315858e-02
2.293421052631578957e-02
2.155263157894736839e-02
2.076315789473684101e-02
2.197368421052631540e-02
2.260526315789473592e-02
2.193421052631578869e-02
2.185526315789473525e-02
2.174999999999999850e-02
2.193421052631578869e-02
2.206578947368421223e-02
2.053947368421052758e-02
2.327631578947368315e-02
2.280263157894736950e-02
2.226315789473684234e-02
2.221052631578947223e-02
2.299999999999999961e-02
2.274999999999999939e-02
2.036842105263157732e-02
2.119736842105263142e-02
2.123684210526315813e-02
2.155263157894736839e-02
2.151315789473684167e-02
2.257894736842105260e-02
2.306578947368420965e-02
2.309210526315789644e-02
2.213157894736842227e-02
2.185526315789473525e-02
2.161842105263157843e-02
2.307894736842105304e-02
2.178947368421052522e-02
2.190789473684210537e-02
2.264473684210526264e-02
2.198684210526315880e-02
2.114473684210526477e-02
2.156578947368421179e-02
2.273684210526315946e-02
2.185526315789473525e-02
2.210526315789473548e-02
2.180263157894736861e-02
2.274999999999999939e-02
2.223684210526315902e-02
2.336842105263157998e-02
2.294736842105263297e-02
2.202631578947368551e-02
2.288157894736841946e-02
2.224999999999999895e-02
2.276315789473684278e-02
2.289473684210526286e-02
2.305263157894736972e-02
2.301315789473684301e-02
2.357894736842105349e-02
2.301315789473684301e-02
2.344736842105262994e-02
2.364473684210526352e-02
2.222368421052631562e-02
2.347368421052631673e-02
2.232894736842105238e-02
2.301315789473684301e-02
2.284210526315789622e-02
2.332894736842105327e-02
2.310526315789473636e-02
2.274999999999999939e-02
2.285526315789473614e-02
2.332894736842105327e-02
2.190789473684210537e-02
2.189473684210526197e-02
2.378947368421052699e-02
2.285526315789473614e-02
2.284210526315789622e-02
2.331578947368420987e-02
2.315789473684210648e-02
2.359210526315789341e-02
2.326315789473684323e-02
2.324999999999999983e-02
2.256578947368420920e-02
2.350000000000000006e-02
2.334210526315789319e-02
2.319736842105263319e-02
2.401315789473684043e-02
2.368421052631579024e-02
2.364473684210526352e-02
2.319736842105263319e-02
2.280263157894736950e-02
2.288157894736841946e-02
2.199999999999999872e-02
2.253947368421052588e-02
2.315789473684210648e-02
2.209210526315789555e-02
2.353947368421052677e-02
2.402631578947368382e-02
2.407894736842105393e-02
2.384210526315789364e-02
2.375000000000000028e-02
2.346052631578947334e-02
2.324999999999999983e-02
2.273684210526315946e-02
2.307894736842105304e-02
2.282894736842105282e-02
2.344736842105262994e-02
2.317105263157894640e-02
2.260526315789473592e-02
2.276315789473684278e-02
2.419736842105263061e-02
2.369736842105263017e-02
2.271052631578947267e-02
2.263157894736842271e-02
2.223684210526315902e-02
2.293421052631578957e-02
2.211842105263157887e-02
2.318421052631578980e-02
2.392105263157894707e-02
2.361842105263158020e-02
2.447368421052631415e-02
2.364473684210526352e-02
2.394736842105263039e-02
2.357894736842105349e-02
2.313157894736841969e-02
2.328947368421052655e-02
2.315789473684210648e-02
2.413157894736842057e-02
2.442105263157894751e-02
2.347368421052631673e-02
2.357894736842105349e-02
2.348684210526315666e-02
2.297368421052631629e-02
2.322368421052631651e-02
2.448684210526315755e-02
2.352631578947368338e-02
2.381578947368421031e-02
2.444736842105263083e-02
2.436842105263157740e-02
2.375000000000000028e-02
2.446052631578947423e-02
2.415789473684210389e-02
2.502631578947368471e-02
2.299999999999999961e-02
2.443421052631579091e-02
2.451315789473684087e-02
2.335526315789473659e-02
2.418421052631579068e-02
2.400000000000000050e-02
2.472368421052631438e-02
2.364473684210526352e-02
2.322368421052631651e-02
2.422368421052631740e-02
2.409210526315789386e-02
2.331578947368420987e-02
2.388157894736842035e-02
2.423684210526315733e-02
2.427631578947368404e-02
2.422368421052631740e-02
2.475000000000000117e-02
2.451315789473684087e-02
2.425000000000000072e-02
2.493421052631578788e-02
2.494736842105263128e-02
2.540789473684210500e-02
2.507894736842105135e-02
2.435526315789473747e-02
2.438157894736842080e-02
2.403947368421052722e-02
2.457894736842105091e-02
2.373684210526315688e-02
2.489473684210526463e-02
2.440789473684210412e-02
2.346052631578947334e-02
2.405263157894736714e-02
2.527631578947368493e-02
2.535526315789473836e-02
2.584210526315789541e-02
2.536842105263157829e-02
2.405263157894736714e-02
2.394736842105263039e-02
2.617105263157894907e-02
2.397368421052631718e-02
2.469736842105263105e-02
2.415789473684210389e-02
2.481578947368421120e-02
2.439473684210526419e-02
2.411842105263158065e-02
2.394736842105263039e-02
2.610526315789473556e-02
2.505263157894736803e-02
2.505263157894736803e-02
2.482894736842105113e-02
2.523684210526315821e-02
2.469736842105263105e-02
2.453947368421052766e-02
2.573684210526315866e-02
2.549999999999999836e-02
2.519736842105263150e-02
2.593421052631578877e-02
2.576315789473684198e-02
2.532894736842105157e-02
2.507894736842105135e-02
2.581578947368421209e-02
2.573684210526315866e-02
2.526315789473684154e-02
2.509210526315789475e-02
2.576315789473684198e-02
2.534210526315789497e-02
2.522368421052631482e-02
2.559210526315789519e-02
2.514473684210526486e-02
2.517105263157894818e-02
2.489473684210526463e-02
2.477631578947368449e-02
2.567105263157894862e-02
2.542105263157894840e-02
2.586842105263157873e-02
2.582894736842105202e-02
2.446052631578947423e-02
2.532894736842105157e-02
2.493421052631578788e-02
2.518421052631578810e-02
2.519736842105263150e-02
2.597368421052631549e-02
2.451315789473684087e-02
2.465789473684210434e-02
2.522368421052631482e-02
2.473684210526315777e-02
2.588157894736842213e-02
2.611842105263157895e-02
2.590789473684210545e-02
2.590789473684210545e-02
2.623684210526315910e-02
2.514473684210526486e-02
2.652631578947368257e-02
2.572368421052631526e-02
2.478947368421052788e-02
2.701315789473684309e-02
2.573684210526315866e-02
2.547368421052631504e-02
2.493421052631578788e-02
2.461842105263157762e-02
2.584210526315789541e-02
2.517105263157894818e-02
2.531578947368421165e-02
2.519736842105263150e-02
2.468421052631579113e-02
2.572368421052631526e-02
2.461842105263157762e-02
2.547368421052631504e-02
2.514473684210526486e-02
2.610526315789473556e-02
2.581578947368421209e-02
2.576315789473684198e-02
2.622368421052631571e-02
2.521052631578947489e-02
2.548684210526315844e-02
2.473684210526315777e-02
2.630263157894736914e-02
2.559210526315789519e-02
2.599999999999999881e-02
2.671052631578947276e-02
2.663157894736841932e-02
2.631578947368420907e-02
2.649999999999999925e-02
2.536842105263157829e-02
2.652631578947368257e-02
2.453947368421052766e-02
2.681578947368420951e-02
2.577631578947368537e-02
2.660526315789473600e-02
2.459210526315789430e-02
2.590789473684210545e-02
2.527631578947368493e-02
2.652631578947368257e-02
2.518421052631578810e-02
2.609210526315789563e-02
2.639473684210526250e-02
2.577631578947368537e-02
2.609210526315789563e-02
2.597368421052631549e-02
2.651315789473684265e-02
2.560526315789473512e-02
2.549999999999999836e-02
2.698684210526315630e-02
2.585526315789473534e-02
2.594736842105263216e-02
2.563157894736842191e-02
2.706578947368420973e-02
2.603947368421052552e-02
2.638157894736842257e-02
2.617105263157894907e-02
2.522368421052631482e-02
2.597368421052631549e-02
2.631578947368420907e-02
2.603947368421052552e-02
2.636842105263157918e-02
2.635526315789473578e-02
2.660526315789473600e-02
2.572368421052631526e-02
2.568421052631578855e-02
2.601315789473684220e-02
2.653947368421052597e-02
2.698684210526315630e-02
2.623684210526315910e-02
2.647368421052631593e-02
2.657894736842105268e-02
2.618421052631578899e-02
2.598684210526315888e-02
2.711842105263157984e-02
2.740789473684210678e-02
2.657894736842105268e-02
2.651315789473684265e-02
2.646052631578947253e-02
2.676315789473684287e-02
2.651315789473684265e-02
2.505263157894736803e-02
2.598684210526315888e-02
2.531578947368421165e-02
2.567105263157894862e-02
2.622368421052631571e-02
2.651315789473684265e-02
2.486842105263157784e-02
2.634210526315789586e-02
2.655263157894736936e-02
2.621052631578947231e-02
2.542105263157894840e-02
2.676315789473684287e-02
2.634210526315789586e-02
2.721052631578947320e-02
2.790789473684210376e-02
2.644736842105263261e-02
2.722368421052631660e-02
2.807894736842105401e-02
2.652631578947368257e-02
2.607894736842105224e-02
2.731578947368420995e-02
2.661842105263157940e-02
2.610526315789473556e-02
2.636842105263157918e-02
2.759210526315789350e-02
2.664473684210526272e-02
2.596052631578947209e-02
2.682894736842105290e-02
2.776315789473684376e-02
2.743421052631579010e-02
2.689473684210526294e-02
2.757894736842105357e-02
2.706578947368420973e-02
2.697368421052631637e-02
2.669736842105263283e-02
2.656578947368420929e-02
2.603947368421052552e-02
2.602631578947368560e-02
2.648684210526315932e-02
2.602631578947368560e-02
2.592105263157894884e-02
2.692105263157894626e-02
2.730263157894737003e-02
2.715789473684210656e-02
2.677631578947368279e-02
2.656578947368420929e-02
2.665789473684210611e-02
2.732894736842105335e-02
2.680263157894736958e-02
2.698684210526315630e-02
2.784210526315789372e-02
2.646052631578947253e-02
2.632894736842105246e-02
2.699999999999999969e-02
2.671052631578947276e-02
2.686842105263157962e-02
2.622368421052631571e-02
2.746052631578947342e-02
2.752631578947368346e-02
2.788157894736842043e-02
2.751315789473684353e-02
2.598684210526315888e-02
2.717105263157894648e-02
2.752631578947368346e-02
2.809210526315789394e-02
2.739473684210526339e-02
2.717105263157894648e-02
2.717105263157894648e-02
2.682894736842105290e-02
2.724999999999999992e-02
2.735526315789473667e-02
2.815789473684210398e-02
2.777631578947368368e-02
2.806578947368421062e-02
2.767105263157894693e-02
2.819736842105263069e-02
2.724999999999999992e-02
2.647368421052631593e-02
2.726315789473684331e-02
2.748684210526315674e-02
2.718421052631578988e-02
2.696052631578947298e-02
2.803947368421052730e-02
2.711842105263157984e-02
2.813157894736842066e-02
2.839473684210526427e-02
2.815789473684210398e-02
2.743421052631579010e-02
2.748684210526315674e-02
2.727631578947368324e-02
2.851315789473684095e-02
2.721052631578947320e-02
2.711842105263157984e-02
2.759210526315789350e-02
2.751315789473684353e-02
2.822368421052631748e-02
2.835526315789473756e-02
2.847368421052631424e-02
2.718421052631578988e-02
2.834210526315789416e-02
2.844736842105263092e-02
2.844736842105263092e-02
2.636842105263157918e-02
2.771052631578947364e-02
2.880263157894736789e-02
2.793421052631579055e-02
2.781578947368421040e-02
2.726315789473684331e-02
2.746052631578947342e-02
2.765789473684210353e-02
2.706578947368420973e-02
2.717105263157894648e-02
2.628947368421052574e-02
2.736842105263158006e-02
2.838157894736842088e-02
2.827631578947368413e-02
2.814473684210526405e-02
2.811842105263157726e-02
2.813157894736842066e-02
2.736842105263158006e-02
2.802631578947368390e-02
2.789473684210526383e-02
2.857894736842105099e-02
2.902631578947368479e-02
2.775000000000000036e-02
2.739473684210526339e-02
2.846052631578947431e-02
2.842105263157894759e-02
2.863157894736842110e-02
2.784210526315789372e-02
2.836842105263157748e-02
2.752631578947368346e-02
2.767105263157894693e-02
2.846052631578947431e-02
2.761842105263158029e-02
2.855263157894736767e-02
2.836842105263157748e-02
2.905263157894736811e-02
2.805263157894736722e-02
2.747368421052631682e-02
2.867105263157894782e-02
2.748684210526315674e-02
2.759210526315789350e-02
2.761842105263158029e-02
2.777631578947368368e-02
2.836842105263157748e-02
2.940789473684210509e-02
2.878947368421052797e-02
2.844736842105263092e-02
2.836842105263157748e-02
2.702631578947368302e-02
2.843421052631579099e-02
2.730263157894737003e-02
2.746052631578947342e-02
2.843421052631579099e-02
2.885526315789473800e-02
2.864473684210526450e-02
2.903947368421052472e-02
2.809210526315789394e-02
2.752631578947368346e-02
2.939473684210526169e-02
2.863157894736842110e-02
2.939473684210526169e-02
2.850000000000000103e-02
2.806578947368421062e-02
2.905263157894736811e-02
2.803947368421052730e-02
2.800000000000000058e-02
2.855263157894736767e-02
2.855263157894736767e-02
2.955263157894736856e-02
2.875000000000000125e-02
2.756578947368421018e-02
2.843421052631579099e-02
2.807894736842105401e-02
2.932894736842105166e-02
2.844736842105263092e-02
2.810526315789473734e-02
2.960526315789473520e-02
2.885526315789473800e-02
2.828947368421052752e-02
2.861842105263157771e-02
2.967105263157894871e-02
2.906578947368421151e-02
2.967105263157894871e-02
2.947368421052631512e-02
2.922368421052631490e-02
2.885526315789473800e-02
2.901315789473684140e-02
2.911842105263157815e-02
2.905263157894736811e-02
2.897368421052631468e-02
2.848684210526315763e-02
2.961842105263157859e-02
2.973684210526315874e-02
2.972368421052631535e-02
2.961842105263157859e-02
2.990789473684210553e-02
2.940789473684210509e-02
2.939473684210526169e-02
2.953947368421052516e-02
2.881578947368421129e-02
2.846052631578947431e-02
2.923684210526315830e-02
2.842105263157894759e-02
2.906578947368421151e-02
2.949999999999999845e-02
2.930263157894736833e-02
2.890789473684210464e-02
2.992105263157894893e-02
2.825000000000000080e-02
2.878947368421052797e-02
2.972368421052631535e-02
2.942105263157894848e-02
2.965789473684210531e-02
2.963157894736842199e-02
2.932894736842105166e-02
2.917105263157894826e-02
2.836842105263157748e-02
2.953947368421052516e-02
2.826315789473684073e-02
2.925000000000000169e-02
3.003947368421052561e-02
2.860526315789473778e-02
2.878947368421052797e-02
2.943421052631578841e-02
2.897368421052631468e-02
2.900000000000000147e-02
2.977631578947368546e-02
2.911842105263157815e-02
2.946052631578947520e-02
2.914473684210526147e-02
3.015789473684210575e-02
2.932894736842105166e-02
3.019736842105263247e-02
2.978947368421052538e-02
3.017105263157894568e-02
3.005263157894736900e-02
3.040789473684210598e-02
2.909210526315789483e-02
2.930263157894736833e-02
2.839473684210526427e-02
2.863157894736842110e-02
2.848684210526315763e-02
3.061842105263157948e-02
2.901315789473684140e-02
2.942105263157894848e-02
2.965789473684210531e-02
2.890789473684210464e-02
3.055263157894736945e-02
2.961842105263157859e-02
2.989473684210526214e-02
3.069736842105263291e-02
2.994736842105263225e-02
3.031578947368420915e-02
2.984210526315789550e-02
3.036842105263157926e-02
2.999999999999999889e-02
3.030263157894736922e-02
2.997368421052631557e-02
2.940789473684210509e-02
3.023684210526315919e-02
3.011842105263157904e-02
3.044736842105263269e-02
2.999999999999999889e-02
3.042105263157894590e-02
2.902631578947368479e-02
2.992105263157894893e-02
2.923684210526315830e-02
2.859210526315789438e-02
3.064473684210526280e-02
2.932894736842105166e-02
2.973684210526315874e-02
3.077631578947368288e-02
2.907894736842105143e-02
2.913157894736842154e-02
2.999999999999999889e-02
2.947368421052631512e-02
3.027631578947368590e-02
3.001315789473684228e-02
2.948684210526315852e-02
2.996052631578947217e-02
2.982894736842105210e-02
2.919736842105263158e-02
2.938157894736842177e-02
2.955263157894736856e-02
2.961842105263157859e-02
3.013157894736842243e-02
2.888157894736842132e-02
2.981578947368421217e-02
3.021052631578947240e-02
3.080263157894736967e-02
2.980263157894736878e-02
2.953947368421052516e-02
3.165789473684210709e-02
3.072368421052631624e-02
3.077631578947368288e-02
3.039473684210526258e-02
3.032894736842105254e-02
3.007894736842105232e-02
3.122368421052631668e-02
3.081578947368420959e-02
3.121052631578947328e-02
3.059210526315789616e-02
2.999999999999999889e-02
2.938157894736842177e-02
2.942105263157894848e-02
2.981578947368421217e-02
2.984210526315789550e-02
3.024999999999999911e-02
3.097368421052631646e-02
3.001315789473684228e-02
3.117105263157894657e-02
3.034210526315789594e-02
2.980263157894736878e-02
2.935526315789473845e-02
3.042105263157894590e-02
3.003947368421052561e-02
3.096052631578947306e-02
3.014473684210526236e-02
2.977631578947368546e-02
2.918421052631578819e-02
3.065789473684210620e-02
3.018421052631578907e-02
3.103947368421052649e-02
3.035526315789473586e-02
3.122368421052631668e-02
2.949999999999999845e-02
3.022368421052631579e-02
2.996052631578947217e-02
3.013157894736842243e-02
3.177631578947368723e-02
3.096052631578947306e-02
2.984210526315789550e-02
3.003947368421052561e-02
3.073684210526315616e-02
3.092105263157894635e-02
3.103947368421052649e-02
3.028947368421052583e-02
3.094736842105263314e-02
3.049999999999999933e-02
3.048684210526315941e-02
3.161842105263158037e-02
3.111842105263157993e-02
3.102631578947368310e-02
3.097368421052631646e-02
3.030263157894736922e-02
3.086842105263157970e-02
3.056578947368420937e-02
3.032894736842105254e-02
3.055263157894736945e-02
3.052631578947368265e-02
3.097368421052631646e-02
3.132894736842105343e-02
3.069736842105263291e-02
3.094736842105263314e-02
3.080263157894736967e-02
3.009210526315789572e-02
3.055263157894736945e-02
3.071052631578947284e-02
3.060526315789473609e-02
3.073684210526315616e-02
3.185526315789473373e-02
3.136842105263158015e-02
3.080263157894736967e-02
2.955263157894736856e-02
2.957894736842105188e-02
3.090789473684210642e-02
3.082894736842105299e-02
3.015789473684210575e-02
3.021052631578947240e-02
3.160526315789473351e-02
3.153947368421052694e-02
3.156578947368421373e-02
3.117105263157894657e-02
3.084210526315789638e-02
3.142105263157894679e-02
3.102631578947368310e-02
3.118421052631578996e-02
3.109210526315789314e-02
3.201315789473684059e-02
3.065789473684210620e-02
3.077631578947368288e-02
3.022368421052631579e-02
3.202631578947368746e-02
3.186842105263158059e-02
3.051315789473684273e-02
3.003947368421052561e-02
3.051315789473684273e-02
3.094736842105263314e-02
3.257894736842105454e-02
3.138157894736842007e-02
3.184210526315789380e-02
3.081578947368420959e-02
3.046052631578947262e-02
3.168421052631578694e-02
3.126315789473683993e-02
3.044736842105263269e-02
3.051315789473684273e-02
