6.278534531593322754e-01
3.863375365734100231e-01
2.776769459247588889e-01
1.846595123410224859e-01
1.124126113951206263e-01
7.292550578713416498e-02
5.074455663561820706e-02
3.493123706430197040e-02
2.365781310945749144e-02
1.421310259029269149e-02
9.220616053789853703e-03
7.549091288819908922e-03
5.149454809725284576e-03
3.199415351264178926e-03
2.040423185098916205e-03
1.349819405004382177e-03
9.773357189260423617e-04
8.067685004789382653e-04
6.953589036129415035e-04
5.881636869162320657e-04
5.064650351414457397e-04
5.030432046623900099e-04
4.443639569217339375e-04
4.129714390728622567e-04
3.843996353680268038e-04
3.611721738707274307e-04
3.471788979368284236e-04
3.178379818564280976e-04
3.202172811143100262e-04
3.289904270786792040e-04
2.716472212341613851e-04
2.417189782136119794e-04
2.519307454349473119e-04
2.439336152747273499e-04
2.314114870387129594e-04
2.089325760607607771e-04
2.088542474666610306e-04
2.055992663372308016e-04
2.131611414370126968e-04
1.847932770033367087e-04
1.971162739209830653e-04
1.824231847422197570e-04
1.729445008095353788e-04
1.532090478576719707e-04
1.576110196765512336e-04
1.473133743274956942e-04
1.463274296838790233e-04
1.467129084630869437e-04
1.463697335566394031e-04
1.360432012006640380e-04
1.268248124688398093e-04
1.292541921429801624e-04
1.112316771468613351e-04
1.193363583297468668e-04
1.165731926448643180e-04
1.156748679932206923e-04
1.063237410562578535e-04
9.919743388309143484e-05
9.861850558081641251e-05
1.096170191885903505e-04
1.002767996396869448e-04
1.013786335533950532e-04
9.052119858097285574e-05
8.879854140104725686e-05
9.993863641284405914e-05
8.392232484766282141e-05
8.233122498495504531e-05
8.170596338459290293e-05
7.361702191701624000e-05
7.752927995170466331e-05
8.126500106300226802e-05
7.794632620061747730e-05
6.640210995101369917e-05
6.997924574534409290e-05
8.000930247362703627e-05
6.357744241540786150e-05
7.554979529231787270e-05
6.709063636662903902e-05
6.609667798329610378e-05
6.675535660178865966e-05
6.178150651976465908e-05
5.993845079501625286e-05
6.341605439956765893e-05
6.023049936629831655e-05
5.870942877663765238e-05
5.620093397737946226e-05
5.992082915327045931e-05
6.019873617333359881e-05
4.696002906712237746e-05
5.218114602030254629e-05
5.680521535396109995e-05
5.379794492910150439e-05
4.923447886540088803e-05
5.315413873177021877e-05
4.416282463353127512e-05
4.727012892544735088e-05
4.619745341187808934e-05
4.778543916472699493e-05
4.606450929713901268e-05
4.650338596547953920e-05
4.621069238055497543e-05
4.275626197340898487e-05
4.074962125741876526e-05
3.756569385586772385e-05
4.401918631629087302e-05
3.987852214777376232e-05
4.077058256370946900e-05
3.605888778110965951e-05
3.624870842031668736e-05
3.460387215454829586e-05
3.946829201595392078e-05
3.890495172527152774e-05
3.545128638506867127e-05
3.812562827079091357e-05
3.364816766406875239e-05
3.711686149472370473e-05
3.121212557744001970e-05
3.511703107506036758e-05
3.665038493636529757e-05
3.399234810785856098e-05
3.510330625431379168e-05
4.043034423375502364e-05
3.225660784664796530e-05
3.104393526882631433e-05
3.320618707221001116e-05
2.775274006125982715e-05
3.058016118302475390e-05
3.042712378373835100e-05
2.882881835830630735e-05
3.092252736678346856e-05
2.806602042255690389e-05
3.322649026813451065e-05
2.578064195404295014e-05
2.753598982963012531e-05
2.913326206908095492e-05
2.333343272766797008e-05
2.528279601392568953e-05
2.979230903292773224e-05
2.379946145083522560e-05
2.345155480725224993e-05
2.691282970772590420e-05
2.348666439502267302e-05
2.360159633099101619e-05
2.531313493818743087e-05
2.285289501742227071e-05
2.075279171549482339e-05
2.520040470699314028e-05
2.186899491789517856e-05
2.381696631346130608e-05
2.334519049327354743e-05
2.100055498885921998e-05
2.349802161916159093e-05
2.237102944491198286e-05
2.308347411599242992e-05
2.282121367898071253e-05
2.035424695350229672e-05
2.593133449408924275e-05
2.110321293002925813e-05
2.046355393758858554e-05
1.950099176610819928e-05
2.239787172584328665e-05
1.772316845745081150e-05
1.904033706523478031e-05
2.054913366009713946e-05
1.849032414611428841e-05
1.840976783569203757e-05
1.912524658109759912e-05
1.791004342521773651e-05
2.164977131542400525e-05
2.006155418712296659e-05
2.044172506430186196e-05
1.731037946228752844e-05
1.861069840742857263e-05
1.698301548458402976e-05
1.652013952480047010e-05
1.843835616455180570e-05
1.583572584422654405e-05
1.608246739124297029e-05
1.759296292220824466e-05
1.747850001265760511e-05
1.764335547704831697e-05
1.647829622015706331e-05
1.655324176681460880e-05
1.621967840037541464e-05
1.634619738979381645e-05
1.719852443784475462e-05
1.717608301987638697e-05
1.475871085858670927e-05
1.548361751702032052e-05
1.593353363205096684e-05
1.712412031338317184e-05
1.545144705232814818e-05
1.468692516937153414e-05
1.659951349211041951e-05
1.464940378355095231e-05
1.499181553299422376e-05
1.473725988034857403e-05
1.374201137878117219e-05
1.525427896922337789e-05
1.443495184503262896e-05
1.377906555717345395e-05
1.245884104719152640e-05
1.430932861694600365e-05
1.290464069825247861e-05
1.376202799292514168e-05
1.473180800530826605e-05
1.261508659808896516e-05
1.473401462135370855e-05
1.285787320739473182e-05
1.320199062320170856e-05
1.361944696327555061e-05
1.325652829109458253e-05
1.305936248172656667e-05
1.309969547946820967e-05
1.155032869064598277e-05
1.280992719330242869e-05
1.176578853119281188e-05
1.122724406741326709e-05
1.169374409073498066e-05
1.062513310898793895e-05
1.293111872655572404e-05
1.186947756650624763e-05
1.277885485251317732e-05
1.278904683204018443e-05
1.048402800734038397e-05
1.212900069731404141e-05
1.187100433526211486e-05
1.245036237378371812e-05
1.055581865330168478e-05
1.403038313583238084e-05
1.043090269376989522e-05
1.248526496056001633e-05
1.207135182994534194e-05
1.098429984267568250e-05
1.142936971518793177e-05
1.142012788477586616e-05
1.019741721393074908e-05
1.144341485996846973e-05
1.053142032105824876e-05
1.150724037870531868e-05
1.164170344054582597e-05
1.069529644155409255e-05
9.888534714264097031e-06
1.204752097692107816e-05
1.128531794165610404e-05
1.120602883020183071e-05
1.129846432377235066e-05
1.028830670293245896e-05
9.871814245343558237e-06
1.038976106428890455e-05
1.142286091635469381e-05
1.078464902093401179e-05
1.065858932634000700e-05
1.114460910685011253e-05
9.771999839358613149e-06
9.387426871398929507e-06
9.429022975382395427e-06
8.211439217120642181e-06
8.683460828251554970e-06
9.349361971544566818e-06
1.024558655444707324e-05
8.162739504768978804e-06
8.988817671706784263e-06
9.502758939561316997e-06
9.673747717897640202e-06
9.908746233122655444e-06
9.221565687766996466e-06
9.614839018468047239e-06
9.179397420666645535e-06
8.422860946666333571e-06
8.922877714212518863e-06
9.052958148458856158e-06
8.301839579871739600e-06
8.961585172073682431e-06
9.955293808161514558e-06
7.652622889509074982e-06
9.068996587302535095e-06
8.794948598733753897e-06
9.166808604277321476e-06
8.433315088041126728e-06
9.329986278316937726e-06
8.730601803108583458e-06
9.345002945337910544e-06
7.764266501908424057e-06
8.578700544603634626e-06
8.296827309095533226e-06
7.197017248472548429e-06
1.044407131303159952e-05
7.704970994382164695e-06
7.822258885425980795e-06
8.713068200449925594e-06
9.347898321721004661e-06
8.474724654661259360e-06
9.403739750268868424e-06
7.401815764751518145e-06
8.014652621568529867e-06
8.749258404350257140e-06
7.878741098465979353e-06
8.701432807356469079e-06
8.416932087129679762e-06
7.837916882635909133e-06
8.251935014413902536e-06
7.550340114903519861e-06
7.590205768792657182e-06
7.453940270352177322e-06
7.266743477885029448e-06
8.600543242209824480e-06
8.363786810150486078e-06
7.689192943871604025e-06
9.373824332215007987e-06
7.582264379379921254e-06
9.158993543678662147e-06
6.782046648368123326e-06
6.866163130325731059e-06
7.695470139879035171e-06
7.999451690920978192e-06
6.742304731233162044e-06
7.317038398468866775e-06
8.272794411823270250e-06
7.408627834593062458e-06
7.544008167315041816e-06
6.956509696465218270e-06
7.729942808509804308e-06
6.741332890669582750e-06
6.954040100026759488e-06
8.859067838784539733e-06
6.848803559478256259e-06
6.971075163164641878e-06
7.092800706232082691e-06
6.684365735054597851e-06
6.471069991675904190e-06
8.899406566342804581e-06
8.644008585179107517e-06
6.335476246022153476e-06
6.128604309196816927e-06
9.101491014007478275e-06
6.819386499046231620e-06
6.736288924003019929e-06
6.838842455181293020e-06
6.297614208961021917e-06
6.674995574940112419e-06
6.531452208946575749e-06
6.449179909395752305e-06
6.867769252494327131e-06
7.007854901530663652e-06
6.347600037770462053e-06
6.978251394684775563e-06
7.131621805456233803e-06
6.829021458543138579e-06
6.740098024238250557e-06
7.942504316815756854e-06
7.445000528605305929e-06
6.704051975248148326e-06
5.980959576845634390e-06
5.723072172258980911e-06
6.296754918366787024e-06
6.829333096902701411e-06
7.403022937069181183e-06
6.064054878152091649e-06
6.268006382015301253e-06
5.268715949569014070e-06
6.545177711814176291e-06
6.606114220630843531e-06
6.361527175613445822e-06
6.232983696463634091e-06
6.209524053701898422e-06
6.013218580847023986e-06
6.053079869161592966e-06
7.119564997992711142e-06
6.745418340869946744e-06
5.433985506897442974e-06
5.672026873071445152e-06
5.969931407889816910e-06
5.954479911451926794e-06
6.547121165567659434e-06
5.893797197131789120e-06
6.309429682005429471e-06
5.838041124661685560e-06
6.422754904633620923e-06
6.053401421013404615e-06
7.180449438237701881e-06
6.173778911033878272e-06
6.489539146059541963e-06
5.529221471078926528e-06
5.562802289205137471e-06
5.490471357916248623e-06
5.451450988402939402e-06
5.571039901042241011e-06
6.990688962105195800e-06
5.268745508146821691e-06
6.784631113987415860e-06
5.468533163366373459e-06
5.847962938787532039e-06
6.085508630349067971e-06
6.476743146777153354e-06
6.143422569948597642e-06
5.058775695943040943e-06
6.762728571629850363e-06
5.812106610392220149e-06
6.338010416584438983e-06
5.976849934086203575e-06
5.601753991868463684e-06
6.207618480402743613e-06
6.007672845953493718e-06
5.736671573686180297e-06
6.973177369218319316e-06
6.050244746802491305e-06
6.155610799396527339e-06
5.417449665401364084e-06
6.230563212739071047e-06
6.725783578076516278e-06
5.449488071462837979e-06
5.732399858970893378e-06
6.761847998859593645e-06
6.092284002079395238e-06
5.971423206574399956e-06
5.571566816797712818e-06
5.414666065917117352e-06
5.245591410130145960e-06
6.212719790710253048e-06
5.546838565351208672e-06
6.150627405077102255e-06
6.258923713176045906e-06
5.160367618373129686e-06
5.712261918233707886e-06
5.969030826236121187e-06
6.283604670898057859e-06
5.552014999921084212e-06
5.917017097090137784e-06
6.087908695917576890e-06
5.713628434023121711e-06
5.068575455879909325e-06
5.137316156833548691e-06
5.777649084848235022e-06
5.620315005216980522e-06
5.450359503811342049e-06
5.571433121076552197e-06
6.397810648195445707e-06
5.255929841041506395e-06
5.505736180566600693e-06
5.399043720899498683e-06
5.480231106957944745e-06
5.617720671580173245e-06
5.309606467562843876e-06
5.936919797022710215e-06
5.671778217219980095e-06
6.004711121931905096e-06
4.820723870579968376e-06
5.728007454308681021e-06
6.027641120454063639e-06
5.389650550569058565e-06
5.226979010330978950e-06
6.460946087827323597e-06
5.856793040948104875e-06
5.398330358730163425e-06
5.762365572081762535e-06
5.403331897468888201e-06
5.159909278518171050e-06
5.992352407702128742e-06
5.507972809937200848e-06
5.992210799377062527e-06
5.456889084598515183e-06
5.938140247963019647e-06
5.342831400412251242e-06
5.620645697490544820e-06
6.006625699228606949e-06
4.987242527931812558e-06
4.614718318407540379e-06
5.561290845434996469e-06
5.598939014817005785e-06
5.673790110449772498e-06
5.465027061291038821e-06
5.434475906440639106e-06
5.469548568726168014e-06
5.164225967746460810e-06
5.686108670488465239e-06
6.383240634022513235e-06
5.269371058602700941e-06
5.584092332355794666e-06
4.561226842270116491e-06
5.259217778075253252e-06
5.104787624077289026e-06
5.275098101265030151e-06
5.308303798301494680e-06
5.073542797617846930e-06
5.830729878653073514e-06
5.961280839983373542e-06
5.471814665725105103e-06
5.008411835660808550e-06
6.654924300164566714e-06
5.892547460462083278e-06
6.399332755790965505e-06
5.662563035002677109e-06
5.141013025422580201e-06
5.498520795299555006e-06
5.554996005230350589e-06
5.205919342188280668e-06
5.002689977118279616e-06
5.572313420998398553e-06
5.610111611531465484e-06
5.889904332434525544e-06
5.795416200271574780e-06
5.368511892811511643e-06
6.323332900137756782e-06
5.178747642275993712e-06
6.997415175646892410e-06
5.384300311561673710e-06
5.416629028331953693e-06
6.102896531956503337e-06
5.844604220328619534e-06
6.326174207060830329e-06
6.520771330542629923e-06
5.412946575233945792e-06
5.067258553026477044e-06
5.141716110301786441e-06
5.992588239678298293e-06
5.537183051274041984e-06
5.242022371021448465e-06
5.408570632425835187e-06
5.929279814154142175e-06
4.857849535255809145e-06
5.001099680157494731e-06
5.464398873300524090e-06
5.995082256049500186e-06
4.996655252398340793e-06
5.093186882731970569e-06
5.849882745678769086e-06
4.938128449794021774e-06
5.563742251979419792e-06
6.058256849428289231e-06
5.713869859391706657e-06
5.292854348226683553e-06
6.097266214055707339e-06
5.070313045507646505e-06
5.462848957904498262e-06
5.291957631925470365e-06
5.216479212322155776e-06
5.193855713514494710e-06
5.155206918061594648e-06
5.617095712295849638e-06
5.631270823869272135e-06
5.777148044217028825e-06
5.576699732046108862e-06
5.015124907004065219e-06
5.697050028174999170e-06
4.818399338546441529e-06
5.810363563796272332e-06
5.183922894502757117e-06
5.366101913750753907e-06
5.674507929143146781e-06
5.088751186121953312e-06
5.433147043731878173e-06
4.925884786644018848e-06
5.957668554401606914e-06
4.808750327356392856e-06
5.865758885192917321e-06
4.898618635706953112e-06
5.623840525004197674e-06
4.691784806709620340e-06
4.718280024462728761e-06
5.104611864226171408e-06
5.337105767466709610e-06
4.641390637516451195e-06
5.545961857933434488e-06
5.138972619533888403e-06
5.683987683369195851e-06
5.457308270706562664e-06
5.023159815209510271e-06
5.556043106480501592e-06
4.906335948362538887e-06
5.356611563911428844e-06
5.171738030185224150e-06
4.832450986214098351e-06
5.645172814183752391e-06
4.840118435822660103e-06
6.218922771950019862e-06
5.051698599345399659e-06
5.811206710859550756e-06
5.163010109754396010e-06
5.541064047065446746e-06
5.289304340294620488e-06
5.275160947348922322e-06
5.124905374032095837e-06
5.694713536286144517e-06
4.941302313454798084e-06
5.408558308772626333e-06
4.942988221046107694e-06
5.608311084870365448e-06
5.088917441753438081e-06
5.058053375250892714e-06
5.279905326460720802e-06
5.173946192371658981e-06
4.584454563882900063e-06
4.804310810868627984e-06
4.288188324608199595e-06
5.092830042485729452e-06
4.790330171999812253e-06
5.096824634165386839e-06
4.708267579189851118e-06
5.454949177874368446e-06
5.543454744838527573e-06
4.478487880987813696e-06
4.236256995682197327e-06
4.754840074383537454e-06
4.443232273843022825e-06
4.816503928850579711e-06
4.749690288008423692e-06
4.597986958287947346e-06
4.812615247828943951e-06
4.596679968926764728e-06
4.431324214237974957e-06
5.229911380411067512e-06
5.029111866861057595e-06
5.379988442655303177e-06
4.749063532472064422e-06
4.281619339963071980e-06
4.408786003295972139e-06
4.700175168181885965e-06
4.407358619573642330e-06
4.261066169419791380e-06
4.492296761782199949e-06
4.709167069449904544e-06
4.346343575889477337e-06
4.348189713709871623e-06
4.805504636351542674e-06
5.014654129809060007e-06
3.976619063905673440e-06
4.186966657471203118e-06
3.682519718495314009e-06
4.716199350696115628e-06
4.216730872030893806e-06
4.090921447641449219e-06
4.104636127522099171e-06
3.864954692289757077e-06
4.181652911938726902e-06
4.914807459499570710e-06
3.798554052991676229e-06
3.532008304318878969e-06
4.054163809996680357e-06
4.122111158721964214e-06
3.892447966791223565e-06
4.251482414474594068e-06
4.847686568609788083e-06
3.835255756712285632e-06
4.678111486100533173e-06
3.788296089624054815e-06
3.884707257384434173e-06
3.806389281635347203e-06
3.416865274630254219e-06
3.987418290307687469e-06
4.753966072712500707e-06
3.380893122084671462e-06
3.625295698839181484e-06
4.121258280065376650e-06
3.153137777189840478e-06
3.732800837497052102e-06
3.768742135434876958e-06
4.064390395797090605e-06
4.159327681918512437e-06
3.565398719729273665e-06
3.338456463097827678e-06
3.286944706815120129e-06
3.667548958219413265e-06
3.321880149087519470e-06
3.338268606967176226e-06
2.871997958209249106e-06
3.691330539368209514e-06
3.181263582519022578e-06
3.518495645948860329e-06
3.220618418708909218e-06
3.226712669857079248e-06
3.213814829905459107e-06
3.292245378361258360e-06
2.979808914460590871e-06
3.064795919272000901e-06
3.169054753016098233e-06
3.087866366513480983e-06
3.003248320965212939e-06
2.809370721479353876e-06
2.964907343994127671e-06
2.723959210015891755e-06
3.318512631267367481e-06
3.139484465464192739e-06
2.649495741025020834e-06
3.138059082630207000e-06
3.009036731782543939e-06
2.794074237044696760e-06
2.833819485204003370e-06
2.448172301683371273e-06
2.312400602022535252e-06
2.912903164542512883e-06
2.328528103134885981e-06
2.359757763770176182e-06
2.665749161678832194e-06
2.269996628001536010e-06
2.177078920340136307e-06
2.717135339480591853e-06
2.499630795682605822e-06
2.381792273808969015e-06
2.509274122530769261e-06
2.761343716883857184e-06
2.537627028686983807e-06
2.407737383691710420e-06
2.437011391975829441e-06
2.328573043541837420e-06
2.693876149351126430e-06
2.375245651364821157e-06
2.127301979726326123e-06
2.323081355370959415e-06
2.284718857481493784e-06
2.057292101653729248e-06
2.492318367330881217e-06
2.354810760607506381e-06
1.784720234354608608e-06
2.032016664088587446e-06
2.254973401250026739e-06
1.965400417702767130e-06
1.734804993702709865e-06
1.853028334153350400e-06
1.920811507716280091e-06
1.827631956530240047e-06
1.736216654535382901e-06
1.757421591719321526e-06
1.696353365332470275e-06
1.967061655250290726e-06
1.975538827991840747e-06
1.705737065549328733e-06
1.635617763895425014e-06
1.400606856805097693e-06
1.780645129656477281e-06
1.693306955985462992e-06
1.710803132937144255e-06
1.691784939339413456e-06
1.739436527259385912e-06
1.998124753299634819e-06
1.759126178058068035e-06
1.453136474083294118e-06
1.494182379246922125e-06
1.755840639816597062e-06
1.380694493491318923e-06
1.574245243318728129e-06
1.686650057308725166e-06
1.438783601770410357e-06
1.844137693751690592e-06
1.482606523950380548e-06
1.667744425049022496e-06
1.374371663587226067e-06
1.333821546722902027e-06
1.680409491200407417e-06
1.424498236701765563e-06
1.446423823381337570e-06
1.554304026285535741e-06
1.437811511095787949e-06
1.513023346433328655e-06
1.295965546432853444e-06
1.256692962670058393e-06
1.133997079705295703e-06
1.318849751896777846e-06
1.096422272439667807e-06
1.205142092430833060e-06
1.195895663386181695e-06
1.229522644052849585e-06
1.374187178271313314e-06
1.294526327910716645e-06
1.361617330530862006e-06
1.151187461800873280e-06
1.062404857066212487e-06
1.114656834033667025e-06
1.220153018266500937e-06
1.155069475089476412e-06
1.144507496064761696e-06
1.133639858608148685e-06
9.701696399133652872e-07
1.142642713602981488e-06
1.097848314657312627e-06
1.035988714193081208e-06
9.205830394876102007e-07
8.835376661409100052e-07
1.009509230698313289e-06
9.563558535319317281e-07
1.013581868392066141e-06
1.061604234564583706e-06
9.991857609747967641e-07
8.955397618137794568e-07
9.428481973827729446e-07
8.717503135358128506e-07
1.005885690119612221e-06
8.764184940446284176e-07
9.421084314453765242e-07
8.734383470709872411e-07
8.690704305536200567e-07
8.760233527027594815e-07
8.191168831217509948e-07
7.999726619800640249e-07
1.028178303386084735e-06
9.171170063382305671e-07
9.470301279179693242e-07
7.454834360487439395e-07
6.874521659483434844e-07
9.222826804489159258e-07
6.928357720425993162e-07
7.866062446737487547e-07
8.072780246948240833e-07
8.425107921539165333e-07
6.842810932994325836e-07
7.296717342342162949e-07
7.637325325049460358e-07
7.697785690652381587e-07
6.966744138026115463e-07
6.847391261999291389e-07
7.466140175438340097e-07
6.250102529747892034e-07
6.296260323779279557e-07
7.326137392738018693e-07
6.951961438517173731e-07
5.492977948051702697e-07
6.695425270208942979e-07
6.438692793153677697e-07
6.455191169152385767e-07
6.276804526805790798e-07
5.472712331311413224e-07
7.700558114720479141e-07
5.466562015499220949e-07
5.873114815813096145e-07
7.776375639423349216e-07
5.683666472577897790e-07
5.858667435632014531e-07
5.259519099354292636e-07
5.486064026172243969e-07
4.915957788398373152e-07
4.608014563700635441e-07
6.190642125147860921e-07
5.311112317940569271e-07
4.543594059214228870e-07
5.100922180645283819e-07
5.058388580891915322e-07
5.289847081257903695e-07
4.694132940130657516e-07
4.738191563546934049e-07
4.707435749651267437e-07
5.261236140086111845e-07
5.148988691416888773e-07
5.591305182406358442e-07
4.229548636658364769e-07
4.365305528608587444e-07
4.377989824888573123e-07
4.355862870397686493e-07
5.297098141454625663e-07
4.768567350765806835e-07
4.642156852696644015e-07
5.484923860876733458e-07
4.022171907536176361e-07
4.319337392644229218e-07
4.922538067830828791e-07
4.358486336286659935e-07
4.953344415525862344e-07
3.855326298207728541e-07
4.425626201509658237e-07
4.470686548074809358e-07
3.944638478969864293e-07
4.689079815989316663e-07
4.010968069678711102e-07
3.690150492730026811e-07
3.499844012821995526e-07
3.520872354556559215e-07
3.559687144161216354e-07
3.065301200422254836e-07
3.134251926439901475e-07
3.367378099028428657e-07
3.677847644212306477e-07
3.083755046873193351e-07
3.650333894711366050e-07
3.682997615328531432e-07
3.667643966309697134e-07
2.875424684134486385e-07
3.272010786758983159e-07
2.982045813837430403e-07
3.195430508640129013e-07
5.127055857201412860e-07
3.493171163881925273e-07
3.189136990044971753e-07
2.805663470439867524e-07
3.410868941955413690e-07
3.705600533976394429e-07
3.563407886986169721e-07
3.047849332915575360e-07
3.504041018231873962e-07
3.277638143117656000e-07
3.014232447640097129e-07
3.155710487590112977e-07
2.764798580301430563e-07
3.862147508471025503e-07
2.750875083279424871e-07
3.120185851912538055e-07
2.862025752392583050e-07
2.883769553818637981e-07
2.246094609859028318e-07
2.419901832695359295e-07
2.761317816180053236e-07
2.409649837886718266e-07
2.898409064755469656e-07
2.486182523853130882e-07
3.140880991736594508e-07
2.364684178246534377e-07
2.142573165997419088e-07
2.569772121319147012e-07
2.228594723874266386e-07
2.439213943716822435e-07
2.390338082136622477e-07
2.278424162227565724e-07
2.238751363847768410e-07
2.673770822525511903e-07
2.002668935574547610e-07
2.249670927767510981e-07
2.739383560879105274e-07
2.214718705317864131e-07
2.340413786328099430e-07
2.154208061710960412e-07
2.309228435137811175e-07
2.937129465863108529e-07
2.293158544830475770e-07
1.916695296699799603e-07
2.710726363375215442e-07
2.409984162454747791e-07
2.998258921138585720e-07
1.902104102668999879e-07
1.968670559904239781e-07
1.943350540045685087e-07
2.192402888567812730e-07
2.413560821423743407e-07
1.901389040881440504e-07
2.272368789135725925e-07
2.413895714425962069e-07
1.953316726144294080e-07
1.959896984260467328e-07
1.768160473147872730e-07
2.274181539974051755e-07
2.158404967644855682e-07
1.816464035186982179e-07
1.998949869630450743e-07
1.669788872504795965e-07
2.118970726883162623e-07
2.493147462701017714e-07
1.829672669373394562e-07
1.857901310131637623e-07
1.800633100401682896e-07
1.612425322150556894e-07
1.678944236971346982e-07
1.707554631025232084e-07
1.761150940637890017e-07
1.584959491651716288e-07
1.668406078181306035e-07
2.066423100188785558e-07
1.730442662051245755e-07
1.635313665815374459e-07
1.501894466571229714e-07
1.570034498854511132e-07
1.829195973357400309e-07
1.489925914199830110e-07
2.027370456403332461e-07
1.736880349767489004e-07
1.531983123470581578e-07
1.674509746862895660e-07
1.634216893364737295e-07
1.323414224430052749e-07
1.606369593787348951e-07
1.497364529257083685e-07
1.732399731224631925e-07
1.553822066568955051e-07
1.881171705520046195e-07
1.185131296210784005e-07
1.488591003351302682e-07
1.410103216414881899e-07
1.341772467355895007e-07
1.324463276830556424e-07
1.183843814089868829e-07
1.497555480511891748e-07
1.126766463244166463e-07
1.289081993149920838e-07
1.379347217778104148e-07
1.239872339908742909e-07
1.477432967078584625e-07
1.477814350892003858e-07
1.164150774002337103e-07
1.445962048762794386e-07
1.230574007138329762e-07
1.014280485378549254e-07
1.190710321452570497e-07
9.981157234051352134e-08
1.312733253655551486e-07
1.338720778676361078e-07
1.099586796726725906e-07
1.073932949680056455e-07
1.232719974098017754e-07
1.394320086944844608e-07
1.311636580680897221e-07
1.044225960811218128e-07
1.342630994827231810e-07
1.256132755145244922e-07
1.062298053966514999e-07
1.001358228336357517e-07
