2.000000000000000111e-01
2.946666666666666878e-01
2.999999999999999889e-01
4.773333333333333317e-01
5.593333333333333490e-01
6.626666666666666261e-01
6.913333333333333552e-01
7.413333333333332886e-01
7.339999999999999858e-01
7.253333333333333854e-01
7.393333333333332869e-01
7.313333333333332797e-01
7.339999999999999858e-01
7.279999999999999805e-01
7.406666666666666954e-01
7.406666666666666954e-01
7.413333333333332886e-01
7.419999999999999929e-01
7.426666666666666972e-01
7.406666666666666954e-01
7.426666666666666972e-01
7.453333333333332922e-01
7.446666666666666989e-01
7.453333333333332922e-01
7.439999999999999947e-01
7.453333333333332922e-01
7.439999999999999947e-01
7.399999999999999911e-01
7.433333333333332904e-01
7.419999999999999929e-01
7.433333333333332904e-01
7.426666666666666972e-01
7.439999999999999947e-01
7.446666666666666989e-01
7.473333333333332940e-01
7.446666666666666989e-01
7.446666666666666989e-01
7.446666666666666989e-01
7.419999999999999929e-01
7.439999999999999947e-01
7.453333333333332922e-01
7.446666666666666989e-01
7.486666666666667025e-01
7.459999999999999964e-01
7.446666666666666989e-01
7.453333333333332922e-01
7.433333333333332904e-01
7.426666666666666972e-01
7.439999999999999947e-01
7.466666666666667007e-01
7.459999999999999964e-01
7.466666666666667007e-01
7.426666666666666972e-01
7.433333333333332904e-01
7.446666666666666989e-01
7.419999999999999929e-01
7.433333333333332904e-01
7.446666666666666989e-01
7.439999999999999947e-01
7.426666666666666972e-01
7.453333333333332922e-01
7.433333333333332904e-01
7.453333333333332922e-01
7.446666666666666989e-01
7.473333333333332940e-01
7.446666666666666989e-01
7.439999999999999947e-01
7.439999999999999947e-01
7.433333333333332904e-01
7.433333333333332904e-01
7.426666666666666972e-01
7.433333333333332904e-01
7.453333333333332922e-01
7.446666666666666989e-01
7.419999999999999929e-01
7.439999999999999947e-01
7.486666666666667025e-01
7.486666666666667025e-01
7.439999999999999947e-01
7.426666666666666972e-01
7.433333333333332904e-01
7.446666666666666989e-01
7.446666666666666989e-01
7.446666666666666989e-01
7.439999999999999947e-01
7.439999999999999947e-01
7.433333333333332904e-01
7.439999999999999947e-01
7.453333333333332922e-01
7.433333333333332904e-01
7.439999999999999947e-01
7.433333333333332904e-01
7.426666666666666972e-01
7.439999999999999947e-01
7.433333333333332904e-01
7.426666666666666972e-01
7.439999999999999947e-01
7.439999999999999947e-01
7.459999999999999964e-01
7.446666666666666989e-01
7.453333333333332922e-01
7.433333333333332904e-01
7.466666666666667007e-01
7.453333333333332922e-01
7.459999999999999964e-01
7.459999999999999964e-01
7.453333333333332922e-01
7.439999999999999947e-01
7.439999999999999947e-01
7.439999999999999947e-01
7.439999999999999947e-01
7.426666666666666972e-01
7.446666666666666989e-01
7.446666666666666989e-01
7.459999999999999964e-01
7.433333333333332904e-01
7.453333333333332922e-01
7.439999999999999947e-01
7.459999999999999964e-01
7.453333333333332922e-01
7.446666666666666989e-01
7.466666666666667007e-01
7.439999999999999947e-01
7.453333333333332922e-01
7.453333333333332922e-01
7.466666666666667007e-01
7.453333333333332922e-01
7.433333333333332904e-01
7.453333333333332922e-01
7.459999999999999964e-01
7.446666666666666989e-01
7.446666666666666989e-01
7.459999999999999964e-01
7.439999999999999947e-01
7.439999999999999947e-01
7.433333333333332904e-01
7.453333333333332922e-01
7.446666666666666989e-01
7.433333333333332904e-01
7.446666666666666989e-01
7.426666666666666972e-01
7.439999999999999947e-01
7.426666666666666972e-01
7.446666666666666989e-01
7.466666666666667007e-01
7.439999999999999947e-01
7.453333333333332922e-01
7.433333333333332904e-01
7.439999999999999947e-01
7.453333333333332922e-01
7.459999999999999964e-01
7.459999999999999964e-01
7.453333333333332922e-01
7.446666666666666989e-01
7.459999999999999964e-01
7.446666666666666989e-01
7.459999999999999964e-01
7.453333333333332922e-01
7.459999999999999964e-01
7.453333333333332922e-01
7.466666666666667007e-01
7.473333333333332940e-01
7.459999999999999964e-01
7.446666666666666989e-01
7.446666666666666989e-01
7.439999999999999947e-01
7.433333333333332904e-01
7.439999999999999947e-01
7.453333333333332922e-01
7.446666666666666989e-01
7.459999999999999964e-01
7.453333333333332922e-01
7.459999999999999964e-01
7.459999999999999964e-01
7.439999999999999947e-01
7.446666666666666989e-01
7.433333333333332904e-01
7.446666666666666989e-01
7.446666666666666989e-01
7.446666666666666989e-01
7.459999999999999964e-01
7.459999999999999964e-01
7.459999999999999964e-01
7.439999999999999947e-01
7.453333333333332922e-01
7.446666666666666989e-01
7.459999999999999964e-01
7.439999999999999947e-01
7.446666666666666989e-01
7.446666666666666989e-01
7.459999999999999964e-01
7.453333333333332922e-01
7.466666666666667007e-01
7.446666666666666989e-01
7.473333333333332940e-01
7.459999999999999964e-01
7.426666666666666972e-01
7.459999999999999964e-01
7.453333333333332922e-01
7.466666666666667007e-01
7.459999999999999964e-01
7.446666666666666989e-01
7.459999999999999964e-01
7.446666666666666989e-01
7.479999999999999982e-01
7.473333333333332940e-01
7.459999999999999964e-01
7.466666666666667007e-01
7.466666666666667007e-01
7.459999999999999964e-01
7.453333333333332922e-01
7.453333333333332922e-01
7.453333333333332922e-01
7.466666666666667007e-01
7.439999999999999947e-01
7.446666666666666989e-01
7.473333333333332940e-01
7.473333333333332940e-01
7.466666666666667007e-01
7.466666666666667007e-01
7.453333333333332922e-01
7.446666666666666989e-01
7.473333333333332940e-01
7.466666666666667007e-01
7.466666666666667007e-01
7.473333333333332940e-01
7.453333333333332922e-01
7.453333333333332922e-01
7.466666666666667007e-01
7.466666666666667007e-01
7.459999999999999964e-01
7.453333333333332922e-01
7.446666666666666989e-01
7.466666666666667007e-01
7.446666666666666989e-01
7.473333333333332940e-01
7.453333333333332922e-01
7.473333333333332940e-01
7.453333333333332922e-01
7.466666666666667007e-01
7.439999999999999947e-01
7.466666666666667007e-01
7.473333333333332940e-01
7.453333333333332922e-01
7.446666666666666989e-01
7.439999999999999947e-01
7.459999999999999964e-01
7.459999999999999964e-01
7.453333333333332922e-01
7.453333333333332922e-01
7.453333333333332922e-01
7.446666666666666989e-01
7.459999999999999964e-01
7.466666666666667007e-01
7.473333333333332940e-01
7.466666666666667007e-01
7.459999999999999964e-01
7.459999999999999964e-01
7.453333333333332922e-01
7.446666666666666989e-01
7.453333333333332922e-01
7.433333333333332904e-01
7.446666666666666989e-01
7.459999999999999964e-01
7.459999999999999964e-01
7.473333333333332940e-01
7.473333333333332940e-01
7.446666666666666989e-01
7.433333333333332904e-01
7.439999999999999947e-01
7.466666666666667007e-01
7.446666666666666989e-01
7.459999999999999964e-01
7.453333333333332922e-01
7.453333333333332922e-01
7.459999999999999964e-01
7.453333333333332922e-01
7.466666666666667007e-01
7.453333333333332922e-01
7.459999999999999964e-01
7.433333333333332904e-01
7.446666666666666989e-01
7.453333333333332922e-01
7.473333333333332940e-01
7.459999999999999964e-01
7.466666666666667007e-01
7.466666666666667007e-01
7.459999999999999964e-01
7.453333333333332922e-01
7.466666666666667007e-01
7.446666666666666989e-01
7.433333333333332904e-01
7.453333333333332922e-01
7.466666666666667007e-01
7.446666666666666989e-01
7.473333333333332940e-01
7.439999999999999947e-01
7.459999999999999964e-01
7.446666666666666989e-01
7.486666666666667025e-01
7.453333333333332922e-01
7.446666666666666989e-01
7.426666666666666972e-01
7.446666666666666989e-01
7.459999999999999964e-01
7.446666666666666989e-01
7.466666666666667007e-01
7.446666666666666989e-01
7.466666666666667007e-01
7.433333333333332904e-01
7.453333333333332922e-01
7.459999999999999964e-01
7.459999999999999964e-01
7.439999999999999947e-01
7.459999999999999964e-01
7.453333333333332922e-01
7.466666666666667007e-01
7.466666666666667007e-01
7.446666666666666989e-01
7.473333333333332940e-01
7.466666666666667007e-01
7.446666666666666989e-01
7.466666666666667007e-01
7.453333333333332922e-01
7.473333333333332940e-01
7.466666666666667007e-01
7.473333333333332940e-01
7.459999999999999964e-01
7.446666666666666989e-01
7.446666666666666989e-01
7.433333333333332904e-01
7.453333333333332922e-01
7.446666666666666989e-01
7.466666666666667007e-01
7.459999999999999964e-01
7.473333333333332940e-01
7.466666666666667007e-01
7.473333333333332940e-01
7.466666666666667007e-01
7.459999999999999964e-01
7.459999999999999964e-01
7.453333333333332922e-01
7.446666666666666989e-01
7.453333333333332922e-01
7.453333333333332922e-01
7.453333333333332922e-01
7.453333333333332922e-01
7.446666666666666989e-01
7.459999999999999964e-01
7.453333333333332922e-01
7.459999999999999964e-01
7.446666666666666989e-01
7.466666666666667007e-01
7.453333333333332922e-01
7.459999999999999964e-01
7.473333333333332940e-01
7.459999999999999964e-01
7.466666666666667007e-01
7.466666666666667007e-01
7.466666666666667007e-01
7.466666666666667007e-01
7.459999999999999964e-01
7.459999999999999964e-01
7.466666666666667007e-01
7.466666666666667007e-01
7.459999999999999964e-01
7.453333333333332922e-01
7.479999999999999982e-01
7.439999999999999947e-01
7.446666666666666989e-01
7.446666666666666989e-01
7.459999999999999964e-01
7.453333333333332922e-01
7.453333333333332922e-01
7.459999999999999964e-01
7.459999999999999964e-01
7.466666666666667007e-01
7.439999999999999947e-01
7.446666666666666989e-01
7.446666666666666989e-01
7.466666666666667007e-01
7.439999999999999947e-01
7.446666666666666989e-01
7.466666666666667007e-01
7.466666666666667007e-01
7.459999999999999964e-01
7.466666666666667007e-01
7.473333333333332940e-01
7.459999999999999964e-01
7.439999999999999947e-01
7.459999999999999964e-01
7.446666666666666989e-01
7.446666666666666989e-01
7.446666666666666989e-01
7.459999999999999964e-01
7.439999999999999947e-01
7.453333333333332922e-01
7.459999999999999964e-01
7.446666666666666989e-01
7.453333333333332922e-01
7.459999999999999964e-01
7.453333333333332922e-01
7.466666666666667007e-01
7.459999999999999964e-01
7.439999999999999947e-01
7.453333333333332922e-01
7.439999999999999947e-01
7.446666666666666989e-01
7.453333333333332922e-01
7.453333333333332922e-01
7.459999999999999964e-01
7.433333333333332904e-01
7.446666666666666989e-01
7.453333333333332922e-01
7.446666666666666989e-01
7.453333333333332922e-01
7.446666666666666989e-01
7.439999999999999947e-01
7.453333333333332922e-01
7.453333333333332922e-01
7.453333333333332922e-01
7.453333333333332922e-01
7.459999999999999964e-01
7.453333333333332922e-01
7.446666666666666989e-01
7.459999999999999964e-01
7.466666666666667007e-01
7.459999999999999964e-01
7.446666666666666989e-01
7.446666666666666989e-01
7.439999999999999947e-01
7.466666666666667007e-01
7.466666666666667007e-01
7.439999999999999947e-01
7.453333333333332922e-01
7.453333333333332922e-01
7.479999999999999982e-01
7.459999999999999964e-01
7.446666666666666989e-01
7.446666666666666989e-01
7.446666666666666989e-01
7.446666666666666989e-01
7.453333333333332922e-01
7.453333333333332922e-01
7.466666666666667007e-01
7.446666666666666989e-01
7.459999999999999964e-01
7.453333333333332922e-01
7.446666666666666989e-01
7.439999999999999947e-01
7.459999999999999964e-01
7.439999999999999947e-01
7.466666666666667007e-01
7.459999999999999964e-01
7.439999999999999947e-01
7.459999999999999964e-01
7.439999999999999947e-01
7.453333333333332922e-01
7.459999999999999964e-01
7.453333333333332922e-01
7.453333333333332922e-01
7.453333333333332922e-01
7.466666666666667007e-01
7.453333333333332922e-01
7.459999999999999964e-01
7.446666666666666989e-01
7.439999999999999947e-01
7.446666666666666989e-01
7.439999999999999947e-01
7.453333333333332922e-01
7.459999999999999964e-01
7.446666666666666989e-01
7.453333333333332922e-01
7.459999999999999964e-01
7.459999999999999964e-01
7.459999999999999964e-01
7.439999999999999947e-01
7.439999999999999947e-01
7.446666666666666989e-01
7.453333333333332922e-01
7.473333333333332940e-01
7.466666666666667007e-01
7.453333333333332922e-01
7.453333333333332922e-01
7.459999999999999964e-01
7.439999999999999947e-01
7.439999999999999947e-01
7.446666666666666989e-01
7.439999999999999947e-01
7.446666666666666989e-01
7.446666666666666989e-01
7.433333333333332904e-01
7.446666666666666989e-01
7.446666666666666989e-01
7.453333333333332922e-01
7.453333333333332922e-01
7.459999999999999964e-01
7.453333333333332922e-01
7.453333333333332922e-01
7.459999999999999964e-01
7.446666666666666989e-01
7.439999999999999947e-01
7.466666666666667007e-01
7.453333333333332922e-01
7.453333333333332922e-01
7.459999999999999964e-01
7.479999999999999982e-01
7.466666666666667007e-01
7.453333333333332922e-01
7.459999999999999964e-01
7.466666666666667007e-01
7.453333333333332922e-01
7.439999999999999947e-01
7.439999999999999947e-01
7.446666666666666989e-01
7.446666666666666989e-01
7.459999999999999964e-01
7.453333333333332922e-01
7.453333333333332922e-01
7.453333333333332922e-01
7.453333333333332922e-01
7.453333333333332922e-01
7.446666666666666989e-01
7.453333333333332922e-01
7.453333333333332922e-01
7.439999999999999947e-01
7.439999999999999947e-01
7.439999999999999947e-01
7.459999999999999964e-01
7.446666666666666989e-01
7.453333333333332922e-01
7.459999999999999964e-01
7.446666666666666989e-01
7.439999999999999947e-01
7.446666666666666989e-01
7.466666666666667007e-01
7.466666666666667007e-01
7.466666666666667007e-01
7.453333333333332922e-01
7.453333333333332922e-01
7.446666666666666989e-01
7.446666666666666989e-01
7.439999999999999947e-01
7.439999999999999947e-01
7.453333333333332922e-01
7.466666666666667007e-01
7.446666666666666989e-01
7.439999999999999947e-01
7.439999999999999947e-01
7.439999999999999947e-01
7.453333333333332922e-01
7.453333333333332922e-01
7.446666666666666989e-01
7.459999999999999964e-01
7.453333333333332922e-01
7.446666666666666989e-01
7.453333333333332922e-01
7.453333333333332922e-01
7.453333333333332922e-01
7.439999999999999947e-01
7.439999999999999947e-01
7.446666666666666989e-01
7.446666666666666989e-01
7.466666666666667007e-01
7.453333333333332922e-01
7.459999999999999964e-01
7.439999999999999947e-01
7.439999999999999947e-01
7.446666666666666989e-01
7.453333333333332922e-01
7.446666666666666989e-01
7.459999999999999964e-01
7.446666666666666989e-01
7.439999999999999947e-01
7.473333333333332940e-01
7.433333333333332904e-01
7.446666666666666989e-01
7.439999999999999947e-01
7.459999999999999964e-01
7.439999999999999947e-01
7.453333333333332922e-01
7.459999999999999964e-01
7.459999999999999964e-01
7.453333333333332922e-01
7.439999999999999947e-01
7.473333333333332940e-01
7.466666666666667007e-01
7.446666666666666989e-01
7.453333333333332922e-01
7.446666666666666989e-01
7.446666666666666989e-01
7.466666666666667007e-01
7.446666666666666989e-01
7.446666666666666989e-01
7.446666666666666989e-01
7.433333333333332904e-01
7.446666666666666989e-01
7.453333333333332922e-01
7.459999999999999964e-01
7.453333333333332922e-01
7.453333333333332922e-01
7.446666666666666989e-01
7.439999999999999947e-01
7.466666666666667007e-01
7.446666666666666989e-01
7.459999999999999964e-01
7.446666666666666989e-01
7.439999999999999947e-01
7.459999999999999964e-01
7.446666666666666989e-01
7.459999999999999964e-01
7.433333333333332904e-01
7.446666666666666989e-01
7.446666666666666989e-01
7.439999999999999947e-01
7.453333333333332922e-01
7.446666666666666989e-01
7.453333333333332922e-01
7.446666666666666989e-01
7.446666666666666989e-01
7.446666666666666989e-01
7.433333333333332904e-01
7.439999999999999947e-01
7.446666666666666989e-01
7.433333333333332904e-01
7.439999999999999947e-01
7.439999999999999947e-01
7.439999999999999947e-01
7.453333333333332922e-01
7.459999999999999964e-01
7.453333333333332922e-01
7.453333333333332922e-01
7.446666666666666989e-01
7.459999999999999964e-01
7.433333333333332904e-01
7.446666666666666989e-01
7.446666666666666989e-01
7.446666666666666989e-01
7.466666666666667007e-01
7.459999999999999964e-01
7.453333333333332922e-01
7.453333333333332922e-01
7.433333333333332904e-01
7.439999999999999947e-01
7.439999999999999947e-01
7.439999999999999947e-01
7.459999999999999964e-01
7.439999999999999947e-01
7.453333333333332922e-01
7.453333333333332922e-01
7.446666666666666989e-01
7.459999999999999964e-01
7.439999999999999947e-01
7.446666666666666989e-01
7.453333333333332922e-01
7.459999999999999964e-01
7.439999999999999947e-01
7.439999999999999947e-01
7.473333333333332940e-01
7.459999999999999964e-01
7.459999999999999964e-01
7.446666666666666989e-01
7.446666666666666989e-01
7.439999999999999947e-01
7.446666666666666989e-01
7.453333333333332922e-01
7.466666666666667007e-01
7.453333333333332922e-01
7.493333333333332957e-01
7.459999999999999964e-01
7.459999999999999964e-01
7.459999999999999964e-01
7.446666666666666989e-01
7.453333333333332922e-01
7.459999999999999964e-01
7.439999999999999947e-01
7.426666666666666972e-01
7.453333333333332922e-01
7.433333333333332904e-01
7.439999999999999947e-01
7.453333333333332922e-01
7.446666666666666989e-01
7.439999999999999947e-01
7.439999999999999947e-01
7.439999999999999947e-01
7.439999999999999947e-01
7.453333333333332922e-01
7.433333333333332904e-01
7.446666666666666989e-01
7.453333333333332922e-01
7.446666666666666989e-01
7.453333333333332922e-01
7.453333333333332922e-01
7.426666666666666972e-01
7.439999999999999947e-01
7.446666666666666989e-01
7.446666666666666989e-01
7.453333333333332922e-01
7.446666666666666989e-01
7.459999999999999964e-01
7.446666666666666989e-01
7.466666666666667007e-01
7.459999999999999964e-01
7.446666666666666989e-01
7.446666666666666989e-01
7.459999999999999964e-01
7.459999999999999964e-01
7.459999999999999964e-01
7.446666666666666989e-01
7.459999999999999964e-01
7.453333333333332922e-01
7.453333333333332922e-01
7.446666666666666989e-01
7.446666666666666989e-01
7.459999999999999964e-01
7.446666666666666989e-01
7.439999999999999947e-01
7.439999999999999947e-01
7.446666666666666989e-01
7.446666666666666989e-01
7.446666666666666989e-01
7.426666666666666972e-01
7.446666666666666989e-01
7.446666666666666989e-01
7.446666666666666989e-01
7.446666666666666989e-01
7.433333333333332904e-01
7.466666666666667007e-01
7.439999999999999947e-01
7.453333333333332922e-01
7.433333333333332904e-01
7.433333333333332904e-01
7.446666666666666989e-01
7.446666666666666989e-01
7.433333333333332904e-01
7.459999999999999964e-01
7.439999999999999947e-01
7.433333333333332904e-01
7.459999999999999964e-01
7.439999999999999947e-01
7.426666666666666972e-01
7.439999999999999947e-01
7.433333333333332904e-01
7.439999999999999947e-01
7.466666666666667007e-01
7.446666666666666989e-01
7.453333333333332922e-01
7.439999999999999947e-01
7.446666666666666989e-01
7.453333333333332922e-01
7.459999999999999964e-01
7.439999999999999947e-01
7.439999999999999947e-01
7.453333333333332922e-01
7.446666666666666989e-01
7.446666666666666989e-01
7.446666666666666989e-01
7.446666666666666989e-01
7.459999999999999964e-01
7.439999999999999947e-01
7.426666666666666972e-01
7.439999999999999947e-01
7.459999999999999964e-01
7.426666666666666972e-01
7.453333333333332922e-01
7.439999999999999947e-01
7.473333333333332940e-01
7.446666666666666989e-01
7.439999999999999947e-01
7.433333333333332904e-01
7.439999999999999947e-01
7.433333333333332904e-01
7.439999999999999947e-01
7.446666666666666989e-01
7.426666666666666972e-01
7.433333333333332904e-01
7.439999999999999947e-01
7.453333333333332922e-01
7.459999999999999964e-01
7.459999999999999964e-01
7.466666666666667007e-01
7.453333333333332922e-01
7.446666666666666989e-01
7.473333333333332940e-01
7.446666666666666989e-01
7.439999999999999947e-01
7.439999999999999947e-01
7.466666666666667007e-01
7.439999999999999947e-01
7.439999999999999947e-01
7.459999999999999964e-01
7.473333333333332940e-01
7.439999999999999947e-01
7.453333333333332922e-01
7.439999999999999947e-01
7.433333333333332904e-01
7.446666666666666989e-01
7.473333333333332940e-01
7.453333333333332922e-01
7.426666666666666972e-01
7.446666666666666989e-01
7.453333333333332922e-01
7.439999999999999947e-01
7.433333333333332904e-01
7.439999999999999947e-01
7.426666666666666972e-01
7.446666666666666989e-01
7.439999999999999947e-01
7.459999999999999964e-01
7.446666666666666989e-01
7.433333333333332904e-01
7.446666666666666989e-01
7.466666666666667007e-01
7.459999999999999964e-01
7.459999999999999964e-01
7.459999999999999964e-01
7.459999999999999964e-01
7.459999999999999964e-01
7.433333333333332904e-01
7.433333333333332904e-01
7.446666666666666989e-01
7.439999999999999947e-01
7.413333333333332886e-01
7.426666666666666972e-01
7.419999999999999929e-01
7.459999999999999964e-01
7.453333333333332922e-01
7.466666666666667007e-01
7.433333333333332904e-01
7.446666666666666989e-01
7.439999999999999947e-01
7.433333333333332904e-01
7.446666666666666989e-01
7.426666666666666972e-01
7.453333333333332922e-01
7.459999999999999964e-01
7.439999999999999947e-01
7.419999999999999929e-01
7.433333333333332904e-01
7.439999999999999947e-01
7.426666666666666972e-01
7.466666666666667007e-01
7.433333333333332904e-01
7.433333333333332904e-01
7.453333333333332922e-01
7.466666666666667007e-01
7.453333333333332922e-01
7.446666666666666989e-01
7.453333333333332922e-01
7.446666666666666989e-01
7.466666666666667007e-01
7.446666666666666989e-01
7.453333333333332922e-01
7.433333333333332904e-01
7.426666666666666972e-01
7.433333333333332904e-01
7.439999999999999947e-01
7.439999999999999947e-01
7.453333333333332922e-01
7.439999999999999947e-01
7.433333333333332904e-01
7.426666666666666972e-01
7.426666666666666972e-01
7.446666666666666989e-01
7.433333333333332904e-01
7.446666666666666989e-01
7.446666666666666989e-01
7.459999999999999964e-01
7.446666666666666989e-01
7.459999999999999964e-01
7.446666666666666989e-01
7.426666666666666972e-01
7.446666666666666989e-01
7.453333333333332922e-01
7.453333333333332922e-01
7.453333333333332922e-01
7.453333333333332922e-01
7.439999999999999947e-01
7.433333333333332904e-01
7.453333333333332922e-01
7.439999999999999947e-01
7.453333333333332922e-01
7.446666666666666989e-01
7.466666666666667007e-01
7.433333333333332904e-01
7.466666666666667007e-01
7.446666666666666989e-01
7.473333333333332940e-01
7.433333333333332904e-01
7.446666666666666989e-01
7.439999999999999947e-01
7.439999999999999947e-01
7.433333333333332904e-01
7.433333333333332904e-01
7.446666666666666989e-01
7.453333333333332922e-01
7.459999999999999964e-01
7.459999999999999964e-01
7.473333333333332940e-01
7.446666666666666989e-01
7.439999999999999947e-01
7.446666666666666989e-01
7.433333333333332904e-01
7.433333333333332904e-01
7.439999999999999947e-01
7.406666666666666954e-01
7.446666666666666989e-01
7.446666666666666989e-01
7.453333333333332922e-01
7.453333333333332922e-01
7.466666666666667007e-01
7.446666666666666989e-01
7.453333333333332922e-01
7.446666666666666989e-01
7.453333333333332922e-01
7.446666666666666989e-01
7.473333333333332940e-01
7.453333333333332922e-01
7.459999999999999964e-01
7.439999999999999947e-01
7.419999999999999929e-01
7.439999999999999947e-01
7.446666666666666989e-01
7.453333333333332922e-01
7.413333333333332886e-01
7.439999999999999947e-01
7.433333333333332904e-01
7.426666666666666972e-01
7.439999999999999947e-01
7.433333333333332904e-01
7.446666666666666989e-01
7.453333333333332922e-01
7.459999999999999964e-01
7.459999999999999964e-01
7.446666666666666989e-01
7.439999999999999947e-01
7.433333333333332904e-01
7.426666666666666972e-01
7.433333333333332904e-01
7.466666666666667007e-01
7.439999999999999947e-01
7.433333333333332904e-01
7.466666666666667007e-01
7.433333333333332904e-01
7.426666666666666972e-01
7.446666666666666989e-01
7.446666666666666989e-01
7.426666666666666972e-01
7.426666666666666972e-01
7.419999999999999929e-01
7.433333333333332904e-01
7.459999999999999964e-01
7.453333333333332922e-01
7.473333333333332940e-01
7.426666666666666972e-01
7.446666666666666989e-01
7.453333333333332922e-01
7.466666666666667007e-01
7.466666666666667007e-01
7.433333333333332904e-01
7.446666666666666989e-01
7.439999999999999947e-01
7.453333333333332922e-01
7.459999999999999964e-01
7.466666666666667007e-01
7.453333333333332922e-01
7.433333333333332904e-01
7.433333333333332904e-01
7.446666666666666989e-01
7.419999999999999929e-01
7.426666666666666972e-01
7.439999999999999947e-01
7.419999999999999929e-01
7.419999999999999929e-01
7.433333333333332904e-01
7.433333333333332904e-01
7.459999999999999964e-01
7.446666666666666989e-01
7.446666666666666989e-01
7.446666666666666989e-01
7.446666666666666989e-01
7.446666666666666989e-01
7.439999999999999947e-01
7.446666666666666989e-01
7.446666666666666989e-01
7.439999999999999947e-01
7.446666666666666989e-01
7.419999999999999929e-01
7.426666666666666972e-01
7.433333333333332904e-01
7.446666666666666989e-01
7.446666666666666989e-01
7.453333333333332922e-01
7.419999999999999929e-01
7.439999999999999947e-01
7.433333333333332904e-01
7.446666666666666989e-01
7.426666666666666972e-01
7.439999999999999947e-01
7.419999999999999929e-01
7.453333333333332922e-01
