6.915439367294311523e-01
6.917177438735961914e-01
6.919138431549072266e-01
6.913016140460968018e-01
6.850185096263885498e-01
6.667886078357696533e-01
6.424031853675842285e-01
6.221228241920471191e-01
6.084822416305541992e-01
5.988404750823974609e-01
5.923149585723876953e-01
5.847467780113220215e-01
5.793468952178955078e-01
5.736841857433319092e-01
5.674864351749420166e-01
5.629014670848846436e-01
5.568469166755676270e-01
5.514607429504394531e-01
5.480653643608093262e-01
5.414495766162872314e-01
5.360944867134094238e-01
5.301465392112731934e-01
5.256739258766174316e-01
5.224176049232482910e-01
5.179080665111541748e-01
5.116408467292785645e-01
5.092592835426330566e-01
5.053965449333190918e-01
4.995212852954864502e-01
4.961071312427520752e-01
4.916797429323196411e-01
4.868315607309341431e-01
4.842862784862518311e-01
4.791643172502517700e-01
4.748688042163848877e-01
4.740452468395233154e-01
4.674427062273025513e-01
4.640723168849945068e-01
4.605176150798797607e-01
4.575514942407608032e-01
4.537801742553710938e-01
4.537359327077865601e-01
4.513606280088424683e-01
4.531514048576354980e-01
4.453942030668258667e-01
4.459289163351058960e-01
4.365286082029342651e-01
4.341819435358047485e-01
4.318218082189559937e-01
4.303883463144302368e-01
4.252937138080596924e-01
4.240234196186065674e-01
4.200869202613830566e-01
4.178500175476074219e-01
4.160721898078918457e-01
4.160806387662887573e-01
4.112419486045837402e-01
4.067834317684173584e-01
4.096851199865341187e-01
4.030069112777709961e-01
3.998696357011795044e-01
3.990990221500396729e-01
3.984706699848175049e-01
3.942748159170150757e-01
3.963116705417633057e-01
3.949828892946243286e-01
3.915136754512786865e-01
3.905722051858901978e-01
3.848401457071304321e-01
3.845930099487304688e-01
3.810475170612335205e-01
3.783229291439056396e-01
3.768635690212249756e-01
3.746968209743499756e-01
3.712397515773773193e-01
3.708398938179016113e-01
3.704252690076828003e-01
3.658836483955383301e-01
3.651648610830307007e-01
3.663235306739807129e-01
3.643897324800491333e-01
3.602476567029953003e-01
3.582522869110107422e-01
3.614333271980285645e-01
3.578296601772308350e-01
3.564530313014984131e-01
3.509854525327682495e-01
3.604037761688232422e-01
3.473101854324340820e-01
3.534194082021713257e-01
3.467349857091903687e-01
3.428837954998016357e-01
3.417355716228485107e-01
3.472848385572433472e-01
3.391989916563034058e-01
3.465108722448348999e-01
3.367807716131210327e-01
3.438803702592849731e-01
3.394521623849868774e-01
3.330949246883392334e-01
3.359800130128860474e-01
3.297320008277893066e-01
3.299179971218109131e-01
3.251550644636154175e-01
3.236818015575408936e-01
3.226041346788406372e-01
3.205544501543045044e-01
3.245643079280853271e-01
3.203514665365219116e-01
3.246134370565414429e-01
3.192470222711563110e-01
3.177069872617721558e-01
3.248651921749114990e-01
3.113359361886978149e-01
3.127860426902770996e-01
3.145637065172195435e-01
3.071577548980712891e-01
3.083541244268417358e-01
3.048495799303054810e-01
3.031996786594390869e-01
3.021840155124664307e-01
2.996828258037567139e-01
3.010015785694122314e-01
3.004556000232696533e-01
3.048128783702850342e-01
2.984052151441574097e-01
3.031250685453414917e-01
2.931573987007141113e-01
2.914679646492004395e-01
2.994361519813537598e-01
2.915778607130050659e-01
2.964524477720260620e-01
2.974487245082855225e-01
3.050041943788528442e-01
2.943906784057617188e-01
2.848213016986846924e-01
2.862102538347244263e-01
2.852756232023239136e-01
2.891774624586105347e-01
2.845896929502487183e-01
2.823878526687622070e-01
2.860947847366333008e-01
2.838534265756607056e-01
2.794234752655029297e-01
2.800677865743637085e-01
2.823957204818725586e-01
2.776237279176712036e-01
2.771418839693069458e-01
2.827790528535842896e-01
2.738626003265380859e-01
2.719860076904296875e-01
2.759890556335449219e-01
2.697663605213165283e-01
2.713794559240341187e-01
2.708339244127273560e-01
2.670819163322448730e-01
2.673530653119087219e-01
2.649108171463012695e-01
2.653535157442092896e-01
2.661723047494888306e-01
2.670541033148765564e-01
2.744062244892120361e-01
2.634759172797203064e-01
2.786762416362762451e-01
2.702820375561714172e-01
2.658818960189819336e-01
2.666090726852416992e-01
2.618033811450004578e-01
2.599171102046966553e-01
2.568323761224746704e-01
2.565321326255798340e-01
2.611742317676544189e-01
2.536887824535369873e-01
2.539481222629547119e-01
2.608356773853302002e-01
2.580760940909385681e-01
2.524014264345169067e-01
2.568493410944938660e-01
2.507267519831657410e-01
2.552489489316940308e-01
2.505824193358421326e-01
2.507648393511772156e-01
2.469128966331481934e-01
2.554785609245300293e-01
2.482454702258110046e-01
2.523726373910903931e-01
2.538134008646011353e-01
2.471611052751541138e-01
2.482811659574508667e-01
2.461331635713577271e-01
2.456888407468795776e-01
2.462122738361358643e-01
2.428755313158035278e-01
2.546226233243942261e-01
2.490927577018737793e-01
2.483590915799140930e-01
2.383026480674743652e-01
2.399554029107093811e-01
2.403218373656272888e-01
2.432836741209030151e-01
2.373900711536407471e-01
2.392461672425270081e-01
2.459906041622161865e-01
2.385077551007270813e-01
2.387198805809020996e-01
2.406033724546432495e-01
2.410732582211494446e-01
2.388318479061126709e-01
2.432920038700103760e-01
2.392122074961662292e-01
2.333706915378570557e-01
2.323739677667617798e-01
2.379464507102966309e-01
2.342054769396781921e-01
2.316377982497215271e-01
2.350481078028678894e-01
2.360524609684944153e-01
2.420193850994110107e-01
2.368875518441200256e-01
2.296051830053329468e-01
2.280075475573539734e-01
2.256415337324142456e-01
2.331650406122207642e-01
2.278141677379608154e-01
2.291661947965621948e-01
2.317454814910888672e-01
2.328525707125663757e-01
2.274384945631027222e-01
2.331147119402885437e-01
2.306437492370605469e-01
2.331335395574569702e-01
2.295757383108139038e-01
2.286620959639549255e-01
2.271922528743743896e-01
2.281197756528854370e-01
2.300720363855361938e-01
2.287683784961700439e-01
2.316926717758178711e-01
2.241530418395996094e-01
2.235906720161437988e-01
2.273728847503662109e-01
2.211745381355285645e-01
2.227532267570495605e-01
2.182621732354164124e-01
2.207802087068557739e-01
2.246218025684356689e-01
2.214225977659225464e-01
2.220676317811012268e-01
2.265330255031585693e-01
2.246753796935081482e-01
2.156977355480194092e-01
2.185524702072143555e-01
2.204399555921554565e-01
2.162529379129409790e-01
2.194932997226715088e-01
2.151819020509719849e-01
2.269566282629966736e-01
2.181479111313819885e-01
2.291992828249931335e-01
2.197938412427902222e-01
2.142834365367889404e-01
2.201214432716369629e-01
2.199750766158103943e-01
2.126561030745506287e-01
2.093173936009407043e-01
2.114491388201713562e-01
2.156464681029319763e-01
2.119004875421524048e-01
2.110343426465988159e-01
2.180501222610473633e-01
2.103261351585388184e-01
2.110286206007003784e-01
2.095957174897193909e-01
2.105066254734992981e-01
2.083359211683273315e-01
2.191166356205940247e-01
2.133877575397491455e-01
2.127426713705062866e-01
2.114150226116180420e-01
2.283169329166412354e-01
2.111160978674888611e-01
2.091170549392700195e-01
2.062386870384216309e-01
2.067493572831153870e-01
2.091880589723587036e-01
2.140575200319290161e-01
2.122336775064468384e-01
2.169727161526679993e-01
2.039439156651496887e-01
2.197189033031463623e-01
2.030773758888244629e-01
2.068912535905838013e-01
2.087159231305122375e-01
2.047828137874603271e-01
2.068026587367057800e-01
2.081538438796997070e-01
2.085048109292984009e-01
2.169300317764282227e-01
2.089222297072410583e-01
2.015968188643455505e-01
2.087239027023315430e-01
2.122328653931617737e-01
2.058166116476058960e-01
2.030250802636146545e-01
2.056559622287750244e-01
2.022701129317283630e-01
2.005477175116539001e-01
2.014988660812377930e-01
1.976767331361770630e-01
2.025721743702888489e-01
2.060002982616424561e-01
2.038800343871116638e-01
2.096487954258918762e-01
2.027931436896324158e-01
2.067318856716156006e-01
2.058430239558219910e-01
2.000681906938552856e-01
1.996790617704391479e-01
1.994915157556533813e-01
2.029020264744758606e-01
1.997645348310470581e-01
1.994100809097290039e-01
2.024895027279853821e-01
2.030742987990379333e-01
2.038388922810554504e-01
2.028815969824790955e-01
2.022336348891258240e-01
1.998793035745620728e-01
1.951613277196884155e-01
1.935546025633811951e-01
1.963669210672378540e-01
1.998953148722648621e-01
1.990925222635269165e-01
1.953873038291931152e-01
1.973751336336135864e-01
1.928519085049629211e-01
1.981707438826560974e-01
1.946122571825981140e-01
2.088896408677101135e-01
2.251164838671684265e-01
1.991109624505043030e-01
1.928155124187469482e-01
1.971001550555229187e-01
1.979185715317726135e-01
1.954055279493331909e-01
1.934228837490081787e-01
1.909965500235557556e-01
1.960766091942787170e-01
1.909174174070358276e-01
1.974866837263107300e-01
1.933380663394927979e-01
1.990590393543243408e-01
1.910190507769584656e-01
1.914132386445999146e-01
1.926130205392837524e-01
1.951500922441482544e-01
1.965607479214668274e-01
1.939095109701156616e-01
1.934855505824089050e-01
2.014385759830474854e-01
1.952221840620040894e-01
1.936116442084312439e-01
1.941610500216484070e-01
2.043401226401329041e-01
1.933368444442749023e-01
1.922338455915451050e-01
1.879479289054870605e-01
1.887105926871299744e-01
1.897018477320671082e-01
1.954596415162086487e-01
1.886041462421417236e-01
1.911720708012580872e-01
1.878422796726226807e-01
1.892653480172157288e-01
1.891052350401878357e-01
1.923355609178543091e-01
1.957193091511726379e-01
2.159609720110893250e-01
2.018349319696426392e-01
1.884953677654266357e-01
1.947982236742973328e-01
1.885456740856170654e-01
1.919575929641723633e-01
1.918508708477020264e-01
1.879070252180099487e-01
1.844072118401527405e-01
1.902865469455718994e-01
1.874230057001113892e-01
1.868607327342033386e-01
2.006635293364524841e-01
2.005902901291847229e-01
1.872316002845764160e-01
2.048855721950531006e-01
1.920766755938529968e-01
1.944993436336517334e-01
1.897761449217796326e-01
1.962563246488571167e-01
1.846990510821342468e-01
1.848054826259613037e-01
1.930890604853630066e-01
1.834411695599555969e-01
1.890784576535224915e-01
1.876864731311798096e-01
2.004414200782775879e-01
1.880441233515739441e-01
1.850372403860092163e-01
1.827965676784515381e-01
1.875706762075424194e-01
1.876304596662521362e-01
1.819523945450782776e-01
1.849960833787918091e-01
1.836296617984771729e-01
1.853424683213233948e-01
1.927004456520080566e-01
1.914665997028350830e-01
1.948123797774314880e-01
1.865942180156707764e-01
1.835556775331497192e-01
1.835182011127471924e-01
1.805095598101615906e-01
1.814648658037185669e-01
1.814518123865127563e-01
1.852695196866989136e-01
1.859889402985572815e-01
1.870839893817901611e-01
1.813151687383651733e-01
1.805820316076278687e-01
1.811731010675430298e-01
1.817734614014625549e-01
1.931217238306999207e-01
1.885428875684738159e-01
1.923682987689971924e-01
1.826494634151458740e-01
1.815857961773872375e-01
1.898670494556427002e-01
1.846045702695846558e-01
1.802542358636856079e-01
1.820954680442810059e-01
1.825182288885116577e-01
1.820129454135894775e-01
1.968831941485404968e-01
1.872464120388031006e-01
1.841224730014801025e-01
1.881109476089477539e-01
1.772831976413726807e-01
1.797263100743293762e-01
1.773588657379150391e-01
1.868568360805511475e-01
1.791514903306961060e-01
1.770814582705497742e-01
1.802133470773696899e-01
1.812466979026794434e-01
1.883734613656997681e-01
1.770145446062088013e-01
1.835424825549125671e-01
1.859060302376747131e-01
1.806102246046066284e-01
1.780331134796142578e-01
1.759557425975799561e-01
1.756444051861763000e-01
1.812951415777206421e-01
1.807991117238998413e-01
1.772529855370521545e-01
1.819737032055854797e-01
1.787908524274826050e-01
1.822569891810417175e-01
1.740184947848320007e-01
1.801984384655952454e-01
1.797321140766143799e-01
1.812646761536598206e-01
1.790407374501228333e-01
1.848929077386856079e-01
1.803470104932785034e-01
1.836596801877021790e-01
1.876263022422790527e-01
1.832299903035163879e-01
1.804450750350952148e-01
1.793967410922050476e-01
1.790235713124275208e-01
1.801195144653320312e-01
1.785065680742263794e-01
1.763260066509246826e-01
1.748890131711959839e-01
1.875469908118247986e-01
1.855652481317520142e-01
1.843318715691566467e-01
1.765934079885482788e-01
1.771041750907897949e-01
1.774718314409255981e-01
1.809213906526565552e-01
1.747339516878128052e-01
1.749664917588233948e-01
1.720453128218650818e-01
1.743378490209579468e-01
1.755399405956268311e-01
1.712171509861946106e-01
1.725905463099479675e-01
1.797502338886260986e-01
1.716538071632385254e-01
1.849185824394226074e-01
1.849088296294212341e-01
1.798404976725578308e-01
1.848382726311683655e-01
1.803884506225585938e-01
1.779541820287704468e-01
1.775947660207748413e-01
1.778119876980781555e-01
1.709200590848922729e-01
1.713207662105560303e-01
1.750839352607727051e-01
1.718492209911346436e-01
1.727037876844406128e-01
1.920832470059394836e-01
1.747922971844673157e-01
1.751675382256507874e-01
1.744318455457687378e-01
1.713322177529335022e-01
1.754709035158157349e-01
1.698748841881752014e-01
1.789193153381347656e-01
1.700572073459625244e-01
1.748971119523048401e-01
1.743982508778572083e-01
1.692942529916763306e-01
1.743515282869338989e-01
1.751000285148620605e-01
1.755590587854385376e-01
1.735529452562332153e-01
1.738263368606567383e-01
1.738927513360977173e-01
1.830949708819389343e-01
1.749613881111145020e-01
1.773830205202102661e-01
1.795733496546745300e-01
1.723830252885818481e-01
1.727888062596321106e-01
1.771763041615486145e-01
1.755137294530868530e-01
1.750650554895401001e-01
1.748672053217887878e-01
1.726730540394783020e-01
1.729167550802230835e-01
1.700901910662651062e-01
1.771074160933494568e-01
1.689095869660377502e-01
1.705233752727508545e-01
1.785416305065155029e-01
1.927868276834487915e-01
1.830335557460784912e-01
1.733031198382377625e-01
1.778340488672256470e-01
1.691826507449150085e-01
1.719750910997390747e-01
1.702412590384483337e-01
1.716818511486053467e-01
1.766694486141204834e-01
1.751780137419700623e-01
1.771680265665054321e-01
1.745638921856880188e-01
1.759926527738571167e-01
1.695910692214965820e-01
1.685369685292243958e-01
1.701566651463508606e-01
1.662760972976684570e-01
1.695982366800308228e-01
1.682921946048736572e-01
1.712687909603118896e-01
1.809896901249885559e-01
1.753503903746604919e-01
1.771212592720985413e-01
1.715000718832015991e-01
1.845561414957046509e-01
1.775319427251815796e-01
1.739284172654151917e-01
1.679767295718193054e-01
1.667762324213981628e-01
1.819670945405960083e-01
1.710956543684005737e-01
1.731419265270233154e-01
1.678027957677841187e-01
1.706183850765228271e-01
1.694530025124549866e-01
1.681928187608718872e-01
1.724366247653961182e-01
1.656386852264404297e-01
1.697357147932052612e-01
1.679712384939193726e-01
1.653526872396469116e-01
1.681058108806610107e-01
1.785362660884857178e-01
1.786656007170677185e-01
1.849862188100814819e-01
1.735277250409126282e-01
1.723477840423583984e-01
1.688293442130088806e-01
1.688805967569351196e-01
1.674738898873329163e-01
1.687847897410392761e-01
1.701802685856819153e-01
1.710261702537536621e-01
1.666742414236068726e-01
1.657872423529624939e-01
1.673953235149383545e-01
1.754983589053153992e-01
1.723076030611991882e-01
1.689796224236488342e-01
1.787006556987762451e-01
1.724478378891944885e-01
1.693700999021530151e-01
1.675873547792434692e-01
1.717733144760131836e-01
1.886991634964942932e-01
1.699636429548263550e-01
1.755368113517761230e-01
1.663340255618095398e-01
1.882499456405639648e-01
1.644710153341293335e-01
1.721159294247627258e-01
1.662422567605972290e-01
1.865729987621307373e-01
1.751708835363388062e-01
1.679430678486824036e-01
1.648496612906455994e-01
1.692760735750198364e-01
1.660293191671371460e-01
1.715466603636741638e-01
1.747753620147705078e-01
1.782660037279129028e-01
1.686648204922676086e-01
1.680303812026977539e-01
1.698963269591331482e-01
1.698185652494430542e-01
1.767322197556495667e-01
1.651296168565750122e-01
1.658157780766487122e-01
1.707917600870132446e-01
1.663451045751571655e-01
1.731945127248764038e-01
1.746467724442481995e-01
1.658712401986122131e-01
1.626828759908676147e-01
1.646598726511001587e-01
1.650073751807212830e-01
1.664599180221557617e-01
1.680305227637290955e-01
1.652831137180328369e-01
1.680309623479843140e-01
1.676828414201736450e-01
1.738623678684234619e-01
1.674523577094078064e-01
1.635233685374259949e-01
1.661299988627433777e-01
1.893157437443733215e-01
1.646419465541839600e-01
1.676829382777214050e-01
1.703914999961853027e-01
1.650026440620422363e-01
1.690863594412803650e-01
1.645165309309959412e-01
1.755418702960014343e-01
1.662688478827476501e-01
1.668238043785095215e-01
1.691704094409942627e-01
1.631621494889259338e-01
1.633753031492233276e-01
1.686218604445457458e-01
1.642112582921981812e-01
1.703845411539077759e-01
1.682949066162109375e-01
1.625696048140525818e-01
1.659554615616798401e-01
1.659667938947677612e-01
1.762420162558555603e-01
1.612091287970542908e-01
1.633839011192321777e-01
1.655858382582664490e-01
1.630567759275436401e-01
1.635337248444557190e-01
1.640756130218505859e-01
1.728474795818328857e-01
1.695280820131301880e-01
1.666835099458694458e-01
1.644015312194824219e-01
1.837880611419677734e-01
1.643489226698875427e-01
1.731474474072456360e-01
1.687919944524765015e-01
1.771605461835861206e-01
1.656151190400123596e-01
1.651875525712966919e-01
1.765872612595558167e-01
1.628515943884849548e-01
1.610146015882492065e-01
1.611317917704582214e-01
1.627865508198738098e-01
1.614447087049484253e-01
1.621645390987396240e-01
1.602983027696609497e-01
1.613010317087173462e-01
1.642288118600845337e-01
1.653601378202438354e-01
1.624774187803268433e-01
1.658426001667976379e-01
1.608531475067138672e-01
1.673964411020278931e-01
1.649209409952163696e-01
1.672213599085807800e-01
1.686237752437591553e-01
1.634255498647689819e-01
1.614545136690139771e-01
1.629538238048553467e-01
1.692994832992553711e-01
1.648195087909698486e-01
1.628851145505905151e-01
1.650866493582725525e-01
1.649957597255706787e-01
1.638919562101364136e-01
1.642636358737945557e-01
1.680530980229377747e-01
1.630785390734672546e-01
1.644108369946479797e-01
1.618112847208976746e-01
1.631185635924339294e-01
1.622883155941963196e-01
1.608695760369300842e-01
1.594415158033370972e-01
1.599376797676086426e-01
1.742183417081832886e-01
1.620586290955543518e-01
1.619569361209869385e-01
1.619495078921318054e-01
1.599190980195999146e-01
1.618322432041168213e-01
1.624204367399215698e-01
1.646796092391014099e-01
1.607063859701156616e-01
1.654393374919891357e-01
1.617295071482658386e-01
1.616751924157142639e-01
1.613388583064079285e-01
1.746521070599555969e-01
1.629295796155929565e-01
1.673062294721603394e-01
1.628251448273658752e-01
1.606237888336181641e-01
1.661002561450004578e-01
1.662437766790390015e-01
1.727672293782234192e-01
1.723428368568420410e-01
1.628319174051284790e-01
1.640052124857902527e-01
1.697318777441978455e-01
1.642095670104026794e-01
1.697864234447479248e-01
1.592858880758285522e-01
1.617192178964614868e-01
1.742036640644073486e-01
1.613333970308303833e-01
1.633727326989173889e-01
1.664901077747344971e-01
1.619435399770736694e-01
1.652146726846694946e-01
1.844630390405654907e-01
1.587557345628738403e-01
1.637056469917297363e-01
1.603992357850074768e-01
1.617390289902687073e-01
1.624419242143630981e-01
1.674216240644454956e-01
1.594146043062210083e-01
1.624495089054107666e-01
1.602203622460365295e-01
1.596334949135780334e-01
1.635775044560432434e-01
1.714646741747856140e-01
1.623064130544662476e-01
1.657920330762863159e-01
1.658750399947166443e-01
1.651296392083168030e-01
1.633889600634574890e-01
1.593467071652412415e-01
1.617798730731010437e-01
1.763145774602890015e-01
1.611125767230987549e-01
1.730236411094665527e-01
1.697896420955657959e-01
1.590549498796463013e-01
1.594473645091056824e-01
1.573416516184806824e-01
1.597936004400253296e-01
1.657057628035545349e-01
1.573370993137359619e-01
1.576900631189346313e-01
1.601423323154449463e-01
1.626511365175247192e-01
1.648760735988616943e-01
1.596250608563423157e-01
1.690197288990020752e-01
1.623176485300064087e-01
1.616287529468536377e-01
1.608371213078498840e-01
1.648555397987365723e-01
1.583177745342254639e-01
1.623857468366622925e-01
1.681043282151222229e-01
1.695156544446945190e-01
1.584457308053970337e-01
1.606874242424964905e-01
1.603537648916244507e-01
1.607439368963241577e-01
1.604904979467391968e-01
1.600567623972892761e-01
1.611941307783126831e-01
1.606453061103820801e-01
1.695911139249801636e-01
1.611604690551757812e-01
1.638162434101104736e-01
1.577415838837623596e-01
1.562163978815078735e-01
1.597180590033531189e-01
1.584000736474990845e-01
1.572799086570739746e-01
1.593253239989280701e-01
1.604485958814620972e-01
1.615336686372756958e-01
1.611506789922714233e-01
1.630928590893745422e-01
1.602386906743049622e-01
1.565615311264991760e-01
1.648636087775230408e-01
1.644548624753952026e-01
1.654988229274749756e-01
1.571426242589950562e-01
1.643456965684890747e-01
1.637357026338577271e-01
1.582515686750411987e-01
1.577959135174751282e-01
1.595548987388610840e-01
1.647459268569946289e-01
1.591853275895118713e-01
1.640556603670120239e-01
1.604788750410079956e-01
1.585531607270240784e-01
1.577898636460304260e-01
1.638331785798072815e-01
1.665269434452056885e-01
1.608341261744499207e-01
1.669498682022094727e-01
1.627384796738624573e-01
1.629036515951156616e-01
1.587452590465545654e-01
1.599152311682701111e-01
1.607204154133796692e-01
1.594128534197807312e-01
1.605338007211685181e-01
1.675911396741867065e-01
1.680670380592346191e-01
1.613650918006896973e-01
1.625886261463165283e-01
1.630069687962532043e-01
1.650114655494689941e-01
1.642445698380470276e-01
1.579268872737884521e-01
1.564153358340263367e-01
1.621220856904983521e-01
1.558543667197227478e-01
1.586025655269622803e-01
1.564100682735443115e-01
1.586668193340301514e-01
1.571989059448242188e-01
1.601004302501678467e-01
1.576649397611618042e-01
1.567112654447555542e-01
1.557118743658065796e-01
1.546017304062843323e-01
1.596465259790420532e-01
1.574641689658164978e-01
1.589311361312866211e-01
1.564020290970802307e-01
1.571948379278182983e-01
1.622480750083923340e-01
1.586523428559303284e-01
1.710971817374229431e-01
1.702452823519706726e-01
1.621409505605697632e-01
1.605845838785171509e-01
1.601674258708953857e-01
1.613603830337524414e-01
1.567672044038772583e-01
1.581291556358337402e-01
1.557702422142028809e-01
1.561166942119598389e-01
1.582270786166191101e-01
1.611116603016853333e-01
1.623792201280593872e-01
1.600038111209869385e-01
1.567687615752220154e-01
1.544986516237258911e-01
1.557382866740226746e-01
1.551935449242591858e-01
1.659393757581710815e-01
1.588836535811424255e-01
1.585043743252754211e-01
1.640909463167190552e-01
1.716994494199752808e-01
1.638550981879234314e-01
1.586745977401733398e-01
1.682731285691261292e-01
1.604724749922752380e-01
1.567902788519859314e-01
1.596347019076347351e-01
1.558277234435081482e-01
1.685603037476539612e-01
1.561342179775238037e-01
1.538507044315338135e-01
1.577005758881568909e-01
1.588993668556213379e-01
1.581017822027206421e-01
1.547422111034393311e-01
1.572910845279693604e-01
1.622194424271583557e-01
1.582895219326019287e-01
1.587991788983345032e-01
1.565411537885665894e-01
1.565530151128768921e-01
1.563445553183555603e-01
1.535684317350387573e-01
1.562720835208892822e-01
1.589635759592056274e-01
1.585724204778671265e-01
1.586175933480262756e-01
1.563163474202156067e-01
1.648585200309753418e-01
1.687845885753631592e-01
1.654689535498619080e-01
1.575527787208557129e-01
1.596846356987953186e-01
1.542558223009109497e-01
1.555267274379730225e-01
1.551388800144195557e-01
1.551519185304641724e-01
1.559029817581176758e-01
1.562919542193412781e-01
1.570618748664855957e-01
1.551671624183654785e-01
1.578779742121696472e-01
1.564508602023124695e-01
1.624542921781539917e-01
1.548439711332321167e-01
1.586232483386993408e-01
1.544350832700729370e-01
1.583614647388458252e-01
1.615751534700393677e-01
1.601791158318519592e-01
1.588447242975234985e-01
1.563139110803604126e-01
1.561667993664741516e-01
1.777764707803726196e-01
1.603596806526184082e-01
1.629051119089126587e-01
1.633437052369117737e-01
1.629112586379051208e-01
1.683503463864326477e-01
1.687163561582565308e-01
1.700465530157089233e-01
1.591358184814453125e-01
1.797243952751159668e-01
1.628781780600547791e-01
1.627552956342697144e-01
1.610502153635025024e-01
1.575836688280105591e-01
1.560479402542114258e-01
1.578780934214591980e-01
1.550884321331977844e-01
1.675111055374145508e-01
1.568965017795562744e-01
1.597009450197219849e-01
1.562681719660758972e-01
1.674549207091331482e-01
1.563812494277954102e-01
1.568741574883460999e-01
1.554699093103408813e-01
1.532461643218994141e-01
1.560001894831657410e-01
1.551816388964653015e-01
1.540427356958389282e-01
1.555537432432174683e-01
1.587894707918167114e-01
1.601551771163940430e-01
1.661461964249610901e-01
1.578402295708656311e-01
1.531308144330978394e-01
1.670850515365600586e-01
1.550332084298133850e-01
1.531000360846519470e-01
1.549106836318969727e-01
1.539898812770843506e-01
1.551672890782356262e-01
1.572962924838066101e-01
1.614758074283599854e-01
1.595612168312072754e-01
