3.997243531048297882e-01
3.968441709876060486e-01
3.957126587629318237e-01
3.949356302618980408e-01
3.937183469533920288e-01
3.923657685518264771e-01
3.903762213885784149e-01
3.875802345573902130e-01
3.851819001138210297e-01
3.839067853987216949e-01
3.790698163211345673e-01
3.756832554936408997e-01
3.721339181065559387e-01
3.686113208532333374e-01
3.688650615513324738e-01
3.635540343821048737e-01
3.592634014785289764e-01
3.592116758227348328e-01
3.616992123425006866e-01
3.567830622196197510e-01
3.487537801265716553e-01
3.477190174162387848e-01
3.442015871405601501e-01
3.378700762987136841e-01
3.437429592013359070e-01
3.404880426824092865e-01
3.390560671687126160e-01
3.405379801988601685e-01
3.380702659487724304e-01
3.329920060932636261e-01
3.292153179645538330e-01
3.251628950238227844e-01
3.269899562001228333e-01
3.257405906915664673e-01
3.227283582091331482e-01
3.203803859651088715e-01
3.226191066205501556e-01
3.177411668002605438e-01
3.129545338451862335e-01
3.120738901197910309e-01
3.087799884378910065e-01
3.081570863723754883e-01
3.082526549696922302e-01
3.111938312649726868e-01
3.059073574841022491e-01
3.045651018619537354e-01
3.014477975666522980e-01
3.006885424256324768e-01
3.026327155530452728e-01
3.068948984146118164e-01
3.074557296931743622e-01
3.009549006819725037e-01
2.996774576604366302e-01
2.996822074055671692e-01
3.008168563246726990e-01
2.983684577047824860e-01
3.006275296211242676e-01
2.988296933472156525e-01
2.904326952993869781e-01
2.897223830223083496e-01
2.944799326360225677e-01
2.925793938338756561e-01
2.960469350218772888e-01
2.910006083548069000e-01
2.874209880828857422e-01
2.920986674726009369e-01
2.868532016873359680e-01
2.821642234921455383e-01
2.761368341743946075e-01
2.846488468348979950e-01
2.873825170099735260e-01
2.913017086684703827e-01
2.852080166339874268e-01
2.805558443069458008e-01
2.875299490988254547e-01
2.859103009104728699e-01
2.827288694679737091e-01
2.822927795350551605e-01
2.807283401489257812e-01
2.795485109090805054e-01
2.775017358362674713e-01
2.795122191309928894e-01
2.789393477141857147e-01
2.753278613090515137e-01
2.719910554587841034e-01
2.677638307213783264e-01
2.702040486037731171e-01
2.671421840786933899e-01
2.717103175818920135e-01
2.719741091132164001e-01
2.708452679216861725e-01
2.676235213875770569e-01
2.635611146688461304e-01
2.690524458885192871e-01
2.735184654593467712e-01
2.636998668313026428e-01
2.682208195328712463e-01
2.692940495908260345e-01
2.681784816086292267e-01
2.709392048418521881e-01
2.653683349490165710e-01
2.716655544936656952e-01
2.731431052088737488e-01
2.664802148938179016e-01
2.634351849555969238e-01
2.582684643566608429e-01
2.608864977955818176e-01
2.591951526701450348e-01
2.556260675191879272e-01
2.613154686987400055e-01
2.607727684080600739e-01
2.597814425826072693e-01
2.599376589059829712e-01
2.584726996719837189e-01
2.586057037115097046e-01
2.597386892884969711e-01
2.617689557373523712e-01
2.620411776006221771e-01
2.582527510821819305e-01
2.574863694608211517e-01
2.583970800042152405e-01
2.600503154098987579e-01
2.571605630218982697e-01
2.515850476920604706e-01
2.558095101267099380e-01
2.576348818838596344e-01
2.525772601366043091e-01
2.501621190458536148e-01
2.555857673287391663e-01
2.595640085637569427e-01
2.594524472951889038e-01
2.598743215203285217e-01
2.597362697124481201e-01
2.559723984450101852e-01
2.566477879881858826e-01
2.604283951222896576e-01
2.570350803434848785e-01
2.579266075044870377e-01
2.544009387493133545e-01
2.529063764959573746e-01
2.505290433764457703e-01
2.507700361311435699e-01
2.504291199147701263e-01
2.506435699760913849e-01
2.433442566543817520e-01
2.452347725629806519e-01
2.426630854606628418e-01
2.457780428230762482e-01
2.450332585722208023e-01
2.485636062920093536e-01
2.444908600300550461e-01
2.468846514821052551e-01
2.528124283999204636e-01
2.503162473440170288e-01
2.510445453226566315e-01
2.512502856552600861e-01
2.465084753930568695e-01
2.495635189116001129e-01
2.483445368707180023e-01
2.425084300339221954e-01
2.540049981325864792e-01
2.467883490025997162e-01
2.416741196066141129e-01
2.494178470224142075e-01
2.511845640838146210e-01
2.457491755485534668e-01
2.405261360108852386e-01
2.379636969417333603e-01
2.410522941499948502e-01
2.466234639286994934e-01
2.406311947852373123e-01
2.430952508002519608e-01
2.413544729351997375e-01
2.461564540863037109e-01
2.430725209414958954e-01
2.448415365070104599e-01
2.428685724735260010e-01
2.386282589286565781e-01
2.381846550852060318e-01
2.472258098423480988e-01
2.515689507126808167e-01
2.460500355809926987e-01
2.412823662161827087e-01
2.474885992705821991e-01
2.407510150223970413e-01
2.357104606926441193e-01
2.416591607034206390e-01
2.434183657169342041e-01
2.376893498003482819e-01
2.393047716468572617e-01
2.431271914392709732e-01
2.392557505518198013e-01
2.387795615941286087e-01
2.356116417795419693e-01
2.379965893924236298e-01
2.329659797251224518e-01
2.351357173174619675e-01
2.425993420183658600e-01
2.368751224130392075e-01
2.381379343569278717e-01
2.348115593194961548e-01
2.374667171388864517e-01
2.436033580452203751e-01
2.423256617039442062e-01
2.376143764704465866e-01
2.375958394259214401e-01
2.377866748720407486e-01
2.333086356520652771e-01
2.307014446705579758e-01
2.372311763465404510e-01
2.334943190217018127e-01
2.346443347632884979e-01
2.359444983303546906e-01
2.341689355671405792e-01
2.312929518520832062e-01
2.344978339970111847e-01
2.342132888734340668e-01
2.377774752676486969e-01
2.379979752004146576e-01
2.360498290508985519e-01
2.348411232233047485e-01
2.348180748522281647e-01
2.427166793495416641e-01
2.382487356662750244e-01
2.381568551063537598e-01
2.377262264490127563e-01
2.382564190775156021e-01
2.418113127350807190e-01
2.336542382836341858e-01
2.296360358595848083e-01
2.303989790380001068e-01
2.318333666771650314e-01
2.310340814292430878e-01
2.259270884096622467e-01
2.257661279290914536e-01
2.266557384282350540e-01
2.319622524082660675e-01
2.310153450816869736e-01
2.303118724375963211e-01
2.292633522301912308e-01
2.340977583080530167e-01
2.312798425555229187e-01
2.330844663083553314e-01
2.404819931834936142e-01
2.359510306268930435e-01
2.335165366530418396e-01
2.303022537380456924e-01
2.287485972046852112e-01
2.329491097480058670e-01
2.299388386309146881e-01
2.297955173999071121e-01
2.387834880501031876e-01
2.267918679863214493e-01
2.243148349225521088e-01
2.269413322210311890e-01
2.247561980038881302e-01
2.286793515086174011e-01
2.310944572091102600e-01
2.300199251621961594e-01
2.278003599494695663e-01
2.253493387252092361e-01
2.211218457669019699e-01
2.283631246536970139e-01
2.326529454439878464e-01
2.350755780935287476e-01
2.304739505052566528e-01
2.240060120820999146e-01
2.265224177390336990e-01
2.289154119789600372e-01
2.314509190618991852e-01
2.245141938328742981e-01
2.340903058648109436e-01
2.320615183562040329e-01
2.334485016763210297e-01
2.304212059825658798e-01
2.292886245995759964e-01
2.291086912155151367e-01
2.230865210294723511e-01
2.278312370181083679e-01
2.351779304444789886e-01
2.345627807080745697e-01
2.301681376993656158e-01
2.273823805153369904e-01
2.248112671077251434e-01
2.325898930430412292e-01
2.300559785217046738e-01
2.325436118990182877e-01
2.290454171597957611e-01
2.298295032232999802e-01
2.298764269798994064e-01
2.378875035792589188e-01
2.296137120574712753e-01
2.281728629022836685e-01
2.286387812346220016e-01
2.227732110768556595e-01
2.302801646292209625e-01
2.307841163128614426e-01
2.292091064155101776e-01
2.240029443055391312e-01
2.254728693515062332e-01
2.280457019805908203e-01
2.266084123402833939e-01
2.196807302534580231e-01
2.224714774638414383e-01
2.289944104850292206e-01
2.262842115014791489e-01
2.211220953613519669e-01
2.283514458686113358e-01
2.369204498827457428e-01
2.310824189335107803e-01
2.250487282872200012e-01
2.255004048347473145e-01
2.220881879329681396e-01
2.243831101804971695e-01
2.249370906502008438e-01
2.273827623575925827e-01
2.256320063024759293e-01
2.224416565150022507e-01
2.223742902278900146e-01
2.189014069736003876e-01
2.262818850576877594e-01
2.255482021719217300e-01
2.260575145483016968e-01
2.237608861178159714e-01
2.287976536899805069e-01
2.254107184708118439e-01
2.242882065474987030e-01
2.239185031503438950e-01
2.234186548739671707e-01
2.283904403448104858e-01
2.333954423666000366e-01
2.245746478438377380e-01
2.230693306773900986e-01
2.236140258610248566e-01
2.267814353108406067e-01
2.218736242502927780e-01
2.219453472644090652e-01
2.214430030435323715e-01
2.220571413636207581e-01
2.219842970371246338e-01
2.251637019217014313e-01
2.258791085332632065e-01
2.304140962660312653e-01
2.287014033645391464e-01
2.287883032113313675e-01
2.278682962059974670e-01
2.227036226540803909e-01
2.253187187016010284e-01
2.271635495126247406e-01
2.297505699098110199e-01
2.250333558768033981e-01
2.306333091109991074e-01
2.292853500694036484e-01
2.263355385512113571e-01
2.292547412216663361e-01
2.248687967658042908e-01
2.219498809427022934e-01
2.198127917945384979e-01
2.216421812772750854e-01
2.207840811461210251e-01
2.184498067945241928e-01
2.202332280576229095e-01
2.266357019543647766e-01
2.252292875200510025e-01
2.215376850217580795e-01
2.206860072910785675e-01
2.190205808728933334e-01
2.218442372977733612e-01
2.180829402059316635e-01
2.191390022635459900e-01
2.216888498514890671e-01
2.245636563748121262e-01
2.286758273839950562e-01
2.233321927487850189e-01
2.222824227064847946e-01
2.179470192641019821e-01
2.233312409371137619e-01
2.243862692266702652e-01
2.313144635409116745e-01
2.302326280623674393e-01
2.230358924716711044e-01
2.241493798792362213e-01
2.191174775362014771e-01
2.202929388731718063e-01
2.213875055313110352e-01
2.268214114010334015e-01
2.142813391983509064e-01
2.131718713790178299e-01
2.134736664593219757e-01
2.237294446676969528e-01
2.217325828969478607e-01
2.246213722974061966e-01
2.271398715674877167e-01
2.223251238465309143e-01
2.246574405580759048e-01
2.197089381515979767e-01
2.203786429017782211e-01
2.212974149733781815e-01
2.185490597039461136e-01
2.241129353642463684e-01
2.198256589472293854e-01
2.166352756321430206e-01
2.172811236232519150e-01
2.134592738002538681e-01
2.182090394198894501e-01
2.205050885677337646e-01
2.196808774024248123e-01
2.252695728093385696e-01
2.267392836511135101e-01
2.223904263228178024e-01
2.190882228314876556e-01
2.197985295206308365e-01
2.229262031614780426e-01
2.187648005783557892e-01
2.180930804461240768e-01
2.172746341675519943e-01
2.160714454948902130e-01
2.134415730834007263e-01
2.185194343328475952e-01
2.211800180375576019e-01
2.200801633298397064e-01
2.217713072896003723e-01
2.184173483401536942e-01
2.158298641443252563e-01
2.188085131347179413e-01
2.222997788339853287e-01
2.229059338569641113e-01
2.158888634294271469e-01
2.232954539358615875e-01
2.215853966772556305e-01
2.191721219569444656e-01
2.189126741141080856e-01
2.192881628870964050e-01
2.149932961910963058e-01
2.188259102404117584e-01
2.167518790811300278e-01
2.150186840444803238e-01
2.203130852431058884e-01
2.225930541753768921e-01
2.245285678654909134e-01
2.202836442738771439e-01
2.179871145635843277e-01
2.217227797955274582e-01
2.212739083915948868e-01
2.201819978654384613e-01
2.267742231488227844e-01
2.216273602098226547e-01
2.165611200034618378e-01
2.164258640259504318e-01
2.154356893151998520e-01
2.159633822739124298e-01
2.175606694072484970e-01
2.215482387691736221e-01
2.194805238395929337e-01
2.177926991134881973e-01
2.180305533111095428e-01
2.196852248162031174e-01
2.194381002336740494e-01
2.162229418754577637e-01
2.182524688541889191e-01
2.177138216793537140e-01
2.188221421092748642e-01
2.200110089033842087e-01
2.157415766268968582e-01
2.178508937358856201e-01
2.195270154625177383e-01
2.182376515120267868e-01
2.223155498504638672e-01
2.200047858059406281e-01
2.165058981627225876e-01
2.154264673590660095e-01
2.204296737909317017e-01
2.153629101812839508e-01
2.169558983296155930e-01
2.174330037087202072e-01
2.130603455007076263e-01
2.153289727866649628e-01
2.133667040616273880e-01
2.146217804402112961e-01
2.136560641229152679e-01
2.221234515309333801e-01
2.207791097462177277e-01
2.182376533746719360e-01
2.207621745765209198e-01
2.201456464827060699e-01
2.150930520147085190e-01
2.134903799742460251e-01
2.190249077975749969e-01
2.218587119132280350e-01
2.163445036858320236e-01
2.166641484946012497e-01
2.150617614388465881e-01
2.174983918666839600e-01
2.153638135641813278e-01
2.133591379970312119e-01
2.158306669443845749e-01
2.153137903660535812e-01
2.179291024804115295e-01
2.167012672871351242e-01
2.158530838787555695e-01
2.174035627394914627e-01
2.189526911824941635e-01
2.173884958028793335e-01
2.178919948637485504e-01
2.166839707642793655e-01
2.195265404880046844e-01
2.150091398507356644e-01
2.181557249277830124e-01
2.140156235545873642e-01
2.154052816331386566e-01
2.216925825923681259e-01
2.167648263275623322e-01
2.159579414874315262e-01
2.128118947148323059e-01
2.152197770774364471e-01
2.132059503346681595e-01
2.136886436492204666e-01
2.190290391445159912e-01
2.154109869152307510e-01
2.159029338508844376e-01
2.171986103057861328e-01
2.152188234031200409e-01
2.168997451663017273e-01
2.186787761747837067e-01
2.104508485645055771e-01
2.127621117979288101e-01
2.095356732606887817e-01
2.157009914517402649e-01
2.112119290977716446e-01
2.176904156804084778e-01
2.182904817163944244e-01
2.187365647405385971e-01
2.134050559252500534e-01
2.120001539587974548e-01
2.131266072392463684e-01
2.192919291555881500e-01
2.205684930086135864e-01
2.151351999491453171e-01
2.157845348119735718e-01
2.143528796732425690e-01
2.176960464566946030e-01
2.155690155923366547e-01
2.158682867884635925e-01
2.134124841541051865e-01
2.158668469637632370e-01
2.108793221414089203e-01
2.122935838997364044e-01
2.128927595913410187e-01
2.154874335974454880e-01
2.187540940940380096e-01
2.133131362497806549e-01
2.124824617058038712e-01
2.187080942094326019e-01
2.170572020113468170e-01
2.141249477863311768e-01
2.145567778497934341e-01
2.146082408726215363e-01
2.140999343246221542e-01
2.120558414608240128e-01
2.114830873906612396e-01
2.102329507470130920e-01
2.126137185841798782e-01
2.145396415144205093e-01
2.165818456560373306e-01
2.179191149771213531e-01
2.132971771061420441e-01
2.118799854069948196e-01
2.137268520891666412e-01
2.123647648841142654e-01
2.110220193862915039e-01
2.136564534157514572e-01
2.114008590579032898e-01
2.164213191717863083e-01
2.198354508727788925e-01
2.150165904313325882e-01
2.142689786851406097e-01
2.180768009275197983e-01
2.201645858585834503e-01
2.200475148856639862e-01
2.151301763951778412e-01
2.144467774778604507e-01
2.147165294736623764e-01
2.120646368712186813e-01
2.129409499466419220e-01
2.173616327345371246e-01
2.151699624955654144e-01
2.110979873687028885e-01
2.159309983253479004e-01
2.147504854947328568e-01
2.142289597541093826e-01
2.118715755641460419e-01
2.108405642211437225e-01
2.107428368180990219e-01
2.157746478915214539e-01
2.155572697520256042e-01
2.113803550601005554e-01
2.115277219563722610e-01
2.173609994351863861e-01
2.117374651134014130e-01
2.131661158055067062e-01
2.104879841208457947e-01
2.120866961777210236e-01
2.093804180622100830e-01
2.084592431783676147e-01
2.146488893777132034e-01
2.148291487246751785e-01
2.112808804959058762e-01
2.127817198634147644e-01
2.144274059683084488e-01
2.165114898234605789e-01
2.123387921601533890e-01
2.154086697846651077e-01
2.127982284873723984e-01
2.116343360394239426e-01
2.083374373614788055e-01
2.104326896369457245e-01
2.100406326353549957e-01
2.075072489678859711e-01
2.123843505978584290e-01
2.198624350130558014e-01
2.191229406744241714e-01
2.133032530546188354e-01
2.181452196091413498e-01
2.142873872071504593e-01
2.104254383593797684e-01
2.111774515360593796e-01
2.204665336757898331e-01
2.164603583514690399e-01
2.165050506591796875e-01
2.131593581289052963e-01
2.151274662464857101e-01
2.138782907277345657e-01
2.141677271574735641e-01
2.127447165548801422e-01
2.124776560813188553e-01
2.128602303564548492e-01
2.118456363677978516e-01
2.120634913444519043e-01
2.110430765897035599e-01
2.123253103345632553e-01
2.162001449614763260e-01
2.167039010673761368e-01
2.134498432278633118e-01
2.138140182942152023e-01
2.092246580868959427e-01
2.117381785064935684e-01
2.128760851919651031e-01
2.124906703829765320e-01
2.160193230956792831e-01
2.116279434412717819e-01
2.092624492943286896e-01
2.115561980754137039e-01
2.078047655522823334e-01
2.123690377920866013e-01
2.108079195022583008e-01
2.085172049701213837e-01
2.120119482278823853e-01
2.122976165264844894e-01
2.109664492309093475e-01
2.123438175767660141e-01
2.143337186425924301e-01
2.117348406463861465e-01
2.125548478215932846e-01
2.094460260123014450e-01
2.129866145551204681e-01
2.112520728260278702e-01
2.125188037753105164e-01
2.106501590460538864e-01
2.201990131288766861e-01
2.179797366261482239e-01
2.139655668288469315e-01
2.178701031953096390e-01
2.120871320366859436e-01
2.113893683999776840e-01
2.106552813202142715e-01
2.146042399108409882e-01
2.166208513081073761e-01
2.171381209045648575e-01
2.135842964053153992e-01
2.137929592281579971e-01
2.188976220786571503e-01
2.201897837221622467e-01
2.203629631549119949e-01
2.113171499222517014e-01
2.103467937558889389e-01
2.183246724307537079e-01
2.151377294212579727e-01
2.105522025376558304e-01
2.094318009912967682e-01
2.086520511656999588e-01
2.115413323044776917e-01
2.097796518355607986e-01
2.118786536157131195e-01
2.117275465279817581e-01
2.092156615108251572e-01
2.120864242315292358e-01
2.101586777716875076e-01
2.090360876172780991e-01
2.114807926118373871e-01
2.135182432830333710e-01
2.091437634080648422e-01
2.070225086063146591e-01
2.101315017789602280e-01
2.110486272722482681e-01
2.145685348659753799e-01
2.101244311779737473e-01
2.112199477851390839e-01
2.142246514558792114e-01
2.166649289429187775e-01
2.128127776086330414e-01
2.087861672043800354e-01
2.089641131460666656e-01
2.101647313684225082e-01
2.152249049395322800e-01
2.169939521700143814e-01
2.184618283063173294e-01
2.162625268101692200e-01
2.150526922196149826e-01
2.115092799067497253e-01
2.115363832563161850e-01
2.121887002140283585e-01
2.071516159921884537e-01
2.122452445328235626e-01
2.170750144869089127e-01
2.149686552584171295e-01
2.124151680618524551e-01
2.093325629830360413e-01
2.085017692297697067e-01
2.097532339394092560e-01
2.077484391629695892e-01
2.103682756423950195e-01
2.094024028629064560e-01
2.088693492114543915e-01
2.172641456127166748e-01
2.182812131941318512e-01
2.131407577544450760e-01
2.143625747412443161e-01
2.103493902832269669e-01
2.102053668349981308e-01
2.103787064552307129e-01
2.118312437087297440e-01
2.099366281181573868e-01
2.091737482696771622e-01
2.152355108410120010e-01
2.124295327812433243e-01
2.101261578500270844e-01
2.127916272729635239e-01
2.096977885812520981e-01
2.087518870830535889e-01
2.125529833137989044e-01
2.074299994856119156e-01
2.076101452112197876e-01
2.079214584082365036e-01
2.067685220390558243e-01
2.065383270382881165e-01
2.125748693943023682e-01
2.160488981753587723e-01
2.112667113542556763e-01
2.115504071116447449e-01
2.120641116052865982e-01
2.108854297548532486e-01
2.100167088210582733e-01
2.072646375745534897e-01
2.057636808604001999e-01
2.061028238385915756e-01
2.058201413601636887e-01
2.066060379147529602e-01
2.089604977518320084e-01
2.114724740386009216e-01
2.082261014729738235e-01
2.080136034637689590e-01
2.102158982306718826e-01
2.115559093654155731e-01
2.103106081485748291e-01
2.094177622348070145e-01
2.152341045439243317e-01
2.117076404392719269e-01
2.133761942386627197e-01
2.093968149274587631e-01
2.050811629742383957e-01
2.077069375663995743e-01
2.118922639638185501e-01
2.084022779017686844e-01
2.103281058371067047e-01
2.115698736160993576e-01
2.122541312128305435e-01
2.095020916312932968e-01
2.097891066223382950e-01
2.098244391381740570e-01
2.080214619636535645e-01
2.093713283538818359e-01
2.107961643487215042e-01
2.118553593754768372e-01
2.108789682388305664e-01
2.079474795609712601e-01
2.082421183586120605e-01
2.101080287247896194e-01
2.079943064600229263e-01
2.086619604378938675e-01
2.086815536022186279e-01
2.124275546520948410e-01
2.116275224834680557e-01
2.105799857527017593e-01
2.108508162200450897e-01
2.069401517510414124e-01
2.082352880388498306e-01
2.079366911202669144e-01
2.096828985959291458e-01
2.095959167927503586e-01
2.061325144022703171e-01
2.066568695008754730e-01
2.074731700122356415e-01
2.072752062231302261e-01
2.072258815169334412e-01
2.089001219719648361e-01
2.080705761909484863e-01
2.083270102739334106e-01
2.118479572236537933e-01
2.100016903132200241e-01
2.114472314715385437e-01
2.099955007433891296e-01
2.069610115140676498e-01
2.085599824786186218e-01
2.104043848812580109e-01
2.112124841660261154e-01
2.112363837659358978e-01
2.084087375551462173e-01
2.102551013231277466e-01
2.065792977809906006e-01
2.058431096374988556e-01
2.056048549711704254e-01
2.076048813760280609e-01
2.118240799754858017e-01
2.063378468155860901e-01
2.056482043117284775e-01
2.076204363256692886e-01
2.100687585771083832e-01
2.080371156334877014e-01
2.091585863381624222e-01
2.095745932310819626e-01
2.106851153075695038e-01
2.120303325355052948e-01
2.091158498078584671e-01
2.062358129769563675e-01
2.086030300706624985e-01
2.055252548307180405e-01
2.050055898725986481e-01
2.058140560984611511e-01
2.040678095072507858e-01
2.064953763037919998e-01
2.079771012067794800e-01
2.111999318003654480e-01
2.085807342082262039e-01
2.177875414490699768e-01
2.111128829419612885e-01
2.081799171864986420e-01
2.057173606008291245e-01
2.061388604342937469e-01
2.077281549572944641e-01
2.062465138733386993e-01
2.037189099937677383e-01
2.065031025558710098e-01
2.129950728267431259e-01
2.109469678252935410e-01
2.100201081484556198e-01
2.062136586755514145e-01
2.077182643115520477e-01
2.038734983652830124e-01
2.044633384793996811e-01
2.088365722447633743e-01
2.036413308233022690e-01
2.062193974852561951e-01
2.063670530915260315e-01
2.107569202780723572e-01
2.111468221992254257e-01
2.067395132035017014e-01
2.095564790070056915e-01
2.067311741411685944e-01
2.076108381152153015e-01
2.058994024991989136e-01
2.059297785162925720e-01
2.123548351228237152e-01
2.090239264070987701e-01
2.092036027461290359e-01
2.086717355996370316e-01
2.062166482210159302e-01
2.070297058671712875e-01
2.098130639642477036e-01
2.091021127998828888e-01
2.047377694398164749e-01
2.062387950718402863e-01
2.083888780325651169e-01
2.070300132036209106e-01
2.094128411263227463e-01
2.060646377503871918e-01
2.080600075423717499e-01
2.036218959838151932e-01
2.063233479857444763e-01
2.070337515324354172e-01
2.078593950718641281e-01
2.095511667430400848e-01
2.110944930464029312e-01
2.082508634775876999e-01
2.103695701807737350e-01
2.065888196229934692e-01
2.029118444770574570e-01
2.028358597308397293e-01
2.065008077770471573e-01
2.074691057205200195e-01
2.048755455762147903e-01
2.062133755534887314e-01
2.055253740400075912e-01
2.059793006628751755e-01
2.056108135730028152e-01
2.030851077288389206e-01
2.019061092287302017e-01
2.034467887133359909e-01
2.100000381469726562e-01
2.148092370480298996e-01
2.055937349796295166e-01
2.060713097453117371e-01
2.050527334213256836e-01
2.075422853231430054e-01
2.066679280251264572e-01
2.082293592393398285e-01
2.066514417529106140e-01
2.064461000263690948e-01
2.063512243330478668e-01
2.041192315518856049e-01
2.062522619962692261e-01
2.050931192934513092e-01
2.061764039099216461e-01
2.092800047248601913e-01
2.044295575469732285e-01
2.090237326920032501e-01
2.056014668196439743e-01
2.035783138126134872e-01
2.075253035873174667e-01
2.069666311144828796e-01
2.057272251695394516e-01
2.044587712734937668e-01
2.092886678874492645e-01
2.056806888431310654e-01
2.052852008491754532e-01
2.076414581388235092e-01
2.059536110609769821e-01
2.086076997220516205e-01
2.071066424250602722e-01
2.064341325312852859e-01
2.046511415392160416e-01
2.040224708616733551e-01
2.058150153607130051e-01
2.055827621370553970e-01
2.049931231886148453e-01
2.022095192223787308e-01
2.053866870701313019e-01
2.086103074252605438e-01
2.074436955153942108e-01
2.060919664800167084e-01
2.074068710207939148e-01
2.095024157315492630e-01
2.063045352697372437e-01
2.055491600185632706e-01
2.065070662647485733e-01
2.066525984555482864e-01
2.041086610406637192e-01
2.074583545327186584e-01
2.031026314944028854e-01
2.063141949474811554e-01
2.067023664712905884e-01
2.063982877880334854e-01
2.062497660517692566e-01
2.063559629023075104e-01
2.118337359279394150e-01
2.118722628802061081e-01
2.070212084800004959e-01
2.073223404586315155e-01
2.043310981243848801e-01
2.063652463257312775e-01
2.044884786009788513e-01
2.037358246743679047e-01
2.033074460923671722e-01
2.054869458079338074e-01
2.027259171009063721e-01
2.013859264552593231e-01
2.041085157543420792e-01
2.030501645058393478e-01
2.055742312222719193e-01
2.031990177929401398e-01
2.019249033182859421e-01
2.069571707397699356e-01
2.010864969342947006e-01
2.016907501965761185e-01
2.023689895868301392e-01
2.026230711489915848e-01
2.040284723043441772e-01
2.061181310564279556e-01
2.065258398652076721e-01
2.045537456870079041e-01
2.076111659407615662e-01
2.121740598231554031e-01
