1.040775696436564202e+00
1.192540208498636956e+00
1.408246874809265137e+00
1.543956359227498298e+00
1.140109578768412346e+00
8.377092281977335242e-01
7.674049337704976770e-01
8.374006350835164758e-01
8.637510935465494422e-01
8.835571408271789551e-01
8.611684441566467285e-01
8.556070129076639441e-01
9.179057081540425989e-01
9.487690726915994910e-01
9.336568315823873254e-01
9.340238173802694055e-01
9.421575069427490234e-01
9.406435688336690637e-01
9.419403076171875000e-01
9.578271309534708289e-01
9.651984969774881629e-01
9.627768198649088172e-01
9.680978457132974890e-01
9.706902503967285156e-01
9.755331079165140418e-01
9.787059823671976355e-01
9.877187808354696008e-01
9.880527456601461145e-01
9.829810063044229773e-01
9.875375429789224890e-01
9.965469837188720703e-01
9.987914164861043664e-01
9.998089273770650598e-01
1.001855889956156487e+00
1.000599384307861328e+00
1.005572636922200447e+00
1.011901001135508293e+00
1.012662887573242188e+00
1.021030028661092048e+00
1.028641343116760254e+00
1.026916027069091797e+00
1.031316717465718513e+00
1.024956623713175530e+00
1.031467576821645027e+00
1.033742527167002434e+00
1.041143516699473137e+00
1.039212922255198235e+00
1.045935114224751716e+00
1.042892615000406975e+00
1.047277410825093513e+00
1.047496914863586426e+00
1.050755739212036133e+00
1.053596874078114753e+00
1.057537555694580078e+00
1.059759140014648438e+00
1.060425321261088127e+00
1.061870694160461426e+00
1.059727350870768303e+00
1.066799561182657952e+00
1.076728582382202148e+00
1.072885711987813240e+00
1.072155714035034180e+00
1.069753527641296387e+00
1.071995556354522705e+00
1.071681042512257820e+00
1.076346437136332268e+00
1.081194917360941643e+00
1.078417042891184563e+00
1.088075757026672363e+00
1.089528997739156013e+00
1.095411618550618416e+00
1.091407020886739021e+00
1.088005661964416504e+00
1.084168712298075432e+00
1.097581267356872559e+00
1.088661611080169678e+00
1.089127381642659431e+00
1.094666043917338127e+00
1.104184826215108162e+00
1.101975043614705330e+00
1.104226509730021233e+00
1.097663958867390877e+00
1.111495375633239746e+00
1.111796339352925544e+00
1.111626346906026130e+00
1.107932090759277344e+00
1.114065329233805413e+00
1.114529808362324959e+00
1.114778916041056389e+00
1.114399194717407227e+00
1.120010097821553474e+00
1.127909461657206291e+00
1.124138037363688225e+00
1.123304208119710212e+00
1.122236291567484612e+00
1.126608331998189216e+00
1.126815160115559822e+00
1.126349727312723870e+00
1.128225882848103767e+00
1.130533615748087639e+00
1.130078315734863281e+00
1.134020407994588142e+00
1.128779729207356697e+00
1.133009473482767815e+00
1.128030141194661384e+00
1.133368412653605217e+00
1.135370930035908943e+00
1.136820356051127190e+00
1.133769154548645020e+00
1.135146458943684822e+00
1.140349825223286873e+00
1.145068049430847168e+00
1.140561461448669434e+00
1.142277876536051506e+00
1.144859035809834724e+00
1.146123250325520759e+00
1.147122343381245857e+00
1.153083999951680427e+00
1.147212982177734375e+00
1.147729158401489258e+00
1.150636235872904534e+00
1.156637390454610115e+00
1.153510610262552971e+00
1.154545625050862556e+00
1.162016709645589119e+00
1.154580990473429436e+00
1.166589895884196038e+00
1.164972543716430664e+00
1.164340019226074219e+00
1.165831923484802246e+00
1.162519892056782966e+00
1.170564452807108635e+00
1.163754423459370857e+00
1.166846871376037598e+00
1.171723405520121331e+00
1.169561187426249260e+00
1.171743988990783691e+00
1.176448305447896248e+00
1.177793741226196289e+00
1.173236687978108650e+00
1.174671928087870354e+00
1.173977096875508552e+00
1.177096247673034668e+00
1.176354726155598884e+00
1.169433832168579102e+00
1.172697186470031738e+00
1.179202834765116448e+00
1.181886315345764160e+00
1.188030680020650154e+00
1.181597352027893066e+00
1.178259690602620369e+00
1.182663838068644280e+00
1.182402292887369866e+00
1.184915979703267341e+00
1.181453188260396248e+00
1.178851008415222168e+00
1.178710023562113518e+00
1.191247661908467537e+00
1.187431216239929199e+00
1.185816168785095215e+00
1.187343716621398926e+00
1.183041334152221680e+00
1.184535821278889900e+00
1.195984641710917229e+00
1.195609569549560547e+00
1.195304036140441895e+00
1.203272541364033943e+00
1.190208713213602776e+00
1.192858417828877693e+00
1.198621312777201409e+00
1.198780059814453125e+00
1.197243213653564453e+00
1.201909303665161133e+00
1.194173018137614006e+00
1.197426040967305427e+00
1.198638121287028069e+00
1.199792504310607910e+00
1.204108715057373047e+00
1.201855381329854255e+00
1.207211653391520256e+00
1.209421475728352791e+00
1.197896838188171387e+00
1.200626254081726074e+00
1.202406048774719238e+00
1.209215839703877693e+00
1.217468857765197754e+00
1.217018047968546623e+00
1.211105465888977051e+00
1.215953509012858147e+00
1.208203395207722908e+00
1.207817991574605232e+00
1.212521155675252205e+00
1.214074929555257087e+00
1.215364853541056389e+00
1.210579951604207283e+00
1.217120806376139397e+00
1.224987705548604255e+00
1.217947443326314216e+00
1.225637873013814216e+00
1.220192273457844978e+00
1.217148939768473381e+00
1.222198565800984627e+00
1.223946571350097656e+00
1.221309781074523926e+00
1.219121416409810310e+00
1.213332494099934822e+00
1.216273625691731697e+00
1.215995152791341072e+00
1.219386299451192146e+00
1.227439284324645996e+00
1.223718086878458733e+00
1.221583525339762444e+00
1.225458939870198494e+00
1.220009525616963630e+00
1.222712755203247070e+00
1.221887469291687012e+00
1.225506504376729255e+00
1.227544903755187988e+00
1.225040515263875252e+00
1.226371486981709724e+00
1.233500242233276367e+00
1.232605973879496331e+00
1.233561714490254646e+00
1.237411419550577873e+00
1.228997349739074707e+00
1.229412913322448730e+00
1.233712037404378181e+00
1.233317971229553223e+00
1.240408857663472419e+00
1.240864396095275879e+00
1.237394531567891365e+00
1.246553579966227288e+00
1.235964735349019294e+00
1.240918040275573730e+00
1.239021142323811775e+00
1.240143179893493652e+00
1.240218877792358398e+00
1.240698774655659919e+00
1.244089404741923088e+00
1.240496158599853516e+00
1.239231228828430176e+00
1.241968234380086189e+00
1.238575061162312752e+00
1.249605298042297363e+00
1.245011846224467034e+00
1.242741664250691658e+00
1.245947440465291267e+00
1.247958978017171150e+00
1.254064559936523438e+00
1.243804931640625000e+00
1.244521578152974373e+00
1.246090491612752205e+00
1.247177799542744880e+00
1.245543519655863518e+00
1.244046171506245857e+00
1.254172960917155022e+00
1.251874963442484612e+00
1.242170770963032966e+00
1.254555503527323479e+00
1.257201115290323967e+00
1.252152482668558831e+00
1.259589354197184319e+00
1.256693919499715095e+00
1.256198088328043694e+00
1.250661849975585938e+00
1.249239166577656990e+00
1.248090704282124763e+00
1.252406080563863044e+00
1.262159705162048340e+00
1.254227717717488533e+00
1.257754604021708245e+00
1.258441925048828125e+00
1.252539515495300293e+00
1.258697986602783203e+00
1.262821674346923828e+00
1.258577466011047363e+00
1.262902140617370605e+00
1.255427519480387444e+00
1.258517384529113770e+00
1.257049878438313728e+00
1.263700405756632561e+00
1.265552878379821777e+00
1.265324632326761956e+00
1.252903858820597405e+00
1.251396377881367927e+00
1.259542266527811760e+00
1.256572802861531502e+00
1.264878312746683831e+00
1.259904185930887932e+00
1.261950612068176270e+00
1.265431284904479980e+00
1.265090187390645271e+00
1.259323040644327873e+00
1.254109342892964607e+00
1.256871581077575684e+00
1.262164870897928948e+00
1.270485281944274902e+00
1.261480927467346191e+00
1.262061317761739021e+00
1.261343320210774666e+00
1.260940790176391602e+00
1.262397527694702148e+00
1.266645471254984612e+00
1.275976777076721191e+00
1.275275508562723870e+00
1.271681427955627441e+00
1.276204784711201912e+00
1.270363132158915276e+00
1.263148307800292969e+00
1.269212245941162109e+00
1.270413716634114509e+00
1.274408578872680664e+00
1.266709208488464355e+00
1.267429351806640625e+00
1.268502155939738030e+00
1.272514780362447029e+00
1.277488668759663826e+00
1.270964105923970466e+00
1.274364868799845452e+00
1.270311792691548591e+00
1.268369674682617188e+00
1.276488264401753669e+00
1.271772543589274163e+00
1.269687215487162346e+00
1.262612859408060784e+00
1.259923338890075684e+00
1.264051596323649163e+00
1.264896670977274651e+00
1.270836273829142327e+00
1.276520371437072754e+00
1.277677774429321289e+00
1.276644070943196541e+00
1.274825175603230720e+00
1.273346304893493652e+00
1.271089275677998787e+00
1.266663789749145508e+00
1.272092858950297112e+00
1.273226062456766838e+00
1.278257767359415764e+00
1.274195353190104241e+00
1.271473805109659905e+00
1.276695132255554199e+00
1.278862992922465081e+00
1.279127001762390137e+00
1.278081178665161133e+00
1.275063037872314453e+00
1.275323152542114258e+00
1.284295956293741936e+00
1.284139712651570564e+00
1.285489956537882561e+00
1.272392352422078377e+00
1.276281436284383064e+00
1.280451019605000740e+00
1.278241475423177009e+00
1.275660316149393791e+00
1.270393053690592522e+00
1.282639503479003906e+00
1.276543219884236580e+00
1.278464913368225098e+00
1.269769152005513435e+00
1.276734232902526855e+00
1.283787886301676506e+00
1.286687850952148438e+00
1.284944097201029534e+00
1.285172740618387932e+00
1.279436667760213142e+00
1.277465979258219475e+00
1.281388441721598381e+00
1.291561484336853027e+00
1.279264648755391365e+00
1.278395613034566169e+00
1.281560778617858887e+00
1.286159197489420647e+00
1.285328388214111328e+00
1.282800475756327385e+00
1.278157512346903557e+00
1.286468029022216797e+00
1.280503988265991211e+00
1.282153646151224846e+00
1.290214856465657478e+00
1.280168732007344490e+00
1.285858750343322754e+00
1.293264031410217285e+00
1.291297078132629395e+00
1.288811643918355232e+00
1.287994821866353279e+00
1.281440854072570801e+00
1.280597368876139397e+00
1.282289584477742439e+00
1.286831816037495857e+00
1.281177838643391853e+00
1.287227471669514900e+00
1.284014105796813965e+00
1.288063049316406250e+00
1.284321387608845955e+00
1.286244630813598633e+00
1.292875369389851814e+00
1.294668952624003166e+00
1.293832461039225334e+00
1.279483040173848396e+00
1.283070762952168709e+00
1.282662034034729004e+00
1.281523187955220466e+00
1.287120819091796875e+00
1.289652347564697266e+00
1.289559125900268555e+00
1.285960833231608147e+00
1.287222027778625488e+00
1.287688493728637695e+00
1.282022595405578613e+00
1.289007147153218513e+00
1.290690541267395020e+00
1.289478778839111328e+00
1.292456746101379395e+00
1.291037837664286370e+00
1.286064227422078377e+00
1.286889751752217537e+00
1.289875189463297600e+00
1.286756515502929688e+00
1.287411928176879883e+00
1.285839279492696052e+00
1.285920182863871331e+00
1.280306379000345940e+00
1.289071003595988030e+00
1.287744005521138435e+00
1.291501601537068611e+00
1.290800929069519043e+00
1.288356065750122070e+00
1.288025538126627678e+00
1.291775067647298103e+00
1.285572012265523201e+00
1.284517049789428711e+00
1.283961415290832520e+00
1.288712739944458008e+00
1.295996824900309319e+00
1.298053185145060295e+00
1.295710285504658943e+00
1.294196009635925293e+00
1.288665930430094475e+00
1.295282204945882087e+00
1.302676161130269294e+00
1.294281164805094475e+00
1.292807579040527344e+00
1.303884824117024666e+00
1.298838297526041741e+00
1.294279058774312263e+00
1.295823772748311287e+00
1.290390690167744880e+00
1.289595603942871094e+00
1.299749016761779785e+00
1.295303344726562500e+00
1.288997133572896248e+00
1.294200221697489495e+00
1.296930710474650139e+00
1.294962326685587639e+00
1.290609995524088616e+00
1.291717171669006348e+00
1.293605844179789299e+00
1.289656718571980720e+00
1.291982889175415039e+00
1.296493132909138923e+00
1.294876654942830330e+00
1.298253019650777107e+00
1.289672255516052246e+00
1.291020274162292480e+00
1.302532831827799553e+00
1.298246343930562263e+00
1.295001347859700447e+00
1.289256811141967773e+00
1.288386106491088867e+00
1.293697953224182129e+00
1.291185537974039788e+00
1.297198454538981194e+00
1.289839625358581543e+00
1.294719934463500977e+00
1.296741843223571777e+00
1.293032010396321541e+00
1.287422021230061775e+00
1.290482004483540779e+00
1.288066824277241951e+00
1.290929396947224861e+00
1.299609184265136719e+00
1.288799722989400154e+00
1.291125655174255371e+00
1.292196750640869141e+00
1.294762929280598884e+00
1.288762132326761956e+00
1.295816342035929436e+00
1.289504408836364746e+00
1.297535220781962151e+00
1.287059148152669197e+00
1.297472437222798591e+00
1.297557552655537849e+00
1.288888851801554436e+00
1.292997837066650391e+00
1.294980764389038086e+00
1.301025986671447754e+00
1.290946324666341072e+00
1.285681804021199470e+00
1.296185255050659180e+00
1.303250670433044434e+00
1.296165982882181877e+00
1.287937005360921150e+00
1.298093994458516365e+00
1.289139191309611077e+00
1.294469555219014412e+00
1.295658151308695549e+00
1.295739412307739258e+00
1.295305649439493889e+00
1.299593369166056389e+00
1.297791878382364983e+00
1.295258402824401855e+00
1.302032391230265373e+00
1.302114605903625488e+00
1.292183995246887207e+00
1.293891032536824470e+00
1.284942030906677246e+00
1.287061492602030510e+00
1.291621923446655273e+00
1.294034918149312263e+00
1.292641043663024902e+00
1.289767861366271973e+00
1.302212675412495857e+00
1.300541043281555176e+00
1.295090158780415779e+00
1.302928527196248298e+00
1.298781156539916992e+00
1.294518828392028809e+00
1.294815222422281975e+00
1.304041266441345215e+00
1.294975558916727776e+00
1.295264879862467522e+00
1.288859685262044197e+00
1.289145827293395996e+00
1.292971928914387947e+00
1.295500119527180916e+00
1.301289280255635505e+00
1.298829476038614983e+00
1.299047708511352539e+00
1.294616778691609627e+00
1.292948563893635994e+00
1.294678727785746331e+00
1.304528713226318359e+00
1.296100894610087151e+00
1.289025624593098884e+00
1.286730885505676270e+00
1.296222050984700447e+00
1.299948175748189216e+00
1.299512743949890137e+00
1.297532876332600837e+00
1.293791850407918220e+00
1.292723337809244866e+00
1.289481957753499275e+00
1.288819750150044685e+00
1.293045282363891602e+00
1.294528881708780998e+00
1.297938307126363044e+00
1.289625883102416992e+00
1.296266476313273186e+00
1.301471670468648201e+00
1.298164923985799080e+00
1.293447534243265862e+00
1.293369372685750252e+00
1.287978649139404297e+00
1.289038141568501716e+00
1.297132333119710212e+00
1.303556640942891365e+00
1.292465686798095703e+00
1.292252182960510254e+00
1.297333717346191406e+00
1.292407035827636719e+00
1.296311259269714355e+00
1.293490250905354744e+00
1.297908385594685798e+00
1.291232307751973396e+00
1.299606601397196526e+00
1.300978819529215569e+00
1.301894227663676018e+00
1.303717772165934319e+00
1.303306341171264648e+00
1.300936897595723396e+00
1.293770670890808105e+00
1.297390023867289299e+00
1.298680504163106209e+00
1.307001511255900139e+00
1.302515387535095215e+00
1.299472212791442871e+00
1.298720320065816169e+00
1.295501232147216797e+00
1.295055270195007324e+00
1.300348440806071038e+00
1.291764418284098381e+00
1.300838112831115723e+00
1.304066975911458259e+00
1.300729711850484138e+00
1.304746031761169434e+00
1.307640711466471428e+00
1.302660425504048591e+00
1.304785331090291267e+00
1.301410396893819099e+00
1.309982935587565178e+00
1.309781114260355706e+00
1.293811718622843498e+00
1.292710781097412109e+00
1.300508737564086914e+00
1.306620717048645020e+00
1.308337251345316643e+00
1.309831778208414788e+00
1.299815416336059570e+00
1.302467544873555427e+00
1.303020437558491951e+00
1.316513816515604729e+00
1.307827591896057129e+00
1.309370597203572517e+00
1.307860294977823967e+00
1.302503903706868416e+00
1.306815266609191895e+00
1.309661070505778069e+00
1.312790751457214355e+00
1.308505813280741448e+00
1.311868151028950935e+00
1.314902742703755623e+00
1.314863165219624763e+00
1.315494219462076897e+00
1.312633872032165527e+00
1.312194069226582771e+00
1.314943512280781990e+00
1.309651295344034905e+00
1.314666112263997322e+00
1.322362701098124260e+00
1.323255022366841560e+00
1.317587534586588616e+00
1.326451579729716057e+00
1.325611948966979980e+00
1.329889337221781487e+00
1.318211754163106209e+00
1.330069104830424065e+00
1.324909369150797600e+00
1.317409873008728027e+00
1.318666895230611091e+00
1.317742268244425530e+00
1.328789353370666504e+00
1.324084480603535896e+00
1.319866339365641350e+00
1.321726640065510994e+00
1.332724094390869141e+00
1.325625936190287346e+00
1.332602222760518318e+00
1.321175297101338630e+00
1.328183611234029060e+00
1.335565527280171638e+00
1.329093853632609123e+00
1.327423930168151855e+00
1.329958597819010491e+00
1.325845559438069587e+00
1.335167129834492927e+00
1.330923517545064216e+00
1.331247488657633538e+00
1.328770716985066658e+00
1.341615517934163337e+00
1.332324425379435295e+00
1.335201859474182129e+00
1.332840879758198982e+00
1.328966061274210686e+00
1.334898749987284416e+00
1.332859396934509277e+00
1.340317368507385254e+00
1.337927222251892090e+00
1.336639563242594475e+00
1.337265451749165779e+00
1.344863772392272949e+00
1.338741024335225349e+00
1.338276704152425056e+00
1.342711289723714119e+00
1.344114422798156738e+00
1.341254671414693123e+00
1.344550649325052971e+00
1.347137212753295898e+00
1.343432068824768066e+00
1.339024225870768303e+00
1.350404063860575432e+00
1.349267085393269783e+00
1.355477253595988030e+00
1.353411475817362541e+00
1.343198140462239509e+00
1.348725279172261482e+00
1.347752690315246582e+00
1.357230861981709724e+00
1.350254734357198005e+00
1.355679631233215332e+00
1.361429373423258538e+00
1.356620947519938225e+00
1.357860604921976799e+00
1.360550045967102051e+00
1.360623121261596680e+00
1.359141985575358147e+00
1.365212837855021233e+00
1.366757074991862053e+00
1.365494052569071526e+00
1.366561333338419670e+00
1.377427140871683831e+00
1.369824886322021484e+00
1.363685011863708496e+00
1.373988588651021248e+00
1.373798370361328125e+00
1.375329693158467537e+00
1.374639034271240234e+00
1.369617064793904548e+00
1.378300746281941658e+00
1.378674427668253655e+00
1.376256227493286133e+00
1.375557065010070801e+00
1.369643767674763923e+00
1.366078853607177734e+00
1.367609262466430664e+00
1.384915312131245857e+00
1.387928287188212151e+00
1.381395697593688965e+00
1.383563478787739998e+00
1.380113919576009041e+00
1.380058725674947029e+00
1.381884177525838142e+00
1.384475787480672127e+00
1.377042094866434807e+00
1.385537823041280037e+00
1.385445594787597656e+00
1.380202015240987068e+00
1.389445384343465095e+00
1.394078652064005608e+00
1.388573487599690681e+00
1.390323400497436523e+00
1.389558315277099609e+00
1.389673550923665291e+00
1.397177020708719963e+00
1.395928303400675530e+00
1.401350537935892815e+00
1.400496085484822517e+00
1.391438881556193108e+00
1.392956296602885002e+00
1.397415081659952873e+00
1.400598764419555664e+00
1.405526439348856682e+00
1.403653343518574959e+00
1.403219262758890862e+00
1.406283259391784668e+00
1.401092251141865974e+00
1.406257828076680427e+00
1.410928805669148689e+00
1.407901565233866448e+00
1.406641244888305664e+00
1.400272130966186523e+00
1.413500785827636719e+00
1.410102844238281250e+00
1.422322710355122810e+00
1.418247660001118904e+00
1.420470913251240974e+00
1.421426455179850334e+00
1.413259943326314216e+00
1.418531179428100586e+00
1.416743516921997070e+00
1.418673157691955566e+00
1.419748346010843987e+00
1.427168289820353264e+00
1.436431368192036873e+00
1.420306960741678948e+00
1.422798951466878181e+00
1.423152446746826172e+00
1.432403882344563728e+00
1.446032047271728516e+00
1.437135736147562737e+00
1.432347774505615234e+00
1.433234175046284919e+00
1.441174189249674553e+00
1.445566932360331291e+00
1.449518362681071038e+00
1.442768335342407227e+00
1.430107593536376953e+00
1.433635195096333748e+00
1.440576155980427986e+00
1.448422829310099358e+00
1.447461446126302009e+00
1.435833692550659180e+00
1.444555958112080818e+00
1.439804871877034431e+00
1.442103981971740723e+00
1.442001342773437500e+00
1.450409889221191406e+00
1.440321167310078865e+00
1.440152366956074959e+00
1.448760906855265373e+00
1.460022489229838127e+00
1.453521211942036873e+00
1.459930181503295898e+00
1.463272690773010254e+00
1.456577539443969727e+00
1.465183973312377930e+00
1.458435694376627678e+00
1.445271611213684082e+00
1.445581952730814690e+00
1.464466969172159905e+00
1.455548723538716560e+00
1.465305209159851074e+00
1.470435698827107673e+00
1.480848550796508789e+00
1.464255571365356445e+00
1.460681438446044922e+00
1.463981906572977776e+00
1.468208948771158928e+00
1.468898574511210198e+00
1.456895669301350837e+00
1.465164303779602051e+00
1.461010654767354255e+00
1.470542629559834724e+00
1.469634811083475823e+00
1.470525026321411133e+00
1.472624540328979492e+00
1.472183545430501228e+00
1.469665487607320076e+00
1.471952279408772712e+00
1.477538983027140373e+00
1.474875529607136970e+00
1.474163015683491951e+00
1.486355702082316155e+00
1.494980812072753906e+00
1.484579761823018318e+00
1.481506546338399177e+00
1.486776192982991462e+00
1.481177051862080818e+00
1.486494978268941169e+00
1.484322547912597656e+00
1.487949927647908455e+00
1.483699758847554451e+00
1.486610929171244377e+00
1.488739411036173577e+00
1.485219756762186760e+00
1.487792412439982170e+00
1.494324445724487305e+00
1.490667978922526116e+00
1.499811251958211189e+00
1.507177193959553962e+00
1.507513165473937988e+00
1.497519969940185547e+00
1.501137534777323479e+00
1.503869334856669182e+00
1.514962116877238030e+00
1.499085346857706780e+00
1.504854440689086914e+00
1.511622587839762444e+00
1.511068741480509514e+00
1.510707219441731697e+00
1.500323255856831794e+00
1.509303410847981697e+00
1.517774343490600586e+00
1.514073769251505608e+00
1.520345290501912361e+00
1.508182724316914802e+00
1.513998389244079590e+00
1.522697965304056877e+00
1.525703191757202148e+00
1.523114204406738281e+00
1.526035666465759277e+00
1.519144574801127190e+00
1.524905284245808845e+00
1.529612421989440918e+00
1.534636616706848145e+00
1.519150853157043457e+00
1.521539131800333733e+00
1.529211481412251716e+00
1.524401386578877693e+00
1.513837138811747307e+00
1.521379113197326660e+00
1.524329503377278572e+00
1.531368056933085198e+00
1.536598046620686775e+00
1.529193798700968498e+00
1.533086498578389412e+00
1.532610416412353516e+00
1.544094443321228027e+00
1.534703731536865234e+00
1.537457585334777832e+00
1.542317231496175056e+00
1.532467444737752205e+00
1.532395521799723381e+00
1.543635924657185798e+00
1.542073249816894531e+00
1.541029254595438713e+00
1.546389460563659668e+00
1.548587044080098396e+00
1.555269241333007812e+00
1.549762805302937752e+00
1.547347307205200195e+00
1.541861653327941895e+00
1.547847787539164299e+00
1.551567276318867927e+00
1.538366278012593513e+00
1.545919259389241462e+00
1.548941810925801521e+00
1.547374129295349121e+00
1.547923088073730469e+00
1.556661645571390862e+00
1.553590575853983635e+00
1.558033545811970955e+00
1.557027101516723633e+00
1.551097710927327400e+00
1.553115248680114746e+00
1.560286283493041992e+00
1.554668068885803223e+00
1.557100653648376465e+00
1.554889678955078125e+00
1.558952252070109123e+00
1.559282660484313965e+00
1.554666479428609138e+00
1.560877203941345215e+00
1.563661893208821541e+00
1.566318194071451897e+00
1.563879211743672615e+00
1.563889265060424805e+00
1.556873798370361328e+00
1.553765575091044182e+00
1.558163205782572502e+00
1.572722554206848145e+00
1.566060741742451912e+00
1.575628399848937988e+00
1.572887778282165527e+00
1.585057179133097405e+00
1.568570137023925781e+00
1.566549936930338616e+00
1.578429579734802246e+00
1.578061262766520256e+00
1.572477261225382561e+00
1.582009911537170410e+00
1.577302177747090584e+00
1.563786069552103752e+00
1.570127487182617188e+00
1.580208381017049080e+00
1.580575863520304436e+00
1.589429855346679688e+00
1.589538216590881348e+00
1.583124558130900139e+00
1.589637994766235352e+00
1.591261029243469238e+00
1.581771969795227051e+00
1.587276458740234375e+00
1.583039561907450432e+00
1.579840540885925293e+00
1.581408023834228516e+00
1.578014850616455078e+00
1.593183358510335212e+00
1.594924370447794670e+00
1.595922907193501716e+00
1.591104825337727791e+00
1.596374511718750000e+00
1.601691166559855217e+00
1.592314521471659416e+00
1.596333583196004158e+00
1.588383118311564202e+00
1.594900091489156013e+00
1.591745376586914062e+00
1.591956138610839844e+00
1.603143692016601562e+00
1.599878271420796638e+00
1.596909483273823982e+00
1.595359365145365471e+00
1.608912587165832520e+00
1.605986356735229492e+00
1.603921214739481682e+00
1.600116531054178948e+00
1.603310346603393555e+00
1.599112470944722419e+00
1.616315007209777832e+00
1.625335017840067620e+00
1.626609683036804199e+00
1.627880930900573730e+00
1.612618525822957283e+00
1.616106033325195312e+00
1.610796054204304939e+00
1.597752571105957031e+00
1.602002660433451409e+00
1.606165329615275139e+00
1.604931394259135002e+00
1.598740895589192634e+00
1.605562845865885491e+00
1.605253934860229492e+00
1.609011570612589592e+00
1.622950156529744392e+00
1.619921604792277092e+00
1.628157814343770271e+00
1.622036298116048103e+00
1.621653000513712639e+00
1.613407770792643303e+00
1.620509227116902595e+00
1.615052858988444084e+00
1.618055820465087891e+00
1.625181714693705315e+00
1.621868888537089104e+00
1.630028327306111580e+00
1.634924928347269768e+00
1.634411493937174553e+00
1.640385548273722405e+00
1.626475095748901367e+00
1.622677723566691155e+00
