1.039801081021626716e+00
1.202865203221638923e+00
1.657523552576700920e+00
1.839049180348714119e+00
1.299441218376159668e+00
8.660393555959066125e-01
7.612014214197794226e-01
7.239208817481994629e-01
8.022222518920898438e-01
8.385811845461527136e-01
8.147059679031372070e-01
8.209121823310852051e-01
8.154803713162740442e-01
8.725351293881734582e-01
9.124203523000081750e-01
8.558049400647481653e-01
9.141013820966085168e-01
8.422861496607462195e-01
9.557416240374246863e-01
8.921674887339273718e-01
9.153569539388021203e-01
8.900272448857625696e-01
8.923507531483968469e-01
8.936397433280944824e-01
9.045053521792093543e-01
9.004331628481546668e-01
9.030648668607076379e-01
9.012687404950460168e-01
8.998229702313741418e-01
9.046432971954345703e-01
9.102389415105184289e-01
9.097979267438253137e-01
9.135631124178568152e-01
9.133802254994710657e-01
9.076421062151590613e-01
9.106054902076721191e-01
9.185784657796224328e-01
9.158807992935180664e-01
9.282734791437784461e-01
9.324612816174825403e-01
9.285410642623901367e-01
9.345320463180541992e-01
9.299156864484151575e-01
9.339691400527954102e-01
9.333100318908691406e-01
9.417911370595296594e-01
9.348543882369995117e-01
9.386774698893228797e-01
9.403096040089925500e-01
9.436423977216085168e-01
9.452178478240966797e-01
9.503951271375020715e-01
9.496905008951822547e-01
9.486861824989318848e-01
9.529607892036437988e-01
9.562188982963562012e-01
9.559934735298156738e-01
9.558264811833699914e-01
9.612424770991007117e-01
9.663460652033487586e-01
9.660703539848327637e-01
9.640891750653585168e-01
9.613580505053201941e-01
9.636472463607788086e-01
9.593915541966756555e-01
9.664048353830972937e-01
9.707826972007751465e-01
9.668887257575988770e-01
9.750540057818094519e-01
9.710955619812011719e-01
9.770351449648538855e-01
9.736391703287760047e-01
9.747079014778137207e-01
9.722251693407694129e-01
9.825668533643087121e-01
9.767984151840209961e-01
9.768171310424804688e-01
9.803842107454935340e-01
9.857757488886514929e-01
9.827543497085571289e-01
9.855022231737772254e-01
9.816397229830423621e-01
9.930809934933980676e-01
9.919181466102600098e-01
9.940322637557983398e-01
9.895190795262654992e-01
9.945648511250814172e-01
9.953379829724630090e-01
9.991125067075093957e-01
9.951896468798319129e-01
1.002268334229787117e+00
1.008554279804229736e+00
1.008421083291371589e+00
1.004413962364196777e+00
1.002335071563720703e+00
1.006931344668070549e+00
1.007167498270670647e+00
1.007791221141815186e+00
1.009651184082031250e+00
1.009866813818613762e+00
1.009665648142496819e+00
1.011893987655639648e+00
1.006251335144042969e+00
1.013455073038737053e+00
1.009040673573811775e+00
1.010838508605957031e+00
1.014521479606628418e+00
1.012849966684977288e+00
1.010517517725626702e+00
1.012241482734680176e+00
1.016711870829264397e+00
1.020803153514862061e+00
1.015779058138529534e+00
1.014679034550984627e+00
1.017355243364969963e+00
1.019239505132039314e+00
1.019674619038899666e+00
1.025350729624430413e+00
1.021100302537282234e+00
1.022690594196319580e+00
1.028615832328796387e+00
1.031892617543538337e+00
1.028891444206237793e+00
1.025131821632385254e+00
1.033703486124674553e+00
1.028396924336751228e+00
1.036221106847127205e+00
1.039174954096476311e+00
1.037786245346069336e+00
1.038676222165425544e+00
1.033483862876892090e+00
1.037239829699198479e+00
1.033998648325602288e+00
1.037759502728780037e+00
1.039475997289021736e+00
1.041867017745971680e+00
1.043950637181599861e+00
1.046344518661499023e+00
1.045786698659260994e+00
1.042943874994913811e+00
1.042063236236572266e+00
1.043378551801045662e+00
1.047320445378621345e+00
1.045365015665690178e+00
1.040647904078165764e+00
1.044147451718648201e+00
1.051022966702779060e+00
1.048166155815124512e+00
1.052704175313313728e+00
1.050447901089986091e+00
1.045671423276265388e+00
1.047858595848083496e+00
1.048244476318359375e+00
1.050649404525756836e+00
1.051375985145568848e+00
1.048199613889058357e+00
1.046589891115824456e+00
1.054630716641743904e+00
1.057587981224060059e+00
1.054886976877848381e+00
1.057061711947123284e+00
1.052282810211181641e+00
1.051251014073689705e+00
1.060717185338338142e+00
1.060232679049174065e+00
1.064489285151163811e+00
1.069499810536702400e+00
1.060074130694071526e+00
1.058958411216735840e+00
1.064749002456665039e+00
1.068227450052897209e+00
1.063378016153971428e+00
1.066549817721049065e+00
1.061171809832255120e+00
1.066573500633239746e+00
1.059975862503051758e+00
1.065606395403544182e+00
1.071682175000508552e+00
1.064234375953674316e+00
1.069401383399963379e+00
1.074123104413350349e+00
1.065364321072896248e+00
1.061107436815897698e+00
1.066073338190714592e+00
1.073217829068501716e+00
1.079282720883687263e+00
1.074146270751953125e+00
1.073650638262430901e+00
1.076173861821492439e+00
1.069897492726643806e+00
1.073127110799153572e+00
1.074807246526082283e+00
1.073582410812377930e+00
1.076002160708109612e+00
1.074742118517557854e+00
1.078863779703776116e+00
1.085040291150410896e+00
1.077882647514343262e+00
1.086883743604024177e+00
1.083675622940063477e+00
1.076176007588704353e+00
1.086117386817932129e+00
1.088226477305094475e+00
1.083494941393534416e+00
1.082521398862202888e+00
1.078911423683166504e+00
1.084300676981608147e+00
1.083181977272033691e+00
1.083098371823628669e+00
1.088908274968465095e+00
1.084731181462605720e+00
1.085739096005757576e+00
1.089891473452250237e+00
1.087146520614624023e+00
1.089771509170532227e+00
1.084766546885172600e+00
1.090967655181884766e+00
1.093315005302429199e+00
1.087211767832438225e+00
1.086870114008585686e+00
1.095858812332153320e+00
1.093884070714314705e+00
1.097056587537129646e+00
1.100139975547790527e+00
1.091926972071329827e+00
1.089197913805643791e+00
1.091676592826843262e+00
1.092900832494099861e+00
1.099454959233601814e+00
1.094249288241068596e+00
1.094995935757954841e+00
1.102634191513061523e+00
1.094514211018880134e+00
1.099973877271016365e+00
1.098320285479227776e+00
1.103832523028055901e+00
1.106774965922037834e+00
1.103714108467102051e+00
1.105612158775329590e+00
1.103820443153381348e+00
1.100989023844401116e+00
1.099066098531087166e+00
1.096840421358744377e+00
1.105139970779418945e+00
1.103101650873820061e+00
1.100819627443949456e+00
1.108049869537353516e+00
1.107386946678161621e+00
1.107095122337341309e+00
1.096007108688354492e+00
1.102588693300883049e+00
1.105842749277750725e+00
1.106500109036763435e+00
1.101346492767333984e+00
1.101659417152404785e+00
1.110746820767720466e+00
1.110087076822916741e+00
1.104170997937520271e+00
1.112137476603190178e+00
1.115681012471516853e+00
1.110363801320393806e+00
1.114507238070170159e+00
1.111624002456665039e+00
1.112084309260050530e+00
1.106474916140238518e+00
1.109551747639973884e+00
1.107099493344624763e+00
1.110063155492146736e+00
1.116207122802734375e+00
1.107351024945576912e+00
1.111914873123168945e+00
1.116598566373189216e+00
1.110198299090067620e+00
1.113406062126159668e+00
1.112505753835042244e+00
1.113478620847066169e+00
1.120179096857706780e+00
1.112071156501770020e+00
1.117553790410359627e+00
1.114605983098347908e+00
1.122993866602579827e+00
1.123071471850077385e+00
1.123085935910542732e+00
1.112515608469645256e+00
1.106982032457987541e+00
1.111345092455546135e+00
1.110889395078023201e+00
1.121206084887186760e+00
1.116678039232889885e+00
1.115608096122741699e+00
1.121054132779439216e+00
1.120131810506184822e+00
1.114918907483418709e+00
1.113860170046488518e+00
1.119187871615092034e+00
1.121180733044942146e+00
1.123972694079081291e+00
1.118563413619995117e+00
1.119508147239685059e+00
1.121702353159586663e+00
1.114715814590454102e+00
1.119060873985290527e+00
1.125672698020935059e+00
1.129980961481730217e+00
1.133579095204671150e+00
1.126689354578654045e+00
1.131687204043070549e+00
1.125787655512491936e+00
1.119045933087666755e+00
1.129294117291768318e+00
1.127475301424662346e+00
1.128318190574645996e+00
1.122274676958719963e+00
1.124029397964477539e+00
1.124197085698445564e+00
1.125700195630391365e+00
1.128853877385457283e+00
1.126304705937703377e+00
1.126786867777506584e+00
1.119836926460266113e+00
1.123396674791971916e+00
1.130005796750386482e+00
1.126691937446594238e+00
1.126906394958496094e+00
1.121776898701985603e+00
1.114770054817199707e+00
1.121283491452534919e+00
1.118916948636372810e+00
1.124018073081970215e+00
1.127904613812764412e+00
1.128864288330078125e+00
1.130986531575520759e+00
1.127990285555521721e+00
1.129711627960205078e+00
1.127181887626647949e+00
1.124824563662211174e+00
1.127583622932434082e+00
1.125432014465332031e+00
1.134290854136149163e+00
1.131129105885823494e+00
1.125263333320617676e+00
1.130362431208292717e+00
1.130699356396992927e+00
1.131564021110534668e+00
1.129171053568522209e+00
1.128158330917358398e+00
1.127675890922546387e+00
1.136587977409362793e+00
1.136359333992004395e+00
1.136402289072672600e+00
1.127851406733195061e+00
1.127836624781290764e+00
1.130349079767863030e+00
1.132994055747985840e+00
1.130792260169982910e+00
1.125491778055826897e+00
1.133238196372985840e+00
1.132450024286905998e+00
1.134149312973022461e+00
1.127106348673502678e+00
1.129701852798461914e+00
1.136203646659851074e+00
1.140105406443278069e+00
1.139601111412048340e+00
1.138953129450480217e+00
1.131891568501790291e+00
1.134378314018249512e+00
1.142436385154724121e+00
1.146197001139322991e+00
1.130512714385986328e+00
1.130875031153361077e+00
1.135620077451070076e+00
1.142188747723897224e+00
1.139088590939839607e+00
1.136632363001505608e+00
1.133596380551656013e+00
1.138840238253275627e+00
1.133932908376057869e+00
1.133206129074096680e+00
1.142370223999023438e+00
1.132010102272033691e+00
1.136711438496907478e+00
1.142478704452514648e+00
1.137398799260457283e+00
1.141507188479105706e+00
1.140667160352071052e+00
1.132975459098815918e+00
1.132735411326090569e+00
1.133488059043884277e+00
1.137594540913899666e+00
1.133432110150655037e+00
1.137038707733154297e+00
1.134500225385030037e+00
1.142027179400126213e+00
1.139012972513834709e+00
1.141747275988260979e+00
1.141413092613220215e+00
1.146713097890218025e+00
1.146892070770263672e+00
1.133560697237650627e+00
1.137170076370239258e+00
1.139326333999633789e+00
1.137905399004618401e+00
1.139852007230122810e+00
1.141121188799540276e+00
1.142784158388773674e+00
1.140443523724873787e+00
1.141610383987426758e+00
1.141091307004292732e+00
1.136066595713297600e+00
1.142148335774739509e+00
1.145232160886128669e+00
1.141889452934265137e+00
1.149164636929829841e+00
1.143249789873759026e+00
1.134084224700927734e+00
1.137716770172119141e+00
1.141765594482421875e+00
1.142930308977762932e+00
1.141681075096130371e+00
1.137308160463968987e+00
1.137637694676717048e+00
1.132639129956563240e+00
1.143235365549723381e+00
1.144429564476013184e+00
1.142358104387919182e+00
1.143771092096964592e+00
1.140667955080668206e+00
1.141734202702840095e+00
1.146628101666768318e+00
1.137257417043050056e+00
1.139751076698303223e+00
1.137790958086649651e+00
1.138758778572082520e+00
1.142087419827779060e+00
1.149263461430867439e+00
1.144396901130676270e+00
1.142021973927815681e+00
1.139370640118916755e+00
1.144260168075561523e+00
1.150519212086995369e+00
1.145914514859517341e+00
1.141781012217203850e+00
1.152220845222473145e+00
1.151765068372090584e+00
1.146078864733378166e+00
1.146826267242431641e+00
1.145046472549438477e+00
1.145442922910054451e+00
1.149767359097798591e+00
1.145914872487385994e+00
1.146699547767639160e+00
1.153140981992085701e+00
1.146365006764729744e+00
1.143097917238871331e+00
1.143144289652506584e+00
1.150469422340393066e+00
1.148694316546122307e+00
1.143490592638651604e+00
1.140066186587015862e+00
1.146428346633911133e+00
1.146602352460225349e+00
1.148710529009501213e+00
1.144972602526346916e+00
1.146858135859171623e+00
1.149715860684712654e+00
1.148161570231119866e+00
1.144140998522440666e+00
1.141708890597025627e+00
1.137319604555765862e+00
1.143388946851094490e+00
1.147333542505900139e+00
1.149147113164265877e+00
1.140048503875732422e+00
1.138108928998311287e+00
1.146175583203633552e+00
1.142826040585835701e+00
1.141971468925476074e+00
1.145253419876098633e+00
1.145681977272033691e+00
1.148129979769388909e+00
1.151960968971252441e+00
1.142987887064615959e+00
1.147527496019999260e+00
1.144443194071451897e+00
1.148819088935852051e+00
1.144783814748128181e+00
1.149229129155476814e+00
1.143520633379618401e+00
1.151170969009399414e+00
1.143423517545064216e+00
1.152589201927185059e+00
1.144961595535278320e+00
1.141854484875996834e+00
1.148962934811909919e+00
1.147399465243021721e+00
1.152959823608398438e+00
1.143381476402282715e+00
1.138422767321268791e+00
1.146223862965901619e+00
1.155303955078125000e+00
1.149557034174601311e+00
1.142756104469299316e+00
1.151401082674662346e+00
1.144553780555725098e+00
1.143705447514851814e+00
1.148457566897074456e+00
1.146359165509541755e+00
1.145909945170084709e+00
1.149795929590861077e+00
1.148397286732991462e+00
1.151420275370280022e+00
1.154361883799235100e+00
1.154983639717102051e+00
1.143761714299519783e+00
1.145480871200561523e+00
1.139990051587422615e+00
1.140925486882527595e+00
1.141584356625874763e+00
1.148420969645182366e+00
1.147711992263793945e+00
1.140035192171732659e+00
1.152245322863260979e+00
1.149762352307637459e+00
1.145758827527364021e+00
1.152853369712829590e+00
1.145808021227518791e+00
1.143678545951843262e+00
1.146187106768290276e+00
1.153631329536437988e+00
1.146333138147989983e+00
1.146550337473551506e+00
1.141351699829101562e+00
1.142641743024190193e+00
1.146972219149271721e+00
1.142214894294738770e+00
1.149691859881083245e+00
1.150064627329508538e+00
1.148779114087422615e+00
1.148229519526163811e+00
1.149886329968770271e+00
1.145255645116170173e+00
1.152753233909606934e+00
1.145264983177185059e+00
1.141227444012959724e+00
1.140247106552124023e+00
1.148365457852681404e+00
1.151231288909912109e+00
1.153251687685648674e+00
1.156078656514485603e+00
1.147591153780619377e+00
1.143296480178833008e+00
1.140389919281005859e+00
1.143634279568989998e+00
1.149316708246866936e+00
1.145048975944519043e+00
1.146999518076578850e+00
1.144330541292826409e+00
1.146359284718831306e+00
1.152732849121093750e+00
1.149022698402404785e+00
1.148981014887491936e+00
1.146335522333780998e+00
1.141311446825663323e+00
1.143548369407653809e+00
1.151842832565307617e+00
1.152363181114196777e+00
1.148720781008402581e+00
1.142887234687805176e+00
1.149149735768635994e+00
1.146144549051920647e+00
1.151405731836954827e+00
1.143529494603474861e+00
1.152063608169555664e+00
1.143924117088317871e+00
1.146525104840596443e+00
1.153644243876139397e+00
1.154466112454732185e+00
1.154264171918233162e+00
1.151684482892354255e+00
1.153246402740478516e+00
1.144032677014668709e+00
1.147349397341410393e+00
1.151126941045125252e+00
1.158006270726521736e+00
1.151450117429097419e+00
1.150760213534037346e+00
1.153578122456868416e+00
1.145723144213358635e+00
1.145859479904174805e+00
1.151780327161153084e+00
1.151320417722066169e+00
1.156718691190083748e+00
1.153897444407145256e+00
1.149841785430908203e+00
1.155928174654642815e+00
1.159315506617228264e+00
1.150692979494730706e+00
1.154398401578267341e+00
1.150655110677083259e+00
1.158184329668680901e+00
1.161588629086812263e+00
1.147987445195515877e+00
1.147597352663676018e+00
1.151816050211588616e+00
1.156238198280334473e+00
1.163051883379618401e+00
1.158140261967976814e+00
1.154932697614033943e+00
1.156804879506428962e+00
1.154062668482462639e+00
1.165440201759338379e+00
1.164183020591735840e+00
1.162347793579101562e+00
1.155846198399861580e+00
1.150274912516276116e+00
1.154300371805826897e+00
1.157220721244812012e+00
1.164943456649780273e+00
1.158293207486470466e+00
1.163244207700093513e+00
1.163660566012064690e+00
1.163318713506062752e+00
1.161480347315470452e+00
1.160446524620056152e+00
1.162062883377075195e+00
1.165578961372375488e+00
1.167388439178466797e+00
1.167036096254984612e+00
1.168484250704447502e+00
1.171676397323608398e+00
1.163017988204956055e+00
1.172146995862324959e+00
1.175751964251200432e+00
1.178428808848063225e+00
1.167230288187662834e+00
1.180856068929036384e+00
1.174967010815938240e+00
1.168807188669840569e+00
1.170209844907124763e+00
1.168476462364196777e+00
1.177681605021158928e+00
1.179641167322794670e+00
1.176418264706929451e+00
1.175216635068257576e+00
1.179988304773966545e+00
1.170843323071797615e+00
1.175636212031046623e+00
1.169930656750996834e+00
1.171403447786967034e+00
1.188097000122070312e+00
1.176328698794047112e+00
1.180343468983968025e+00
1.180578152338663811e+00
1.177380720774332756e+00
1.178271929423014397e+00
1.177974820137023926e+00
1.182138721148173088e+00
1.178040623664855957e+00
1.185865680376688713e+00
1.176633278528849358e+00
1.181052327156066895e+00
1.179425080617268806e+00
1.180181423823038811e+00
1.185366392135620117e+00
1.181142012278239006e+00
1.187170823415120369e+00
1.185220519701639885e+00
1.177909811337788826e+00
1.183325926462809319e+00
1.190814455350239998e+00
1.184978485107421875e+00
1.188394943873087639e+00
1.190622250239054436e+00
1.185331066449483162e+00
1.192325194676717048e+00
1.194315234820048088e+00
1.196666955947875977e+00
1.192064841588338142e+00
1.183162649472554451e+00
1.194882114728291755e+00
1.191939473152160645e+00
1.200556159019470215e+00
1.202006737391154045e+00
1.194501121838887459e+00
1.195418755213419670e+00
1.195945541063944573e+00
1.205058574676513672e+00
1.199758768081665039e+00
1.203146100044250488e+00
1.206190864245096916e+00
1.202518622080485100e+00
1.204105019569396973e+00
1.205129345258076912e+00
1.211393157641093010e+00
1.207629958788553948e+00
1.208070397377014160e+00
1.205007870992024666e+00
1.207847038904825920e+00
1.213182250658671135e+00
1.217035730679829841e+00
1.208274523417155022e+00
1.204619089762369866e+00
1.214764833450317383e+00
1.214494824409484863e+00
1.213108698527018303e+00
1.215487678845723396e+00
1.211917201677958245e+00
1.219239473342895508e+00
1.222733696301778084e+00
1.218135317166646248e+00
1.218169569969177246e+00
1.215728958447774177e+00
1.212140957514445061e+00
1.211431622505187988e+00
1.229987343152364021e+00
1.228411078453063965e+00
1.221196611722310310e+00
1.223883708318074470e+00
1.222901304562886482e+00
1.226588288942972893e+00
1.221643010775248284e+00
1.226316094398498535e+00
1.218879103660583496e+00
1.221597115198771233e+00
1.226966857910156250e+00
1.218315839767456055e+00
1.232239325841267830e+00
1.230521440505981445e+00
1.229606032371520996e+00
1.229239265124003166e+00
1.227339903513590569e+00
1.234278400739033943e+00
1.236202836036682129e+00
1.232706268628438240e+00
1.232783754666646248e+00
1.232340216636657715e+00
1.225196798642476326e+00
1.228444059689839607e+00
1.237363775571187263e+00
1.240710020065307617e+00
1.238119165102640862e+00
1.242547829945882087e+00
1.240592082341511970e+00
1.245750109354655022e+00
1.240894397099812752e+00
1.244159380594889397e+00
1.243915716807047600e+00
1.245411157608032227e+00
1.242867072423299080e+00
1.239029645919799805e+00
1.252944389979044670e+00
1.251168131828308105e+00
1.254503806432088142e+00
1.255361954371134514e+00
1.261689424514770508e+00
1.258272409439086914e+00
1.251338005065917969e+00
1.250262101491292244e+00
1.250657002131144280e+00
1.260276158650716072e+00
1.256101051966349358e+00
1.260595639546712166e+00
1.274137179056803459e+00
1.256441235542297363e+00
1.256859342257181877e+00
1.257471323013305664e+00
1.268111983935038323e+00
1.275783538818359375e+00
1.273592154184977288e+00
1.267135659853617424e+00
1.268495400746663337e+00
1.280430356661478752e+00
1.281884630521138435e+00
1.278939604759216309e+00
1.272812763849894280e+00
1.264010508855183845e+00
1.267137885093688965e+00
1.268897374471028572e+00
1.276335438092549568e+00
1.281409184137980217e+00
1.274705489476521736e+00
1.278252641359965081e+00
1.276840567588806152e+00
1.277672211329142327e+00
1.283022681872050041e+00
1.287159403165181404e+00
1.276676019032796150e+00
1.273157080014546638e+00
1.279119968414306641e+00
1.287863334019978767e+00
1.278833905855814690e+00
1.288937568664550781e+00
1.296278119087219238e+00
1.284971714019775391e+00
1.295708100001017327e+00
1.290620485941569084e+00
1.280102968215942383e+00
1.280420780181884766e+00
1.297369758288065666e+00
1.287659009297688728e+00
1.294290900230407715e+00
1.296606461207072014e+00
1.307753205299377441e+00
1.291120807329813713e+00
1.292742133140563965e+00
1.295185128847758049e+00
1.297097802162170410e+00
1.304639577865600586e+00
1.293443242708842034e+00
1.297129154205322266e+00
1.293552080790201897e+00
1.296834150950114006e+00
1.297627766927083259e+00
1.293554862340291267e+00
1.297372778256734138e+00
1.298322637875874763e+00
1.294908761978149414e+00
1.301634828249613518e+00
1.309617479642232185e+00
1.301876743634541755e+00
1.301799058914184570e+00
1.314190149307250977e+00
1.320892373720804924e+00
1.317914843559265137e+00
1.314843177795410156e+00
1.313887556393941169e+00
1.308813492457072014e+00
1.318643927574157715e+00
1.311059474945068359e+00
1.313986778259277344e+00
1.311914761861165291e+00
1.313719034194946289e+00
1.316645065943400139e+00
1.314115405082702637e+00
1.319056510925292969e+00
1.322109699249267578e+00
1.322306275367736816e+00
1.328192830085754395e+00
1.334871252377827888e+00
1.329767227172851562e+00
1.320744355519612556e+00
1.326149026552836174e+00
1.327563961346944099e+00
1.338775237401326423e+00
1.326889753341674805e+00
1.332317630449930901e+00
1.346532146135966057e+00
1.341142972310384041e+00
1.335565845171610588e+00
1.327784061431884766e+00
1.330817461013793945e+00
1.339868982632954841e+00
1.338831226030985588e+00
1.341789603233337402e+00
1.336490511894226074e+00
1.336621801058451409e+00
1.347975929578145271e+00
1.351690053939819336e+00
1.340996305147806877e+00
1.348089933395385742e+00
1.349265853563944573e+00
1.352564255396525139e+00
1.355215390523274666e+00
1.356648763020833259e+00
1.344096779823303223e+00
1.345932443936665779e+00
1.346971313158671135e+00
1.347117543220520020e+00
1.339517633120218987e+00
1.344471732775370354e+00
1.351954499880472893e+00
1.352728525797526116e+00
1.355640808741251702e+00
1.351740479469299316e+00
1.353094299634297615e+00
1.355065067609151130e+00
1.362577478090922112e+00
1.355832139650980706e+00
1.356461922327677483e+00
1.365274310111999512e+00
1.352262695630391365e+00
1.352154056231180901e+00
1.356824636459350586e+00
1.365260998407999748e+00
1.367080688476562500e+00
1.367564956347147698e+00
1.368590156237284416e+00
1.373612880706787109e+00
1.368514259656270271e+00
1.368517120679219490e+00
1.358882466952006096e+00
1.370099862416585212e+00
1.371843735376993889e+00
1.358904997507731194e+00
1.363354961077372307e+00
1.363697369893391853e+00
1.368392388025919670e+00
1.372807264328002930e+00
1.380290587743123298e+00
1.375204563140869141e+00
1.376749992370605469e+00
1.379132310549418206e+00
1.373291611671447754e+00
1.374467889467875237e+00
1.381072839101155525e+00
1.371512770652770996e+00
1.367556969324747795e+00
1.379729906717936272e+00
1.374222159385681152e+00
1.376354138056437248e+00
1.380204677581787109e+00
1.387169082959492927e+00
1.383032679557800293e+00
1.385185440381367927e+00
1.384010752042134529e+00
1.384268840154011970e+00
1.374029397964477539e+00
1.372131745020548577e+00
1.381336172421773201e+00
1.399136384328206306e+00
1.385534246762593513e+00
1.395059943199157715e+00
1.387408057848612541e+00
1.409452120463053459e+00
1.385030666987101311e+00
1.383051315943400139e+00
1.397955218950907463e+00
1.400032798449198479e+00
1.398260474205017090e+00
1.404342810312906975e+00
1.390101909637451172e+00
1.378034114837646484e+00
1.388974467913309807e+00
1.394439737002054924e+00
1.404790798823038811e+00
1.405932148297627693e+00
1.411818544069926018e+00
1.401594559351603264e+00
1.400839765866597419e+00
1.411068757375081306e+00
1.408923705418904548e+00
1.401427984237670898e+00
1.396887421607971191e+00
1.406037569046020508e+00
1.407293717066447014e+00
1.406713326772053962e+00
1.411317626635233635e+00
1.415608604749043709e+00
1.417839606602986580e+00
1.412994146347045898e+00
1.405896584192911858e+00
1.410273353258768791e+00
1.411998748779296875e+00
1.411431511243184334e+00
1.410935401916503906e+00
1.407095710436503166e+00
1.408740162849426270e+00
1.406977852185567146e+00
1.422814687093098884e+00
1.422327478726704841e+00
1.421857595443725586e+00
1.411489764849344963e+00
1.417100350062052483e+00
1.411974469820658440e+00
1.421761115392049080e+00
1.419679244359334236e+00
1.420591076215108162e+00
1.419319748878479004e+00
1.435262441635131836e+00
1.438472072283426995e+00
1.437869071960449219e+00
1.439492623011271233e+00
1.435560107231140137e+00
1.436409751574198479e+00
1.431755979855855232e+00
1.424443006515502930e+00
1.424382925033569336e+00
1.434405446052551270e+00
1.428135355313618904e+00
1.424787243207295662e+00
1.427342454592386956e+00
1.425668319066365486e+00
1.429982662200927734e+00
1.434129714965820312e+00
1.437096039454142327e+00
1.437937339146931892e+00
1.437007308006286621e+00
1.437793731689453125e+00
1.432180444399515862e+00
1.438660184542338127e+00
1.436956604321797615e+00
1.437020778656005859e+00
1.442811131477355957e+00
1.431994835535685295e+00
1.439000566800435310e+00
1.443923632303873772e+00
1.453484217325846428e+00
1.452864805857340569e+00
1.439396421114603752e+00
1.436806042989094978e+00
