2.000000000000000111e-01
2.000000000000000111e-01
4.293333333333333446e-01
5.286666666666666181e-01
5.426666666666666305e-01
6.326666666666667105e-01
6.939999999999999503e-01
7.159999999999999698e-01
7.339999999999999858e-01
7.193333333333333801e-01
7.333333333333332815e-01
7.293333333333332780e-01
7.166666666666666741e-01
7.039999999999999591e-01
7.166666666666666741e-01
7.159999999999999698e-01
7.219999999999999751e-01
7.266666666666666829e-01
7.233333333333333837e-01
7.293333333333332780e-01
7.346666666666666901e-01
7.373333333333332851e-01
7.366666666666666918e-01
7.326666666666666883e-01
7.279999999999999805e-01
7.339999999999999858e-01
7.333333333333332815e-01
7.346666666666666901e-01
7.379999999999999893e-01
7.373333333333332851e-01
7.366666666666666918e-01
7.393333333333332869e-01
7.386666666666666936e-01
7.386666666666666936e-01
7.373333333333332851e-01
7.386666666666666936e-01
7.393333333333332869e-01
7.393333333333332869e-01
7.399999999999999911e-01
7.379999999999999893e-01
7.393333333333332869e-01
7.386666666666666936e-01
7.386666666666666936e-01
7.393333333333332869e-01
7.393333333333332869e-01
7.399999999999999911e-01
7.406666666666666954e-01
7.419999999999999929e-01
7.399999999999999911e-01
7.373333333333332851e-01
7.366666666666666918e-01
7.393333333333332869e-01
7.379999999999999893e-01
7.386666666666666936e-01
7.379999999999999893e-01
7.413333333333332886e-01
7.393333333333332869e-01
7.393333333333332869e-01
7.406666666666666954e-01
7.393333333333332869e-01
7.386666666666666936e-01
7.393333333333332869e-01
7.393333333333332869e-01
7.399999999999999911e-01
7.386666666666666936e-01
7.379999999999999893e-01
7.386666666666666936e-01
7.373333333333332851e-01
7.386666666666666936e-01
7.373333333333332851e-01
7.419999999999999929e-01
7.399999999999999911e-01
7.393333333333332869e-01
7.399999999999999911e-01
7.399999999999999911e-01
7.386666666666666936e-01
7.406666666666666954e-01
7.386666666666666936e-01
7.399999999999999911e-01
7.419999999999999929e-01
7.386666666666666936e-01
7.366666666666666918e-01
7.366666666666666918e-01
7.379999999999999893e-01
7.366666666666666918e-01
7.373333333333332851e-01
7.386666666666666936e-01
7.373333333333332851e-01
7.393333333333332869e-01
7.346666666666666901e-01
7.379999999999999893e-01
7.393333333333332869e-01
7.399999999999999911e-01
7.399999999999999911e-01
7.399999999999999911e-01
7.373333333333332851e-01
7.379999999999999893e-01
7.393333333333332869e-01
7.373333333333332851e-01
7.393333333333332869e-01
7.386666666666666936e-01
7.393333333333332869e-01
7.379999999999999893e-01
7.379999999999999893e-01
7.386666666666666936e-01
7.379999999999999893e-01
7.379999999999999893e-01
7.386666666666666936e-01
7.386666666666666936e-01
7.373333333333332851e-01
7.393333333333332869e-01
7.379999999999999893e-01
7.379999999999999893e-01
7.379999999999999893e-01
7.379999999999999893e-01
7.379999999999999893e-01
7.373333333333332851e-01
7.379999999999999893e-01
7.399999999999999911e-01
7.406666666666666954e-01
7.399999999999999911e-01
7.379999999999999893e-01
7.386666666666666936e-01
7.379999999999999893e-01
7.399999999999999911e-01
7.386666666666666936e-01
7.386666666666666936e-01
7.379999999999999893e-01
7.359999999999999876e-01
7.386666666666666936e-01
7.359999999999999876e-01
7.366666666666666918e-01
7.386666666666666936e-01
7.393333333333332869e-01
7.399999999999999911e-01
7.366666666666666918e-01
7.353333333333332833e-01
7.353333333333332833e-01
7.353333333333332833e-01
7.386666666666666936e-01
7.359999999999999876e-01
7.353333333333332833e-01
7.379999999999999893e-01
7.373333333333332851e-01
7.399999999999999911e-01
7.393333333333332869e-01
7.366666666666666918e-01
7.366666666666666918e-01
7.366666666666666918e-01
7.379999999999999893e-01
7.393333333333332869e-01
7.379999999999999893e-01
7.393333333333332869e-01
7.373333333333332851e-01
7.379999999999999893e-01
7.393333333333332869e-01
7.393333333333332869e-01
7.373333333333332851e-01
7.386666666666666936e-01
7.379999999999999893e-01
7.379999999999999893e-01
7.399999999999999911e-01
7.379999999999999893e-01
7.379999999999999893e-01
7.366666666666666918e-01
7.353333333333332833e-01
7.353333333333332833e-01
7.373333333333332851e-01
7.386666666666666936e-01
7.373333333333332851e-01
7.386666666666666936e-01
7.359999999999999876e-01
7.353333333333332833e-01
7.386666666666666936e-01
7.379999999999999893e-01
7.386666666666666936e-01
7.373333333333332851e-01
7.366666666666666918e-01
7.373333333333332851e-01
7.366666666666666918e-01
7.373333333333332851e-01
7.366666666666666918e-01
7.386666666666666936e-01
7.399999999999999911e-01
7.373333333333332851e-01
7.339999999999999858e-01
7.359999999999999876e-01
7.373333333333332851e-01
7.359999999999999876e-01
7.379999999999999893e-01
7.353333333333332833e-01
7.359999999999999876e-01
7.373333333333332851e-01
7.379999999999999893e-01
7.386666666666666936e-01
7.366666666666666918e-01
7.353333333333332833e-01
7.366666666666666918e-01
7.339999999999999858e-01
7.379999999999999893e-01
7.359999999999999876e-01
7.346666666666666901e-01
7.373333333333332851e-01
7.386666666666666936e-01
7.373333333333332851e-01
7.386666666666666936e-01
7.386666666666666936e-01
7.373333333333332851e-01
7.386666666666666936e-01
7.346666666666666901e-01
7.393333333333332869e-01
7.373333333333332851e-01
7.386666666666666936e-01
7.386666666666666936e-01
7.359999999999999876e-01
7.379999999999999893e-01
7.353333333333332833e-01
7.353333333333332833e-01
7.359999999999999876e-01
7.373333333333332851e-01
7.353333333333332833e-01
7.373333333333332851e-01
7.366666666666666918e-01
7.346666666666666901e-01
7.346666666666666901e-01
7.353333333333332833e-01
7.353333333333332833e-01
7.366666666666666918e-01
7.339999999999999858e-01
7.379999999999999893e-01
7.359999999999999876e-01
7.353333333333332833e-01
7.366666666666666918e-01
7.359999999999999876e-01
7.359999999999999876e-01
7.353333333333332833e-01
7.346666666666666901e-01
7.346666666666666901e-01
7.366666666666666918e-01
7.379999999999999893e-01
7.366666666666666918e-01
7.379999999999999893e-01
7.346666666666666901e-01
7.326666666666666883e-01
7.366666666666666918e-01
7.379999999999999893e-01
7.366666666666666918e-01
7.353333333333332833e-01
7.359999999999999876e-01
7.373333333333332851e-01
7.339999999999999858e-01
7.386666666666666936e-01
7.359999999999999876e-01
7.373333333333332851e-01
7.373333333333332851e-01
7.339999999999999858e-01
7.339999999999999858e-01
7.339999999999999858e-01
7.333333333333332815e-01
7.346666666666666901e-01
7.346666666666666901e-01
7.339999999999999858e-01
7.346666666666666901e-01
7.373333333333332851e-01
7.353333333333332833e-01
7.366666666666666918e-01
7.386666666666666936e-01
7.379999999999999893e-01
7.373333333333332851e-01
7.373333333333332851e-01
7.353333333333332833e-01
7.353333333333332833e-01
7.359999999999999876e-01
7.359999999999999876e-01
7.373333333333332851e-01
7.353333333333332833e-01
7.326666666666666883e-01
7.353333333333332833e-01
7.373333333333332851e-01
7.333333333333332815e-01
7.333333333333332815e-01
7.333333333333332815e-01
7.346666666666666901e-01
7.359999999999999876e-01
7.346666666666666901e-01
7.359999999999999876e-01
7.353333333333332833e-01
7.339999999999999858e-01
7.366666666666666918e-01
7.366666666666666918e-01
7.359999999999999876e-01
7.373333333333332851e-01
7.359999999999999876e-01
7.386666666666666936e-01
7.346666666666666901e-01
7.339999999999999858e-01
7.346666666666666901e-01
7.346666666666666901e-01
7.346666666666666901e-01
7.373333333333332851e-01
7.359999999999999876e-01
7.353333333333332833e-01
7.346666666666666901e-01
7.333333333333332815e-01
7.333333333333332815e-01
7.359999999999999876e-01
7.353333333333332833e-01
7.353333333333332833e-01
7.353333333333332833e-01
7.353333333333332833e-01
7.366666666666666918e-01
7.353333333333332833e-01
7.346666666666666901e-01
7.346666666666666901e-01
7.359999999999999876e-01
7.353333333333332833e-01
7.346666666666666901e-01
7.359999999999999876e-01
7.353333333333332833e-01
7.353333333333332833e-01
7.373333333333332851e-01
7.339999999999999858e-01
7.366666666666666918e-01
7.366666666666666918e-01
7.379999999999999893e-01
7.366666666666666918e-01
7.373333333333332851e-01
7.366666666666666918e-01
7.339999999999999858e-01
7.339999999999999858e-01
7.339999999999999858e-01
7.346666666666666901e-01
7.366666666666666918e-01
7.359999999999999876e-01
7.373333333333332851e-01
7.386666666666666936e-01
7.353333333333332833e-01
7.359999999999999876e-01
7.359999999999999876e-01
7.359999999999999876e-01
7.366666666666666918e-01
7.373333333333332851e-01
7.373333333333332851e-01
7.346666666666666901e-01
7.339999999999999858e-01
7.346666666666666901e-01
7.359999999999999876e-01
7.346666666666666901e-01
7.359999999999999876e-01
7.346666666666666901e-01
7.386666666666666936e-01
7.353333333333332833e-01
7.353333333333332833e-01
7.339999999999999858e-01
7.339999999999999858e-01
7.379999999999999893e-01
7.353333333333332833e-01
7.353333333333332833e-01
7.353333333333332833e-01
7.353333333333332833e-01
7.373333333333332851e-01
7.366666666666666918e-01
7.359999999999999876e-01
7.353333333333332833e-01
7.346666666666666901e-01
7.333333333333332815e-01
7.373333333333332851e-01
7.373333333333332851e-01
7.333333333333332815e-01
7.353333333333332833e-01
7.346666666666666901e-01
7.353333333333332833e-01
7.346666666666666901e-01
7.346666666666666901e-01
7.366666666666666918e-01
7.359999999999999876e-01
7.346666666666666901e-01
7.339999999999999858e-01
7.339999999999999858e-01
7.346666666666666901e-01
7.373333333333332851e-01
7.353333333333332833e-01
7.366666666666666918e-01
7.346666666666666901e-01
7.346666666666666901e-01
7.353333333333332833e-01
7.359999999999999876e-01
7.373333333333332851e-01
7.373333333333332851e-01
7.366666666666666918e-01
7.366666666666666918e-01
7.346666666666666901e-01
7.346666666666666901e-01
7.379999999999999893e-01
7.373333333333332851e-01
7.339999999999999858e-01
7.359999999999999876e-01
7.346666666666666901e-01
7.346666666666666901e-01
7.366666666666666918e-01
7.379999999999999893e-01
7.359999999999999876e-01
7.346666666666666901e-01
7.353333333333332833e-01
7.339999999999999858e-01
7.366666666666666918e-01
7.346666666666666901e-01
7.339999999999999858e-01
7.353333333333332833e-01
7.333333333333332815e-01
7.353333333333332833e-01
7.333333333333332815e-01
7.339999999999999858e-01
7.346666666666666901e-01
7.346666666666666901e-01
7.366666666666666918e-01
7.373333333333332851e-01
7.333333333333332815e-01
7.346666666666666901e-01
7.339999999999999858e-01
7.346666666666666901e-01
7.346666666666666901e-01
7.353333333333332833e-01
7.326666666666666883e-01
7.339999999999999858e-01
7.346666666666666901e-01
7.379999999999999893e-01
7.379999999999999893e-01
7.339999999999999858e-01
7.339999999999999858e-01
7.359999999999999876e-01
7.359999999999999876e-01
7.353333333333332833e-01
7.346666666666666901e-01
7.346666666666666901e-01
7.346666666666666901e-01
7.353333333333332833e-01
7.346666666666666901e-01
7.373333333333332851e-01
7.346666666666666901e-01
7.346666666666666901e-01
7.339999999999999858e-01
7.353333333333332833e-01
7.353333333333332833e-01
7.339999999999999858e-01
7.339999999999999858e-01
7.339999999999999858e-01
7.339999999999999858e-01
7.339999999999999858e-01
7.339999999999999858e-01
7.346666666666666901e-01
7.359999999999999876e-01
7.366666666666666918e-01
7.353333333333332833e-01
7.353333333333332833e-01
7.353333333333332833e-01
7.346666666666666901e-01
7.333333333333332815e-01
7.339999999999999858e-01
7.353333333333332833e-01
7.353333333333332833e-01
7.346666666666666901e-01
7.353333333333332833e-01
7.353333333333332833e-01
7.346666666666666901e-01
7.339999999999999858e-01
7.346666666666666901e-01
7.339999999999999858e-01
7.346666666666666901e-01
7.353333333333332833e-01
7.353333333333332833e-01
7.346666666666666901e-01
7.353333333333332833e-01
7.339999999999999858e-01
7.353333333333332833e-01
7.379999999999999893e-01
7.339999999999999858e-01
7.346666666666666901e-01
7.339999999999999858e-01
7.346666666666666901e-01
7.373333333333332851e-01
7.366666666666666918e-01
7.373333333333332851e-01
7.353333333333332833e-01
7.353333333333332833e-01
7.339999999999999858e-01
7.339999999999999858e-01
7.339999999999999858e-01
7.339999999999999858e-01
7.339999999999999858e-01
7.366666666666666918e-01
7.346666666666666901e-01
7.346666666666666901e-01
7.353333333333332833e-01
7.346666666666666901e-01
7.359999999999999876e-01
7.353333333333332833e-01
7.333333333333332815e-01
7.353333333333332833e-01
7.346666666666666901e-01
7.333333333333332815e-01
7.326666666666666883e-01
7.359999999999999876e-01
7.353333333333332833e-01
7.339999999999999858e-01
7.366666666666666918e-01
7.359999999999999876e-01
7.353333333333332833e-01
7.366666666666666918e-01
7.346666666666666901e-01
7.346666666666666901e-01
7.366666666666666918e-01
7.333333333333332815e-01
7.339999999999999858e-01
7.346666666666666901e-01
7.353333333333332833e-01
7.373333333333332851e-01
7.346666666666666901e-01
7.346666666666666901e-01
7.346666666666666901e-01
7.346666666666666901e-01
7.333333333333332815e-01
7.339999999999999858e-01
7.346666666666666901e-01
7.353333333333332833e-01
7.333333333333332815e-01
7.366666666666666918e-01
7.346666666666666901e-01
7.359999999999999876e-01
7.353333333333332833e-01
7.346666666666666901e-01
7.346666666666666901e-01
7.339999999999999858e-01
7.346666666666666901e-01
7.326666666666666883e-01
7.353333333333332833e-01
7.339999999999999858e-01
7.346666666666666901e-01
7.339999999999999858e-01
7.339999999999999858e-01
7.359999999999999876e-01
7.339999999999999858e-01
7.346666666666666901e-01
7.353333333333332833e-01
7.353333333333332833e-01
7.373333333333332851e-01
7.339999999999999858e-01
7.339999999999999858e-01
7.339999999999999858e-01
7.359999999999999876e-01
7.353333333333332833e-01
7.346666666666666901e-01
7.359999999999999876e-01
7.359999999999999876e-01
7.373333333333332851e-01
7.346666666666666901e-01
7.333333333333332815e-01
7.366666666666666918e-01
7.359999999999999876e-01
7.339999999999999858e-01
7.339999999999999858e-01
7.346666666666666901e-01
7.353333333333332833e-01
7.359999999999999876e-01
7.366666666666666918e-01
7.359999999999999876e-01
7.339999999999999858e-01
7.353333333333332833e-01
7.339999999999999858e-01
7.346666666666666901e-01
7.333333333333332815e-01
7.359999999999999876e-01
7.346666666666666901e-01
7.346666666666666901e-01
7.366666666666666918e-01
7.333333333333332815e-01
7.333333333333332815e-01
7.339999999999999858e-01
7.346666666666666901e-01
7.353333333333332833e-01
7.353333333333332833e-01
7.339999999999999858e-01
7.346666666666666901e-01
7.359999999999999876e-01
7.353333333333332833e-01
7.366666666666666918e-01
7.359999999999999876e-01
7.333333333333332815e-01
7.346666666666666901e-01
7.359999999999999876e-01
7.346666666666666901e-01
7.373333333333332851e-01
7.366666666666666918e-01
7.346666666666666901e-01
7.359999999999999876e-01
7.346666666666666901e-01
7.339999999999999858e-01
7.346666666666666901e-01
7.353333333333332833e-01
7.353333333333332833e-01
7.339999999999999858e-01
7.353333333333332833e-01
7.366666666666666918e-01
7.366666666666666918e-01
7.359999999999999876e-01
7.366666666666666918e-01
7.359999999999999876e-01
7.353333333333332833e-01
7.373333333333332851e-01
7.353333333333332833e-01
7.373333333333332851e-01
7.359999999999999876e-01
7.366666666666666918e-01
7.379999999999999893e-01
7.359999999999999876e-01
7.353333333333332833e-01
7.339999999999999858e-01
7.353333333333332833e-01
7.359999999999999876e-01
7.346666666666666901e-01
7.359999999999999876e-01
7.359999999999999876e-01
7.353333333333332833e-01
7.353333333333332833e-01
7.333333333333332815e-01
7.346666666666666901e-01
7.339999999999999858e-01
7.339999999999999858e-01
7.353333333333332833e-01
7.359999999999999876e-01
7.359999999999999876e-01
7.339999999999999858e-01
7.339999999999999858e-01
7.353333333333332833e-01
7.326666666666666883e-01
7.359999999999999876e-01
7.326666666666666883e-01
7.346666666666666901e-01
7.366666666666666918e-01
7.339999999999999858e-01
7.333333333333332815e-01
7.353333333333332833e-01
7.333333333333332815e-01
7.333333333333332815e-01
7.353333333333332833e-01
7.353333333333332833e-01
7.346666666666666901e-01
7.353333333333332833e-01
7.346666666666666901e-01
7.359999999999999876e-01
7.333333333333332815e-01
7.359999999999999876e-01
7.353333333333332833e-01
7.353333333333332833e-01
7.359999999999999876e-01
7.366666666666666918e-01
7.359999999999999876e-01
7.353333333333332833e-01
7.346666666666666901e-01
7.339999999999999858e-01
7.346666666666666901e-01
7.353333333333332833e-01
7.359999999999999876e-01
7.339999999999999858e-01
7.346666666666666901e-01
7.339999999999999858e-01
7.346666666666666901e-01
7.339999999999999858e-01
7.353333333333332833e-01
7.346666666666666901e-01
7.346666666666666901e-01
7.353333333333332833e-01
7.346666666666666901e-01
7.339999999999999858e-01
7.346666666666666901e-01
7.346666666666666901e-01
7.326666666666666883e-01
7.319999999999999840e-01
7.333333333333332815e-01
7.339999999999999858e-01
7.346666666666666901e-01
7.353333333333332833e-01
7.326666666666666883e-01
7.339999999999999858e-01
7.359999999999999876e-01
7.353333333333332833e-01
7.346666666666666901e-01
7.339999999999999858e-01
7.339999999999999858e-01
7.339999999999999858e-01
7.346666666666666901e-01
7.339999999999999858e-01
7.339999999999999858e-01
7.339999999999999858e-01
7.333333333333332815e-01
7.339999999999999858e-01
7.339999999999999858e-01
7.346666666666666901e-01
7.339999999999999858e-01
7.333333333333332815e-01
7.326666666666666883e-01
7.359999999999999876e-01
7.333333333333332815e-01
7.339999999999999858e-01
7.353333333333332833e-01
7.333333333333332815e-01
7.339999999999999858e-01
7.353333333333332833e-01
7.339999999999999858e-01
7.339999999999999858e-01
7.339999999999999858e-01
7.333333333333332815e-01
7.326666666666666883e-01
7.353333333333332833e-01
7.353333333333332833e-01
7.339999999999999858e-01
7.339999999999999858e-01
7.353333333333332833e-01
7.339999999999999858e-01
7.339999999999999858e-01
7.353333333333332833e-01
7.346666666666666901e-01
7.339999999999999858e-01
7.373333333333332851e-01
7.353333333333332833e-01
7.373333333333332851e-01
7.353333333333332833e-01
7.346666666666666901e-01
7.339999999999999858e-01
7.353333333333332833e-01
7.359999999999999876e-01
7.339999999999999858e-01
7.333333333333332815e-01
7.359999999999999876e-01
7.346666666666666901e-01
7.346666666666666901e-01
7.333333333333332815e-01
7.333333333333332815e-01
7.339999999999999858e-01
7.339999999999999858e-01
7.346666666666666901e-01
7.326666666666666883e-01
7.339999999999999858e-01
7.326666666666666883e-01
7.333333333333332815e-01
7.333333333333332815e-01
7.339999999999999858e-01
7.346666666666666901e-01
7.359999999999999876e-01
7.346666666666666901e-01
7.346666666666666901e-01
7.346666666666666901e-01
7.353333333333332833e-01
7.333333333333332815e-01
7.326666666666666883e-01
7.313333333333332797e-01
7.339999999999999858e-01
7.333333333333332815e-01
7.339999999999999858e-01
7.346666666666666901e-01
7.326666666666666883e-01
7.333333333333332815e-01
7.339999999999999858e-01
7.333333333333332815e-01
7.359999999999999876e-01
7.339999999999999858e-01
7.353333333333332833e-01
7.339999999999999858e-01
7.333333333333332815e-01
7.319999999999999840e-01
7.313333333333332797e-01
7.319999999999999840e-01
7.319999999999999840e-01
7.319999999999999840e-01
7.306666666666666865e-01
7.333333333333332815e-01
7.326666666666666883e-01
7.313333333333332797e-01
7.326666666666666883e-01
7.326666666666666883e-01
7.313333333333332797e-01
7.339999999999999858e-01
7.326666666666666883e-01
7.326666666666666883e-01
7.319999999999999840e-01
7.313333333333332797e-01
7.326666666666666883e-01
7.333333333333332815e-01
7.333333333333332815e-01
7.346666666666666901e-01
7.333333333333332815e-01
7.326666666666666883e-01
7.326666666666666883e-01
7.326666666666666883e-01
7.339999999999999858e-01
7.326666666666666883e-01
7.353333333333332833e-01
7.333333333333332815e-01
7.333333333333332815e-01
7.313333333333332797e-01
7.313333333333332797e-01
7.306666666666666865e-01
7.326666666666666883e-01
7.319999999999999840e-01
7.319999999999999840e-01
7.313333333333332797e-01
7.326666666666666883e-01
7.326666666666666883e-01
7.306666666666666865e-01
7.326666666666666883e-01
7.319999999999999840e-01
7.339999999999999858e-01
7.319999999999999840e-01
7.333333333333332815e-01
7.339999999999999858e-01
7.346666666666666901e-01
7.346666666666666901e-01
7.326666666666666883e-01
7.339999999999999858e-01
7.333333333333332815e-01
7.333333333333332815e-01
7.339999999999999858e-01
7.333333333333332815e-01
7.333333333333332815e-01
7.319999999999999840e-01
7.333333333333332815e-01
7.326666666666666883e-01
7.326666666666666883e-01
7.313333333333332797e-01
7.306666666666666865e-01
7.319999999999999840e-01
7.319999999999999840e-01
7.333333333333332815e-01
7.319999999999999840e-01
7.319999999999999840e-01
7.319999999999999840e-01
7.313333333333332797e-01
7.313333333333332797e-01
7.326666666666666883e-01
7.313333333333332797e-01
7.306666666666666865e-01
7.299999999999999822e-01
7.313333333333332797e-01
7.299999999999999822e-01
7.299999999999999822e-01
7.359999999999999876e-01
7.339999999999999858e-01
7.286666666666666847e-01
7.306666666666666865e-01
7.306666666666666865e-01
7.333333333333332815e-01
7.326666666666666883e-01
7.299999999999999822e-01
7.319999999999999840e-01
7.299999999999999822e-01
7.319999999999999840e-01
7.339999999999999858e-01
7.339999999999999858e-01
7.326666666666666883e-01
7.306666666666666865e-01
7.319999999999999840e-01
7.319999999999999840e-01
7.333333333333332815e-01
7.306666666666666865e-01
7.319999999999999840e-01
7.319999999999999840e-01
7.313333333333332797e-01
7.306666666666666865e-01
7.313333333333332797e-01
7.319999999999999840e-01
7.313333333333332797e-01
7.339999999999999858e-01
7.306666666666666865e-01
7.299999999999999822e-01
7.313333333333332797e-01
7.293333333333332780e-01
7.319999999999999840e-01
7.293333333333332780e-01
7.326666666666666883e-01
7.313333333333332797e-01
7.313333333333332797e-01
7.313333333333332797e-01
7.313333333333332797e-01
7.313333333333332797e-01
7.319999999999999840e-01
7.319999999999999840e-01
7.339999999999999858e-01
7.313333333333332797e-01
7.313333333333332797e-01
7.333333333333332815e-01
7.313333333333332797e-01
7.313333333333332797e-01
7.313333333333332797e-01
7.319999999999999840e-01
7.333333333333332815e-01
7.299999999999999822e-01
7.313333333333332797e-01
7.313333333333332797e-01
7.306666666666666865e-01
7.306666666666666865e-01
7.299999999999999822e-01
7.306666666666666865e-01
7.286666666666666847e-01
7.313333333333332797e-01
7.319999999999999840e-01
7.299999999999999822e-01
7.313333333333332797e-01
7.319999999999999840e-01
7.326666666666666883e-01
7.313333333333332797e-01
7.293333333333332780e-01
7.299999999999999822e-01
7.319999999999999840e-01
7.293333333333332780e-01
7.326666666666666883e-01
7.313333333333332797e-01
7.333333333333332815e-01
7.319999999999999840e-01
7.339999999999999858e-01
7.339999999999999858e-01
7.299999999999999822e-01
7.313333333333332797e-01
7.333333333333332815e-01
7.326666666666666883e-01
7.333333333333332815e-01
7.313333333333332797e-01
7.313333333333332797e-01
7.326666666666666883e-01
7.306666666666666865e-01
7.326666666666666883e-01
7.306666666666666865e-01
7.306666666666666865e-01
7.339999999999999858e-01
7.313333333333332797e-01
7.306666666666666865e-01
7.306666666666666865e-01
7.299999999999999822e-01
7.313333333333332797e-01
7.299999999999999822e-01
7.313333333333332797e-01
7.299999999999999822e-01
7.306666666666666865e-01
7.313333333333332797e-01
7.319999999999999840e-01
7.299999999999999822e-01
7.326666666666666883e-01
7.319999999999999840e-01
7.306666666666666865e-01
7.313333333333332797e-01
7.319999999999999840e-01
7.326666666666666883e-01
7.299999999999999822e-01
7.313333333333332797e-01
7.326666666666666883e-01
7.333333333333332815e-01
7.306666666666666865e-01
7.306666666666666865e-01
7.306666666666666865e-01
7.299999999999999822e-01
7.326666666666666883e-01
7.306666666666666865e-01
7.306666666666666865e-01
7.293333333333332780e-01
7.313333333333332797e-01
7.306666666666666865e-01
7.299999999999999822e-01
7.319999999999999840e-01
7.313333333333332797e-01
7.306666666666666865e-01
7.293333333333332780e-01
7.286666666666666847e-01
7.279999999999999805e-01
7.286666666666666847e-01
7.313333333333332797e-01
7.319999999999999840e-01
7.306666666666666865e-01
7.319999999999999840e-01
7.326666666666666883e-01
7.299999999999999822e-01
7.326666666666666883e-01
7.319999999999999840e-01
7.326666666666666883e-01
7.313333333333332797e-01
7.326666666666666883e-01
7.319999999999999840e-01
7.313333333333332797e-01
7.319999999999999840e-01
7.313333333333332797e-01
7.313333333333332797e-01
7.313333333333332797e-01
7.313333333333332797e-01
7.319999999999999840e-01
7.299999999999999822e-01
7.313333333333332797e-01
7.326666666666666883e-01
7.299999999999999822e-01
7.306666666666666865e-01
7.313333333333332797e-01
7.299999999999999822e-01
7.306666666666666865e-01
7.333333333333332815e-01
