3.820910453796386719e-01
4.159540235996246338e-01
4.634047448635101318e-01
5.134183168411254883e-01
5.582085847854614258e-01
5.865749120712280273e-01
5.945893526077270508e-01
6.420279741287231445e-01
6.530823707580566406e-01
6.997400522232055664e-01
7.037171721458435059e-01
7.707428932189941406e-01
7.488009333610534668e-01
7.758176326751708984e-01
7.671253681182861328e-01
7.677973508834838867e-01
8.168040513992309570e-01
8.199231624603271484e-01
8.533668518066406250e-01
8.493780493736267090e-01
8.730261325836181641e-01
8.641322255134582520e-01
9.137059450149536133e-01
8.652629852294921875e-01
8.770142793655395508e-01
9.370812177658081055e-01
9.098158478736877441e-01
9.280065298080444336e-01
8.848617672920227051e-01
9.927350878715515137e-01
9.911132454872131348e-01
9.691072702407836914e-01
9.917060136795043945e-01
1.009818196296691895e+00
1.017239809036254883e+00
9.918031692504882812e-01
9.970639944076538086e-01
1.011358141899108887e+00
9.422219991683959961e-01
1.013084173202514648e+00
1.004962563514709473e+00
1.059600591659545898e+00
1.062258958816528320e+00
1.071259021759033203e+00
1.004316806793212891e+00
1.058097600936889648e+00
1.052474021911621094e+00
9.898713827133178711e-01
1.090895414352416992e+00
1.030247449874877930e+00
1.056940793991088867e+00
1.115951299667358398e+00
1.095960974693298340e+00
1.136200189590454102e+00
1.065529465675354004e+00
1.065852642059326172e+00
1.151197791099548340e+00
1.091171979904174805e+00
1.071440696716308594e+00
1.093149900436401367e+00
1.115825772285461426e+00
1.079945921897888184e+00
1.147685050964355469e+00
1.059737205505371094e+00
1.076597452163696289e+00
1.078083038330078125e+00
1.122362613677978516e+00
1.135750770568847656e+00
1.161655187606811523e+00
1.084039449691772461e+00
1.138866782188415527e+00
1.121965885162353516e+00
1.098600149154663086e+00
1.164246678352355957e+00
1.161786079406738281e+00
1.082805156707763672e+00
1.137640714645385742e+00
1.104857563972473145e+00
1.139015793800354004e+00
1.183466434478759766e+00
1.070537924766540527e+00
1.172046422958374023e+00
1.202293872833251953e+00
1.130020141601562500e+00
1.168848276138305664e+00
1.149420261383056641e+00
1.230583190917968750e+00
1.206036925315856934e+00
1.151897788047790527e+00
1.156939387321472168e+00
1.074878931045532227e+00
1.059838056564331055e+00
1.109245538711547852e+00
1.131255149841308594e+00
1.165716409683227539e+00
1.056277275085449219e+00
1.145482540130615234e+00
1.131960153579711914e+00
1.187828421592712402e+00
1.130290269851684570e+00
1.090775012969970703e+00
1.131754040718078613e+00
1.131298184394836426e+00
1.190347194671630859e+00
1.170123577117919922e+00
1.161073446273803711e+00
1.145708799362182617e+00
1.166733860969543457e+00
1.251022815704345703e+00
1.146345615386962891e+00
1.129929065704345703e+00
1.148683190345764160e+00
1.158088207244873047e+00
1.156451821327209473e+00
1.169706463813781738e+00
1.238918066024780273e+00
1.134556770324707031e+00
1.168124079704284668e+00
1.199422359466552734e+00
1.207640171051025391e+00
1.239305853843688965e+00
1.263297796249389648e+00
1.171930551528930664e+00
1.191688418388366699e+00
1.187977433204650879e+00
1.169871330261230469e+00
1.210093021392822266e+00
1.179756879806518555e+00
1.146803140640258789e+00
1.196200370788574219e+00
1.175679326057434082e+00
1.220430970191955566e+00
1.187180519104003906e+00
1.181102275848388672e+00
1.333214044570922852e+00
1.192223191261291504e+00
1.148858308792114258e+00
1.169240951538085938e+00
1.196641921997070312e+00
1.216567873954772949e+00
1.235952138900756836e+00
1.154773116111755371e+00
1.149537920951843262e+00
1.238692283630371094e+00
1.163226127624511719e+00
1.216542601585388184e+00
1.246168255805969238e+00
1.216066479682922363e+00
1.204938173294067383e+00
1.182235956192016602e+00
1.188595533370971680e+00
1.221316933631896973e+00
1.193481922149658203e+00
1.116323232650756836e+00
1.131714701652526855e+00
1.174058198928833008e+00
1.217475652694702148e+00
1.175472736358642578e+00
1.168920755386352539e+00
1.138986229896545410e+00
1.191592931747436523e+00
1.176336288452148438e+00
1.139806270599365234e+00
1.202756643295288086e+00
1.271661162376403809e+00
1.183970451354980469e+00
1.175760030746459961e+00
1.222172737121582031e+00
1.228350639343261719e+00
1.212443351745605469e+00
1.185659646987915039e+00
1.221149444580078125e+00
1.173987388610839844e+00
1.206102132797241211e+00
1.221399664878845215e+00
1.217260956764221191e+00
1.267702817916870117e+00
1.129644632339477539e+00
1.164137840270996094e+00
1.163640975952148438e+00
1.155956864356994629e+00
1.182327270507812500e+00
1.164429187774658203e+00
1.165585756301879883e+00
1.221025347709655762e+00
1.168733596801757812e+00
1.187660932540893555e+00
1.185863971710205078e+00
1.216419458389282227e+00
1.198069691658020020e+00
1.189670324325561523e+00
1.207635641098022461e+00
1.206315755844116211e+00
1.222271203994750977e+00
1.278682947158813477e+00
1.171274185180664062e+00
1.204350471496582031e+00
1.200767993927001953e+00
1.191071033477783203e+00
1.253307580947875977e+00
1.159204959869384766e+00
1.223579406738281250e+00
1.151134967803955078e+00
1.174014806747436523e+00
1.173033714294433594e+00
1.182950854301452637e+00
1.190522193908691406e+00
1.243570446968078613e+00
1.238677740097045898e+00
1.168210744857788086e+00
1.188000440597534180e+00
1.185125589370727539e+00
1.173466682434082031e+00
1.211771607398986816e+00
1.233319997787475586e+00
1.252573490142822266e+00
1.207101225852966309e+00
1.229614734649658203e+00
1.177147150039672852e+00
1.173064947128295898e+00
1.184560775756835938e+00
1.286415100097656250e+00
1.180082678794860840e+00
1.228642940521240234e+00
1.236495733261108398e+00
1.269921064376831055e+00
1.315017461776733398e+00
1.251325488090515137e+00
1.241064429283142090e+00
1.238641500473022461e+00
1.221882343292236328e+00
1.241465449333190918e+00
1.231792449951171875e+00
1.240341663360595703e+00
1.213840007781982422e+00
1.211365699768066406e+00
1.195734024047851562e+00
1.207407116889953613e+00
1.211257934570312500e+00
1.227776050567626953e+00
1.260367870330810547e+00
1.303679466247558594e+00
1.231445789337158203e+00
1.185496568679809570e+00
1.213612079620361328e+00
1.284144878387451172e+00
1.238024115562438965e+00
1.238552451133728027e+00
1.250242471694946289e+00
1.270326137542724609e+00
1.310251712799072266e+00
1.269161939620971680e+00
1.263725519180297852e+00
1.242436170578002930e+00
1.272171497344970703e+00
1.264228820800781250e+00
1.256303668022155762e+00
1.264832258224487305e+00
1.230591297149658203e+00
1.271806359291076660e+00
1.260252714157104492e+00
1.287522315979003906e+00
3.907640218734741211e+00
4.112960815429687500e+00
4.545163154602050781e+00
5.129736423492431641e+00
4.652481079101562500e+00
4.497410774230957031e+00
4.085097789764404297e+00
4.271651744842529297e+00
4.024738311767578125e+00
4.569002151489257812e+00
4.096339225769042969e+00
3.311270713806152344e+00
3.389915227890014648e+00
3.690494537353515625e+00
3.087292194366455078e+00
3.034553527832031250e+00
3.718369960784912109e+00
3.001035928726196289e+00
3.121880531311035156e+00
2.902636528015136719e+00
2.766523122787475586e+00
3.651576995849609375e+00
3.564521074295043945e+00
3.581597805023193359e+00
3.147546529769897461e+00
3.006808757781982422e+00
2.533282756805419922e+00
2.337348461151123047e+00
2.282266139984130859e+00
2.430695772171020508e+00
2.567259788513183594e+00
2.524061441421508789e+00
2.636167764663696289e+00
2.715364456176757812e+00
2.718545913696289062e+00
2.676024198532104492e+00
2.634302377700805664e+00
2.529772043228149414e+00
2.500898361206054688e+00
2.473957061767578125e+00
2.345708608627319336e+00
2.302206516265869141e+00
2.297448635101318359e+00
2.297074794769287109e+00
2.197892189025878906e+00
2.287649631500244141e+00
2.915632247924804688e+00
2.732610225677490234e+00
2.564565181732177734e+00
2.403273582458496094e+00
2.415734291076660156e+00
2.877014636993408203e+00
2.973706722259521484e+00
2.649667024612426758e+00
2.971367359161376953e+00
3.883149147033691406e+00
3.641260147094726562e+00
3.622902393341064453e+00
3.419572830200195312e+00
3.292341232299804688e+00
3.106002569198608398e+00
3.028153419494628906e+00
2.931832313537597656e+00
2.851014852523803711e+00
2.934232234954833984e+00
2.652564525604248047e+00
2.573035240173339844e+00
2.514049768447875977e+00
2.475676536560058594e+00
2.416834354400634766e+00
2.376092910766601562e+00
2.779383659362792969e+00
2.586876392364501953e+00
2.626736640930175781e+00
2.720276594161987305e+00
2.778859138488769531e+00
2.541168212890625000e+00
2.354127407073974609e+00
2.291318893432617188e+00
2.268505573272705078e+00
2.254700660705566406e+00
2.232815742492675781e+00
2.225453853607177734e+00
2.187986135482788086e+00
2.149547338485717773e+00
2.177378654479980469e+00
2.137928009033203125e+00
2.144983768463134766e+00
2.094524383544921875e+00
2.085196495056152344e+00
2.091032028198242188e+00
2.021508455276489258e+00
2.020117759704589844e+00
1.997673749923706055e+00
2.004524230957031250e+00
1.974423527717590332e+00
1.902699828147888184e+00
1.891093492507934570e+00
1.888712882995605469e+00
1.815584421157836914e+00
1.820527076721191406e+00
1.766406297683715820e+00
1.752415895462036133e+00
1.701426029205322266e+00
1.686066865921020508e+00
1.597684383392333984e+00
1.593347549438476562e+00
1.555662512779235840e+00
2.390045404434204102e+00
2.102382659912109375e+00
2.249686479568481445e+00
2.519141674041748047e+00
2.279746532440185547e+00
2.234378099441528320e+00
2.280807495117187500e+00
2.201396942138671875e+00
2.084180593490600586e+00
2.084944248199462891e+00
2.009811878204345703e+00
2.062551021575927734e+00
1.981650829315185547e+00
1.935930013656616211e+00
1.819746494293212891e+00
1.745939970016479492e+00
1.750250577926635742e+00
1.588672161102294922e+00
2.528412818908691406e+00
2.395519733428955078e+00
2.551945447921752930e+00
2.431572437286376953e+00
2.479895353317260742e+00
2.258906126022338867e+00
2.380691289901733398e+00
2.706268787384033203e+00
2.522006034851074219e+00
2.751022338867187500e+00
2.595231056213378906e+00
2.361551523208618164e+00
2.540555953979492188e+00
2.547144412994384766e+00
2.413747549057006836e+00
2.218201637268066406e+00
2.275246381759643555e+00
2.283445358276367188e+00
2.190661907196044922e+00
2.257494449615478516e+00
2.218827486038208008e+00
2.165688037872314453e+00
2.130214691162109375e+00
1.990106344223022461e+00
1.965813159942626953e+00
1.951842665672302246e+00
2.033656120300292969e+00
1.873850822448730469e+00
1.766271829605102539e+00
1.766597747802734375e+00
1.714722514152526855e+00
1.733913421630859375e+00
1.687895298004150391e+00
1.528455257415771484e+00
1.598514795303344727e+00
1.544353961944580078e+00
1.464605689048767090e+00
1.381223201751708984e+00
1.416698217391967773e+00
1.486023306846618652e+00
1.345743775367736816e+00
1.309525012969970703e+00
1.270210504531860352e+00
1.295190095901489258e+00
1.804603815078735352e+00
1.926918983459472656e+00
1.926763176918029785e+00
2.225162506103515625e+00
2.057839632034301758e+00
2.014360427856445312e+00
1.986727476119995117e+00
1.932475447654724121e+00
1.833578944206237793e+00
1.854554414749145508e+00
1.823570847511291504e+00
1.839295864105224609e+00
1.820451974868774414e+00
1.688351035118103027e+00
1.710164785385131836e+00
1.584169626235961914e+00
1.676563739776611328e+00
1.629461765289306641e+00
1.666944503784179688e+00
1.538945913314819336e+00
1.490609526634216309e+00
1.612260937690734863e+00
1.446621894836425781e+00
1.527566909790039062e+00
1.413702726364135742e+00
1.434406518936157227e+00
1.389978647232055664e+00
1.409616470336914062e+00
1.341823816299438477e+00
1.433965921401977539e+00
1.300950527191162109e+00
1.289978146553039551e+00
1.283374667167663574e+00
1.297397136688232422e+00
1.255573034286499023e+00
1.242952823638916016e+00
1.218694686889648438e+00
1.184254169464111328e+00
1.186387896537780762e+00
1.865828514099121094e+00
2.176091670989990234e+00
2.212529182434082031e+00
2.114401340484619141e+00
1.902101755142211914e+00
1.813460826873779297e+00
1.713106155395507812e+00
1.626287221908569336e+00
1.492404699325561523e+00
1.433473825454711914e+00
1.409652471542358398e+00
1.369065046310424805e+00
1.355134725570678711e+00
1.304343700408935547e+00
1.287034988403320312e+00
1.278249979019165039e+00
1.215148925781250000e+00
1.209045648574829102e+00
1.195823669433593750e+00
1.198764562606811523e+00
1.163794636726379395e+00
1.197027206420898438e+00
1.175629854202270508e+00
1.124451398849487305e+00
1.129026889801025391e+00
1.116705298423767090e+00
1.132688522338867188e+00
1.124903321266174316e+00
1.098528742790222168e+00
1.051849961280822754e+00
1.081686496734619141e+00
1.063131570816040039e+00
1.065442085266113281e+00
1.054447412490844727e+00
1.081684112548828125e+00
1.049271225929260254e+00
1.014677405357360840e+00
1.037769675254821777e+00
1.022460341453552246e+00
1.016083002090454102e+00
9.747670888900756836e-01
1.005893945693969727e+00
9.755412936210632324e-01
9.946595430374145508e-01
9.877718687057495117e-01
9.628188610076904297e-01
9.642866849899291992e-01
9.550512433052062988e-01
9.375388622283935547e-01
9.366795420646667480e-01
9.665353298187255859e-01
8.788570165634155273e-01
8.934541940689086914e-01
8.734334707260131836e-01
1.155670404434204102e+00
2.304668903350830078e+00
2.107612609863281250e+00
1.873038053512573242e+00
1.720645427703857422e+00
1.579049348831176758e+00
1.473914623260498047e+00
1.406854271888732910e+00
1.335150957107543945e+00
1.299911975860595703e+00
1.214216947555541992e+00
1.242068290710449219e+00
1.475738883018493652e+00
1.338001251220703125e+00
1.222926139831542969e+00
1.206829190254211426e+00
1.168730258941650391e+00
1.115013122558593750e+00
1.153138995170593262e+00
1.059669375419616699e+00
1.101873040199279785e+00
1.050495982170104980e+00
1.073464512825012207e+00
1.074702978134155273e+00
1.131200313568115234e+00
1.043493986129760742e+00
1.075101137161254883e+00
1.037963747978210449e+00
1.074571967124938965e+00
1.049803733825683594e+00
1.045353055000305176e+00
2.091008663177490234e+00
2.074423551559448242e+00
1.909565806388854980e+00
1.717586278915405273e+00
1.569277882575988770e+00
1.405528545379638672e+00
1.343755006790161133e+00
1.272773742675781250e+00
1.217245578765869141e+00
1.246730327606201172e+00
1.220870137214660645e+00
1.202948093414306641e+00
1.187362790107727051e+00
1.163643717765808105e+00
1.186280488967895508e+00
1.160207867622375488e+00
1.169596910476684570e+00
1.179499387741088867e+00
1.117911219596862793e+00
1.159849166870117188e+00
1.152874231338500977e+00
1.477519869804382324e+00
1.387721538543701172e+00
1.261616468429565430e+00
1.236409187316894531e+00
1.194748640060424805e+00
1.198705911636352539e+00
1.190303087234497070e+00
1.119431018829345703e+00
1.188972949981689453e+00
1.146674156188964844e+00
1.119240045547485352e+00
1.227778196334838867e+00
1.649682044982910156e+00
1.388515233993530273e+00
1.366128206253051758e+00
1.251360177993774414e+00
1.183921813964843750e+00
1.128991127014160156e+00
1.099846601486206055e+00
1.140920639038085938e+00
1.157320022583007812e+00
1.072318792343139648e+00
1.099120855331420898e+00
1.077510714530944824e+00
2.329680681228637695e+00
2.218950271606445312e+00
3.273240089416503906e+00
3.950274944305419922e+00
3.866906642913818359e+00
4.061798095703125000e+00
3.966930389404296875e+00
3.959829807281494141e+00
3.737991809844970703e+00
3.654679536819458008e+00
3.690230846405029297e+00
3.505922555923461914e+00
3.667908191680908203e+00
3.570276737213134766e+00
3.425933361053466797e+00
3.272682189941406250e+00
3.302996158599853516e+00
3.217914581298828125e+00
3.161248207092285156e+00
2.967929363250732422e+00
2.938902854919433594e+00
2.734529972076416016e+00
2.840132474899291992e+00
2.979762554168701172e+00
2.715912342071533203e+00
2.784626722335815430e+00
2.609194755554199219e+00
2.478264808654785156e+00
2.304574966430664062e+00
2.428705215454101562e+00
2.389694690704345703e+00
2.279453277587890625e+00
2.084819793701171875e+00
1.926370859146118164e+00
1.756392717361450195e+00
1.934561371803283691e+00
2.615274906158447266e+00
2.701340198516845703e+00
2.894673109054565430e+00
2.900837898254394531e+00
3.007785320281982422e+00
3.057710170745849609e+00
3.064603805541992188e+00
2.821685314178466797e+00
3.048102140426635742e+00
2.948881864547729492e+00
2.869508743286132812e+00
2.850327014923095703e+00
2.728483676910400391e+00
2.642945766448974609e+00
2.519303321838378906e+00
2.443762302398681641e+00
2.445883274078369141e+00
2.271809577941894531e+00
2.314173698425292969e+00
2.075446367263793945e+00
2.120432615280151367e+00
2.128015995025634766e+00
1.915164709091186523e+00
2.105039596557617188e+00
2.415760993957519531e+00
2.305595636367797852e+00
2.133130550384521484e+00
2.140399456024169922e+00
2.016633510589599609e+00
2.040845632553100586e+00
2.074288606643676758e+00
1.644421458244323730e+00
1.671339511871337891e+00
1.615391850471496582e+00
1.599345684051513672e+00
1.617286682128906250e+00
1.538265466690063477e+00
1.609075784683227539e+00
1.546572685241699219e+00
1.520969390869140625e+00
1.556527972221374512e+00
1.576216101646423340e+00
1.564945220947265625e+00
1.526212930679321289e+00
1.433630943298339844e+00
1.572952985763549805e+00
1.499629974365234375e+00
1.478974819183349609e+00
1.449425220489501953e+00
1.353978514671325684e+00
1.334656238555908203e+00
1.861961126327514648e+00
1.663144111633300781e+00
1.622828364372253418e+00
1.577274322509765625e+00
1.548874139785766602e+00
1.639723300933837891e+00
1.765712022781372070e+00
1.662091493606567383e+00
1.557522654533386230e+00
1.454520940780639648e+00
1.412675142288208008e+00
1.429311990737915039e+00
1.348105669021606445e+00
1.643952608108520508e+00
1.467763543128967285e+00
1.424060106277465820e+00
1.426381349563598633e+00
1.539973855018615723e+00
1.486552476882934570e+00
1.482233643531799316e+00
1.398758411407470703e+00
1.318195343017578125e+00
1.321930527687072754e+00
1.436556339263916016e+00
1.457564592361450195e+00
1.678521394729614258e+00
1.776459455490112305e+00
1.850293517112731934e+00
1.710249662399291992e+00
1.748834371566772461e+00
1.598756313323974609e+00
1.540329456329345703e+00
1.701840639114379883e+00
1.575247406959533691e+00
1.560447692871093750e+00
1.519253253936767578e+00
1.470218420028686523e+00
1.430838108062744141e+00
1.468905687332153320e+00
1.310267806053161621e+00
1.378611326217651367e+00
1.421190381050109863e+00
1.346483469009399414e+00
1.465125679969787598e+00
1.391314268112182617e+00
1.391643643379211426e+00
1.489207029342651367e+00
1.600979328155517578e+00
1.675681829452514648e+00
1.646227955818176270e+00
1.582124710083007812e+00
1.556566476821899414e+00
1.559051036834716797e+00
1.625311732292175293e+00
1.539002418518066406e+00
1.511310815811157227e+00
1.572203159332275391e+00
1.470427513122558594e+00
1.432904720306396484e+00
1.371231794357299805e+00
1.336879491806030273e+00
1.408845663070678711e+00
1.443530559539794922e+00
1.401796817779541016e+00
1.529887914657592773e+00
1.405347108840942383e+00
1.409688711166381836e+00
1.429216623306274414e+00
1.448726415634155273e+00
1.396256089210510254e+00
1.363671302795410156e+00
1.378112792968750000e+00
1.428257465362548828e+00
1.424470186233520508e+00
1.385532379150390625e+00
1.350528001785278320e+00
1.317271232604980469e+00
1.397994279861450195e+00
1.436972618103027344e+00
1.461457014083862305e+00
1.442690849304199219e+00
1.453709840774536133e+00
1.374379634857177734e+00
1.374667406082153320e+00
1.358131885528564453e+00
1.370793581008911133e+00
1.448477745056152344e+00
1.395556688308715820e+00
1.396202802658081055e+00
1.488629460334777832e+00
1.386788845062255859e+00
1.427129864692687988e+00
1.388600826263427734e+00
1.348243474960327148e+00
1.357435822486877441e+00
1.346827149391174316e+00
1.414447069168090820e+00
1.506900548934936523e+00
1.735747098922729492e+00
1.462440967559814453e+00
1.490289688110351562e+00
1.500468492507934570e+00
1.488757610321044922e+00
1.430273294448852539e+00
1.493402719497680664e+00
1.441848754882812500e+00
1.440323233604431152e+00
1.405109286308288574e+00
1.428645253181457520e+00
1.486998796463012695e+00
1.429704785346984863e+00
1.416978836059570312e+00
1.406899213790893555e+00
1.403176069259643555e+00
1.388183832168579102e+00
1.413858652114868164e+00
1.375462532043457031e+00
1.386052250862121582e+00
1.324787974357604980e+00
1.340566873550415039e+00
1.475926041603088379e+00
1.455617547035217285e+00
1.434337496757507324e+00
1.434755563735961914e+00
1.387165307998657227e+00
1.425845503807067871e+00
1.331480979919433594e+00
1.461050748825073242e+00
1.415131092071533203e+00
1.426507234573364258e+00
1.422070503234863281e+00
1.398614406585693359e+00
1.470014095306396484e+00
1.419240474700927734e+00
1.388396978378295898e+00
1.467995047569274902e+00
1.392608523368835449e+00
1.432532548904418945e+00
1.352565526962280273e+00
1.308565616607666016e+00
1.343132972717285156e+00
1.391752719879150391e+00
1.361771106719970703e+00
1.293603658676147461e+00
1.306153297424316406e+00
1.333818197250366211e+00
1.287069082260131836e+00
1.374000787734985352e+00
1.362298727035522461e+00
1.409643411636352539e+00
1.408166885375976562e+00
1.391623020172119141e+00
1.403928995132446289e+00
1.432346343994140625e+00
1.404000282287597656e+00
1.423062562942504883e+00
1.399303197860717773e+00
1.470104217529296875e+00
1.520663738250732422e+00
1.442567944526672363e+00
1.492519855499267578e+00
1.443376302719116211e+00
1.435834646224975586e+00
1.371400117874145508e+00
1.434908747673034668e+00
1.413610696792602539e+00
1.476519823074340820e+00
1.326545953750610352e+00
1.406298279762268066e+00
1.437003850936889648e+00
1.377285718917846680e+00
1.420567512512207031e+00
1.392175912857055664e+00
1.459788084030151367e+00
1.425057649612426758e+00
1.398572683334350586e+00
1.408563256263732910e+00
1.414794564247131348e+00
1.356066465377807617e+00
1.415948152542114258e+00
1.426289081573486328e+00
1.424197912216186523e+00
1.412280559539794922e+00
1.396060943603515625e+00
1.409616708755493164e+00
1.390310764312744141e+00
1.386447072029113770e+00
1.422064781188964844e+00
1.425180912017822266e+00
1.366886615753173828e+00
1.337194919586181641e+00
1.433022618293762207e+00
1.354469537734985352e+00
1.391168832778930664e+00
1.435549139976501465e+00
1.388261675834655762e+00
1.348685145378112793e+00
1.398417949676513672e+00
1.403174161911010742e+00
1.374816060066223145e+00
1.454954385757446289e+00
1.376000285148620605e+00
1.433021068572998047e+00
1.359683871269226074e+00
1.388683557510375977e+00
1.402117371559143066e+00
1.379546880722045898e+00
1.372300267219543457e+00
1.313073158264160156e+00
1.393461465835571289e+00
1.327405214309692383e+00
1.388030290603637695e+00
1.393305778503417969e+00
1.351663827896118164e+00
1.441010355949401855e+00
1.369120955467224121e+00
1.404610633850097656e+00
1.484123110771179199e+00
1.502537488937377930e+00
1.489927768707275391e+00
1.479266405105590820e+00
1.461666584014892578e+00
1.486421346664428711e+00
1.423169136047363281e+00
1.458807468414306641e+00
1.507687687873840332e+00
1.426172018051147461e+00
1.444339990615844727e+00
1.454934358596801758e+00
1.489325046539306641e+00
1.457412958145141602e+00
1.495741605758666992e+00
1.515624761581420898e+00
1.471637964248657227e+00
1.450845479965209961e+00
1.503928422927856445e+00
1.451282739639282227e+00
1.429336786270141602e+00
1.442822337150573730e+00
1.569815874099731445e+00
1.501814961433410645e+00
1.470211029052734375e+00
1.524297356605529785e+00
1.493790864944458008e+00
1.464166164398193359e+00
1.468196153640747070e+00
1.541109561920166016e+00
1.485693454742431641e+00
1.447545886039733887e+00
1.445014119148254395e+00
1.422956466674804688e+00
1.458553433418273926e+00
1.399554252624511719e+00
1.443724632263183594e+00
1.560245156288146973e+00
1.469643115997314453e+00
1.487769126892089844e+00
1.444908142089843750e+00
1.525869131088256836e+00
1.486144900321960449e+00
1.558015108108520508e+00
1.569668889045715332e+00
1.516050577163696289e+00
1.534251570701599121e+00
1.545097112655639648e+00
1.558588862419128418e+00
1.495757341384887695e+00
1.495821952819824219e+00
1.445926666259765625e+00
1.509634256362915039e+00
1.539593219757080078e+00
1.497772693634033203e+00
1.523093700408935547e+00
1.515801429748535156e+00
1.458457708358764648e+00
1.413308858871459961e+00
1.463046312332153320e+00
1.445633769035339355e+00
1.439230918884277344e+00
1.506039381027221680e+00
1.449878811836242676e+00
1.404238820075988770e+00
1.435676574707031250e+00
1.426083803176879883e+00
1.424035906791687012e+00
1.375099420547485352e+00
1.413421273231506348e+00
1.362673282623291016e+00
1.393824338912963867e+00
1.475657463073730469e+00
1.384117603302001953e+00
1.422402620315551758e+00
1.414229631423950195e+00
1.465342044830322266e+00
1.359459161758422852e+00
1.432260155677795410e+00
1.386012554168701172e+00
1.407240629196166992e+00
1.359913706779479980e+00
1.409847736358642578e+00
1.460500955581665039e+00
1.466757774353027344e+00
1.532226204872131348e+00
1.506728649139404297e+00
1.492822408676147461e+00
1.463017940521240234e+00
1.512485623359680176e+00
1.503131151199340820e+00
1.532365202903747559e+00
1.467015743255615234e+00
1.507364034652709961e+00
1.421655535697937012e+00
1.444600343704223633e+00
