1.000486373901367188e+00
1.000629663467407227e+00
1.008671998977661133e+00
1.029695987701416016e+00
1.016958713531494141e+00
8.151676654815673828e-01
5.644735693931579590e-01
3.770769536495208740e-01
3.277245759963989258e-01
3.107194304466247559e-01
3.100788295269012451e-01
3.119369447231292725e-01
3.153215348720550537e-01
3.169182538986206055e-01
3.192271590232849121e-01
3.207991123199462891e-01
3.234085440635681152e-01
3.238624036312103271e-01
3.264760673046112061e-01
3.271282911300659180e-01
3.294029533863067627e-01
3.316041827201843262e-01
3.331532478332519531e-01
3.345496654510498047e-01
3.347372412681579590e-01
3.363952636718750000e-01
3.374097347259521484e-01
3.398512005805969238e-01
3.395026922225952148e-01
3.406678438186645508e-01
3.427934944629669189e-01
3.420534729957580566e-01
3.431931734085083008e-01
3.445435464382171631e-01
3.473953604698181152e-01
3.469220101833343506e-01
3.463676869869232178e-01
3.467580676078796387e-01
3.480654358863830566e-01
3.506369292736053467e-01
3.510632216930389404e-01
3.514828979969024658e-01
3.544079959392547607e-01
3.564511537551879883e-01
3.570960760116577148e-01
3.548220396041870117e-01
3.570912480354309082e-01
3.584876954555511475e-01
3.576243519783020020e-01
3.589124977588653564e-01
3.575814366340637207e-01
3.605915009975433350e-01
3.605833947658538818e-01
3.626590669155120850e-01
3.632021546363830566e-01
3.618729710578918457e-01
3.635310232639312744e-01
3.640499114990234375e-01
3.648111224174499512e-01
3.648316264152526855e-01
3.669605851173400879e-01
3.672979772090911865e-01
3.680107593536376953e-01
3.695181608200073242e-01
3.691717088222503662e-01
3.685728907585144043e-01
3.695749044418334961e-01
3.705962002277374268e-01
3.713734149932861328e-01
3.723509609699249268e-01
3.732139468193054199e-01
3.719548583030700684e-01
3.730292916297912598e-01
3.722786605358123779e-01
3.748992681503295898e-01
3.751155138015747070e-01
3.766610920429229736e-01
3.770150244235992432e-01
3.758455216884613037e-01
3.759385943412780762e-01
3.751324415206909180e-01
3.781310915946960449e-01
3.783699274063110352e-01
3.808745443820953369e-01
3.796800076961517334e-01
3.788979351520538330e-01
3.808999061584472656e-01
3.827840089797973633e-01
3.820453286170959473e-01
3.854695260524749756e-01
3.854925036430358887e-01
3.820094466209411621e-01
3.821633458137512207e-01
3.832561373710632324e-01
3.838578462600708008e-01
3.854255676269531250e-01
3.877159357070922852e-01
3.862721920013427734e-01
3.856303095817565918e-01
3.854861259460449219e-01
3.870978951454162598e-01
3.884253799915313721e-01
3.888311684131622314e-01
3.886205255985260010e-01
3.879909217357635498e-01
3.881752192974090576e-01
3.873888254165649414e-01
3.890222907066345215e-01
3.895616829395294189e-01
3.906756639480590820e-01
3.915643692016601562e-01
3.925600051879882812e-01
3.947636783123016357e-01
3.952460289001464844e-01
3.941985368728637695e-01
3.930946588516235352e-01
3.923529088497161865e-01
3.952407538890838623e-01
3.961295485496520996e-01
3.963723182678222656e-01
3.959113061428070068e-01
3.981123566627502441e-01
3.982954025268554688e-01
3.984539210796356201e-01
3.969336152076721191e-01
3.964870274066925049e-01
3.957979083061218262e-01
3.969036042690277100e-01
3.995039761066436768e-01
3.981716334819793701e-01
3.995954990386962891e-01
3.984856307506561279e-01
4.006338417530059814e-01
3.997503817081451416e-01
4.015882015228271484e-01
4.027723073959350586e-01
4.001721143722534180e-01
4.021846652030944824e-01
4.038627743721008301e-01
4.025915861129760742e-01
4.014235138893127441e-01
4.022940993309020996e-01
4.031485617160797119e-01
4.020615220069885254e-01
4.039819836616516113e-01
4.043025076389312744e-01
4.036474823951721191e-01
4.043298065662384033e-01
4.047029018402099609e-01
4.060007333755493164e-01
4.095616340637207031e-01
4.087325036525726318e-01
4.081382751464843750e-01
4.070713520050048828e-01
4.075523912906646729e-01
4.072037339210510254e-01
4.082606434822082520e-01
4.098178744316101074e-01
4.091938138008117676e-01
4.098535776138305664e-01
4.104340076446533203e-01
4.106140136718750000e-01
4.093680381774902344e-01
4.115719199180603027e-01
4.120584726333618164e-01
4.134145379066467285e-01
4.124058187007904053e-01
4.122861027717590332e-01
4.111913144588470459e-01
4.135319292545318604e-01
4.129521846771240234e-01
4.137747287750244141e-01
4.149372875690460205e-01
4.135727286338806152e-01
4.145762324333190918e-01
4.151871800422668457e-01
4.159684479236602783e-01
4.163401424884796143e-01
4.199096560478210449e-01
4.163887798786163330e-01
4.147836267948150635e-01
4.165056347846984863e-01
4.171588718891143799e-01
4.177311062812805176e-01
4.179773926734924316e-01
4.183169901371002197e-01
4.197019338607788086e-01
4.211156070232391357e-01
4.206038713455200195e-01
4.196963906288146973e-01
4.211018681526184082e-01
4.211055636405944824e-01
4.212622344493865967e-01
4.200408756732940674e-01
4.217320084571838379e-01
4.216799437999725342e-01
4.204363822937011719e-01
4.217569231986999512e-01
4.223824739456176758e-01
4.204221367835998535e-01
4.229814410209655762e-01
4.217185974121093750e-01
4.206537306308746338e-01
4.213133454322814941e-01
4.226404726505279541e-01
4.249908328056335449e-01
4.260903596878051758e-01
4.231536388397216797e-01
4.242489039897918701e-01
4.247016310691833496e-01
4.252046942710876465e-01
4.246197342872619629e-01
4.261661171913146973e-01
4.237171411514282227e-01
4.245331287384033203e-01
4.256356060504913330e-01
4.291057288646697998e-01
4.287434816360473633e-01
4.297360181808471680e-01
4.272653758525848389e-01
4.274775385856628418e-01
4.274914264678955078e-01
4.282841682434082031e-01
4.300751686096191406e-01
4.288917183876037598e-01
4.303124547004699707e-01
4.291030168533325195e-01
4.287752509117126465e-01
4.292492568492889404e-01
4.303602278232574463e-01
4.302754402160644531e-01
4.309774041175842285e-01
4.314928650856018066e-01
4.305726289749145508e-01
4.314416050910949707e-01
4.300787746906280518e-01
4.308603405952453613e-01
4.320156276226043701e-01
4.312223494052886963e-01
4.313467741012573242e-01
4.315097332000732422e-01
4.322564601898193359e-01
4.345548450946807861e-01
4.361215829849243164e-01
4.359492659568786621e-01
4.339982569217681885e-01
4.340373873710632324e-01
4.350996017456054688e-01
4.353877902030944824e-01
4.352502226829528809e-01
4.363027811050415039e-01
4.359648227691650391e-01
4.342031478881835938e-01
4.346794486045837402e-01
4.368415474891662598e-01
4.389498233795166016e-01
4.382570087909698486e-01
4.371745586395263672e-01
4.385073184967041016e-01
4.386779665946960449e-01
4.395527541637420654e-01
4.402224421501159668e-01
4.407067894935607910e-01
4.398574233055114746e-01
4.404023289680480957e-01
4.377791285514831543e-01
4.380602240562438965e-01
4.380346536636352539e-01
4.384718537330627441e-01
4.392535984516143799e-01
4.414230287075042725e-01
4.418251514434814453e-01
4.417687058448791504e-01
4.398133754730224609e-01
4.403278827667236328e-01
4.420879483222961426e-01
4.406960010528564453e-01
4.403257369995117188e-01
4.438242018222808838e-01
4.460461437702178955e-01
4.428408741950988770e-01
4.439764618873596191e-01
4.436095058917999268e-01
4.455711543560028076e-01
4.464810490608215332e-01
4.437126517295837402e-01
4.430282711982727051e-01
4.448238313198089600e-01
4.444764852523803711e-01
4.451472163200378418e-01
4.479442238807678223e-01
4.492553472518920898e-01
4.460746943950653076e-01
4.478024244308471680e-01
4.467725753784179688e-01
4.467932581901550293e-01
4.454668164253234863e-01
4.469146132469177246e-01
4.480377733707427979e-01
4.465844333171844482e-01
4.456807076930999756e-01
4.463143646717071533e-01
4.470613300800323486e-01
4.462236166000366211e-01
4.475510418415069580e-01
4.497646093368530273e-01
4.476109743118286133e-01
4.486962556838989258e-01
4.481638669967651367e-01
4.475009739398956299e-01
4.496246278285980225e-01
4.494919180870056152e-01
4.491505622863769531e-01
4.493394196033477783e-01
4.497779309749603271e-01
4.489012360572814941e-01
4.506085813045501709e-01
4.500630497932434082e-01
4.528836011886596680e-01
4.509995579719543457e-01
4.511407613754272461e-01
4.521448016166687012e-01
4.519000649452209473e-01
4.516859948635101318e-01
4.509572982788085938e-01
4.521703124046325684e-01
4.539169073104858398e-01
4.529495239257812500e-01
4.515598118305206299e-01
4.530930817127227783e-01
4.550200104713439941e-01
4.533926248550415039e-01
4.554559588432312012e-01
4.533925354480743408e-01
4.544214010238647461e-01
4.538757205009460449e-01
4.546175599098205566e-01
4.540731310844421387e-01
4.548491835594177246e-01
4.567253589630126953e-01
4.569768905639648438e-01
4.562719464302062988e-01
4.572014212608337402e-01
4.563268423080444336e-01
4.573683440685272217e-01
4.608853459358215332e-01
4.591826200485229492e-01
4.555696845054626465e-01
4.560639262199401855e-01
4.574460983276367188e-01
4.586468935012817383e-01
4.588844776153564453e-01
4.610016942024230957e-01
4.587693214416503906e-01
4.567651748657226562e-01
4.577199220657348633e-01
4.550968408584594727e-01
4.584902524948120117e-01
4.601449370384216309e-01
4.610262513160705566e-01
4.593223333358764648e-01
4.602580070495605469e-01
4.616929292678833008e-01
4.602513313293457031e-01
4.603969752788543701e-01
4.607885479927062988e-01
4.621059894561767578e-01
4.630954265594482422e-01
4.619032740592956543e-01
4.631567001342773438e-01
4.635509252548217773e-01
4.641326665878295898e-01
4.627119600772857666e-01
4.622091948986053467e-01
4.621011018753051758e-01
4.613632559776306152e-01
4.614700078964233398e-01
4.651740789413452148e-01
4.623098671436309814e-01
4.622809290885925293e-01
4.649562835693359375e-01
4.635679423809051514e-01
4.619329571723937988e-01
4.639751017093658447e-01
4.652280807495117188e-01
4.646204411983489990e-01
4.643773138523101807e-01
4.651239812374114990e-01
4.667958915233612061e-01
4.655345082283020020e-01
4.659862518310546875e-01
4.658417701721191406e-01
4.670385122299194336e-01
4.633061289787292480e-01
4.646882712841033936e-01
4.667028188705444336e-01
4.663774371147155762e-01
4.680859446525573730e-01
4.666700661182403564e-01
4.665474891662597656e-01
4.662819206714630127e-01
4.667162597179412842e-01
4.660812914371490479e-01
4.674830436706542969e-01
4.672266244888305664e-01
4.685867428779602051e-01
4.700086712837219238e-01
4.710192084312438965e-01
4.682902693748474121e-01
4.687995314598083496e-01
4.674049615859985352e-01
4.709124565124511719e-01
4.711538255214691162e-01
4.716994166374206543e-01
4.694169163703918457e-01
4.702339172363281250e-01
4.712314605712890625e-01
4.723759889602661133e-01
4.725041985511779785e-01
4.734156131744384766e-01
4.717881679534912109e-01
4.714037179946899414e-01
4.726234674453735352e-01
4.712181091308593750e-01
4.721104502677917480e-01
4.725705385208129883e-01
4.717200994491577148e-01
4.710891842842102051e-01
4.727826118469238281e-01
4.718703925609588623e-01
4.713706970214843750e-01
4.738781154155731201e-01
4.746523201465606689e-01
4.732793867588043213e-01
4.712532162666320801e-01
4.737573564052581787e-01
4.754258990287780762e-01
4.727493822574615479e-01
4.748594164848327637e-01
4.753413200378417969e-01
4.744507968425750732e-01
4.733920693397521973e-01
4.753704369068145752e-01
4.736146032810211182e-01
4.737330675125122070e-01
4.749304652214050293e-01
4.766983985900878906e-01
4.771656990051269531e-01
4.760733246803283691e-01
4.742578864097595215e-01
4.742115139961242676e-01
4.747327268123626709e-01
4.756382703781127930e-01
4.762068688869476318e-01
4.763229787349700928e-01
4.765003621578216553e-01
4.767475724220275879e-01
4.768502116203308105e-01
4.785954654216766357e-01
4.759702682495117188e-01
4.747077822685241699e-01
4.748631119728088379e-01
4.750231504440307617e-01
4.782331585884094238e-01
4.768558144569396973e-01
4.777635931968688965e-01
4.768835008144378662e-01
4.791785478591918945e-01
4.791022539138793945e-01
4.808846116065979004e-01
4.789788126945495605e-01
4.771104753017425537e-01
4.818072915077209473e-01
4.804894030094146729e-01
4.803310632705688477e-01
4.807098507881164551e-01
4.820988178253173828e-01
4.793760180473327637e-01
4.800687730312347412e-01
4.789930582046508789e-01
4.782581329345703125e-01
4.801139831542968750e-01
4.808477163314819336e-01
4.798249006271362305e-01
4.813156127929687500e-01
4.817353487014770508e-01
4.810175299644470215e-01
4.808281064033508301e-01
4.826965928077697754e-01
4.829192161560058594e-01
4.823498725891113281e-01
4.825978279113769531e-01
4.814954996109008789e-01
4.807687997817993164e-01
4.834657609462738037e-01
4.820778667926788330e-01
4.822228252887725830e-01
4.854802787303924561e-01
4.853319227695465088e-01
4.855044186115264893e-01
4.850756525993347168e-01
4.818761944770812988e-01
4.830930233001708984e-01
4.839023649692535400e-01
4.846440553665161133e-01
4.871610999107360840e-01
4.855421185493469238e-01
4.861403405666351318e-01
4.855493307113647461e-01
4.845220148563385010e-01
4.827858209609985352e-01
4.861932992935180664e-01
4.857634902000427246e-01
4.861480593681335449e-01
4.853063821792602539e-01
4.878379404544830322e-01
4.886332750320434570e-01
4.858220219612121582e-01
4.879393875598907471e-01
4.863337278366088867e-01
4.879961609840393066e-01
4.878509640693664551e-01
4.869855642318725586e-01
4.859643578529357910e-01
4.856115579605102539e-01
4.868333041667938232e-01
4.867645502090454102e-01
4.849992096424102783e-01
4.872289896011352539e-01
4.894206821918487549e-01
4.890637695789337158e-01
4.876253604888916016e-01
4.871537983417510986e-01
4.888392686843872070e-01
4.890867769718170166e-01
4.888079762458801270e-01
4.900641441345214844e-01
4.893385767936706543e-01
4.916758537292480469e-01
4.889433383941650391e-01
4.897810220718383789e-01
4.881533384323120117e-01
4.900118708610534668e-01
4.908891916275024414e-01
4.913638532161712646e-01
4.918681383132934570e-01
4.917707741260528564e-01
4.910149574279785156e-01
4.922977387905120850e-01
4.898614585399627686e-01
4.922444224357604980e-01
4.926788210868835449e-01
4.915353655815124512e-01
4.925947189331054688e-01
4.945121407508850098e-01
4.923220276832580566e-01
4.914986491203308105e-01
4.896842837333679199e-01
4.904047250747680664e-01
4.921274781227111816e-01
4.908612072467803955e-01
4.911486804485321045e-01
4.916166067123413086e-01
4.914200901985168457e-01
4.917331337928771973e-01
4.928906559944152832e-01
4.925553798675537109e-01
4.921873509883880615e-01
4.923358857631683350e-01
4.951611757278442383e-01
4.928665161132812500e-01
4.920034706592559814e-01
4.942130446434020996e-01
4.934008419513702393e-01
4.960437417030334473e-01
4.975119233131408691e-01
4.967707991600036621e-01
4.953543543815612793e-01
4.970605969429016113e-01
4.935672283172607422e-01
4.966219663619995117e-01
4.956734776496887207e-01
4.950476288795471191e-01
4.942636787891387939e-01
4.948597848415374756e-01
4.952757358551025391e-01
4.986544251441955566e-01
4.967490434646606445e-01
4.972848296165466309e-01
4.980122447013854980e-01
4.975017011165618896e-01
4.945146441459655762e-01
4.952400922775268555e-01
4.994329810142517090e-01
4.975517988204956055e-01
4.964624047279357910e-01
4.999213516712188721e-01
4.959098696708679199e-01
4.966349601745605469e-01
4.966520667076110840e-01
4.961345195770263672e-01
4.955645799636840820e-01
4.982158541679382324e-01
4.970806837081909180e-01
4.957834482192993164e-01
4.984883666038513184e-01
4.963803887367248535e-01
4.981652498245239258e-01
4.977822303771972656e-01
4.985326528549194336e-01
4.995071291923522949e-01
5.011658668518066406e-01
5.013343095779418945e-01
5.015651583671569824e-01
5.009686946868896484e-01
5.011724233627319336e-01
5.005227327346801758e-01
5.004187822341918945e-01
4.987319111824035645e-01
4.992199540138244629e-01
4.996683001518249512e-01
5.000975131988525391e-01
5.008937120437622070e-01
5.009761452674865723e-01
4.996498823165893555e-01
5.015432238578796387e-01
5.023786425590515137e-01
5.028077960014343262e-01
5.017991065979003906e-01
4.994911551475524902e-01
5.024160146713256836e-01
5.003913044929504395e-01
5.010054707527160645e-01
5.022258758544921875e-01
5.032637715339660645e-01
5.021415948867797852e-01
5.032695531845092773e-01
5.006852746009826660e-01
5.041186213493347168e-01
5.025131702423095703e-01
5.025023221969604492e-01
5.036643147468566895e-01
5.061206817626953125e-01
5.049244761466979980e-01
5.057485699653625488e-01
5.058169364929199219e-01
5.037020444869995117e-01
5.042809247970581055e-01
5.043212771415710449e-01
5.061936378479003906e-01
5.066996812820434570e-01
5.055901408195495605e-01
5.050613880157470703e-01
5.067214965820312500e-01
5.061770677566528320e-01
5.062248706817626953e-01
5.053343176841735840e-01
5.044107437133789062e-01
5.043024420738220215e-01
5.054432749748229980e-01
5.087628960609436035e-01
5.089801549911499023e-01
5.051263570785522461e-01
5.045765638351440430e-01
5.052203536033630371e-01
5.047160387039184570e-01
5.070178508758544922e-01
5.058580040931701660e-01
5.052778124809265137e-01
5.044641494750976562e-01
5.073088407516479492e-01
5.063262581825256348e-01
5.067734122276306152e-01
5.075612664222717285e-01
5.068132877349853516e-01
5.065207481384277344e-01
5.056413412094116211e-01
5.079880356788635254e-01
5.102097988128662109e-01
5.103922486305236816e-01
5.100274682044982910e-01
5.085779428482055664e-01
5.060689449310302734e-01
5.056876540184020996e-01
5.036807656288146973e-01
5.086859464645385742e-01
5.077285766601562500e-01
5.089590549468994141e-01
5.065747499465942383e-01
5.079281330108642578e-01
5.100929737091064453e-01
5.082717537879943848e-01
5.083525180816650391e-01
5.094566345214843750e-01
5.097607970237731934e-01
5.107846260070800781e-01
5.107282996177673340e-01
5.109298825263977051e-01
5.092468857765197754e-01
5.113783478736877441e-01
5.108680129051208496e-01
5.124689936637878418e-01
5.120115280151367188e-01
5.075401663780212402e-01
5.112267136573791504e-01
5.112124681472778320e-01
5.101498961448669434e-01
5.115270614624023438e-01
5.121625661849975586e-01
5.121003389358520508e-01
5.105266571044921875e-01
5.122406482696533203e-01
5.093619823455810547e-01
5.098844766616821289e-01
5.099284052848815918e-01
5.115450024604797363e-01
5.119767189025878906e-01
5.167974829673767090e-01
5.153950452804565430e-01
5.129529237747192383e-01
5.144998431205749512e-01
5.103773474693298340e-01
5.125749111175537109e-01
5.102123022079467773e-01
5.140305161476135254e-01
5.156066417694091797e-01
5.132130384445190430e-01
5.133787989616394043e-01
5.116797089576721191e-01
5.137565135955810547e-01
5.123314857482910156e-01
5.145397782325744629e-01
5.120401978492736816e-01
5.129798650741577148e-01
5.110275745391845703e-01
5.112491250038146973e-01
5.128878355026245117e-01
5.147942304611206055e-01
5.135424733161926270e-01
5.160365104675292969e-01
5.164666175842285156e-01
5.152317881584167480e-01
5.134706497192382812e-01
5.128237009048461914e-01
5.114845633506774902e-01
5.171422362327575684e-01
5.141428112983703613e-01
5.157993435859680176e-01
5.147839188575744629e-01
5.168733596801757812e-01
5.136773586273193359e-01
5.153736472129821777e-01
5.139586329460144043e-01
5.156935453414916992e-01
5.163154602050781250e-01
5.161442756652832031e-01
5.157524943351745605e-01
5.137150287628173828e-01
5.169107317924499512e-01
5.181097388267517090e-01
5.150297880172729492e-01
5.164782404899597168e-01
5.165176391601562500e-01
5.159147977828979492e-01
5.173281431198120117e-01
5.169532299041748047e-01
5.171605348587036133e-01
5.165232419967651367e-01
5.175448060035705566e-01
5.198808312416076660e-01
5.193878412246704102e-01
5.193698406219482422e-01
5.200036168098449707e-01
5.168827772140502930e-01
5.181015729904174805e-01
5.188266038894653320e-01
5.212920308113098145e-01
5.159742236137390137e-01
5.181975364685058594e-01
5.183566808700561523e-01
5.187093019485473633e-01
5.196350812911987305e-01
5.164548158645629883e-01
5.168706178665161133e-01
5.165568590164184570e-01
5.163573026657104492e-01
5.189086198806762695e-01
5.184934139251708984e-01
5.188513994216918945e-01
5.192069411277770996e-01
5.223428010940551758e-01
5.198658108711242676e-01
5.190691947937011719e-01
5.196018218994140625e-01
5.163462758064270020e-01
5.170618295669555664e-01
5.187399387359619141e-01
5.192039012908935547e-01
5.197952985763549805e-01
5.199502110481262207e-01
5.196444392204284668e-01
5.203333497047424316e-01
5.197107195854187012e-01
5.176280140876770020e-01
5.203921198844909668e-01
5.200458765029907227e-01
5.195333957672119141e-01
5.191353559494018555e-01
5.193257331848144531e-01
5.207681655883789062e-01
5.209124684333801270e-01
5.196711421012878418e-01
5.212653279304504395e-01
5.193679332733154297e-01
5.187063217163085938e-01
5.205635428428649902e-01
5.222226977348327637e-01
5.187355279922485352e-01
5.216480493545532227e-01
5.205739736557006836e-01
5.199224948883056641e-01
5.207261443138122559e-01
5.222117900848388672e-01
5.203753113746643066e-01
5.182673931121826172e-01
5.191956758499145508e-01
5.210143923759460449e-01
5.186105370521545410e-01
5.197452306747436523e-01
5.199512243270874023e-01
5.197610259056091309e-01
5.194122791290283203e-01
5.207229256629943848e-01
5.226762890815734863e-01
5.195521712303161621e-01
5.207144618034362793e-01
5.198353528976440430e-01
5.205761194229125977e-01
5.229542851448059082e-01
5.222281217575073242e-01
5.220016241073608398e-01
5.261538028717041016e-01
5.219502449035644531e-01
5.201457738876342773e-01
5.205411314964294434e-01
5.220906734466552734e-01
5.226416587829589844e-01
5.272055864334106445e-01
5.231615900993347168e-01
5.237948894500732422e-01
5.233584642410278320e-01
5.234274864196777344e-01
5.221892595291137695e-01
5.226934552192687988e-01
5.242329239845275879e-01
5.223260521888732910e-01
5.246115922927856445e-01
5.256360769271850586e-01
5.265350341796875000e-01
5.242761969566345215e-01
5.243622064590454102e-01
5.239615440368652344e-01
5.233371257781982422e-01
5.238590240478515625e-01
5.217777490615844727e-01
5.212671756744384766e-01
5.226376056671142578e-01
5.304501056671142578e-01
5.283958911895751953e-01
5.305370092391967773e-01
5.256601572036743164e-01
5.226147174835205078e-01
5.245056152343750000e-01
5.234165191650390625e-01
5.259277224540710449e-01
5.282257199287414551e-01
5.267230868339538574e-01
5.249295234680175781e-01
5.265869498252868652e-01
5.251080393791198730e-01
5.282822847366333008e-01
5.254107713699340820e-01
5.250098705291748047e-01
5.253665447235107422e-01
5.257459878921508789e-01
5.259989500045776367e-01
5.251288414001464844e-01
5.264978408813476562e-01
5.265126824378967285e-01
5.241595506668090820e-01
5.248520970344543457e-01
5.248591899871826172e-01
5.251565575599670410e-01
5.251976251602172852e-01
5.255779027938842773e-01
5.277289152145385742e-01
5.280306935310363770e-01
5.245741605758666992e-01
5.281054973602294922e-01
5.275205969810485840e-01
5.257864594459533691e-01
5.246394872665405273e-01
5.275430083274841309e-01
5.288531780242919922e-01
5.249681472778320312e-01
5.297471284866333008e-01
5.302940607070922852e-01
5.276405215263366699e-01
5.271244049072265625e-01
5.280346870422363281e-01
5.269355773925781250e-01
5.264907479286193848e-01
5.309701561927795410e-01
5.286644101142883301e-01
5.275560617446899414e-01
5.279588103294372559e-01
5.288321971893310547e-01
5.304403305053710938e-01
5.282528996467590332e-01
5.269374847412109375e-01
5.259795188903808594e-01
5.253838300704956055e-01
5.306062698364257812e-01
5.289283990859985352e-01
5.276215672492980957e-01
5.301199555397033691e-01
5.276610851287841797e-01
5.273472666740417480e-01
5.264196991920471191e-01
5.248932838439941406e-01
5.271632671356201172e-01
5.272642374038696289e-01
5.269170999526977539e-01
5.277645587921142578e-01
5.292558670043945312e-01
5.251376032829284668e-01
5.275578498840332031e-01
5.279956459999084473e-01
5.266583561897277832e-01
5.309367775917053223e-01
5.311738848686218262e-01
5.292158126831054688e-01
5.300147533416748047e-01
5.308144092559814453e-01
5.301779508590698242e-01
5.283539295196533203e-01
5.276971459388732910e-01
5.280632376670837402e-01
5.290265083312988281e-01
5.272554755210876465e-01
5.264519453048706055e-01
5.283107757568359375e-01
5.290506482124328613e-01
5.288571119308471680e-01
5.284662842750549316e-01
5.263188481330871582e-01
5.274633765220642090e-01
5.291703939437866211e-01
5.297281742095947266e-01
5.282632112503051758e-01
5.297459363937377930e-01
5.287954807281494141e-01
5.301446914672851562e-01
5.285115242004394531e-01
5.286123752593994141e-01
5.300810933113098145e-01
5.333826541900634766e-01
5.328788757324218750e-01
5.306616425514221191e-01
5.301997661590576172e-01
5.319385528564453125e-01
5.291824340820312500e-01
5.316939353942871094e-01
5.310790538787841797e-01
5.320925712585449219e-01
5.300855636596679688e-01
5.343991518020629883e-01
5.345723628997802734e-01
5.315563082695007324e-01
5.315213799476623535e-01
5.308614373207092285e-01
5.285742878913879395e-01
5.281305909156799316e-01
5.310717821121215820e-01
5.307008028030395508e-01
5.312812328338623047e-01
5.315443873405456543e-01
5.307840108871459961e-01
5.336562395095825195e-01
5.302134156227111816e-01
5.328075289726257324e-01
5.310945510864257812e-01
5.316854715347290039e-01
5.335665941238403320e-01
5.320322513580322266e-01
5.361070036888122559e-01
5.303144454956054688e-01
5.328371524810791016e-01
5.315818786621093750e-01
5.328546762466430664e-01
5.348483324050903320e-01
