7.090546429157257302e-01
4.121990099549293629e-01
2.632884651422500721e-01
1.730966821312904247e-01
1.178968414664268438e-01
8.139149770140648166e-02
5.898767169564962665e-02
4.366915486752986908e-02
3.281971486285328865e-02
2.589832758530974388e-02
2.055354677140712807e-02
1.675406200811267038e-02
1.450094124302267994e-02
1.228853329084813630e-02
1.056303586810827290e-02
9.096070751547813069e-03
7.970732590183614991e-03
7.086920551955699921e-03
6.365943839773536075e-03
5.886798398569226612e-03
5.205580336041748697e-03
4.682151298038661306e-03
4.266851046122610396e-03
4.024952161125838410e-03
3.739064768888056365e-03
3.440880915150046349e-03
3.239250218030065298e-03
2.999847126193344767e-03
2.787996188271790569e-03
2.648813126143068075e-03
2.464946976397186604e-03
2.412396844010800297e-03
2.208163880277425137e-03
2.094176429091021505e-03
2.033072104677557772e-03
1.918251573806628672e-03
1.787314075045287609e-03
1.726340281311422543e-03
1.647368638077750759e-03
1.564603473525494337e-03
1.531473966315388593e-03
1.472178805852308913e-03
1.388700108509510712e-03
1.332742720842361537e-03
1.286596455611288591e-03
1.236483990214765029e-03
1.194713462609797716e-03
1.150555495405569586e-03
1.133302762173116164e-03
1.086999315884895666e-03
1.036165829282253894e-03
1.001725925016217020e-03
9.787615505047141638e-04
9.173395286779850505e-04
9.146285301540046930e-04
8.918803592678159692e-04
8.606114657595753887e-04
8.378285507205873945e-04
8.057987171923742132e-04
7.669022248592227914e-04
7.477896026102826433e-04
7.397215144010260484e-04
7.251655712025240281e-04
6.882305897306650877e-04
6.884419330162927292e-04
6.676550809061154289e-04
6.408826680853963115e-04
6.281862384639680602e-04
5.961513961665332317e-04
5.884031386813148422e-04
5.703472037566825531e-04
5.516537057701498270e-04
5.511451425263657732e-04
5.268304157652892172e-04
5.275836971122771718e-04
5.033879831898957057e-04
4.889839736279099746e-04
4.834795399801805615e-04
4.626522859325632453e-04
4.444602207513526190e-04
4.476917980355210819e-04
4.472661617910489657e-04
4.280411885702051222e-04
4.206708705169148960e-04
4.038896411657333482e-04
3.987430987763218799e-04
3.878474322846159556e-04
3.868379106279462684e-04
3.781303632422350239e-04
3.722700828802771975e-04
3.591246451833285283e-04
3.502738749375566623e-04
3.576703340513631593e-04
3.377779081347398677e-04
3.346024197526276003e-04
3.232411938370205354e-04
3.167548231431282948e-04
3.223074032575823583e-04
3.037365153431892178e-04
3.008649960975162902e-04
3.036786569282412312e-04
2.849168144166469357e-04
2.773674263153224967e-04
2.754107641521841504e-04
2.767388941720128059e-04
2.722398319747299064e-04
2.597692859126254699e-04
2.611758129205554615e-04
2.540584282542113215e-04
2.443119781673885990e-04
2.406913226877804846e-04
2.345279564906377237e-04
2.361230588576290865e-04
2.274440957990009338e-04
2.306228008819743882e-04
2.208663696364965236e-04
2.192536849179305136e-04
2.151058288291096687e-04
2.091801696224138249e-04
2.102937782183289582e-04
2.038766651821788400e-04
2.020413965510670204e-04
1.986382405448239188e-04
1.889693063276354169e-04
1.929258462041616331e-04
1.864028381532989442e-04
1.861224220192525427e-04
1.799200588720850755e-04
1.786555476428475231e-04
1.743746091960929388e-04
1.730859155941289027e-04
1.742560671118553728e-04
1.678806693234946579e-04
1.686210547632072175e-04
1.601487565494608134e-04
1.592568180058151375e-04
1.587279875820968300e-04
1.566351988003589267e-04
1.503426421550102423e-04
1.541192243166733425e-04
1.523661434475798214e-04
1.484346772485878264e-04
1.458071943488903289e-04
1.398986154526937807e-04
1.383446433464996517e-04
1.372201739286538322e-04
1.352261060674209148e-04
1.349632460915017927e-04
1.322451724263373871e-04
1.294044239330105592e-04
1.264309572434285601e-04
1.249692144483560750e-04
1.233562437846558223e-04
1.240071764186723212e-04
1.206868942972505411e-04
1.174267854366917163e-04
1.184150500193936805e-04
1.148398296209052205e-04
1.135752994741778875e-04
1.123956102674128542e-04
1.088687273295363357e-04
1.117432682804064798e-04
1.093642844352871234e-04
1.085047311789821779e-04
1.058858295436948511e-04
1.036726855090819326e-04
9.984852258639875257e-05
9.961517243937124109e-05
1.012856824672780877e-04
1.005453417747048715e-04
9.552703777444548634e-05
9.810910960368346152e-05
9.388291691720951077e-05
9.362118034914602136e-05
9.337467963632661849e-05
9.012009613797999376e-05
8.892225923773366958e-05
8.799014285614248636e-05
8.647077847854234820e-05
8.865009367582387951e-05
8.536515997548121959e-05
8.384406828554347157e-05
8.001002061064355075e-05
8.104141488729510456e-05
7.877400094002950937e-05
7.864641447667964074e-05
7.898840194684453851e-05
7.836163713363930854e-05
7.737945161352399466e-05
7.504797758883796632e-05
7.487331131414976513e-05
7.323954087041783807e-05
7.372178806690499458e-05
7.214353645395022157e-05
7.080054892867337641e-05
7.098016285453923589e-05
7.040617892926093733e-05
6.815422093495727127e-05
6.723121787217678231e-05
6.652398988080677187e-05
6.532611114380415258e-05
6.449410593631910702e-05
6.348455463012214750e-05
6.370248702296521786e-05
6.313451522146351093e-05
6.147374442662112144e-05
6.084588003432145478e-05
6.072189389669801904e-05
6.046434846211923557e-05
5.875481620023492859e-05
6.036470404069405049e-05
5.969236426608404280e-05
5.618836203211685507e-05
5.472333177749533342e-05
5.625607427646172893e-05
5.444207417895086245e-05
5.414592887973412736e-05
5.229566395428264649e-05
5.290828030410921066e-05
5.282249239826342226e-05
5.126566902617924186e-05
5.079147285869112238e-05
5.049101382610387829e-05
5.006044539186404747e-05
4.888521889370167763e-05
4.796801968041108786e-05
4.707965581474127248e-05
4.715938448498491333e-05
4.829852441616822305e-05
4.528602876234799895e-05
4.589053769450401616e-05
4.523255556705407527e-05
4.501341791183221950e-05
4.495527809922350571e-05
4.382816914585419135e-05
4.305852926336228983e-05
4.343661130405962738e-05
4.261913763912161677e-05
4.088369514647638696e-05
4.101835365872829881e-05
3.987088384747039391e-05
4.061991294292966039e-05
3.878027873724931716e-05
3.775901222979882732e-05
3.800782051257556440e-05
3.880741951434174553e-05
3.716788669407833503e-05
3.791912349697668376e-05
3.689778659463627128e-05
3.769273625948698920e-05
3.642046485765604438e-05
3.567489566194126518e-05
3.567987823771545663e-05
3.475140638329321383e-05
3.417207481106743352e-05
3.393663482711417736e-05
3.306247763248393448e-05
3.412234946154057980e-05
3.402590500627411800e-05
3.376833319634897634e-05
3.206017399861593866e-05
3.191981304553337531e-05
3.269185936005669646e-05
3.157686387567082420e-05
3.139194868708728017e-05
3.003167066708556512e-05
3.033910916201421127e-05
3.027777638635598055e-05
2.904674747696844996e-05
2.874265219361404956e-05
2.860000176951871254e-05
2.943416357084061155e-05
2.883509414459695176e-05
2.868918591047986411e-05
2.744154116953723268e-05
2.831123520081746460e-05
2.775202292468747920e-05
2.669935029189218903e-05
2.691820609470596673e-05
2.693063142942264541e-05
2.614338300190866129e-05
2.540703244449105249e-05
2.453998085911735029e-05
2.575855860413866981e-05
2.532552407501498169e-05
2.447092301736119999e-05
2.456689535392797688e-05
2.428925736239761910e-05
2.378129147473373450e-05
2.376524762439658070e-05
2.330168699700152569e-05
2.309559458808507838e-05
2.321191386727150462e-05
2.273824829899240150e-05
2.243466406071092933e-05
2.172473596147028797e-05
2.309050923940958320e-05
2.201629649789538234e-05
2.168840028389240683e-05
2.119911168847465955e-05
2.134433434548555010e-05
2.069044367090100287e-05
2.087623543047811972e-05
2.072990482702152668e-05
2.007864968618378111e-05
2.003828903980320387e-05
2.009548998103127679e-05
1.925403121276758543e-05
1.908052772705559754e-05
1.941961845659534515e-05
1.879143028418184394e-05
1.889968589239287986e-05
1.883884087874321403e-05
1.876589813036844067e-05
1.864523355834535459e-05
1.810917374314158359e-05
1.754640052240574597e-05
1.753019641910214045e-05
1.784676387615036084e-05
1.740753868944011561e-05
1.669647663220530308e-05
1.691943343757884645e-05
1.670939627729239874e-05
1.660654997976962545e-05
1.680044897511834279e-05
1.649377418289077468e-05
1.599578763489262201e-05
1.565567226862185567e-05
1.555249973534955711e-05
1.536371783004142208e-05
1.541105521027929945e-05
1.536549511911289369e-05
1.558706476316729027e-05
1.503615490037191227e-05
1.565083034620329204e-05
1.466580370106385022e-05
1.449577098355803173e-05
1.417703451807028682e-05
1.437225064364611103e-05
1.445048219466116212e-05
1.339094001195917372e-05
1.390722909491159919e-05
1.381398647026799154e-05
1.357990795440855368e-05
1.342748460047005142e-05
1.339361315331188996e-05
1.273690982088737588e-05
1.331149037469003747e-05
1.308521746068436187e-05
1.317499827564461224e-05
1.283721057916409404e-05
1.244538657374505419e-05
1.228219521181017558e-05
1.236897933267755400e-05
1.225428418365481707e-05
1.200360525217547615e-05
1.202227899739227791e-05
1.198164904963050436e-05
1.162477292382391170e-05
1.125166081692441400e-05
1.172309152934758391e-05
1.173632335849106312e-05
1.124490904658159707e-05
1.131587641793885201e-05
1.133089572249446030e-05
1.113847033593629055e-05
1.067687562681385350e-05
1.105507153624785065e-05
1.077668034668022267e-05
1.047624496095522806e-05
1.030920720950234614e-05
1.013623177641420557e-05
1.069064737748703885e-05
9.942893802872276526e-06
1.027311827783705667e-05
9.703715795694733631e-06
9.832308660406851463e-06
9.652879498389665969e-06
9.803806460695340552e-06
1.017550462165672832e-05
9.480074459133902226e-06
9.312338261224794455e-06
9.357001454191049900e-06
9.158207330983713523e-06
9.185388762489310466e-06
9.016795593197457154e-06
9.013788030642899685e-06
9.510095787845785137e-06
8.584840315961628221e-06
8.527387535650632344e-06
8.669483258927357722e-06
8.446892275060236327e-06
8.963084383140085265e-06
8.485755870424327441e-06
8.263089603133266453e-06
7.927531714813085951e-06
7.993091708158317827e-06
8.092659436442773197e-06
7.978663415997288444e-06
7.962183258314325262e-06
7.611034584442677781e-06
7.836897225388383958e-06
7.996370823093456470e-06
7.484674165425531439e-06
7.594438989144691393e-06
7.914516754681243815e-06
7.370866478595417332e-06
7.402325036309776066e-06
7.310889486689120531e-06
7.172771461227966938e-06
7.413103958242572844e-06
7.027819037830340676e-06
6.981050319154746830e-06
7.130002359190257266e-06
6.843825758551247418e-06
6.640065384999615733e-06
7.262988242473511830e-06
7.017328607616946440e-06
6.610803529838448983e-06
6.607873297070910096e-06
6.448610952247690536e-06
6.482470143964746798e-06
6.527013260892999485e-06
6.423439458558277693e-06
6.264994453886174597e-06
6.212186963239218870e-06
6.067898380024417007e-06
6.132701832939346448e-06
6.040513676452974662e-06
5.927606207478675229e-06
5.874095859326189553e-06
5.822518437526013829e-06
5.871488087905163242e-06
5.887267207072000019e-06
5.776140960733755830e-06
5.982567404316796286e-06
5.771354813077777751e-06
5.572309237322769890e-06
5.662511171067308169e-06
5.525578762899385426e-06
5.318661487763165835e-06
5.328957354322483467e-06
5.211633765611622779e-06
5.194994082557969134e-06
5.302477325130893976e-06
5.209217192714277189e-06
5.202589136388269253e-06
5.106335242999193385e-06
5.071931241218408104e-06
5.123910841575707140e-06
4.987319312022009568e-06
5.011345433558745013e-06
4.977540561412751802e-06
4.865853634328232486e-06
4.783709664479829710e-06
4.653027485801431054e-06
4.764819254887697583e-06
4.688360900217958430e-06
4.683631982516090089e-06
4.533583114607608538e-06
4.515013529271527659e-06
4.269098917575320568e-06
4.501961143432708923e-06
4.233189861224672884e-06
4.396751398871856170e-06
4.354876637080451474e-06
4.358836679330124583e-06
4.337407779075874375e-06
4.218329240757156925e-06
4.182807197139482353e-06
4.258504509380145125e-06
4.052305757795693183e-06
4.241692226969462184e-06
4.109922053885384569e-06
4.216982620164344383e-06
3.993629115939257074e-06
3.907910138423176419e-06
3.917828178146010201e-06
3.797583553932781712e-06
3.939275245556927985e-06
3.771001775021431798e-06
3.865239182232471479e-06
3.783535896673129088e-06
3.626434158832125747e-06
3.740198258128657556e-06
3.637681163581873819e-06
3.691082588375138669e-06
3.601838943723123351e-06
3.546219159034080973e-06
3.593524047573737419e-06
3.455079092873347860e-06
3.655647287814645266e-06
3.547076801169168903e-06
3.400274135856307281e-06
3.521865619404707273e-06
3.264457382101682099e-06
3.216378638626338131e-06
3.325500824757910037e-06
3.270689103374025023e-06
3.306678615899727362e-06
3.246078711072186791e-06
3.078956842728075656e-06
3.080034946378873259e-06
3.238401848193461605e-06
3.147388360957847993e-06
3.163188921462278813e-06
3.002487551384547344e-06
3.092393501447076973e-06
3.094381827395409176e-06
3.016527944055269303e-06
2.866303350401721958e-06
2.878919360682630213e-06
2.866950796942546561e-06
2.897219576425413665e-06
2.879057046811795032e-06
2.808080500926735197e-06
2.869984973585815254e-06
2.778700240924081384e-06
2.771405479506938549e-06
2.767404930636985143e-06
2.856281469121313421e-06
2.800227628085849489e-06
2.870124274068075634e-06
2.692266502890561411e-06
2.561348071594693296e-06
2.615963285279576497e-06
2.553114279635337795e-06
2.582191325473104540e-06
2.494174418643524320e-06
2.542570439345581859e-06
2.497458478956105124e-06
2.534261545861227290e-06
2.507027772935543908e-06
2.417140944999118971e-06
2.403266432793316368e-06
2.426498122076736678e-06
2.354287278194533259e-06
2.292858357577642722e-06
2.479262570886930832e-06
2.439066656734212217e-06
2.403162284281279426e-06
2.269634455842606342e-06
2.212794140632468212e-06
2.325067134734126824e-06
2.258236702346039407e-06
2.156414541332196508e-06
2.207456134328822372e-06
2.118356951541500251e-06
2.077099634334445169e-06
2.167128536711970725e-06
2.125673131558869669e-06
2.103588553836743982e-06
2.077835245017922886e-06
2.103854308188601778e-06
2.056751725376670947e-06
1.938580061278116858e-06
2.032800273354951144e-06
1.997463311909086939e-06
2.031577702155118374e-06
1.974053918729623377e-06
1.958043844751955560e-06
1.910425271489657292e-06
1.935650237783193091e-06
1.848203606868992168e-06
1.898982947068361724e-06
1.854970253134524725e-06
1.826454325737358928e-06
1.830026803872897290e-06
1.829472995495962138e-06
1.800974035859326292e-06
1.755197570219024741e-06
1.761382947051970405e-06
1.827199474746521531e-06
1.845009194312297041e-06
1.817494512579287487e-06
1.737485575858954689e-06
1.729593981281141253e-06
1.678333575227952679e-06
1.698109520020807479e-06
1.674093374504082106e-06
1.663930885342779178e-06
1.674889773539689486e-06
1.616908343748946124e-06
1.628763811822864227e-06
1.679911088103835852e-06
1.554081399035567386e-06
1.545816508041753053e-06
1.613725680726929483e-06
1.558732037665322423e-06
1.560574690984140076e-06
1.515983154831701498e-06
1.522550843446879256e-06
1.537757447067633705e-06
1.547181688010823648e-06
1.498618081541280929e-06
1.499632389823091216e-06
1.454439950521191307e-06
1.491199793690611799e-06
1.446801326210334167e-06
1.452102503662899750e-06
1.471041315426191431e-06
1.460174149769955008e-06
1.397063243757656892e-06
1.389096587445237759e-06
1.443042896198676402e-06
1.352433520196427792e-06
1.480177758139689104e-06
1.334733445901292810e-06
1.369803993611640138e-06
1.337841069926071214e-06
1.306015582258623993e-06
1.327858598187958705e-06
1.288494286200148011e-06
1.253940178003176613e-06
1.251071563501682207e-06
1.247066569476373928e-06
1.290799957587296376e-06
1.296579284826293588e-06
1.272382081651812811e-06
1.277699084312189370e-06
1.238856850704905767e-06
1.187280571457449654e-06
1.231385897426662310e-06
1.203781613412502423e-06
1.173801553022713094e-06
1.268327480374864535e-06
1.215681174926430601e-06
1.167062714557687202e-06
1.149345916928723412e-06
1.120839158375019906e-06
1.133488598270560075e-06
1.153452774360630471e-06
1.131297540268860800e-06
1.137834010478400244e-06
1.066833618779128301e-06
1.112413423243196946e-06
1.073102868076603087e-06
1.102659882690204583e-06
1.072614156782947290e-06
1.050461824547710506e-06
1.066224476176103138e-06
1.034362148288892143e-06
1.038459475921627060e-06
1.046560043960198527e-06
1.021784333943287577e-06
1.026389440994535107e-06
1.017798078351006467e-06
9.874150578070838554e-07
1.018986748135830524e-06
9.713754224094372211e-07
1.014975356383729419e-06
9.884558153316903309e-07
1.000854879862345115e-06
9.569653940388889168e-07
9.706983718160700784e-07
9.790764607942037401e-07
9.508560054882764234e-07
9.267803562806875138e-07
9.372398665163927733e-07
9.507355713367360718e-07
9.056063987600282417e-07
9.178111127994270434e-07
9.115646321333769963e-07
9.432147578536387300e-07
8.984848477666673504e-07
8.786949081240891670e-07
9.036811633222896701e-07
8.622952947234807652e-07
8.712503500873935991e-07
8.588809890852644669e-07
8.333189100540039786e-07
8.655508707988701221e-07
8.201414743780333295e-07
8.117301007359855734e-07
8.126992412371691898e-07
8.149964116910268785e-07
8.161671956941063611e-07
8.456609151608063469e-07
7.909567102615255651e-07
7.973939489147596336e-07
7.877785321852570632e-07
7.693677844144985588e-07
7.885879881541768343e-07
7.656723113314001239e-07
8.142957597101485590e-07
7.873720051065902649e-07
7.891531367931748233e-07
7.594186143933257395e-07
7.667918254128380371e-07
7.236080421080260263e-07
7.521897202877880773e-07
7.452445942135455394e-07
7.131212072408743128e-07
7.363635177171090618e-07
7.776386695468318278e-07
7.297617003132472534e-07
7.124786606027555747e-07
7.183724108017486076e-07
7.303446949435965507e-07
6.934254002999296274e-07
6.725054305434241753e-07
7.140226387036818566e-07
6.786112322743065730e-07
6.916289919445262269e-07
6.607572402117512380e-07
6.860559579990877378e-07
6.944911859818603473e-07
7.056325586063394439e-07
6.602877249406446936e-07
6.462172649435160353e-07
6.459360150756765930e-07
6.224361641216092235e-07
6.653922241639520931e-07
6.249169445027291870e-07
6.221989877985833816e-07
6.098309711433103287e-07
6.402450537734693869e-07
6.218580182348886896e-07
6.107012353595564491e-07
6.251471234008931788e-07
5.782369129292419318e-07
6.023160608492616606e-07
5.901984337697286021e-07
5.827239306199772241e-07
6.027440349498646842e-07
5.874840383057744475e-07
5.857316608626206077e-07
5.816177235828944990e-07
5.931596007258122395e-07
5.860082012532075592e-07
5.620959512953050276e-07
5.872551383845348239e-07
5.655721139419256149e-07
5.619612693408270874e-07
5.570188278625209720e-07
5.593065168341127415e-07
5.618313736022173967e-07
5.266335591613824786e-07
5.517247657849111208e-07
5.324199804590534556e-07
5.426088350191093500e-07
5.429557276670494016e-07
5.360093894068995935e-07
5.242779693048759813e-07
5.086031080736574950e-07
5.214181229007408547e-07
5.161228983752153422e-07
5.340794302810536041e-07
5.367795495203608456e-07
4.967107798847791432e-07
4.981627512279374483e-07
4.859795382117226413e-07
4.894628560236924386e-07
5.148306968294491737e-07
4.920544952824456929e-07
5.065968252893071410e-07
4.666676417741655102e-07
4.964522673844840240e-07
4.922071155988305902e-07
4.975059482603682713e-07
5.058827952097999514e-07
4.960265940212593705e-07
4.617955383423577798e-07
4.584076222613475587e-07
4.870179296290189298e-07
4.480435364939694409e-07
4.535414674933235801e-07
4.504003129568445517e-07
4.550936154146256634e-07
4.568591322140491472e-07
4.457249389133721601e-07
4.456963182519757432e-07
4.228379211212995870e-07
4.347648342672982623e-07
4.474451515079635799e-07
4.394129049956063788e-07
4.582670015906842097e-07
4.139544103054504376e-07
4.421558159606320260e-07
4.096080573390281855e-07
4.242290884803878620e-07
4.353883667818081661e-07
4.237510694338198148e-07
4.260494236518752375e-07
4.226817935659710201e-07
4.119922593304181434e-07
4.125823323875011040e-07
4.068817446523098413e-07
4.196466932171461045e-07
3.881074832179365224e-07
4.046203585517105239e-07
3.903176050812362413e-07
3.893961007861435276e-07
3.936244937108313130e-07
3.911365695330459751e-07
3.783871122209347747e-07
3.825701810455939161e-07
3.843142110326880145e-07
3.660668298266500854e-07
3.836204570006884857e-07
3.773905504544927892e-07
3.630961217027106825e-07
4.007103783010279797e-07
3.878809934576565654e-07
3.699614367747017135e-07
3.722180565546295733e-07
3.633536366010048580e-07
3.761150267678204030e-07
3.543247743209576372e-07
3.648127531619138714e-07
3.843273674419833591e-07
3.572060066403537560e-07
3.391720071022063970e-07
3.600718002871871947e-07
3.518203570251898676e-07
3.541316104360703215e-07
3.301669025290721144e-07
3.464867120328563139e-07
3.376866629878349856e-07
3.381837657912001093e-07
3.376842826696701893e-07
3.343917043707733789e-07
3.390396983604660014e-07
3.449931313070919502e-07
3.365911638297802710e-07
3.566850949709987511e-07
3.140045109262246326e-07
3.213657279843573527e-07
3.211523093682444490e-07
3.149725003481762648e-07
3.131140346113170169e-07
3.039384793623867365e-07
3.124857997249819270e-07
3.031016206023195780e-07
3.035701197973139854e-07
3.077245978033715801e-07
3.047419539825569002e-07
3.070128997251231234e-07
3.141773916581769299e-07
2.935124314262793526e-07
3.001095080890081484e-07
2.998210149485203252e-07
2.964533337035391120e-07
2.948845391870236093e-07
2.820850156126653125e-07
2.949345983438434011e-07
2.888824468527673162e-07
3.063346056819682417e-07
2.811933214275086145e-07
2.702618218108909787e-07
2.834929063055824478e-07
2.723193773590537815e-07
2.796066695509580207e-07
3.001774544486579543e-07
2.825273256235050424e-07
2.738071188446156368e-07
2.742756471718621681e-07
2.687633823938995086e-07
2.596402744359238674e-07
2.803958338404299760e-07
2.629936339815230895e-07
2.664042249023168552e-07
2.779329847157896650e-07
2.759672078411768082e-07
2.500379615355541530e-07
2.723134493010093032e-07
2.666700694931023251e-07
2.506328279139325089e-07
2.613676265639241835e-07
2.545190611158432042e-07
2.567721132606948019e-07
2.517402869273155586e-07
2.646065524913865480e-07
2.467466067912482897e-07
2.478087608892565292e-07
2.491474788257619260e-07
2.405882398193171063e-07
2.473641032452178585e-07
2.541661899613245835e-07
2.529538441820023066e-07
2.351463329830494384e-07
2.459157180112470087e-07
2.359450434141763306e-07
2.393484734852791007e-07
2.517965221215945454e-07
2.441561839816586249e-07
2.261257677105277359e-07
2.365768544621005329e-07
2.371526356625963725e-07
2.364826833911592879e-07
2.353668769217165497e-07
2.346611751136151619e-07
2.268529478044456588e-07
2.340841966486095665e-07
2.313244920060242293e-07
2.249074519511395814e-07
2.234423668312501832e-07
2.195203755661623343e-07
2.100336921273537935e-07
2.253258848838868395e-07
2.231073921166171203e-07
2.141285349921417894e-07
2.298093626507125009e-07
2.122176169905287573e-07
2.212656113442790123e-07
2.200353691250711510e-07
2.114999738012102276e-07
2.134407083076439396e-07
2.062619117282338160e-07
2.142680180838851758e-07
2.321339813704526023e-07
2.131760581391972664e-07
2.042150889280946960e-07
2.098322397614538098e-07
2.041721799628248899e-07
2.056217667245618941e-07
2.132940963406326667e-07
2.004278101708223509e-07
2.008235874484398717e-07
1.983869722721465170e-07
2.117444019233971683e-07
1.998710999373543124e-07
1.886153512486998860e-07
1.906442982146927481e-07
1.955688418320278394e-07
1.949704063974877552e-07
1.986301491285758000e-07
1.986706678280825198e-07
1.967561686910812568e-07
2.046764542740220455e-07
2.015269579658251936e-07
1.904607188407680898e-07
2.053011080249689310e-07
1.955366784045509121e-07
1.881444866569381702e-07
1.785695864953140805e-07
1.901043162888527149e-07
1.810288729586773010e-07
1.858437428836623545e-07
1.996100600365480204e-07
1.816273169197302089e-07
1.731813220828826214e-07
1.831770319427050602e-07
1.790178160376854119e-07
1.702809619530398671e-07
1.790988811478655354e-07
1.722312255481028948e-07
1.759493699182712484e-07
1.782036299857736647e-07
1.643252637961722834e-07
1.892686562143808313e-07
1.723957367971706844e-07
1.835668683725089068e-07
1.640892300258656284e-07
1.734364388994436066e-07
1.664114236632485752e-07
1.686942923129208793e-07
1.711333148080029681e-07
1.652384078454360861e-07
1.581096888969568681e-07
1.758027515563753643e-07
1.656377598635572265e-07
1.640904230271189590e-07
1.654291409636243823e-07
1.567673876934350013e-07
1.665687854313091520e-07
1.655151081081385306e-07
1.575112619889296078e-07
1.548695777842112769e-07
1.638245890944744989e-07
1.526725519340743631e-07
1.483762474663308134e-07
1.507735511552254942e-07
1.594365009793818846e-07
1.538229234654408977e-07
1.609171079053339887e-07
1.514470788777089183e-07
1.554870834752364423e-07
1.418233061656337562e-07
1.484287004416273703e-07
1.540816121803345701e-07
1.469922281671642850e-07
1.455724429888505256e-07
1.545334178842949874e-07
1.521945307558780769e-07
1.455927176152726937e-07
1.443052518368403927e-07
1.438331821645988437e-07
1.420843869226473544e-07
1.454067522388413742e-07
1.385033314704742224e-07
1.304328581142044747e-07
1.404285651318559811e-07
1.416039665969037848e-07
1.337409276658263479e-07
1.316559472996914443e-07
1.410603786666797426e-07
1.339519201337680041e-07
1.345253188844708347e-07
1.335072710162421572e-07
1.445974589842080551e-07
