1.334210526315789472e-02
2.780263157894736700e-02
3.107894736842105321e-02
3.222368421052631410e-02
3.686842105263157809e-02
4.715789473684210698e-02
5.734210526315789563e-02
6.688157894736841691e-02
7.517105263157894401e-02
8.356578947368420440e-02
9.114473684210526450e-02
1.003684210526315790e-01
1.066184210526315845e-01
1.162368421052631523e-01
1.239736842105263193e-01
1.331578947368421140e-01
1.420789473684210547e-01
1.495263157894736739e-01
1.619210526315789378e-01
1.747236842105263088e-01
1.870131578947368534e-01
1.998157894736842244e-01
2.144736842105263164e-01
2.339342105263158000e-01
2.525921052631578956e-01
2.723421052631578854e-01
2.908289473684210757e-01
3.079078947368421026e-01
3.260394736842105456e-01
3.401184210526315699e-01
3.512236842105262991e-01
3.632236842105263097e-01
3.852368421052631553e-01
4.162105263157894752e-01
4.313815789473683937e-01
4.444210526315789389e-01
4.592499999999999916e-01
4.764210526315789673e-01
4.920131578947368189e-01
5.091710526315789132e-01
5.066842105263157370e-01
5.257631578947368212e-01
5.369473684210526176e-01
5.397763157894737152e-01
5.534868421052631104e-01
5.618421052631579204e-01
5.699868421052631806e-01
5.841184210526315645e-01
6.022499999999999520e-01
6.054868421052631566e-01
6.025000000000000355e-01
6.158421052631578574e-01
6.286052631578947780e-01
6.349342105263158231e-01
6.362368421052632117e-01
6.513684210526315965e-01
6.583815789473683733e-01
6.669868421052631557e-01
6.730000000000000426e-01
6.750394736842105781e-01
6.826315789473683671e-01
6.818947368421052202e-01
6.932105263157894992e-01
6.936315789473683768e-01
6.994473684210525954e-01
6.989868421052631842e-01
7.073947368421052984e-01
7.151447368421052220e-01
7.203157894736842426e-01
7.274342105263157388e-01
7.327631578947368940e-01
7.412368421052631939e-01
7.382631578947368434e-01
7.341710526315790020e-01
7.375789473684210007e-01
7.463552631578946883e-01
7.552631578947368585e-01
7.587763157894736876e-01
7.667105263157895090e-01
7.597105263157895028e-01
7.673289473684210549e-01
7.713815789473684736e-01
7.721447368421052726e-01
7.809605263157894939e-01
7.778947368421053055e-01
7.866315789473684594e-01
7.871842105263158196e-01
7.837631578947368283e-01
7.927631578947368363e-01
7.973815789473683857e-01
7.946052631578947034e-01
8.027631578947368451e-01
8.047236842105263133e-01
8.119473684210526399e-01
8.089210526315789851e-01
8.164342105263158178e-01
8.231184210526315548e-01
8.207368421052632090e-01
8.209605263157894184e-01
8.139210526315789895e-01
8.178421052631579258e-01
8.271447368421052104e-01
8.255921052631578494e-01
8.355657894736842062e-01
8.371315789473684488e-01
8.436973684210525848e-01
8.457631578947368833e-01
8.446315789473683999e-01
8.405657894736842106e-01
8.483947368421053126e-01
8.500263157894736299e-01
8.478421052631578414e-01
8.435000000000000275e-01
8.447500000000000009e-01
8.475131578947368016e-01
8.409342105263157841e-01
8.542894736842104875e-01
8.475131578947368016e-01
8.573421052631579053e-01
8.574868421052631584e-01
8.649736842105263390e-01
8.676315789473684204e-01
8.663026315789473797e-01
8.690789473684210620e-01
8.678947368421052744e-01
8.682763157894737294e-01
8.745526315789473593e-01
8.744605263157895214e-01
8.754078947368421071e-01
8.784473684210526434e-01
8.835921052631579009e-01
8.793157894736841618e-01
8.808552631578947523e-01
8.827894736842105683e-01
8.859868421052631282e-01
8.893552631578947043e-01
8.909736842105263621e-01
8.896315789473684399e-01
8.864473684210526505e-01
8.870921052631578485e-01
8.915657894736842559e-01
8.965657894736842604e-01
8.988421052631578867e-01
9.024473684210526647e-01
9.036447368421052229e-01
9.011578947368421577e-01
9.006184210526315681e-01
9.023157894736841822e-01
9.038157894736842390e-01
9.071315789473683999e-01
9.080394736842105630e-01
9.094999999999999751e-01
9.096184210526315761e-01
9.122236842105263532e-01
9.128815789473684328e-01
9.120657894736842186e-01
9.154473684210526763e-01
9.144999999999999796e-01
9.151973684210525928e-01
9.158421052631579018e-01
9.184078947368421453e-01
9.181710526315789433e-01
9.196315789473684665e-01
9.170394736842105710e-01
9.178421052631579036e-01
9.178947368421052078e-01
9.208289473684210247e-01
9.233026315789473193e-01
9.240000000000000435e-01
9.255394736842105230e-01
9.248815789473684434e-01
9.260131578947368158e-01
9.227499999999999591e-01
9.243684210526316170e-01
9.279473684210526319e-01
9.299736842105262857e-01
9.306447368421052468e-01
9.292631578947367910e-01
9.288289473684210318e-01
9.330394736842104741e-01
9.334605263157894628e-01
9.338421052631579178e-01
9.350131578947368238e-01
9.331578947368420751e-01
9.351578947368420769e-01
9.389210526315789895e-01
9.385921052631579498e-01
9.390789473684210131e-01
9.396578947368421364e-01
9.398421052631579231e-01
9.417763157894737391e-01
9.410657894736842444e-01
9.386973684210526692e-01
9.368684210526315725e-01
9.414736842105263515e-01
9.424473684210525892e-01
9.445263157894736583e-01
9.452500000000000346e-01
9.446973684210526745e-01
9.431710526315789656e-01
9.466447368421052611e-01
9.472500000000000364e-01
9.475263157894736610e-01
9.478289473684210487e-01
9.477368421052632108e-01
9.486578947368421444e-01
9.496578947368421453e-01
9.522105263157895072e-01
9.525657894736841991e-01
9.507105263157894504e-01
9.485000000000000098e-01
9.483947368421052904e-01
9.495789473684210780e-01
9.522894736842105745e-01
9.523026315789473450e-01
9.536973684210526825e-01
9.552763157894736956e-01
9.559473684210526567e-01
9.564736842105263648e-01
9.567368421052631078e-01
9.565789473684210842e-01
9.549999999999999600e-01
9.573421052631578831e-01
9.571315789473684443e-01
9.522500000000000409e-01
9.573157894736842310e-01
9.580526315789473779e-01
9.606842105263158071e-01
9.579473684210526585e-01
9.586447368421052717e-01
9.594078947368420707e-01
9.606842105263158071e-01
9.621973684210526345e-01
9.625789473684210895e-01
9.621578947368421009e-01
9.638815789473683671e-01
9.644868421052631424e-01
9.638157894736841813e-01
9.644868421052631424e-01
9.630131578947368487e-01
9.619210526315788989e-01
9.625921052631578601e-01
9.651184210526315699e-01
9.666973684210525830e-01
9.657763157894736494e-01
9.655394736842105585e-01
9.675000000000000266e-01
9.678947368421052522e-01
9.662894736842104759e-01
9.676315789473683981e-01
9.685263157894736796e-01
9.680394736842105052e-01
9.683815789473684266e-01
9.703947368421053099e-01
9.693289473684210122e-01
9.707105263157894681e-01
9.681184210526315725e-01
9.699210526315789060e-01
9.706973684210525866e-01
9.693289473684210122e-01
9.714605263157894965e-01
9.713289473684210140e-01
9.717894736842105363e-01
9.712368421052631762e-01
9.705131578947367998e-01
9.718947368421052557e-01
9.728815789473683751e-01
9.741842105263157636e-01
9.730921052631579249e-01
9.732894736842104821e-01
9.732105263157895259e-01
9.740657894736841627e-01
9.741578947368421115e-01
9.748157894736841911e-01
9.751578947368421124e-01
9.760131578947368602e-01
9.763947368421053152e-01
9.753289473684210176e-01
9.761842105263157654e-01
9.753684210526315512e-01
9.752236842105262982e-01
9.770526315789473948e-01
9.771447368421052326e-01
9.773289473684210193e-01
9.784342105263157396e-01
9.776315789473684070e-01
9.774210526315789682e-01
9.764078947368420858e-01
9.783684210526315539e-01
9.778157894736841937e-01
9.772631578947368336e-01
9.788947368421052619e-01
9.770394736842105132e-01
9.789868421052632108e-01
9.791447368421052344e-01
9.788289473684210762e-01
9.779473684210526763e-01
9.807236842105263586e-01
9.803026315789473699e-01
9.806052631578947576e-01
9.811315789473684656e-01
9.803289473684210220e-01
9.803289473684210220e-01
9.804210526315789709e-01
9.800131578947368638e-01
9.814605263157895054e-01
9.815789473684211064e-01
9.818421052631578494e-01
9.794342105263157405e-01
9.812763157894737187e-01
9.826578947368420636e-01
9.828026315789473166e-01
9.827236842105263603e-01
9.830789473684210522e-01
9.834473684210526256e-01
9.826973684210525972e-01
9.819210526315789167e-01
9.832499999999999574e-01
9.845921052631578796e-01
9.845526315789473459e-01
9.841710526315790020e-01
9.844078947368420929e-01
9.847236842105263621e-01
9.841973684210526541e-01
9.845526315789473459e-01
9.844868421052631602e-01
9.832368421052631868e-01
9.849210526315789194e-01
9.856447368421052957e-01
9.855000000000000426e-01
9.851052631578947061e-01
9.852105263157894255e-01
9.850789473684210540e-01
9.859210526315789203e-01
9.861315789473684701e-01
9.859605263157894539e-01
9.857631578947368967e-01
9.863026315789473752e-01
9.857368421052631335e-01
9.854868421052631611e-01
9.859342105263158018e-01
9.864342105263157467e-01
9.875789473684210007e-01
9.867894736842105496e-01
9.877236842105263648e-01
9.865921052631578814e-01
9.868552631578947354e-01
9.873026315789473761e-01
9.863947368421052131e-01
9.874342105263157476e-01
9.876184210526315344e-01
9.885921052631578831e-01
9.885000000000000453e-01
9.881973684210526576e-01
9.875921052631578823e-01
9.879736842105263372e-01
9.879999999999999893e-01
9.878421052631578547e-01
9.878157894736842026e-01
9.878157894736842026e-01
9.883157894736842586e-01
9.891315789473684728e-01
9.895263157894736983e-01
9.893157894736842595e-01
9.893815789473684452e-01
9.889473684210526860e-01
9.901315789473684736e-01
9.900263157894736432e-01
9.895263157894736983e-01
9.893684210526315637e-01
9.898421052631578565e-01
9.902236842105263115e-01
9.905657894736842328e-01
9.894342105263157494e-01
9.900131578947368727e-01
9.898552631578947381e-01
9.885131578947368158e-01
9.901578947368421257e-01
9.908289473684210868e-01
9.903684210526315645e-01
9.905131578947368176e-01
9.905526315789473513e-01
9.903421052631579125e-01
9.908421052631578574e-01
9.908421052631578574e-01
9.911184210526315930e-01
9.914078947368420991e-01
9.912105263157894308e-01
9.909473684210525768e-01
9.913947368421052175e-01
9.916710526315789531e-01
9.915131578947368185e-01
9.916447368421053010e-01
9.917763157894736725e-01
9.911447368421052451e-01
9.917236842105263683e-01
9.912631578947368460e-01
9.917763157894736725e-01
9.913289473684210318e-01
9.909210526315789247e-01
9.909736842105263399e-01
9.916315789473684195e-01
9.926315789473684204e-01
9.929078947368421559e-01
9.923684210526315663e-01
9.920657894736841786e-01
9.921447368421052460e-01
9.928421052631578592e-01
9.928947368421052744e-01
9.928947368421052744e-01
9.929868421052631122e-01
9.926842105263158356e-01
9.930263157894736459e-01
9.922894736842104990e-01
9.924605263157895152e-01
9.923157894736842621e-01
9.926447368421053019e-01
9.923026315789473806e-01
9.933815789473684488e-01
9.924473684210526336e-01
9.936447368421053028e-01
9.921710526315788981e-01
9.924736842105262857e-01
9.929342105263158080e-01
9.932105263157894326e-01
9.933947368421052193e-01
9.936578947368420733e-01
9.938157894736842080e-01
9.933815789473684488e-01
9.938552631578947416e-01
9.937894736842105559e-01
9.942499999999999671e-01
9.940921052631579435e-01
9.941973684210526629e-01
9.935921052631578876e-01
9.940921052631579435e-01
9.943552631578946865e-01
9.943421052631579160e-01
9.943289473684210344e-01
9.944736842105262875e-01
9.943684210526315681e-01
9.947368421052631415e-01
9.947105263157894894e-01
9.943026315789473824e-01
9.944078947368421018e-01
9.945131578947368212e-01
9.943026315789473824e-01
9.949473684210525803e-01
9.953421052631579169e-01
9.951710526315789007e-01
9.950263157894736477e-01
9.950263157894736477e-01
9.948289473684210904e-01
9.947631578947367936e-01
9.944605263157895170e-01
9.942631578947368487e-01
9.946578947368420742e-01
9.950789473684210629e-01
9.947500000000000231e-01
9.942499999999999671e-01
9.937894736842105559e-01
9.941973684210526629e-01
9.951052631578947150e-01
9.952763157894737311e-01
9.954868421052631700e-01
9.951447368421052486e-01
9.952763157894737311e-01
9.961447368421052495e-01
9.957368421052631424e-01
9.959342105263158107e-01
9.958552631578947434e-01
9.959210526315789291e-01
9.958157894736842097e-01
9.955000000000000515e-01
9.956315789473684230e-01
9.957368421052631424e-01
9.961315789473683679e-01
9.959473684210525812e-01
9.962894736842105026e-01
9.961842105263157832e-01
9.958552631578947434e-01
9.959868421052631149e-01
9.958552631578947434e-01
9.965000000000000524e-01
9.962236842105263168e-01
9.959605263157894628e-01
9.961052631578947159e-01
9.955789473684210078e-01
9.961842105263157832e-01
9.960526315789474117e-01
9.958289473684210913e-01
9.964868421052631708e-01
9.960394736842105301e-01
9.961184210526315974e-01
9.951710526315789007e-01
9.960789473684210638e-01
9.962631578947368505e-01
9.963815789473684514e-01
9.966578947368420760e-01
9.968815789473683964e-01
9.967105263157894912e-01
9.970394736842105310e-01
9.969605263157894637e-01
9.967763157894736770e-01
9.966842105263158391e-01
9.970526315789474125e-01
9.971315789473683688e-01
9.969473684210525821e-01
9.968157894736842106e-01
9.968684210526316258e-01
9.966710526315789576e-01
9.957763157894736761e-01
9.968684210526316258e-01
9.968684210526316258e-01
9.964868421052631708e-01
9.972894736842105035e-01
9.971578947368421320e-01
9.972894736842105035e-01
9.971710526315789025e-01
9.973815789473684523e-01
9.975000000000000533e-01
9.968684210526316258e-01
9.969868421052631158e-01
9.976315789473684248e-01
9.972499999999999698e-01
9.971447368421052504e-01
9.973684210526315708e-01
9.976578947368420769e-01
9.974868421052631717e-01
9.975921052631578911e-01
9.976710526315789584e-01
9.973157894736841556e-01
9.974473684210526381e-01
9.975131578947368238e-01
9.974210526315789860e-01
9.975263157894737054e-01
9.973289473684210371e-01
9.972894736842105035e-01
9.972368421052631993e-01
9.971447368421052504e-01
9.972894736842105035e-01
9.971710526315789025e-01
9.977236842105262626e-01
