1.001292741298675626e+00
8.533451139926910844e-01
7.255789875984192117e-01
5.983400046825408936e-01
4.692154437303542869e-01
3.367137134075164906e-01
2.148131132125854492e-01
1.226444706320762579e-01
6.505628861486911774e-02
3.390900101512670656e-02
1.834548879414796968e-02
1.058277031406760181e-02
6.916920468211173838e-03
5.113121075555682356e-03
4.017356922850013126e-03
3.289476200006902044e-03
2.888380177319049922e-03
2.509536664001643744e-03
2.279262733645737258e-03
2.074651722796261484e-03
1.863182988017797470e-03
1.748077734373509927e-03
1.570798852480948015e-03
1.451025763526558919e-03
1.308077166322618810e-03
1.259489299263805064e-03
1.177548582199961034e-03
1.046394207514822570e-03
1.032699883216991934e-03
9.666642930824309371e-04
9.096508671063930013e-04
8.613414189312607267e-04
8.021230518352240107e-04
7.606475846841931343e-04
7.083869713824242353e-04
6.701882288325577757e-04
6.683704152237624364e-04
6.392009439878165505e-04
5.775984434876590533e-04
5.444724170956760862e-04
5.258803197648376010e-04
4.903446533717215061e-04
5.070927465567365722e-04
4.588790558045730212e-04
4.418255819473415722e-04
4.332014301326126077e-04
4.182913835393264890e-04
3.943960240576416037e-04
3.723296162206679366e-04
3.669938334496691715e-04
3.487238718662410975e-04
3.524978266796097051e-04
3.356209082994609963e-04
3.174465848132967840e-04
3.125707793515175364e-04
3.038596274564042904e-04
2.913120348239317753e-04
2.874978905310854533e-04
2.607898029964417328e-04
2.546734729548916329e-04
2.459289898979477584e-04
2.824110270012170076e-04
2.449320614687167325e-04
2.352330004214309048e-04
2.301384782185778130e-04
2.174048917368054444e-04
2.222089038696139997e-04
2.171742598875425756e-04
1.999786560190841501e-04
2.156109476345591247e-04
1.974716782569885308e-04
1.894766726763919104e-04
1.930046972120180834e-04
1.774445918272249401e-04
1.671125937718898058e-04
1.643253577640280073e-04
1.678811400779522901e-04
1.573518573422916342e-04
1.635434600757434964e-04
1.536801559268496985e-04
1.481164028518833112e-04
1.480365841416642016e-04
1.461526335333473980e-04
1.454649012885056490e-04
1.342479677987284904e-04
1.374886982375755960e-04
1.302814416703768075e-04
1.316275665885768831e-04
1.362442861136514802e-04
1.269246204174123704e-04
1.193987664009910077e-04
1.224271807586774338e-04
1.176845966256223673e-04
1.131631805037613931e-04
1.120441520470194519e-04
1.082407441572286161e-04
1.117721149057615548e-04
9.775895086931996319e-05
1.062569252098910483e-04
1.040143804857507321e-04
9.485677946940995753e-05
9.641810393077321893e-05
1.020930088998284245e-04
9.402270661666989598e-05
9.122446717810817605e-05
9.241482766810804063e-05
9.584264698787592080e-05
8.929022151278331605e-05
8.406435372307897156e-05
9.045568876899778301e-05
8.495253932778723267e-05
9.157576787401921505e-05
8.040875691222027215e-05
8.260037648142315989e-05
7.950975341373123771e-05
7.737503256066702306e-05
8.111191855277865583e-05
7.239583137561567670e-05
7.231232957565225932e-05
7.510249270126223564e-05
7.500925494241528213e-05
7.045630627544596791e-05
7.624127792951184714e-05
7.219937542686238614e-05
6.462899909820407629e-05
6.699338264297694239e-05
6.526666293211746690e-05
6.707842221658211472e-05
6.084871019993442907e-05
5.844320949108805372e-05
6.761787662981077487e-05
6.107623630668967962e-05
6.141307712823618746e-05
5.681136681232601269e-05
5.784588975075166537e-05
6.084531923988834023e-05
5.580176912189926952e-05
5.761694374086801098e-05
5.734160222345962985e-05
5.484146349772345004e-05
5.101490860397462073e-05
5.487044109031558037e-05
5.165240909263957156e-05
5.187805945752188699e-05
5.221780156716704369e-05
5.074184045952279256e-05
5.151761688466649231e-05
4.692053153121378273e-05
5.260650941636413065e-05
4.606123766279779239e-05
4.733720779768191142e-05
4.828543642361182448e-05
4.612649390764999999e-05
4.636280355043709414e-05
4.323222237871960077e-05
4.543519280559848723e-05
4.442782774276566031e-05
4.236186287016607550e-05
4.203828175377566503e-05
4.435943155840504643e-05
4.213268512103241208e-05
4.005657428933773461e-05
4.074290409334934977e-05
4.143315018154680593e-05
4.032853976241312786e-05
3.710568198584951189e-05
3.899765724781900780e-05
3.789138827414717525e-05
4.275922256056219204e-05
3.930657439923379706e-05
3.901206764567177743e-05
3.785706903727259622e-05
3.535035866661928459e-05
3.670328514999709752e-05
3.512742987368255989e-05
3.469552793831098689e-05
3.281978661107132211e-05
3.555072544259019196e-05
3.503893130982760204e-05
3.948718913306947933e-05
3.299152958788908883e-05
3.341944320709444447e-05
3.387630658835405484e-05
3.282192228653002801e-05
3.130379645881476152e-05
3.142618024867260964e-05
3.107304637524066222e-05
3.473316519375657663e-05
3.128003700112458183e-05
3.327850572532042861e-05
3.256597101426450265e-05
3.312829157948726517e-05
2.963644692499656230e-05
3.230084566894220053e-05
2.996578296006191590e-05
2.796983608277514577e-05
3.002975354320369593e-05
3.169092542520957068e-05
2.938125526270596378e-05
2.807780238072154976e-05
2.738175953709287569e-05
3.181109623255906898e-05
2.708027695916825770e-05
2.896505448006791926e-05
2.755780606094049222e-05
2.794863012240966850e-05
2.778960842988453941e-05
2.885813810280524059e-05
2.887500177166657455e-05
2.686959815036971258e-05
2.678388682397780940e-05
2.786291079246438904e-05
2.565150989539688318e-05
2.630878279887838425e-05
2.684075243450933932e-05
2.518985165806952932e-05
2.687493270059349015e-05
2.372096441831672496e-05
2.358949877816485173e-05
2.569244006735971333e-05
2.450622032483806766e-05
2.524296960473293574e-05
2.402101163170300560e-05
2.426485698379110409e-05
2.394991279288660870e-05
2.362038940191268989e-05
2.368664045206969739e-05
2.360017078899545527e-05
2.193244417867390303e-05
2.128445212292717905e-05
2.194582975789671764e-05
2.371108184888726033e-05
2.282807490701088750e-05
2.153481727873440832e-05
2.304338831891072778e-05
2.128521336999256299e-05
2.160919048037612743e-05
2.157725011784350364e-05
2.070549489872064306e-05
2.222314451501006328e-05
2.136794137186370790e-05
1.969230543181765892e-05
2.101635545841418139e-05
2.054472679446917027e-05
2.006279864872339977e-05
2.118750689987791634e-05
2.121514880855102160e-05
2.037731683230958947e-05
2.083078943542204730e-05
2.012190561799798093e-05
2.070911177725065432e-05
1.982641624636016718e-05
1.904625332826981321e-05
2.025202556978911297e-05
1.911960735014872761e-05
2.159256600862135975e-05
1.946830889210104942e-05
1.837992986111203344e-05
1.852511850302107564e-05
1.872172460934962010e-05
1.842697893152944879e-05
1.782265189831377938e-05
1.673506048973649876e-05
1.898509690363425829e-05
1.898479349620174549e-05
1.906979723571566933e-05
1.740817797326599383e-05
1.700533912298851782e-05
1.681329340499360250e-05
1.868413728516315974e-05
1.825392628234112567e-05
1.687479052634443952e-05
1.653217113926075263e-05
1.735644709697225927e-05
1.755414386934717254e-05
1.752311054588062756e-05
1.726125947243417613e-05
1.885506435428396799e-05
1.734795268930611133e-05
1.676970559856272370e-05
1.498312785770394907e-05
1.617406041987123899e-05
1.692394525889540227e-05
1.626462108106352389e-05
1.632233506825286827e-05
1.598136386746773361e-05
1.602139573151361993e-05
1.532623418825096383e-05
1.590867350387270562e-05
1.732915980028337731e-05
1.479424572607967935e-05
1.471844752813922174e-05
1.664138799242209779e-05
1.464976376155391302e-05
1.521980748293572173e-05
1.601625372131820700e-05
1.416676568624097820e-05
1.629290554774343172e-05
1.555581657157745145e-05
1.650814429012825848e-05
1.438075341866351630e-05
1.433489887858740985e-05
1.485885522924945656e-05
1.435224239685339887e-05
1.458839169572456808e-05
1.487349300077767111e-05
1.361236354568973184e-05
1.477489950048038804e-05
1.576518461661180549e-05
1.390226952935336158e-05
1.488401112510473535e-05
1.506630314906942658e-05
1.357653172817663290e-05
1.377372627757722444e-05
1.605285306141013415e-05
1.480697055740165592e-05
1.323337064604857039e-05
1.397168152834638090e-05
1.393715538142714683e-05
1.396831530655617792e-05
1.476679617553600076e-05
1.283056635656976175e-05
1.378012129862327095e-05
1.343185140285641023e-05
1.300435878874850392e-05
1.309396029682829942e-05
1.402372563461540301e-05
1.467242200305918198e-05
1.286456918023759533e-05
1.337825042355689254e-05
1.249517472388106432e-05
1.384115848850342377e-05
1.281612403545295854e-05
1.377791859340504675e-05
1.362162538498523645e-05
1.253752470802282847e-05
1.256326904695015435e-05
1.246674328285735033e-05
1.402477655574330163e-05
1.373604418404284001e-05
1.256996129086473923e-05
1.259570371985319003e-05
1.363822748317033916e-05
1.219338601003982990e-05
1.114322658395394615e-05
1.373995646645198610e-05
1.303183389609330368e-05
1.366805345242028057e-05
1.206796277983812649e-05
1.287602590309688754e-05
1.218955494550755281e-05
1.287926306758890860e-05
1.284742165807983838e-05
1.277870187550433979e-05
1.371658463540370644e-05
1.191622941405512460e-05
1.163654214906273444e-05
1.271688806809834272e-05
1.426147600795957192e-05
1.135960401370539262e-05
1.269520671485224773e-05
1.239359880855772644e-05
1.399301008859765784e-05
1.295722631766693667e-05
1.200692149723181569e-05
1.142705514212138951e-05
1.308041482843691415e-05
1.296698283113073591e-05
1.275111771974479712e-05
1.286740289287990857e-05
1.081407681340351633e-05
1.190740831589209881e-05
1.148431956607964855e-05
1.196993507619481602e-05
1.323158339801011675e-05
1.146794247688376311e-05
1.153328385044005632e-05
1.165472867796779542e-05
1.087690179701894522e-05
1.088978433472220786e-05
1.147748953371774337e-05
1.090782134269829873e-05
1.141148140959558077e-05
1.155865766122587956e-05
1.065835222107125378e-05
1.206612960231723332e-05
1.124828477259143290e-05
1.095547386285034042e-05
1.131613280449528213e-05
1.086110678443219445e-05
1.311463192905648679e-05
1.102886026274063591e-05
1.133902014771592803e-05
1.156885937234619666e-05
1.056249957400723327e-05
1.168703183793695677e-05
1.137927811214467477e-05
1.053108335327124189e-05
1.156250955318682759e-05
1.187826965178828653e-05
1.098372458727681112e-05
1.083306660802918419e-05
1.094721001209109023e-05
1.117327428801218048e-05
1.087752334569813718e-05
1.069790187102626078e-05
1.164233335657627356e-05
1.038048740156227689e-05
1.086491502064745907e-05
1.071825417966465432e-05
1.025790970743400976e-05
1.095765474019572207e-05
1.266138333448907293e-05
1.166941683550248854e-05
1.044163018377730691e-05
1.191281507999519750e-05
1.221139791596215218e-05
9.501038039161358706e-06
1.033757416735170409e-05
1.002002481982344829e-05
1.081536711353692260e-05
1.033415410347515683e-05
1.008454391921986894e-05
1.053210107784252580e-05
1.217946328324615024e-05
1.006477732516941547e-05
1.054380627465434339e-05
9.701662474981275641e-06
1.000101610770798288e-05
1.105558058043243397e-05
1.030317807817482356e-05
9.992520244850310751e-06
9.813064662012038075e-06
1.168393209809437326e-05
9.350557684228988703e-06
1.062695782820810496e-05
1.027763973979745094e-05
1.101411226045456715e-05
9.893328933685551651e-06
9.633994613977847282e-06
1.117509800678817488e-05
1.093354476324748214e-05
9.724946630740305748e-06
1.076777207345003228e-05
9.347725244879256595e-06
9.560373382555553012e-06
1.048352360157878104e-05
1.004017103696242043e-05
1.031187202897854082e-05
9.913120720739243552e-06
1.001743257802445408e-05
1.133852038037730381e-05
1.068937240233935881e-05
1.157051901827799089e-05
1.114425540436059270e-05
1.078152927220799097e-05
1.068585061148041859e-05
1.025533310894388705e-05
1.045259805323439616e-05
1.191984092656639337e-05
1.105469364119926400e-05
1.033833123074146022e-05
1.070745411198004217e-05
9.773913188837467946e-06
9.472260899201501161e-06
9.965490153263090856e-06
9.908552783599589020e-06
9.464772483624983918e-06
1.091410586013807983e-05
1.047036939780809950e-05
1.075465388566954061e-05
1.053148107530432787e-05
9.635954575060167942e-06
9.816806777962482788e-06
9.551435687171760608e-06
9.750151639309478585e-06
9.862285241979407824e-06
1.049099801093689234e-05
1.002345861706999198e-05
1.003280540317064083e-05
1.017614958982449093e-05
1.124065784097183496e-05
1.096661544579546831e-05
9.739377946971217848e-06
9.153621249424759299e-06
1.062659275703481466e-05
9.578141089150449261e-06
1.056891796906711466e-05
9.261339164368109439e-06
1.014565441437298432e-05
9.653671259002295069e-06
1.048751764756161686e-05
9.759574550116666846e-06
1.003785655484534800e-05
1.026142799673834850e-05
1.006734173643053577e-05
1.050384526024572551e-05
9.645043155614984814e-06
1.028491906254203025e-05
1.001754553726641529e-05
1.083155993910622749e-05
9.863140348898014054e-06
9.887585292744915932e-06
1.016924779833061553e-05
1.040995193761773340e-05
1.060037629940779880e-05
1.033107964758528329e-05
9.476802006247453392e-06
1.022182577798958004e-05
9.961213527276413176e-06
9.930771557264961980e-06
1.059375072145485285e-05
9.508100083621684123e-06
1.093104583560489118e-05
1.020817981043364887e-05
1.007273494906257770e-05
1.098089824154158191e-05
1.040252200255054083e-05
1.072014520104858161e-05
9.715518444863846526e-06
9.844169380812672221e-06
1.217833523696754060e-05
1.152156301031936891e-05
1.070717607944970917e-05
1.171666399386595071e-05
1.144424304584390552e-05
1.128968042394262772e-05
1.062206956703448668e-05
9.819387923926114358e-06
1.025010797093273174e-05
1.040950874084956047e-05
9.340024553239345212e-06
1.002861563392798416e-05
9.943707391357748177e-06
9.614328246243530207e-06
9.683709959062979810e-06
1.039717808453133262e-05
1.024991770464111983e-05
1.005671520033502088e-05
1.036400290104211240e-05
1.083978177121025476e-05
9.572812086844350465e-06
1.004528530756942928e-05
1.053031610354082659e-05
1.061289394783671082e-05
1.004605674097547240e-05
1.011630083667114411e-05
9.605234390619444068e-06
9.655969643063145097e-06
1.074360070560942438e-05
9.312504062108928338e-06
9.816027795750414275e-06
9.457886835662066683e-06
9.700297960080206733e-06
1.098994989661150544e-05
1.010951928037684411e-05
1.001338350761216100e-05
9.744617545948131688e-06
9.223370216204785488e-06
1.004755386020406217e-05
9.842553754424444146e-06
1.019328501570271362e-05
9.734163722896482118e-06
1.079594048860599253e-05
9.977036643249449066e-06
9.802468684938504107e-06
9.874432907963637940e-06
8.636634083813987334e-06
9.916116414387943901e-06
9.371017677040072497e-06
1.006220518320333179e-05
9.472839110458153300e-06
9.443411818210733716e-06
9.999968096963129260e-06
1.003685101750306819e-05
9.324506709162961438e-06
1.032843447319464826e-05
9.767403480509528213e-06
9.767438041308195584e-06
9.205883270624325864e-06
9.437414246349361979e-06
9.221257732860976491e-06
9.571810642228228633e-06
1.062109804479405352e-05
9.423908795724856414e-06
8.994358358904719014e-06
9.066121492651291192e-06
8.698923602423747409e-06
9.253068583348067477e-06
8.903230900614289906e-06
9.372616023028968580e-06
9.450675406696973369e-06
9.149036395683652129e-06
9.021957384902635336e-06
9.768107793206581507e-06
9.205114929500269111e-06
9.254087217414053157e-06
8.834299296722748063e-06
1.041126879499643076e-05
8.843696832627756521e-06
9.083552868105471134e-06
9.176690537060493857e-06
9.686822522780857980e-06
9.016288777274894189e-06
9.401580246048980139e-06
9.195151278618141077e-06
8.349680410901782357e-06
8.106055975076743148e-06
8.498417309965589423e-06
9.480113976678695276e-06
9.343767578684491698e-06
8.370490922970929776e-06
8.850978429109090262e-06
7.821897179383086379e-06
8.531318644600106150e-06
9.732348553370684724e-06
8.793359165792935867e-06
8.785447698755888607e-06
7.950555345814792186e-06
7.736921043033362705e-06
8.349512700078776784e-06
8.061877679210738279e-06
8.083852117124479603e-06
7.288709775821189735e-06
8.676104198457323268e-06
8.042541458053164777e-06
7.750339591439114884e-06
7.238586522362311201e-06
7.760041353321866386e-06
7.365483270405093208e-06
7.964458563947119496e-06
7.483045010303612798e-06
6.952582089070346799e-06
6.950801025595865043e-06
7.618738527526147325e-06
7.422537919410387985e-06
7.350205532929976640e-06
8.055212902036146261e-06
6.884483173053012991e-06
7.350179384957300668e-06
7.570619254693156447e-06
7.043098412395920266e-06
6.714025585097260943e-06
7.924970896056038666e-06
7.102734571162727661e-06
6.739761647622799331e-06
6.807507043049554679e-06
6.715865811202092858e-06
6.750288684997940775e-06
6.966577029743348418e-06
6.861273004687973468e-06
6.509061722681508230e-06
6.679893931504920887e-06
6.937275975360534746e-06
6.315772316156653349e-06
6.309620994215947915e-06
6.238620153453667056e-06
5.599951873591635546e-06
6.136982619864284061e-06
6.449296733990195207e-06
6.616777318413369019e-06
5.976825423203990625e-06
6.186983137013158168e-06
6.366431171045405451e-06
5.982490847600274719e-06
5.778088598162866790e-06
5.630731311612180265e-06
6.287615815381286835e-06
5.345142017176840285e-06
5.589932334260083396e-06
6.025275524734752253e-06
5.411032452684593979e-06
5.403177647167467851e-06
5.676013597621931864e-06
5.622005892291781154e-06
5.452603045341675339e-06
5.380175753089133481e-06
5.713335804102826271e-06
5.198277858653455211e-06
5.219752210905426182e-06
5.185794179851654917e-06
5.221697529123048637e-06
5.213935537540237419e-06
4.653642599805607799e-06
5.043339297117199918e-06
5.458109444589353928e-06
4.858783040617709217e-06
4.795076165464706719e-06
4.969563315171399493e-06
4.159376385359792208e-06
4.427506769388855731e-06
4.648127014661440795e-06
4.597639053827151317e-06
4.313191766414092854e-06
4.766118718180223538e-06
4.522916651694686321e-06
4.410002475196961313e-06
3.966723897974588739e-06
4.843876786253531125e-06
4.017478681817010850e-06
4.192820324533386325e-06
4.336875417720875872e-06
3.798132206611626231e-06
3.870950649798032828e-06
3.962381629207811615e-06
3.968204191551194865e-06
3.862773542095965071e-06
3.638668295025127093e-06
3.955777378905622415e-06
3.726283875948866067e-06
3.911629642061598472e-06
3.756335490834317001e-06
3.623699853960715700e-06
3.452049281804647932e-06
3.787710261349275327e-06
3.411238390071957753e-06
3.435667508711048868e-06
3.618113305492442948e-06
3.370295371496468021e-06
3.554911199898924848e-06
3.235808799217920666e-06
3.402290781195915685e-06
3.373072672729904298e-06
3.072339404752710749e-06
3.375412302375480236e-06
3.032032032024290032e-06
3.165424504913971590e-06
2.782762430797447366e-06
3.497205466373998376e-06
3.074175538131385110e-06
2.821434986799431669e-06
2.715738719416549260e-06
3.232744825254485392e-06
2.706654754547344055e-06
2.699220908652932764e-06
2.748450265244173267e-06
3.298515116512135222e-06
2.852932766472804360e-06
2.669497280294308269e-06
2.688182280508044472e-06
2.655562320796889168e-06
2.479827310253312959e-06
2.569630237303499767e-06
2.417294228962418687e-06
2.562058239163889253e-06
2.362090208407607776e-06
2.450745432724943469e-06
2.323233138668001714e-06
2.184930622206593398e-06
2.318850579285935795e-06
2.242175128230883274e-06
2.339192747058405075e-06
2.475270946433738573e-06
2.357919720452628014e-06
2.111316962327691557e-06
2.151523619886574864e-06
2.213752622992615215e-06
2.110812135924788721e-06
2.098541608575032939e-06
2.334818543658912118e-06
2.279370471569563876e-06
2.603575330795138228e-06
1.884378809791087490e-06
2.011113360822491729e-06
1.872443169759208188e-06
1.780555976438336074e-06
2.087532197947439103e-06
1.869849393187905577e-06
1.954909282630978681e-06
1.929568861669395034e-06
1.827930839226610175e-06
1.923942852499749363e-06
1.802896679237164832e-06
1.754311574586608997e-06
1.876788212484825551e-06
1.769965842868259558e-06
1.677721820669830692e-06
1.790566739146015564e-06
1.540925643439550270e-06
1.728543077206268123e-06
1.436722141079371753e-06
1.594999696408194638e-06
1.673573012794804569e-06
1.483485903008840978e-06
1.565550144277949500e-06
1.451170294330950170e-06
1.487100212216319135e-06
1.418244698925264032e-06
1.440241942418651846e-06
1.383330618409672837e-06
1.486452310928143646e-06
1.435435092389525338e-06
1.435387832771084547e-06
1.295096274134266508e-06
1.431196415069280277e-06
1.449091837457672185e-06
1.345856071566231464e-06
1.225048811193119121e-06
1.292307206313125832e-06
1.415994745457282988e-06
1.257054418601910541e-06
1.278183310660097134e-06
1.191193302929605082e-06
1.226751373906154101e-06
1.381914989906363274e-06
1.332090039340982954e-06
1.310341394855640913e-06
1.125012943248293595e-06
1.222145095880477954e-06
1.019550472847186114e-06
1.134845444994425592e-06
1.033188101473570029e-06
1.248853561719442908e-06
1.104652176309173313e-06
1.197512608541728781e-06
1.111528456476662456e-06
8.899554188701586523e-07
9.862628417067752770e-07
1.098119463449620441e-06
9.409342908384132686e-07
1.042110062599022143e-06
9.023246718697919277e-07
8.549697724902217001e-07
9.508811785963189111e-07
8.644922786515962798e-07
9.606039441223402233e-07
9.782851464024134171e-07
8.734950597499846269e-07
9.240829228929214454e-07
8.547409663606231122e-07
8.279808071165462236e-07
9.727683845994760367e-07
9.529126941743015989e-07
9.514680982647405895e-07
7.639462296538112727e-07
8.384618297441193135e-07
8.095749024050747235e-07
9.571571752076125387e-07
7.901771652996103089e-07
7.952840746838774278e-07
8.052691612192575333e-07
7.520014662532048109e-07
6.999593210821330801e-07
7.574089408990403172e-07
7.484539025881531839e-07
7.709224860263930592e-07
7.231146526009979425e-07
6.876283862311538542e-07
6.617360554628249216e-07
6.390385408394650069e-07
6.874853397675906308e-07
7.151896795676293762e-07
6.271843801641808082e-07
6.582552259715157773e-07
6.882245770611917092e-07
6.873901668313919376e-07
6.359343728945532772e-07
6.249528098578593715e-07
6.124596893641865304e-07
6.448990063745441572e-07
6.756931838935997379e-07
6.741053368841676274e-07
6.080012212805740789e-07
6.102329734858358279e-07
6.121450951468432534e-07
5.881504705484985607e-07
5.858997923269271480e-07
5.431941644928884185e-07
7.262667708118897492e-07
5.535702030101674609e-07
5.848459977642050733e-07
5.461696673592087093e-07
5.430225371583219385e-07
5.629448310173756485e-07
5.086091277917148757e-07
4.954960559189203619e-07
5.556016219543380218e-07
5.581097639151267200e-07
5.368093667357243248e-07
4.654314835761397262e-07
4.995921472072950564e-07
4.978470656169519802e-07
5.196479804681075197e-07
4.903415174339897507e-07
5.045704654094151920e-07
4.652931863802223128e-07
4.405548423846994410e-07
5.400805150657106636e-07
4.806092903208992053e-07
4.827645511795708867e-07
4.726986389869125772e-07
4.453184800468079523e-07
4.802563950079274734e-07
4.144098681990726618e-07
4.390862272884987549e-07
4.029848241771105677e-07
4.431059551279759246e-07
4.390004193055574327e-07
3.943111408943878011e-07
4.053308572338209858e-07
3.878976912119469277e-07
4.012777424122759945e-07
3.819372068392113063e-07
4.108908001398958943e-07
3.393317427935471854e-07
4.783158601640024942e-07
3.558255770030882559e-07
3.886845149736472998e-07
4.572586533413414039e-07
3.685666882802252076e-07
3.541948103702452499e-07
3.392363964849209773e-07
3.306819252202331078e-07
4.068520695454935670e-07
3.961661235507563318e-07
3.492547676842150183e-07
3.675128994018450506e-07
3.545667681237318796e-07
3.870919300652531092e-07
3.140927560707496119e-07
3.292323611958636426e-07
3.533317567416816019e-07
3.256369922155499702e-07
3.644802347935182995e-07
3.405288055091659560e-07
3.271581192620942602e-07
3.330089285213944306e-07
2.959824627168927585e-07
2.856779985904722707e-07
2.935076821586335427e-07
2.783156418217913491e-07
3.087808110535661187e-07
3.114224853106861595e-07
3.053666404184696148e-07
3.008939174264924289e-07
2.917481637609853139e-07
2.845717602895092357e-07
3.218080252054278601e-07
2.788067902770308032e-07
2.851487394650575774e-07
3.200818994741894236e-07
2.777243608420576493e-07
2.880097582647067611e-07
2.937365792377022338e-07
3.092100413937259979e-07
2.727318900497266652e-07
2.942277589568220507e-07
2.908326550254969228e-07
2.351380018694726512e-07
2.325058645169519772e-07
2.550841344373111391e-07
2.199173565031742222e-07
2.354860981768069905e-07
2.751590074012710935e-07
2.509261221916858842e-07
2.432824160791824609e-07
2.444411293822668191e-07
2.276850693760934572e-07
2.194929621168739633e-07
2.285814915126138658e-07
2.172804457245547330e-07
2.589037464417742740e-07
2.030086946547271562e-07
2.407694694284145847e-07
2.142191675602589491e-07
2.686215665903546429e-07
2.347756364429187564e-07
2.227927168974019772e-07
2.125549841025531456e-07
2.035761355045906384e-07
2.126074491570761787e-07
2.218676456777757214e-07
2.098799399163908780e-07
2.054167339338164258e-07
2.131796591697821039e-07
1.876497648822805892e-07
2.116728495593633799e-07
2.364302645219140792e-07
1.863527714363044652e-07
1.932049286779147118e-07
2.026320288450733695e-07
1.791525306771291018e-07
2.052879963798659446e-07
1.741981904501699372e-07
1.721620904504561569e-07
1.830864448493230051e-07
1.689148298567033529e-07
1.581764465186097421e-07
1.746607168229275081e-07
1.658630736756094742e-07
1.963521469861007063e-07
1.610803963103535246e-07
1.840210401837794052e-07
1.778936855600932176e-07
1.795054032527332416e-07
1.947928168988255546e-07
1.689339072186157917e-07
1.830578355566103710e-07
1.527452766936221557e-07
1.737547485447521361e-07
1.553964935396834282e-07
