1.004090944925944084e+00
1.030263264973958259e+00
1.057146549224853516e+00
1.010901053746541267e+00
6.337792476018270227e-01
5.546556512514749793e-01
5.699286063512166711e-01
5.815341671307882043e-01
5.910209019978841516e-01
6.472763617833455774e-01
7.739604711532592773e-01
7.378591497739156457e-01
7.175580461819967004e-01
6.808088024457296106e-01
7.480777502059936523e-01
7.394352157910665246e-01
7.362309296925863000e-01
7.634075085322061804e-01
7.267855008443196985e-01
7.577113906542459754e-01
7.761858304341634485e-01
7.907299995422363281e-01
8.006894191106160852e-01
7.903499603271484375e-01
8.060667316118875769e-01
8.108963767687479285e-01
8.209218780199686316e-01
8.303702473640441895e-01
8.299160798390706750e-01
8.349734942118326453e-01
8.356151978174845008e-01
8.384728431701660156e-01
8.454753756523132324e-01
8.593571384747823450e-01
8.467235167821248742e-01
8.603811860084533691e-01
8.622099955876668664e-01
8.605455160140991211e-01
8.715092738469442102e-01
8.790708780288696289e-01
8.720631003379821777e-01
8.719060420989990234e-01
8.895520369211832312e-01
8.966368436813354492e-01
8.688656489054361609e-01
8.842318455378214148e-01
9.029757976531982422e-01
9.019041856129964563e-01
8.991874456405639648e-01
9.038118322690328332e-01
9.081803560256958008e-01
9.042547742525736121e-01
9.184294342994689941e-01
9.132927854855855676e-01
9.141462047894796106e-01
9.224517742792764929e-01
9.285031557083129883e-01
9.323448737462362024e-01
9.306380152702331543e-01
9.326496124267578125e-01
9.327200253804525110e-01
9.396994908650716516e-01
9.371206760406494141e-01
9.444022576014200476e-01
9.475725094477335242e-01
9.453830917676290246e-01
9.527801076571146277e-01
9.662489891052246094e-01
9.687178929646810266e-01
9.562850594520568848e-01
9.474569757779439660e-01
9.587909380594888953e-01
9.871842463811238977e-01
9.634917179743448523e-01
9.720659653345743445e-01
9.871122638384500769e-01
9.857840935389200476e-01
9.785299698511759070e-01
9.714826345443725586e-01
9.686380028724670410e-01
9.739131927490234375e-01
9.952132304509481164e-01
9.977854887644449500e-01
9.840731024742126465e-01
9.946784575780233117e-01
9.947025775909423828e-01
9.997492631276448938e-01
9.929695129394531250e-01
9.911310474077860144e-01
9.965775410334268836e-01
9.979141950607299805e-01
9.948687553405761719e-01
1.007035692532857185e+00
1.013664821783701653e+00
1.005933264891306633e+00
1.018448273340861077e+00
1.009193797906239753e+00
1.012473483880360847e+00
1.009142200152079338e+00
1.013858735561370850e+00
1.028063674767812019e+00
1.016585548718770271e+00
1.016438921292622810e+00
1.033616344134012932e+00
1.035252531369527107e+00
1.035811384518941169e+00
1.027431666851043701e+00
1.026377697785695320e+00
1.027824481328328377e+00
1.030852019786834717e+00
1.049608866373697991e+00
1.060537060101826912e+00
1.055698951085408455e+00
1.037703514099121094e+00
1.037190039952595955e+00
1.042791922887166267e+00
1.040801326433817620e+00
1.043932278951009041e+00
1.035299420356750488e+00
1.050753752390543694e+00
1.059943437576293945e+00
1.058810412883758545e+00
1.040744304656982422e+00
1.031526009241739983e+00
1.028148889541625977e+00
1.038093407948811775e+00
1.051772534847259521e+00
1.064343810081481934e+00
1.068719704945882087e+00
1.067683935165405273e+00
1.073291977246602302e+00
1.055728197097778320e+00
1.058221260706583733e+00
1.070223569869995117e+00
1.062514921029408699e+00
1.064414978027343750e+00
1.064885973930358887e+00
1.065061867237091064e+00
1.076202869415283203e+00
1.076510906219482422e+00
1.076761841773986816e+00
1.076696276664733887e+00
1.071432709693908691e+00
1.076202472050984627e+00
1.071893533070882087e+00
1.078901449839274163e+00
1.074327190717061287e+00
1.074404040972391838e+00
1.091042319933573479e+00
1.085919777552286858e+00
1.079441507657368904e+00
1.073969682057698494e+00
1.078073441982269287e+00
1.086614012718200684e+00
1.090795040130615234e+00
1.097567439079284668e+00
1.096858223279317146e+00
1.093974431355794197e+00
1.095148881276448494e+00
1.071628113587697273e+00
1.075653394063313728e+00
1.092644651730855232e+00
1.100755572319030762e+00
1.099253177642822266e+00
1.091497222582499260e+00
1.096352497736613030e+00
1.096949934959411621e+00
1.098566532135009766e+00
1.090347011884053474e+00
1.092738350232442146e+00
1.097525238990783691e+00
1.102651397387186760e+00
1.107230703035990471e+00
1.112905303637186760e+00
1.110169847806294685e+00
1.108584721883137947e+00
1.110662619272867913e+00
1.109028855959574456e+00
1.106585661570231194e+00
1.103019396464030022e+00
1.105732599894205803e+00
1.106639107068379646e+00
1.116454680760701423e+00
1.117250959078470940e+00
1.118927597999572754e+00
1.116476813952128166e+00
1.116358757019042969e+00
1.117754379908243889e+00
1.114372213681538826e+00
1.114884773890177483e+00
1.113063613573710198e+00
1.117196043332417732e+00
1.114905635515848870e+00
1.104350606600443596e+00
1.114425182342529297e+00
1.120431105295817131e+00
1.129349152247111077e+00
1.132253328959147209e+00
1.125785072644551521e+00
1.125250418980916267e+00
1.124358216921488518e+00
1.128429094950358147e+00
1.133732914924621582e+00
1.132234613100687737e+00
1.130511562029520745e+00
1.143355925877888923e+00
1.124306639035542732e+00
1.121446172396342034e+00
1.131279150644938225e+00
1.134695132573445564e+00
1.127179741859436035e+00
1.127129594484965081e+00
1.134658177693684822e+00
1.133191068967183357e+00
1.128163258234659905e+00
1.128215909004211426e+00
1.139825304349263435e+00
1.140349229176839119e+00
1.134373108545939202e+00
1.136334061622619629e+00
1.145194729169209724e+00
1.139429370562235588e+00
1.144231239954630608e+00
1.153603712717692131e+00
1.141962647438049316e+00
1.149823307991027832e+00
1.153953790664672852e+00
1.148182868957519531e+00
1.144395112991333008e+00
1.140606284141540527e+00
1.150409181912739998e+00
1.138376235961914062e+00
1.142554601033528572e+00
1.145747741063435798e+00
1.150691072146097893e+00
1.153202056884765625e+00
1.155309955279032463e+00
1.154310584068298340e+00
1.145253698031107659e+00
1.156320571899414062e+00
1.147746801376342773e+00
1.159007350603739495e+00
1.158322175343831306e+00
1.151251951853434319e+00
1.163844108581542969e+00
1.157767097155253166e+00
1.152730345726013184e+00
1.145962039629618401e+00
1.150609016418457031e+00
1.151665925979614258e+00
1.161692221959431892e+00
1.160236557324727302e+00
1.157710989316304451e+00
1.157190044720967537e+00
1.161132017771403069e+00
1.162986397743225098e+00
1.168193260828654045e+00
1.164480527242024666e+00
1.164617896080017090e+00
1.154833316802978516e+00
1.156998435656229729e+00
1.168146888415018791e+00
1.168237169583638435e+00
1.172415296236674065e+00
1.168994347254435295e+00
1.166951934496561760e+00
1.169433593750000000e+00
1.167523860931396484e+00
1.166499535242716545e+00
1.165936032931010002e+00
1.164746999740600586e+00
1.167879144350687737e+00
1.168274243672688728e+00
1.173676133155822754e+00
1.175912896792093987e+00
1.177673061688740974e+00
1.164816697438557869e+00
1.179447730382283455e+00
1.130081256230672127e+00
1.175560871760050530e+00
1.198101282119750977e+00
1.183518131573994880e+00
1.180008649826049805e+00
1.173496683438618904e+00
1.178416411081949944e+00
1.181843519210815430e+00
1.189476569493611580e+00
1.188362757364908928e+00
1.180366834004719978e+00
1.168820778528849358e+00
1.175205826759338379e+00
1.181100050608317131e+00
1.188246488571166992e+00
1.187905152638753181e+00
1.193222482999165779e+00
1.200228333473205566e+00
1.190736850102742439e+00
1.189033985137939453e+00
1.185371994972229004e+00
1.185803492863972908e+00
1.185092727343241448e+00
1.185675342877705818e+00
1.182502826054890877e+00
1.186369299888610840e+00
1.195571422576904297e+00
1.193263769149780273e+00
1.191487868626912361e+00
1.191865762074788337e+00
1.196127653121948242e+00
1.191154400507609123e+00
1.188438137372334724e+00
1.191879550615946526e+00
1.195082585016886467e+00
1.198755462964375740e+00
1.185235420862833733e+00
1.194980541865030998e+00
1.196320732434590584e+00
1.191637118657429939e+00
1.190284570058186775e+00
1.189655661582946777e+00
1.195290048917134529e+00
1.196916103363037109e+00
1.198099295298258538e+00
1.194236358006795173e+00
1.199838121732075935e+00
1.205369194348653084e+00
1.199523170789082771e+00
1.201494375864664788e+00
1.198847174644470215e+00
1.199136455853780037e+00
1.200547218322753906e+00
1.196132183074951172e+00
1.198617378870646233e+00
1.195925553639729744e+00
1.200687090555826897e+00
1.198907971382141113e+00
1.204324046770731682e+00
1.198153813680012947e+00
1.201387325922648186e+00
1.198248147964477539e+00
1.201139688491821289e+00
1.205140511194864983e+00
1.203494707743326897e+00
1.199265480041503906e+00
1.190776824951171875e+00
1.195607662200927734e+00
1.198904832204182869e+00
1.201081355412801033e+00
1.194361805915832520e+00
1.206062912940979004e+00
1.210621436436970955e+00
1.211058656374613518e+00
1.212793866793314690e+00
1.210153619448343987e+00
1.214182456334431892e+00
1.205941001574198479e+00
1.206355094909667969e+00
1.214099089304606194e+00
1.206973910331726074e+00
1.201259414354960198e+00
1.207097649574279785e+00
1.219535748163859123e+00
1.209985295931498284e+00
1.215527534484863281e+00
1.210194269816080803e+00
1.213715155919392830e+00
1.218170841534932380e+00
1.217568159103393555e+00
1.221917033195495605e+00
1.216375589370727539e+00
1.220356027285258049e+00
1.216254194577534919e+00
1.209711392720540291e+00
1.212610363960266113e+00
1.210232814153035408e+00
1.214879075686136956e+00
1.216928124427795410e+00
1.220659653345743889e+00
1.216856082280476814e+00
1.212277293205261230e+00
1.210657755533854241e+00
1.211861173311869377e+00
1.210130413373311287e+00
1.213172475496927971e+00
1.211450815200805664e+00
1.211782256762186760e+00
1.226273218790690178e+00
1.219527721405029297e+00
1.219891746838887459e+00
1.219730019569396973e+00
1.218084335327148438e+00
1.218949238459269280e+00
1.221548755963643318e+00
1.225636084874470955e+00
1.222522974014282227e+00
1.218831618626912361e+00
1.222095886866251702e+00
1.218964775403340584e+00
1.221334616343180413e+00
1.228134473164876228e+00
1.224286635716756111e+00
1.225125551223754883e+00
1.217590371767679924e+00
1.226173718770344978e+00
1.221846421559651619e+00
1.223161498705546135e+00
1.227393309275309319e+00
1.225695013999938965e+00
1.225344379742940193e+00
1.226826906204223633e+00
1.225986480712890625e+00
1.224786003430684334e+00
1.219546397527058845e+00
1.218410730361938477e+00
1.217549721399943108e+00
1.218192537625630623e+00
1.218676964441935295e+00
1.215769092241923088e+00
1.212009231249491448e+00
1.218008796374003166e+00
1.215969562530517578e+00
1.213980436325073242e+00
1.217796444892883301e+00
1.219995896021525139e+00
1.222307284673054939e+00
1.224604328473408943e+00
1.229035019874572754e+00
1.226328333218892341e+00
1.218128085136413574e+00
1.229302406311035156e+00
1.225303490956624275e+00
1.224539796511332268e+00
1.220966657002766853e+00
1.222405711809794182e+00
1.219399690628051758e+00
1.220179835955301995e+00
1.220304131507873535e+00
1.228626529375712151e+00
1.221386432647705078e+00
1.220938126246134514e+00
1.223463376363118416e+00
1.222418308258056641e+00
1.222636739412943596e+00
1.217925310134887695e+00
1.217651605606079102e+00
1.213311235109965081e+00
1.218852996826171875e+00
1.222760597864786858e+00
1.219447096188863044e+00
1.218687415122985840e+00
1.220438679059346443e+00
1.231909036636352539e+00
1.224887847900390625e+00
1.223003705342610603e+00
1.224310874938964844e+00
1.218037883440653557e+00
1.228412906328837151e+00
1.221282243728637695e+00
1.221989075342814202e+00
1.219631274541219002e+00
1.218921065330505371e+00
1.225111603736877441e+00
1.226465940475463867e+00
1.225969433784484863e+00
1.219357649485270256e+00
1.218370318412780762e+00
1.219421585400899177e+00
1.219862262407938713e+00
1.227103749910990471e+00
1.222923080126444573e+00
1.220528841018676758e+00
1.224543650945027595e+00
1.222872694333394294e+00
1.216414690017700195e+00
1.215432842572530037e+00
1.219206651051839119e+00
1.225304524103800530e+00
1.223988453547159905e+00
1.229341109593709236e+00
1.220029393831888909e+00
1.233573436737060547e+00
1.231415629386901855e+00
1.221072117487589592e+00
1.212700088818867927e+00
1.218716025352478027e+00
1.219785610834757561e+00
1.224561770757039314e+00
1.222844560941060310e+00
1.222483396530151367e+00
1.217507561047871834e+00
1.227195302645365471e+00
1.219348073005676270e+00
1.232495188713073730e+00
1.238931536674499512e+00
1.224461118380228752e+00
1.219066421190897698e+00
1.221005558967590332e+00
1.218251625696818108e+00
1.224854866663614983e+00
1.214905103047688728e+00
1.222088297208150154e+00
1.220173478126525879e+00
1.221454739570617676e+00
1.215580781300862556e+00
1.214817643165588379e+00
1.224814573923746819e+00
1.224740346272786384e+00
1.226883212725321526e+00
1.224051753679911370e+00
1.224372426668802971e+00
1.216211160024007087e+00
1.218127965927124023e+00
1.222174008687337166e+00
1.220096548398335701e+00
1.220325112342834473e+00
1.219361861546834236e+00
1.217054486274719238e+00
1.223232825597127205e+00
1.223505536715189690e+00
1.221547047297159905e+00
1.223538796106974358e+00
1.225884119669596428e+00
1.216161886850992913e+00
1.221625288327534919e+00
1.222051064173380608e+00
1.220104138056437248e+00
1.221217473347981697e+00
1.233626763025919670e+00
1.228781461715698242e+00
1.229608257611592537e+00
1.224175095558166504e+00
1.212853233019510979e+00
1.216208696365356445e+00
1.223948081334431892e+00
1.226818799972534180e+00
1.224962790807088142e+00
1.231502612431844002e+00
1.219113270441691155e+00
1.221549908320109123e+00
1.227971871693928962e+00
1.224224328994750977e+00
1.218134721120198494e+00
1.229015429814656502e+00
1.228367447853088379e+00
1.227859576543172127e+00
1.224072813987731934e+00
1.222368081410725837e+00
1.221186439196268791e+00
1.229311108589172363e+00
1.230780919392903572e+00
1.234626134236653572e+00
1.234306454658508301e+00
1.229251464207967048e+00
1.231241106986999512e+00
1.227762778600056892e+00
1.228603402773539299e+00
1.224979718526204353e+00
1.222645004590352302e+00
1.219712932904561287e+00
1.223006327946980720e+00
1.228620251019795662e+00
1.233758568763732910e+00
1.231570919354756599e+00
1.227530996004740471e+00
1.222674330075581794e+00
1.219082315762837654e+00
1.228795607884724861e+00
1.222816228866577148e+00
1.232685327529907227e+00
1.227921088536580330e+00
1.229188044865926033e+00
1.227331638336181641e+00
1.226166089375813728e+00
1.228828787803649902e+00
1.224505583445231194e+00
1.226572235425313240e+00
1.233178933461507087e+00
1.224007368087768555e+00
1.227731386820475334e+00
1.220619837443033928e+00
1.230596582094828362e+00
1.225766738255818611e+00
1.224690834681193108e+00
1.221451759338378906e+00
1.232207735379536873e+00
1.230169534683227539e+00
1.229790528615315681e+00
1.221450845400492424e+00
1.225208520889282227e+00
1.222238739331563240e+00
1.225093960762023926e+00
1.224103768666585212e+00
1.231016556421915764e+00
1.223891536394755120e+00
1.229337135950724358e+00
1.228308876355489021e+00
1.230526049931844002e+00
1.232511599858601814e+00
1.236608028411865234e+00
1.233753561973571777e+00
1.237795273462931389e+00
1.226154486338297600e+00
1.235900521278381348e+00
1.232301791508992439e+00
1.232816219329833984e+00
1.237846374511718750e+00
1.237852374712626213e+00
1.232364217440287346e+00
1.234021226565043206e+00
1.235118190447489495e+00
1.239069223403930664e+00
1.233977715174357170e+00
1.237070759137471443e+00
1.246946851412455315e+00
1.241226156552632576e+00
1.240617553393046135e+00
1.236065586407979255e+00
1.237599770228068108e+00
1.239060282707214355e+00
1.235321958859761482e+00
1.244871338208516365e+00
1.244717717170715332e+00
1.236052314440409416e+00
1.236375093460083008e+00
1.236674825350443596e+00
1.248773654301961189e+00
1.250732183456420898e+00
1.242182374000549316e+00
1.254569292068481445e+00
1.249931971232096428e+00
1.258668144543965584e+00
1.246435364087422615e+00
1.245026985804239983e+00
1.234937866528828865e+00
1.245485504468281990e+00
1.246516744295756096e+00
1.257470409075419182e+00
1.259115179379781013e+00
1.248625119527180916e+00
1.245603164037068611e+00
1.249795993169148689e+00
1.250906984011332268e+00
1.258126934369405037e+00
1.266774495442708259e+00
1.235490401585896736e+00
1.911412676175435310e+00
1.518196622530619377e+00
1.479862173398335701e+00
1.357298334439595466e+00
1.161781946818033928e+00
1.268654783566792732e+00
1.198051691055297852e+00
1.189424633979797363e+00
1.205800414085388184e+00
1.184807419776916504e+00
1.175788640975952148e+00
1.172133922576904297e+00
1.173128604888916016e+00
1.175747990608215332e+00
1.178618470827738518e+00
1.178752978642781502e+00
1.183181603749593025e+00
1.178975502649943108e+00
1.185634692509969002e+00
1.184902469317118401e+00
1.183288733164469475e+00
1.186388572057088142e+00
1.184767564137776619e+00
1.187244415283203125e+00
1.189351439476013184e+00
1.194742838541666741e+00
1.195819973945617676e+00
1.193097511927286858e+00
1.200566053390502930e+00
1.197737534840901619e+00
1.203446308771769280e+00
1.202760338783264160e+00
1.201040108998616462e+00
1.197757879892985100e+00
1.178886930147806877e+00
1.173927148183186775e+00
1.197687506675720215e+00
1.211712797482808357e+00
1.214840968449910408e+00
1.215556820233662849e+00
1.214000145594279045e+00
1.214002768198649163e+00
1.214596152305603027e+00
1.205551147460937500e+00
1.205711563428242927e+00
1.206496993700663323e+00
1.214902997016906738e+00
1.211403807004292732e+00
1.217481931050618416e+00
1.215432961781819587e+00
1.219177484512329102e+00
1.224668463071187263e+00
1.221611618995666504e+00
1.221661527951558357e+00
1.224823713302612305e+00
1.231247226397196526e+00
1.233983039855957031e+00
1.227300484975178962e+00
1.233046531677246094e+00
1.226261178652445549e+00
1.228798508644104004e+00
1.236076951026916504e+00
1.234721302986145020e+00
1.241402705510457283e+00
1.231679836908976311e+00
1.231493711471557617e+00
1.226048787434895759e+00
1.237661679585774666e+00
1.237546523412068611e+00
1.232548832893371582e+00
1.237989068031311035e+00
1.238805810610453362e+00
1.242502331733703613e+00
1.239852666854858398e+00
1.246879975001017327e+00
1.245076417922973633e+00
1.249440352121989006e+00
1.241976221402486091e+00
1.251303513844807869e+00
1.248070478439331055e+00
1.256216843922932869e+00
1.254207690556844002e+00
1.244555075963338142e+00
1.253112117449442620e+00
1.258827408154805427e+00
1.264657616615295410e+00
1.267677187919616699e+00
1.259832739830017090e+00
1.255078832308451409e+00
1.253075281778971428e+00
1.258021036783854241e+00
1.258600950241088867e+00
1.266290227572123284e+00
1.267637888590494866e+00
1.269486983617146736e+00
1.270730177561442131e+00
1.273796200752258301e+00
1.268193840980529785e+00
1.260552048683166504e+00
1.267283876736958748e+00
1.267390727996826172e+00
1.262677669525146484e+00
1.261817971865336174e+00
1.266590595245361328e+00
1.268249313036600823e+00
1.276985804239908928e+00
1.278785069783528572e+00
1.279084245363871331e+00
1.276470581690470452e+00
1.274199803670247322e+00
1.267570455869038826e+00
1.281982501347859627e+00
1.282663226127624512e+00
1.284707466761271233e+00
1.272393703460693359e+00
1.277511517206827873e+00
1.283478617668151855e+00
1.292402148246765137e+00
1.295190374056498284e+00
1.282295306523640877e+00
1.283457875251770020e+00
1.282047470410664802e+00
1.289834419886271233e+00
1.291607419649760002e+00
1.292959968249003166e+00
1.293811877568562752e+00
1.293525377909342522e+00
1.290087620417277092e+00
1.299634257952372307e+00
1.291860183080037361e+00
1.301100810368855720e+00
1.295942107836405510e+00
1.292430559794108147e+00
1.288257916768391853e+00
1.294709881146748787e+00
1.309439301490783691e+00
1.303631703058878655e+00
1.310022513071696038e+00
1.306674480438232422e+00
1.314499060312906975e+00
1.321027835210164314e+00
1.308755914370218987e+00
1.302377065022786384e+00
1.310059309005737305e+00
1.316226323445637947e+00
1.315447290738423591e+00
1.312186201413472419e+00
1.316637754440307617e+00
1.307881792386372810e+00
1.318626523017883301e+00
1.315173943837483650e+00
1.319669961929321289e+00
1.317154765129089355e+00
1.324367880821228027e+00
1.328774611155192131e+00
1.323308110237121582e+00
1.316312074661254883e+00
1.320139845212300544e+00
1.320694247881571526e+00
1.324894428253173828e+00
1.331240812937418694e+00
1.321898579597473145e+00
1.327747901280720955e+00
1.331951260566711426e+00
1.328747272491455078e+00
1.322701970736185784e+00
1.329096476236979241e+00
1.330267588297526116e+00
1.327290455500284905e+00
1.333501140276591057e+00
1.345088402430216545e+00
1.340664386749267578e+00
1.338917136192321777e+00
1.331084171930948967e+00
1.325157483418782478e+00
1.337442795435587639e+00
1.344949722290039062e+00
1.347337444623311287e+00
1.349235415458679199e+00
1.351808746655781990e+00
1.346899271011352539e+00
1.347679694493611580e+00
1.349411765734354729e+00
1.350307186444600349e+00
1.348603010177612305e+00
1.347090482711791992e+00
1.351994156837463379e+00
1.353105982144673591e+00
1.355780005455017090e+00
1.347690622011820549e+00
1.347410639127095466e+00
1.351778745651245117e+00
1.357661604881286621e+00
1.359444816907246834e+00
1.357621471087137932e+00
1.357631921768188477e+00
1.349904894828796387e+00
1.354123075803120857e+00
1.362012545267740959e+00
1.350777586301167732e+00
1.350407719612121582e+00
1.348784248034159416e+00
1.349517107009887695e+00
1.357529640197753906e+00
1.355259577433268303e+00
1.357884844144185310e+00
1.360772649447123284e+00
1.357589403788248772e+00
1.368923942248026604e+00
1.363147656122843498e+00
1.365879535675048828e+00
1.374095877011616951e+00
1.372344414393107170e+00
1.372696717580159431e+00
1.378923495610554939e+00
1.371068835258483887e+00
1.364316105842590332e+00
1.373232285181681389e+00
1.373765905698140388e+00
1.375192801157633538e+00
1.378010511398315430e+00
1.383597254753112793e+00
1.378854314486185784e+00
1.384249329566955566e+00
1.390210390090942383e+00
1.379992922147114998e+00
1.388966043790181404e+00
1.388990203539530510e+00
1.386067589124043709e+00
1.385510047276814705e+00
1.388887008031209236e+00
1.390177289644877190e+00
1.391677141189575195e+00
1.387344678243001228e+00
1.384529630343119377e+00
1.390161395072937012e+00
1.381509542465209961e+00
1.390621423721313477e+00
1.400385260581970215e+00
1.397620439529418945e+00
1.395215074221293206e+00
1.395935495694478279e+00
1.406780799229939705e+00
1.391352931658426995e+00
1.397479693094889397e+00
1.396060387293497795e+00
1.405841986338297600e+00
1.398931026458740234e+00
1.394095500310261970e+00
1.387667814890543694e+00
1.394161383310953850e+00
1.412729859352111816e+00
1.409946163495381599e+00
1.403804063796997070e+00
1.410505493481953865e+00
1.421048760414123535e+00
1.423680623372395759e+00
1.418766736984252930e+00
1.416759888331095452e+00
1.417191425959269280e+00
1.423434456189473396e+00
1.420467813809712654e+00
1.424253741900126213e+00
1.416572531064351326e+00
1.420458634694417244e+00
1.425223469734191895e+00
1.418346126874287849e+00
1.424635648727416992e+00
1.428496122360229492e+00
1.424433310826619392e+00
1.418689767519633049e+00
1.429720600446065193e+00
1.432346741358439202e+00
1.429468750953674316e+00
1.431248148282368904e+00
1.435840765635172600e+00
1.433610916137695312e+00
1.427306930224100823e+00
1.436164657274882073e+00
1.445441047350565666e+00
1.441192150115966797e+00
1.446315288543701172e+00
1.437210241953531975e+00
1.442141215006510491e+00
1.435033440589904785e+00
1.439056793848673577e+00
1.433170994122823005e+00
1.434976259867350334e+00
1.438031752904256111e+00
1.431233684221903557e+00
1.433446407318115234e+00
1.424888849258422852e+00
1.433571974436442131e+00
1.428626219431559319e+00
1.430267492930094475e+00
1.435304323832194084e+00
1.445583740870157952e+00
1.442448139190673828e+00
1.442831516265869141e+00
1.452763756116231209e+00
1.451979517936706543e+00
1.441312193870544434e+00
1.430201689402262444e+00
1.441052277882893806e+00
1.440262317657470703e+00
1.446266372998555427e+00
1.444712797800699944e+00
1.438743114471435547e+00
1.434115727742512947e+00
1.429045399030049568e+00
1.438365221023559570e+00
1.437204639116923088e+00
1.446055531501770020e+00
1.446299711863199944e+00
1.449323018391927009e+00
1.443178455034891838e+00
1.446857134501139397e+00
1.441229502360026116e+00
1.440369566281636482e+00
1.450785319010416741e+00
1.449883500734965081e+00
1.452860275904337639e+00
1.454845110575358147e+00
1.465330203374226814e+00
1.472254236539204841e+00
1.467533946037292480e+00
1.481716632843017578e+00
1.477854092915852791e+00
1.476637442906697517e+00
1.470710317293802971e+00
1.467298944791157966e+00
1.467065175374348884e+00
1.474203586578369141e+00
1.478395462036132812e+00
1.469469825426737541e+00
1.466161727905273438e+00
1.473838686943054199e+00
1.471665143966674805e+00
1.478994846343994141e+00
1.467387835184733147e+00
1.464326500892639160e+00
1.468923330307006836e+00
1.470191081364949470e+00
1.470735112826029534e+00
1.467830975850423103e+00
1.462442159652709961e+00
1.464200417200724358e+00
1.464075605074564690e+00
1.473413189252217537e+00
1.479240258534749275e+00
1.462882081667582268e+00
1.463791807492573982e+00
1.470291932423909431e+00
1.466921607653300041e+00
1.467885494232177734e+00
1.466208775838216072e+00
