2.000000000000000111e-01
2.253333333333333299e-01
2.020000000000000129e-01
4.046666666666666745e-01
6.306666666666667087e-01
7.346666666666666901e-01
7.613333333333333064e-01
7.913333333333333330e-01
7.980000000000000426e-01
7.893333333333333313e-01
7.806666666666666199e-01
7.960000000000000409e-01
8.020000000000000462e-01
7.986666666666666359e-01
7.973333333333333384e-01
7.980000000000000426e-01
8.033333333333333437e-01
7.993333333333333401e-01
7.993333333333333401e-01
8.020000000000000462e-01
7.940000000000000391e-01
8.040000000000000480e-01
8.026666666666666394e-01
7.973333333333333384e-01
7.993333333333333401e-01
7.966666666666666341e-01
7.960000000000000409e-01
7.933333333333333348e-01
7.973333333333333384e-01
8.013333333333333419e-01
7.840000000000000302e-01
7.600000000000000089e-01
7.793333333333333224e-01
8.133333333333333526e-01
7.913333333333333330e-01
8.086666666666666448e-01
7.966666666666666341e-01
7.826666666666666217e-01
7.693333333333333135e-01
7.353333333333332833e-01
7.273333333333333872e-01
7.953333333333333366e-01
7.820000000000000284e-01
8.146666666666666501e-01
7.840000000000000302e-01
7.766666666666666163e-01
7.933333333333333348e-01
7.900000000000000355e-01
7.893333333333333313e-01
7.800000000000000266e-01
7.726666666666666128e-01
7.800000000000000266e-01
7.806666666666666199e-01
7.846666666666666234e-01
7.880000000000000338e-01
7.846666666666666234e-01
7.860000000000000320e-01
7.853333333333333277e-01
7.860000000000000320e-01
7.833333333333333259e-01
7.853333333333333277e-01
7.853333333333333277e-01
7.860000000000000320e-01
7.840000000000000302e-01
7.886666666666666270e-01
7.906666666666666288e-01
7.873333333333333295e-01
7.853333333333333277e-01
7.860000000000000320e-01
7.900000000000000355e-01
7.873333333333333295e-01
7.893333333333333313e-01
7.906666666666666288e-01
7.906666666666666288e-01
7.920000000000000373e-01
7.866666666666666252e-01
7.906666666666666288e-01
7.933333333333333348e-01
7.940000000000000391e-01
7.933333333333333348e-01
7.933333333333333348e-01
7.913333333333333330e-01
7.900000000000000355e-01
7.913333333333333330e-01
7.920000000000000373e-01
7.953333333333333366e-01
7.933333333333333348e-01
7.953333333333333366e-01
7.926666666666666305e-01
7.926666666666666305e-01
7.933333333333333348e-01
7.900000000000000355e-01
7.846666666666666234e-01
7.860000000000000320e-01
7.880000000000000338e-01
7.886666666666666270e-01
7.913333333333333330e-01
7.880000000000000338e-01
7.880000000000000338e-01
7.886666666666666270e-01
7.860000000000000320e-01
7.913333333333333330e-01
7.893333333333333313e-01
7.866666666666666252e-01
7.893333333333333313e-01
7.906666666666666288e-01
7.926666666666666305e-01
7.920000000000000373e-01
7.933333333333333348e-01
7.913333333333333330e-01
7.926666666666666305e-01
7.933333333333333348e-01
7.926666666666666305e-01
7.933333333333333348e-01
7.933333333333333348e-01
7.920000000000000373e-01
7.940000000000000391e-01
7.953333333333333366e-01
7.946666666666666323e-01
7.906666666666666288e-01
7.933333333333333348e-01
7.926666666666666305e-01
7.960000000000000409e-01
7.946666666666666323e-01
7.933333333333333348e-01
7.906666666666666288e-01
7.920000000000000373e-01
7.933333333333333348e-01
7.926666666666666305e-01
7.940000000000000391e-01
7.920000000000000373e-01
7.920000000000000373e-01
7.940000000000000391e-01
7.933333333333333348e-01
7.953333333333333366e-01
7.953333333333333366e-01
7.933333333333333348e-01
7.880000000000000338e-01
7.913333333333333330e-01
7.953333333333333366e-01
7.946666666666666323e-01
7.933333333333333348e-01
7.933333333333333348e-01
7.926666666666666305e-01
7.980000000000000426e-01
7.946666666666666323e-01
7.940000000000000391e-01
7.920000000000000373e-01
7.920000000000000373e-01
7.933333333333333348e-01
7.933333333333333348e-01
7.926666666666666305e-01
7.926666666666666305e-01
7.920000000000000373e-01
7.913333333333333330e-01
7.920000000000000373e-01
7.906666666666666288e-01
7.933333333333333348e-01
7.933333333333333348e-01
7.933333333333333348e-01
7.933333333333333348e-01
7.920000000000000373e-01
7.920000000000000373e-01
7.933333333333333348e-01
7.946666666666666323e-01
7.933333333333333348e-01
7.913333333333333330e-01
7.946666666666666323e-01
7.960000000000000409e-01
7.920000000000000373e-01
7.900000000000000355e-01
7.913333333333333330e-01
7.940000000000000391e-01
7.906666666666666288e-01
7.920000000000000373e-01
7.933333333333333348e-01
7.913333333333333330e-01
7.933333333333333348e-01
7.940000000000000391e-01
7.940000000000000391e-01
7.913333333333333330e-01
7.933333333333333348e-01
7.953333333333333366e-01
7.960000000000000409e-01
7.926666666666666305e-01
7.933333333333333348e-01
7.926666666666666305e-01
7.926666666666666305e-01
7.920000000000000373e-01
7.960000000000000409e-01
7.953333333333333366e-01
7.946666666666666323e-01
7.926666666666666305e-01
7.933333333333333348e-01
7.900000000000000355e-01
7.933333333333333348e-01
7.926666666666666305e-01
7.953333333333333366e-01
7.933333333333333348e-01
7.933333333333333348e-01
7.920000000000000373e-01
7.900000000000000355e-01
7.933333333333333348e-01
7.933333333333333348e-01
7.906666666666666288e-01
7.926666666666666305e-01
7.940000000000000391e-01
7.980000000000000426e-01
7.913333333333333330e-01
7.926666666666666305e-01
7.933333333333333348e-01
7.940000000000000391e-01
7.953333333333333366e-01
7.940000000000000391e-01
7.973333333333333384e-01
7.933333333333333348e-01
7.953333333333333366e-01
7.960000000000000409e-01
7.946666666666666323e-01
7.960000000000000409e-01
7.946666666666666323e-01
7.960000000000000409e-01
7.953333333333333366e-01
7.926666666666666305e-01
7.940000000000000391e-01
7.940000000000000391e-01
7.940000000000000391e-01
7.940000000000000391e-01
7.953333333333333366e-01
7.946666666666666323e-01
7.920000000000000373e-01
7.913333333333333330e-01
7.886666666666666270e-01
7.906666666666666288e-01
7.900000000000000355e-01
7.900000000000000355e-01
7.906666666666666288e-01
7.946666666666666323e-01
7.933333333333333348e-01
7.913333333333333330e-01
7.913333333333333330e-01
7.933333333333333348e-01
7.920000000000000373e-01
7.933333333333333348e-01
7.913333333333333330e-01
7.933333333333333348e-01
7.933333333333333348e-01
7.926666666666666305e-01
7.926666666666666305e-01
7.913333333333333330e-01
7.933333333333333348e-01
7.933333333333333348e-01
7.906666666666666288e-01
7.926666666666666305e-01
7.913333333333333330e-01
7.933333333333333348e-01
7.926666666666666305e-01
7.953333333333333366e-01
7.933333333333333348e-01
7.933333333333333348e-01
7.953333333333333366e-01
7.913333333333333330e-01
7.940000000000000391e-01
7.913333333333333330e-01
7.913333333333333330e-01
7.933333333333333348e-01
7.933333333333333348e-01
7.913333333333333330e-01
7.926666666666666305e-01
7.940000000000000391e-01
7.946666666666666323e-01
7.946666666666666323e-01
7.920000000000000373e-01
7.933333333333333348e-01
7.926666666666666305e-01
7.926666666666666305e-01
7.940000000000000391e-01
7.953333333333333366e-01
7.966666666666666341e-01
7.946666666666666323e-01
7.940000000000000391e-01
7.933333333333333348e-01
7.913333333333333330e-01
7.946666666666666323e-01
7.926666666666666305e-01
7.893333333333333313e-01
7.913333333333333330e-01
7.906666666666666288e-01
7.920000000000000373e-01
7.940000000000000391e-01
7.940000000000000391e-01
7.926666666666666305e-01
7.920000000000000373e-01
7.946666666666666323e-01
7.926666666666666305e-01
7.933333333333333348e-01
7.940000000000000391e-01
7.940000000000000391e-01
7.933333333333333348e-01
7.933333333333333348e-01
7.940000000000000391e-01
7.933333333333333348e-01
7.953333333333333366e-01
7.940000000000000391e-01
7.933333333333333348e-01
7.913333333333333330e-01
7.920000000000000373e-01
7.913333333333333330e-01
7.913333333333333330e-01
7.926666666666666305e-01
7.926666666666666305e-01
7.946666666666666323e-01
7.940000000000000391e-01
7.920000000000000373e-01
7.940000000000000391e-01
7.920000000000000373e-01
7.933333333333333348e-01
7.966666666666666341e-01
7.926666666666666305e-01
7.933333333333333348e-01
7.926666666666666305e-01
7.920000000000000373e-01
7.933333333333333348e-01
7.926666666666666305e-01
7.933333333333333348e-01
7.913333333333333330e-01
7.920000000000000373e-01
7.920000000000000373e-01
7.913333333333333330e-01
7.926666666666666305e-01
7.940000000000000391e-01
7.920000000000000373e-01
7.920000000000000373e-01
7.926666666666666305e-01
7.946666666666666323e-01
7.973333333333333384e-01
7.933333333333333348e-01
7.940000000000000391e-01
7.920000000000000373e-01
7.940000000000000391e-01
7.953333333333333366e-01
7.926666666666666305e-01
7.946666666666666323e-01
7.913333333333333330e-01
7.940000000000000391e-01
7.940000000000000391e-01
7.946666666666666323e-01
7.933333333333333348e-01
7.973333333333333384e-01
7.980000000000000426e-01
7.933333333333333348e-01
7.926666666666666305e-01
7.926666666666666305e-01
7.913333333333333330e-01
7.893333333333333313e-01
7.920000000000000373e-01
7.933333333333333348e-01
7.933333333333333348e-01
7.900000000000000355e-01
7.893333333333333313e-01
7.920000000000000373e-01
7.886666666666666270e-01
7.926666666666666305e-01
7.893333333333333313e-01
7.920000000000000373e-01
7.906666666666666288e-01
7.926666666666666305e-01
7.940000000000000391e-01
7.926666666666666305e-01
7.926666666666666305e-01
7.920000000000000373e-01
7.920000000000000373e-01
7.906666666666666288e-01
7.926666666666666305e-01
7.953333333333333366e-01
7.920000000000000373e-01
7.940000000000000391e-01
7.906666666666666288e-01
7.940000000000000391e-01
7.946666666666666323e-01
7.946666666666666323e-01
7.933333333333333348e-01
7.953333333333333366e-01
7.933333333333333348e-01
7.933333333333333348e-01
7.933333333333333348e-01
7.920000000000000373e-01
7.933333333333333348e-01
7.940000000000000391e-01
7.920000000000000373e-01
7.940000000000000391e-01
7.940000000000000391e-01
7.926666666666666305e-01
7.926666666666666305e-01
7.946666666666666323e-01
7.940000000000000391e-01
7.926666666666666305e-01
7.940000000000000391e-01
7.933333333333333348e-01
7.920000000000000373e-01
7.933333333333333348e-01
7.940000000000000391e-01
7.933333333333333348e-01
7.946666666666666323e-01
7.946666666666666323e-01
7.926666666666666305e-01
7.913333333333333330e-01
7.940000000000000391e-01
7.933333333333333348e-01
7.933333333333333348e-01
7.946666666666666323e-01
7.953333333333333366e-01
7.926666666666666305e-01
7.926666666666666305e-01
7.926666666666666305e-01
7.966666666666666341e-01
7.946666666666666323e-01
7.933333333333333348e-01
7.960000000000000409e-01
7.946666666666666323e-01
7.946666666666666323e-01
7.940000000000000391e-01
7.926666666666666305e-01
7.946666666666666323e-01
7.946666666666666323e-01
7.953333333333333366e-01
7.940000000000000391e-01
7.946666666666666323e-01
7.946666666666666323e-01
7.940000000000000391e-01
7.946666666666666323e-01
7.933333333333333348e-01
7.926666666666666305e-01
7.953333333333333366e-01
7.946666666666666323e-01
7.940000000000000391e-01
7.940000000000000391e-01
7.926666666666666305e-01
7.920000000000000373e-01
7.920000000000000373e-01
7.940000000000000391e-01
7.933333333333333348e-01
7.953333333333333366e-01
7.933333333333333348e-01
7.933333333333333348e-01
7.953333333333333366e-01
7.953333333333333366e-01
7.933333333333333348e-01
7.933333333333333348e-01
7.953333333333333366e-01
7.946666666666666323e-01
7.913333333333333330e-01
7.920000000000000373e-01
7.953333333333333366e-01
7.960000000000000409e-01
7.966666666666666341e-01
7.920000000000000373e-01
7.933333333333333348e-01
7.893333333333333313e-01
7.933333333333333348e-01
7.946666666666666323e-01
7.940000000000000391e-01
7.940000000000000391e-01
7.933333333333333348e-01
7.946666666666666323e-01
7.933333333333333348e-01
7.933333333333333348e-01
7.926666666666666305e-01
7.920000000000000373e-01
7.933333333333333348e-01
7.966666666666666341e-01
7.940000000000000391e-01
7.933333333333333348e-01
7.953333333333333366e-01
7.946666666666666323e-01
7.960000000000000409e-01
7.933333333333333348e-01
7.926666666666666305e-01
7.913333333333333330e-01
7.920000000000000373e-01
7.920000000000000373e-01
7.913333333333333330e-01
7.933333333333333348e-01
7.960000000000000409e-01
7.940000000000000391e-01
7.966666666666666341e-01
7.960000000000000409e-01
7.933333333333333348e-01
7.946666666666666323e-01
7.926666666666666305e-01
7.906666666666666288e-01
7.920000000000000373e-01
7.920000000000000373e-01
7.880000000000000338e-01
7.920000000000000373e-01
7.933333333333333348e-01
7.946666666666666323e-01
7.946666666666666323e-01
7.940000000000000391e-01
7.953333333333333366e-01
7.960000000000000409e-01
7.946666666666666323e-01
7.946666666666666323e-01
7.960000000000000409e-01
7.953333333333333366e-01
7.926666666666666305e-01
7.940000000000000391e-01
7.940000000000000391e-01
7.913333333333333330e-01
7.946666666666666323e-01
7.946666666666666323e-01
7.940000000000000391e-01
7.933333333333333348e-01
7.940000000000000391e-01
7.946666666666666323e-01
7.953333333333333366e-01
7.953333333333333366e-01
7.946666666666666323e-01
7.933333333333333348e-01
7.946666666666666323e-01
7.926666666666666305e-01
7.933333333333333348e-01
7.960000000000000409e-01
7.920000000000000373e-01
7.946666666666666323e-01
7.940000000000000391e-01
7.913333333333333330e-01
7.900000000000000355e-01
7.920000000000000373e-01
7.920000000000000373e-01
7.940000000000000391e-01
7.926666666666666305e-01
7.953333333333333366e-01
7.946666666666666323e-01
7.960000000000000409e-01
7.953333333333333366e-01
7.933333333333333348e-01
7.946666666666666323e-01
7.953333333333333366e-01
7.980000000000000426e-01
7.946666666666666323e-01
7.946666666666666323e-01
7.913333333333333330e-01
7.920000000000000373e-01
7.946666666666666323e-01
7.946666666666666323e-01
7.933333333333333348e-01
7.926666666666666305e-01
7.926666666666666305e-01
7.933333333333333348e-01
7.926666666666666305e-01
7.913333333333333330e-01
7.946666666666666323e-01
7.926666666666666305e-01
7.940000000000000391e-01
7.913333333333333330e-01
7.913333333333333330e-01
7.946666666666666323e-01
7.933333333333333348e-01
7.933333333333333348e-01
7.926666666666666305e-01
7.920000000000000373e-01
7.920000000000000373e-01
7.920000000000000373e-01
7.933333333333333348e-01
7.940000000000000391e-01
7.906666666666666288e-01
7.926666666666666305e-01
7.920000000000000373e-01
7.926666666666666305e-01
7.953333333333333366e-01
7.953333333333333366e-01
7.940000000000000391e-01
7.933333333333333348e-01
7.946666666666666323e-01
7.920000000000000373e-01
7.953333333333333366e-01
7.946666666666666323e-01
7.946666666666666323e-01
7.966666666666666341e-01
7.960000000000000409e-01
7.906666666666666288e-01
7.953333333333333366e-01
7.926666666666666305e-01
7.926666666666666305e-01
7.906666666666666288e-01
7.940000000000000391e-01
7.953333333333333366e-01
7.926666666666666305e-01
7.940000000000000391e-01
7.953333333333333366e-01
7.946666666666666323e-01
7.933333333333333348e-01
7.946666666666666323e-01
7.933333333333333348e-01
7.940000000000000391e-01
7.933333333333333348e-01
7.926666666666666305e-01
7.933333333333333348e-01
7.933333333333333348e-01
7.933333333333333348e-01
7.946666666666666323e-01
7.973333333333333384e-01
7.946666666666666323e-01
7.960000000000000409e-01
7.960000000000000409e-01
7.960000000000000409e-01
7.940000000000000391e-01
7.933333333333333348e-01
7.920000000000000373e-01
7.933333333333333348e-01
7.966666666666666341e-01
7.946666666666666323e-01
7.940000000000000391e-01
7.946666666666666323e-01
7.946666666666666323e-01
7.940000000000000391e-01
7.920000000000000373e-01
7.960000000000000409e-01
7.960000000000000409e-01
7.933333333333333348e-01
7.906666666666666288e-01
7.946666666666666323e-01
7.933333333333333348e-01
7.986666666666666359e-01
7.926666666666666305e-01
7.940000000000000391e-01
7.940000000000000391e-01
7.920000000000000373e-01
7.946666666666666323e-01
7.953333333333333366e-01
7.940000000000000391e-01
7.933333333333333348e-01
7.926666666666666305e-01
7.940000000000000391e-01
7.926666666666666305e-01
7.913333333333333330e-01
7.920000000000000373e-01
7.960000000000000409e-01
7.940000000000000391e-01
7.940000000000000391e-01
7.920000000000000373e-01
7.913333333333333330e-01
7.940000000000000391e-01
7.926666666666666305e-01
7.960000000000000409e-01
7.893333333333333313e-01
7.933333333333333348e-01
7.953333333333333366e-01
7.933333333333333348e-01
7.940000000000000391e-01
7.940000000000000391e-01
7.926666666666666305e-01
7.920000000000000373e-01
7.933333333333333348e-01
7.946666666666666323e-01
7.953333333333333366e-01
7.920000000000000373e-01
7.933333333333333348e-01
7.913333333333333330e-01
7.926666666666666305e-01
7.933333333333333348e-01
7.926666666666666305e-01
7.940000000000000391e-01
7.953333333333333366e-01
7.933333333333333348e-01
7.940000000000000391e-01
7.953333333333333366e-01
7.946666666666666323e-01
7.926666666666666305e-01
7.940000000000000391e-01
7.940000000000000391e-01
7.946666666666666323e-01
7.960000000000000409e-01
7.926666666666666305e-01
7.926666666666666305e-01
7.966666666666666341e-01
7.980000000000000426e-01
7.980000000000000426e-01
7.960000000000000409e-01
7.946666666666666323e-01
7.953333333333333366e-01
7.960000000000000409e-01
7.940000000000000391e-01
7.966666666666666341e-01
7.933333333333333348e-01
7.953333333333333366e-01
7.940000000000000391e-01
7.933333333333333348e-01
7.860000000000000320e-01
7.893333333333333313e-01
7.960000000000000409e-01
7.953333333333333366e-01
7.926666666666666305e-01
7.940000000000000391e-01
7.933333333333333348e-01
7.913333333333333330e-01
7.933333333333333348e-01
7.933333333333333348e-01
7.920000000000000373e-01
7.933333333333333348e-01
7.913333333333333330e-01
7.940000000000000391e-01
7.913333333333333330e-01
7.913333333333333330e-01
7.946666666666666323e-01
7.946666666666666323e-01
7.940000000000000391e-01
7.933333333333333348e-01
7.946666666666666323e-01
7.933333333333333348e-01
7.960000000000000409e-01
7.940000000000000391e-01
7.966666666666666341e-01
7.986666666666666359e-01
7.940000000000000391e-01
7.953333333333333366e-01
7.966666666666666341e-01
7.966666666666666341e-01
7.980000000000000426e-01
7.980000000000000426e-01
7.960000000000000409e-01
7.966666666666666341e-01
7.953333333333333366e-01
7.966666666666666341e-01
7.933333333333333348e-01
7.953333333333333366e-01
7.960000000000000409e-01
7.933333333333333348e-01
7.933333333333333348e-01
7.953333333333333366e-01
7.973333333333333384e-01
7.946666666666666323e-01
7.940000000000000391e-01
7.933333333333333348e-01
7.966666666666666341e-01
7.960000000000000409e-01
7.953333333333333366e-01
7.933333333333333348e-01
7.953333333333333366e-01
7.940000000000000391e-01
7.940000000000000391e-01
7.960000000000000409e-01
7.953333333333333366e-01
7.960000000000000409e-01
7.933333333333333348e-01
7.940000000000000391e-01
7.926666666666666305e-01
7.953333333333333366e-01
7.946666666666666323e-01
7.920000000000000373e-01
7.926666666666666305e-01
7.940000000000000391e-01
7.926666666666666305e-01
7.953333333333333366e-01
7.946666666666666323e-01
7.953333333333333366e-01
7.940000000000000391e-01
7.953333333333333366e-01
7.980000000000000426e-01
7.920000000000000373e-01
7.920000000000000373e-01
7.933333333333333348e-01
7.960000000000000409e-01
7.973333333333333384e-01
7.973333333333333384e-01
7.980000000000000426e-01
7.966666666666666341e-01
7.980000000000000426e-01
7.966666666666666341e-01
7.913333333333333330e-01
7.933333333333333348e-01
7.953333333333333366e-01
7.966666666666666341e-01
7.906666666666666288e-01
7.913333333333333330e-01
7.966666666666666341e-01
7.940000000000000391e-01
7.926666666666666305e-01
7.940000000000000391e-01
7.920000000000000373e-01
7.973333333333333384e-01
7.973333333333333384e-01
7.960000000000000409e-01
7.946666666666666323e-01
7.940000000000000391e-01
7.940000000000000391e-01
7.926666666666666305e-01
7.913333333333333330e-01
7.966666666666666341e-01
7.920000000000000373e-01
7.940000000000000391e-01
7.960000000000000409e-01
7.953333333333333366e-01
7.940000000000000391e-01
7.953333333333333366e-01
7.926666666666666305e-01
7.960000000000000409e-01
7.946666666666666323e-01
7.960000000000000409e-01
7.953333333333333366e-01
7.966666666666666341e-01
7.966666666666666341e-01
7.966666666666666341e-01
7.953333333333333366e-01
7.940000000000000391e-01
7.960000000000000409e-01
7.953333333333333366e-01
7.980000000000000426e-01
7.980000000000000426e-01
7.980000000000000426e-01
7.953333333333333366e-01
7.953333333333333366e-01
7.913333333333333330e-01
7.953333333333333366e-01
7.953333333333333366e-01
7.953333333333333366e-01
7.933333333333333348e-01
7.980000000000000426e-01
7.980000000000000426e-01
7.953333333333333366e-01
7.940000000000000391e-01
7.966666666666666341e-01
7.966666666666666341e-01
7.953333333333333366e-01
7.966666666666666341e-01
7.953333333333333366e-01
7.986666666666666359e-01
7.973333333333333384e-01
7.980000000000000426e-01
7.960000000000000409e-01
7.966666666666666341e-01
7.960000000000000409e-01
7.940000000000000391e-01
7.953333333333333366e-01
7.966666666666666341e-01
7.953333333333333366e-01
7.953333333333333366e-01
7.946666666666666323e-01
7.966666666666666341e-01
7.980000000000000426e-01
7.953333333333333366e-01
7.966666666666666341e-01
7.980000000000000426e-01
7.973333333333333384e-01
7.953333333333333366e-01
7.966666666666666341e-01
7.940000000000000391e-01
7.953333333333333366e-01
7.940000000000000391e-01
7.973333333333333384e-01
7.960000000000000409e-01
7.973333333333333384e-01
7.953333333333333366e-01
7.946666666666666323e-01
7.920000000000000373e-01
7.960000000000000409e-01
7.980000000000000426e-01
7.940000000000000391e-01
7.940000000000000391e-01
7.960000000000000409e-01
7.960000000000000409e-01
7.946666666666666323e-01
7.953333333333333366e-01
7.946666666666666323e-01
7.946666666666666323e-01
7.946666666666666323e-01
7.933333333333333348e-01
7.960000000000000409e-01
7.953333333333333366e-01
7.940000000000000391e-01
7.926666666666666305e-01
7.946666666666666323e-01
7.940000000000000391e-01
7.940000000000000391e-01
7.966666666666666341e-01
7.966666666666666341e-01
7.953333333333333366e-01
7.966666666666666341e-01
7.960000000000000409e-01
7.953333333333333366e-01
7.993333333333333401e-01
7.960000000000000409e-01
7.953333333333333366e-01
7.946666666666666323e-01
7.966666666666666341e-01
7.953333333333333366e-01
7.953333333333333366e-01
7.960000000000000409e-01
7.960000000000000409e-01
7.973333333333333384e-01
7.953333333333333366e-01
7.960000000000000409e-01
7.960000000000000409e-01
7.960000000000000409e-01
7.920000000000000373e-01
7.926666666666666305e-01
7.953333333333333366e-01
7.973333333333333384e-01
7.960000000000000409e-01
7.966666666666666341e-01
7.960000000000000409e-01
7.960000000000000409e-01
7.966666666666666341e-01
7.960000000000000409e-01
7.966666666666666341e-01
7.973333333333333384e-01
7.980000000000000426e-01
7.946666666666666323e-01
7.940000000000000391e-01
7.953333333333333366e-01
7.980000000000000426e-01
7.966666666666666341e-01
7.966666666666666341e-01
7.973333333333333384e-01
7.980000000000000426e-01
7.940000000000000391e-01
7.953333333333333366e-01
7.966666666666666341e-01
7.960000000000000409e-01
7.980000000000000426e-01
7.966666666666666341e-01
7.946666666666666323e-01
7.966666666666666341e-01
7.960000000000000409e-01
7.973333333333333384e-01
7.973333333333333384e-01
7.966666666666666341e-01
7.980000000000000426e-01
7.960000000000000409e-01
7.966666666666666341e-01
7.960000000000000409e-01
7.953333333333333366e-01
7.933333333333333348e-01
7.960000000000000409e-01
7.966666666666666341e-01
7.960000000000000409e-01
7.960000000000000409e-01
7.953333333333333366e-01
7.986666666666666359e-01
8.000000000000000444e-01
7.980000000000000426e-01
7.966666666666666341e-01
7.980000000000000426e-01
7.960000000000000409e-01
7.953333333333333366e-01
7.940000000000000391e-01
7.960000000000000409e-01
7.953333333333333366e-01
7.946666666666666323e-01
7.926666666666666305e-01
7.906666666666666288e-01
7.946666666666666323e-01
7.960000000000000409e-01
7.993333333333333401e-01
7.966666666666666341e-01
7.980000000000000426e-01
7.960000000000000409e-01
7.986666666666666359e-01
7.973333333333333384e-01
8.000000000000000444e-01
7.993333333333333401e-01
7.986666666666666359e-01
8.040000000000000480e-01
8.006666666666666377e-01
7.980000000000000426e-01
7.980000000000000426e-01
7.973333333333333384e-01
7.946666666666666323e-01
7.946666666666666323e-01
7.980000000000000426e-01
7.973333333333333384e-01
7.966666666666666341e-01
7.960000000000000409e-01
7.946666666666666323e-01
7.960000000000000409e-01
7.960000000000000409e-01
7.966666666666666341e-01
7.980000000000000426e-01
7.946666666666666323e-01
7.960000000000000409e-01
7.940000000000000391e-01
7.940000000000000391e-01
7.960000000000000409e-01
7.966666666666666341e-01
7.973333333333333384e-01
7.973333333333333384e-01
7.973333333333333384e-01
7.980000000000000426e-01
7.986666666666666359e-01
7.980000000000000426e-01
7.973333333333333384e-01
7.980000000000000426e-01
7.973333333333333384e-01
7.973333333333333384e-01
7.966666666666666341e-01
7.966666666666666341e-01
7.953333333333333366e-01
7.980000000000000426e-01
7.973333333333333384e-01
7.980000000000000426e-01
