5.000000000000000278e-02
5.000000000000000278e-02
5.000000000000000278e-02
5.000000000000000278e-02
5.000000000000000278e-02
4.975000000000000255e-02
5.000000000000000278e-02
5.025000000000000300e-02
4.925000000000000211e-02
6.024999999999999800e-02
7.349999999999999589e-02
8.400000000000000522e-02
1.257500000000000007e-01
1.680000000000000104e-01
2.064999999999999891e-01
2.602499999999999813e-01
3.272499999999999853e-01
3.232499999999999818e-01
3.077500000000000235e-01
3.315000000000000169e-01
4.162500000000000089e-01
3.912499999999999867e-01
3.842499999999999805e-01
3.230000000000000093e-01
4.224999999999999867e-01
3.955000000000000182e-01
3.362499999999999933e-01
4.204999999999999849e-01
4.692500000000000004e-01
2.525000000000000022e-01
5.114999999999999547e-01
4.279999999999999916e-01
5.234999999999999654e-01
4.587499999999999911e-01
5.084999999999999520e-01
5.520000000000000462e-01
3.887499999999999845e-01
3.227499999999999813e-01
3.935000000000000164e-01
4.392499999999999738e-01
5.044999999999999485e-01
4.919999999999999929e-01
5.852500000000000480e-01
5.097500000000000364e-01
6.239999999999999991e-01
6.527500000000000524e-01
5.697499999999999787e-01
4.702500000000000013e-01
5.627499999999999725e-01
5.470000000000000417e-01
5.030000000000000027e-01
6.514999999999999680e-01
5.537499999999999645e-01
6.057500000000000107e-01
5.420000000000000373e-01
5.695000000000000062e-01
4.907500000000000195e-01
6.017500000000000071e-01
6.460000000000000187e-01
6.582500000000000018e-01
5.220000000000000195e-01
5.494999999999999885e-01
4.864999999999999880e-01
6.552499999999999991e-01
3.509999999999999787e-01
4.069999999999999729e-01
5.742500000000000382e-01
4.079999999999999738e-01
5.192499999999999893e-01
4.112500000000000044e-01
5.717499999999999805e-01
3.632500000000000173e-01
6.254999999999999449e-01
6.560000000000000275e-01
5.685000000000000053e-01
5.785000000000000142e-01
4.537499999999999867e-01
4.000000000000000222e-01
5.237500000000000488e-01
6.350000000000000089e-01
6.105000000000000426e-01
5.689999999999999503e-01
5.360000000000000320e-01
6.897499999999999742e-01
6.142499999999999627e-01
6.537500000000000533e-01
6.414999999999999591e-01
6.202499999999999680e-01
6.952500000000000346e-01
7.167499999999999982e-01
4.969999999999999973e-01
6.620000000000000329e-01
6.642500000000000071e-01
7.207500000000000018e-01
6.470000000000000195e-01
6.342499999999999805e-01
7.095000000000000195e-01
5.867499999999999938e-01
6.714999999999999858e-01
6.129999999999999893e-01
4.154999999999999805e-01
4.622499999999999942e-01
4.570000000000000173e-01
5.060000000000000053e-01
5.552500000000000213e-01
6.035000000000000364e-01
4.347500000000000253e-01
6.840000000000000524e-01
6.087500000000000133e-01
6.107500000000000151e-01
6.899999999999999467e-01
5.537499999999999645e-01
7.112500000000000488e-01
6.647499999999999520e-01
5.584999999999999964e-01
5.397499999999999520e-01
5.572500000000000231e-01
6.232499999999999707e-01
4.959999999999999964e-01
7.047499999999999876e-01
3.717500000000000249e-01
5.330000000000000293e-01
3.845000000000000084e-01
4.782500000000000084e-01
6.115000000000000435e-01
6.352499999999999813e-01
6.830000000000000515e-01
4.987500000000000266e-01
7.129999999999999671e-01
6.820000000000000506e-01
5.052499999999999769e-01
5.074999999999999512e-01
5.625000000000000000e-01
7.007499999999999840e-01
6.464999999999999636e-01
5.677499999999999769e-01
5.174999999999999600e-01
6.192499999999999671e-01
7.492499999999999716e-01
6.242499999999999716e-01
4.682499999999999996e-01
4.087500000000000022e-01
6.640000000000000346e-01
6.547500000000000542e-01
7.399999999999999911e-01
7.554999999999999494e-01
6.707499999999999574e-01
7.212499999999999467e-01
5.307500000000000551e-01
6.237500000000000266e-01
6.554999999999999716e-01
7.974999999999999867e-01
4.089999999999999747e-01
3.857499999999999818e-01
5.017500000000000293e-01
6.397500000000000409e-01
5.867499999999999938e-01
6.814999999999999947e-01
7.345000000000000417e-01
5.965000000000000302e-01
6.324999999999999512e-01
6.075000000000000400e-01
7.697500000000000453e-01
7.087499999999999911e-01
6.362499999999999822e-01
6.079999999999999849e-01
6.179999999999999938e-01
4.447499999999999787e-01
5.842500000000000471e-01
5.587499999999999689e-01
5.747499999999999831e-01
6.935000000000000053e-01
6.457500000000000462e-01
6.840000000000000524e-01
5.097500000000000364e-01
6.252499999999999725e-01
2.849999999999999756e-01
3.997499999999999942e-01
6.957499999999999796e-01
6.707499999999999574e-01
5.632500000000000284e-01
4.597499999999999920e-01
7.137499999999999956e-01
7.722499999999999920e-01
6.009999999999999787e-01
7.072500000000000453e-01
4.562499999999999889e-01
4.257500000000000173e-01
5.982499999999999485e-01
5.427499999999999547e-01
6.979999999999999538e-01
7.005000000000000115e-01
6.225000000000000533e-01
6.292499999999999760e-01
4.942500000000000226e-01
5.857499999999999929e-01
4.562499999999999889e-01
4.954999999999999960e-01
5.530000000000000471e-01
7.027499999999999858e-01
7.352499999999999591e-01
5.590000000000000524e-01
6.045000000000000373e-01
7.897499999999999520e-01
7.392499999999999627e-01
5.157500000000000417e-01
8.107499999999999707e-01
6.407500000000000417e-01
6.802500000000000213e-01
5.584999999999999964e-01
7.630000000000000115e-01
5.772500000000000409e-01
6.657499999999999529e-01
7.052500000000000435e-01
7.530000000000000027e-01
5.849999999999999645e-01
5.667499999999999760e-01
7.942500000000000115e-01
6.892500000000000293e-01
6.677499999999999547e-01
6.257500000000000284e-01
7.967499999999999583e-01
7.814999999999999725e-01
8.555000000000000382e-01
8.007499999999999618e-01
7.445000000000000506e-01
7.135000000000000231e-01
8.652499999999999636e-01
5.777499999999999858e-01
4.884999999999999898e-01
6.590000000000000302e-01
6.077500000000000124e-01
3.714999999999999969e-01
4.467499999999999805e-01
7.984999999999999876e-01
6.169999999999999929e-01
5.697499999999999787e-01
6.622500000000000053e-01
7.770000000000000240e-01
5.637499999999999734e-01
7.377500000000000169e-01
6.239999999999999991e-01
7.117499999999999938e-01
8.579999999999999849e-01
7.299999999999999822e-01
7.005000000000000115e-01
7.372499999999999609e-01
5.622500000000000275e-01
5.207500000000000462e-01
6.312499999999999778e-01
5.889999999999999680e-01
5.364999999999999769e-01
5.855000000000000204e-01
6.354999999999999538e-01
4.727500000000000036e-01
5.805000000000000160e-01
6.185000000000000497e-01
8.662499999999999645e-01
7.557500000000000329e-01
8.960000000000000187e-01
6.490000000000000213e-01
7.472499999999999698e-01
7.717500000000000471e-01
6.792500000000000204e-01
7.235000000000000320e-01
4.882500000000000173e-01
5.374999999999999778e-01
6.079999999999999849e-01
6.159999999999999920e-01
7.627500000000000391e-01
8.245000000000000107e-01
8.752499999999999725e-01
6.782500000000000195e-01
6.952500000000000346e-01
5.819999999999999618e-01
5.094999999999999529e-01
6.537500000000000533e-01
7.397500000000000187e-01
6.872500000000000275e-01
5.919999999999999707e-01
5.699999999999999512e-01
7.445000000000000506e-01
3.137499999999999734e-01
6.347500000000000364e-01
4.662499999999999978e-01
4.572499999999999898e-01
8.199999999999999512e-01
7.207500000000000018e-01
7.837499999999999467e-01
5.717499999999999805e-01
7.717500000000000471e-01
6.362499999999999822e-01
4.854999999999999871e-01
7.112500000000000488e-01
6.592500000000000027e-01
5.050000000000000044e-01
5.757499999999999840e-01
5.254999999999999671e-01
6.912500000000000311e-01
7.197500000000000009e-01
7.840000000000000302e-01
7.187500000000000000e-01
6.520000000000000240e-01
4.582499999999999907e-01
4.789999999999999813e-01
5.282499999999999973e-01
6.332499999999999796e-01
6.614999999999999769e-01
6.734999999999999876e-01
4.889999999999999902e-01
7.392499999999999627e-01
5.532500000000000195e-01
8.692499999999999671e-01
7.517500000000000293e-01
7.592499999999999805e-01
8.037499999999999645e-01
7.295000000000000373e-01
6.554999999999999716e-01
7.455000000000000515e-01
7.277500000000000080e-01
4.294999999999999929e-01
6.337500000000000355e-01
8.569999999999999840e-01
7.797500000000000542e-01
4.595000000000000195e-01
5.237500000000000488e-01
3.890000000000000124e-01
6.780000000000000471e-01
6.742500000000000160e-01
6.680000000000000382e-01
6.382499999999999840e-01
7.092500000000000471e-01
6.552499999999999991e-01
6.650000000000000355e-01
7.397500000000000187e-01
6.672500000000000098e-01
7.504999999999999449e-01
7.574999999999999512e-01
7.442499999999999671e-01
6.895000000000000018e-01
8.914999999999999591e-01
6.129999999999999893e-01
5.637499999999999734e-01
5.012499999999999734e-01
7.312499999999999556e-01
6.830000000000000515e-01
6.862500000000000266e-01
3.895000000000000129e-01
5.807499999999999885e-01
5.895000000000000240e-01
7.624999999999999556e-01
7.315000000000000391e-01
8.412500000000000533e-01
7.249999999999999778e-01
7.185000000000000275e-01
6.770000000000000462e-01
8.695000000000000506e-01
8.627500000000000169e-01
6.494999999999999662e-01
8.449999999999999734e-01
6.367500000000000382e-01
8.255000000000000115e-01
7.607500000000000373e-01
7.372499999999999609e-01
7.840000000000000302e-01
7.092500000000000471e-01
7.315000000000000391e-01
5.390000000000000346e-01
6.122499999999999609e-01
8.355000000000000204e-01
8.422500000000000542e-01
8.960000000000000187e-01
6.959999999999999520e-01
7.557500000000000329e-01
5.782500000000000417e-01
5.494999999999999885e-01
7.125000000000000222e-01
5.444999999999999840e-01
4.917500000000000204e-01
6.672500000000000098e-01
5.057500000000000329e-01
7.292499999999999538e-01
6.424999999999999600e-01
6.242499999999999716e-01
8.932499999999999885e-01
6.079999999999999849e-01
5.937500000000000000e-01
7.287500000000000089e-01
6.962500000000000355e-01
5.402500000000000080e-01
5.707499999999999796e-01
4.687500000000000000e-01
7.800000000000000266e-01
6.792500000000000204e-01
7.012500000000000400e-01
8.162500000000000311e-01
6.722500000000000142e-01
7.047499999999999876e-01
7.129999999999999671e-01
6.042499999999999538e-01
6.742500000000000160e-01
7.987499999999999600e-01
7.399999999999999911e-01
6.780000000000000471e-01
8.187499999999999778e-01
6.824999999999999956e-01
8.589999999999999858e-01
5.837499999999999911e-01
6.737499999999999600e-01
8.699999999999999956e-01
6.912500000000000311e-01
7.327500000000000124e-01
6.397500000000000409e-01
5.982499999999999485e-01
5.424999999999999822e-01
5.917499999999999982e-01
7.987499999999999600e-01
5.392500000000000071e-01
7.105000000000000204e-01
8.317499999999999893e-01
4.209999999999999853e-01
7.147499999999999964e-01
8.125000000000000000e-01
6.674999999999999822e-01
5.217500000000000471e-01
8.475000000000000311e-01
8.245000000000000107e-01
9.214999999999999858e-01
8.014999999999999902e-01
6.045000000000000373e-01
5.404999999999999805e-01
7.199999999999999734e-01
7.764999999999999680e-01
8.767500000000000293e-01
6.975000000000000089e-01
5.402500000000000080e-01
5.895000000000000240e-01
3.714999999999999969e-01
7.572499999999999787e-01
5.614999999999999991e-01
8.249999999999999556e-01
7.492499999999999716e-01
7.065000000000000169e-01
8.347499999999999920e-01
6.909999999999999476e-01
7.117499999999999938e-01
6.314999999999999503e-01
6.584999999999999742e-01
8.417499999999999982e-01
4.689999999999999725e-01
7.437500000000000222e-01
6.702500000000000124e-01
6.504999999999999671e-01
6.424999999999999600e-01
5.517499999999999627e-01
7.604999999999999538e-01
8.352500000000000480e-01
6.862500000000000266e-01
6.384999999999999565e-01
6.824999999999999956e-01
7.872500000000000053e-01
7.874999999999999778e-01
8.585000000000000409e-01
6.852500000000000258e-01
8.010000000000000453e-01
8.145000000000000018e-01
8.202500000000000346e-01
6.290000000000000036e-01
6.987499999999999822e-01
8.532499999999999529e-01
7.844999999999999751e-01
7.022500000000000409e-01
8.974999999999999645e-01
6.112499999999999600e-01
6.919999999999999485e-01
7.892500000000000071e-01
5.527499999999999636e-01
8.860000000000000098e-01
8.024999999999999911e-01
8.699999999999999956e-01
6.757499999999999618e-01
9.142500000000000071e-01
7.532499999999999751e-01
6.975000000000000089e-01
8.265000000000000124e-01
7.527500000000000302e-01
7.912500000000000089e-01
8.272500000000000409e-01
7.794999999999999707e-01
6.604999999999999760e-01
5.620000000000000551e-01
6.067500000000000115e-01
6.360000000000000098e-01
8.232500000000000373e-01
7.962500000000000133e-01
8.437500000000000000e-01
6.949999999999999512e-01
6.330000000000000071e-01
8.497500000000000053e-01
5.122499999999999831e-01
9.192500000000000115e-01
4.197500000000000120e-01
8.790000000000000036e-01
7.187500000000000000e-01
5.567499999999999671e-01
8.257499999999999840e-01
6.304999999999999494e-01
7.259999999999999787e-01
8.617500000000000160e-01
8.149999999999999467e-01
6.687499999999999556e-01
7.199999999999999734e-01
5.450000000000000400e-01
8.219999999999999529e-01
6.989999999999999547e-01
7.385000000000000453e-01
7.082500000000000462e-01
7.282499999999999529e-01
7.560000000000000053e-01
9.094999999999999751e-01
7.517500000000000293e-01
7.632499999999999840e-01
6.979999999999999538e-01
7.687500000000000444e-01
7.622499999999999831e-01
7.402499999999999636e-01
5.452500000000000124e-01
6.412499999999999867e-01
8.000000000000000444e-01
7.710000000000000187e-01
5.895000000000000240e-01
6.169999999999999929e-01
5.655000000000000027e-01
7.202499999999999458e-01
8.275000000000000133e-01
6.955000000000000071e-01
8.940000000000000169e-01
8.375000000000000222e-01
8.189999999999999503e-01
4.932500000000000218e-01
8.265000000000000124e-01
6.089999999999999858e-01
6.905000000000000027e-01
6.540000000000000258e-01
7.734999999999999654e-01
7.159999999999999698e-01
6.632500000000000062e-01
6.567499999999999449e-01
6.770000000000000462e-01
7.155000000000000249e-01
8.375000000000000222e-01
6.474999999999999645e-01
8.057499999999999662e-01
6.670000000000000373e-01
8.362500000000000488e-01
7.277500000000000080e-01
8.482499999999999485e-01
7.737500000000000488e-01
8.319999999999999618e-01
7.279999999999999805e-01
5.759999999999999565e-01
6.550000000000000266e-01
7.477500000000000258e-01
6.767499999999999627e-01
8.319999999999999618e-01
7.265000000000000346e-01
7.560000000000000053e-01
8.655000000000000471e-01
8.852499999999999813e-01
7.827499999999999458e-01
7.007499999999999840e-01
6.999999999999999556e-01
8.722499999999999698e-01
7.082500000000000462e-01
6.614999999999999769e-01
6.952500000000000346e-01
7.482499999999999707e-01
6.294999999999999485e-01
8.542499999999999538e-01
8.305000000000000160e-01
9.060000000000000275e-01
7.530000000000000027e-01
7.997499999999999609e-01
5.879999999999999671e-01
7.507500000000000284e-01
7.302499999999999547e-01
8.462499999999999467e-01
7.794999999999999707e-01
7.840000000000000302e-01
7.249999999999999778e-01
7.837499999999999467e-01
7.622499999999999831e-01
7.590000000000000080e-01
8.689999999999999947e-01
8.944999999999999618e-01
7.717500000000000471e-01
6.330000000000000071e-01
8.257499999999999840e-01
8.399999999999999689e-01
8.229999999999999538e-01
8.097499999999999698e-01
7.517500000000000293e-01
8.697500000000000231e-01
7.362499999999999600e-01
6.400000000000000133e-01
7.085000000000000187e-01
7.299999999999999822e-01
8.412500000000000533e-01
8.202500000000000346e-01
8.587500000000000133e-01
8.077499999999999680e-01
8.800000000000000044e-01
6.105000000000000426e-01
7.890000000000000346e-01
6.662500000000000089e-01
5.639999999999999458e-01
6.287500000000000311e-01
7.904999999999999805e-01
6.592500000000000027e-01
5.572500000000000231e-01
8.067499999999999671e-01
6.219999999999999973e-01
8.199999999999999512e-01
8.964999999999999636e-01
6.899999999999999467e-01
8.195000000000000062e-01
6.149999999999999911e-01
8.102500000000000258e-01
5.337499999999999467e-01
6.129999999999999893e-01
5.044999999999999485e-01
8.347499999999999920e-01
7.740000000000000213e-01
8.512499999999999512e-01
7.389999999999999902e-01
6.732500000000000151e-01
6.727499999999999591e-01
8.347499999999999920e-01
8.485000000000000320e-01
7.485000000000000542e-01
8.100000000000000533e-01
8.185000000000000053e-01
7.844999999999999751e-01
6.895000000000000018e-01
8.034999999999999920e-01
6.467500000000000471e-01
8.542499999999999538e-01
8.742499999999999716e-01
7.439999999999999947e-01
7.910000000000000364e-01
7.767500000000000515e-01
7.342499999999999583e-01
7.742499999999999938e-01
7.852500000000000036e-01
8.717500000000000249e-01
7.514999999999999458e-01
8.672499999999999654e-01
7.339999999999999858e-01
7.019999999999999574e-01
7.794999999999999707e-01
7.874999999999999778e-01
7.600000000000000089e-01
8.017499999999999627e-01
8.269999999999999574e-01
7.267500000000000071e-01
8.305000000000000160e-01
8.589999999999999858e-01
7.737500000000000488e-01
7.169999999999999707e-01
8.529999999999999805e-01
8.387499999999999956e-01
7.847499999999999476e-01
6.192499999999999671e-01
7.495000000000000551e-01
6.607499999999999485e-01
8.429999999999999716e-01
6.897499999999999742e-01
8.297499999999999876e-01
7.822500000000000009e-01
6.035000000000000364e-01
8.852499999999999813e-01
6.052499999999999547e-01
7.727500000000000480e-01
7.530000000000000027e-01
7.445000000000000506e-01
7.570000000000000062e-01
7.467500000000000249e-01
8.359999999999999654e-01
8.299999999999999600e-01
8.947500000000000453e-01
7.750000000000000222e-01
7.974999999999999867e-01
7.475000000000000533e-01
8.800000000000000044e-01
8.757500000000000284e-01
9.162500000000000089e-01
8.472499999999999476e-01
8.840000000000000080e-01
8.132500000000000284e-01
7.299999999999999822e-01
7.327500000000000124e-01
8.619999999999999885e-01
8.732499999999999707e-01
7.217500000000000027e-01
8.327499999999999902e-01
7.495000000000000551e-01
8.242500000000000382e-01
8.047499999999999654e-01
8.387499999999999956e-01
8.477500000000000036e-01
8.002500000000000169e-01
8.934999999999999609e-01
7.720000000000000195e-01
8.312500000000000444e-01
9.292500000000000204e-01
7.864999999999999769e-01
9.050000000000000266e-01
7.920000000000000373e-01
8.804999999999999494e-01
9.120000000000000329e-01
8.645000000000000462e-01
9.180000000000000382e-01
8.532499999999999529e-01
5.705000000000000071e-01
8.972499999999999920e-01
7.887499999999999512e-01
7.489999999999999991e-01
7.937499999999999556e-01
8.050000000000000488e-01
8.864999999999999547e-01
8.762499999999999734e-01
8.705000000000000515e-01
9.207499999999999574e-01
7.852500000000000036e-01
8.990000000000000213e-01
9.047500000000000542e-01
7.197500000000000009e-01
8.195000000000000062e-01
6.995000000000000107e-01
8.385000000000000231e-01
7.517500000000000293e-01
9.082500000000000018e-01
8.870000000000000107e-01
7.712499999999999911e-01
7.817499999999999449e-01
6.032499999999999529e-01
7.522499999999999742e-01
9.472500000000000364e-01
7.767500000000000515e-01
7.077499999999999902e-01
7.834999999999999742e-01
8.305000000000000160e-01
8.657500000000000195e-01
8.092500000000000249e-01
8.862499999999999822e-01
8.957500000000000462e-01
8.922499999999999876e-01
7.157499999999999973e-01
5.837499999999999911e-01
7.814999999999999725e-01
8.507500000000000062e-01
6.912500000000000311e-01
8.277499999999999858e-01
7.175000000000000266e-01
8.977500000000000480e-01
8.542499999999999538e-01
7.182500000000000551e-01
8.179999999999999494e-01
9.004999999999999671e-01
6.085000000000000409e-01
8.489999999999999769e-01
9.527499999999999858e-01
6.600000000000000311e-01
8.944999999999999618e-01
7.994999999999999885e-01
8.237499999999999822e-01
7.307500000000000107e-01
7.932500000000000107e-01
9.324999999999999956e-01
9.060000000000000275e-01
9.074999999999999734e-01
9.104999999999999760e-01
9.144999999999999796e-01
8.920000000000000151e-01
6.182499999999999662e-01
7.357500000000000151e-01
6.317500000000000338e-01
8.942499999999999893e-01
5.052499999999999769e-01
7.712499999999999911e-01
7.522499999999999742e-01
8.127499999999999725e-01
8.215000000000000080e-01
7.834999999999999742e-01
7.972500000000000142e-01
6.992500000000000382e-01
7.990000000000000435e-01
7.102500000000000480e-01
8.742499999999999716e-01
8.135000000000000009e-01
8.139999999999999458e-01
8.209999999999999520e-01
8.577500000000000124e-01
9.167499999999999538e-01
8.212500000000000355e-01
8.867500000000000382e-01
7.660000000000000142e-01
8.132500000000000284e-01
7.972500000000000142e-01
6.664999999999999813e-01
8.944999999999999618e-01
9.154999999999999805e-01
9.117499999999999494e-01
9.417499999999999760e-01
9.392500000000000293e-01
7.740000000000000213e-01
8.292500000000000426e-01
8.872499999999999831e-01
8.187499999999999778e-01
7.930000000000000382e-01
7.820000000000000284e-01
7.697500000000000453e-01
6.989999999999999547e-01
8.635000000000000453e-01
8.125000000000000000e-01
8.619999999999999885e-01
9.037500000000000533e-01
7.892500000000000071e-01
4.894999999999999907e-01
6.927499999999999769e-01
7.382499999999999618e-01
8.894999999999999574e-01
9.382500000000000284e-01
8.157499999999999751e-01
9.274999999999999911e-01
8.517500000000000071e-01
8.395000000000000240e-01
6.245000000000000551e-01
8.652499999999999636e-01
8.817500000000000338e-01
7.137499999999999956e-01
9.150000000000000355e-01
9.187499999999999556e-01
8.924999999999999600e-01
5.987500000000000044e-01
6.542499999999999982e-01
7.197500000000000009e-01
8.559999999999999831e-01
7.369999999999999885e-01
9.100000000000000311e-01
5.052499999999999769e-01
7.269999999999999796e-01
7.465000000000000524e-01
8.157499999999999751e-01
7.175000000000000266e-01
8.159999999999999476e-01
8.692499999999999671e-01
8.762499999999999734e-01
9.467499999999999805e-01
8.649999999999999911e-01
9.379999999999999449e-01
9.137499999999999512e-01
8.349999999999999645e-01
9.047500000000000542e-01
6.919999999999999485e-01
8.359999999999999654e-01
7.432499999999999662e-01
9.272500000000000187e-01
8.432500000000000551e-01
9.437499999999999778e-01
9.280000000000000471e-01
7.289999999999999813e-01
7.862500000000000044e-01
8.807500000000000329e-01
8.780000000000000027e-01
8.282500000000000417e-01
7.392499999999999627e-01
7.970000000000000417e-01
5.709999999999999520e-01
7.347500000000000142e-01
6.982500000000000373e-01
7.069999999999999618e-01
6.500000000000000222e-01
7.724999999999999645e-01
7.177499999999999991e-01
7.624999999999999556e-01
8.335000000000000187e-01
7.914999999999999813e-01
7.042500000000000426e-01
9.310000000000000497e-01
8.379999999999999671e-01
8.225000000000000089e-01
7.684999999999999609e-01
6.650000000000000355e-01
9.485000000000000098e-01
8.084999999999999964e-01
8.447500000000000009e-01
8.259999999999999565e-01
9.032499999999999973e-01
8.589999999999999858e-01
6.872500000000000275e-01
9.007500000000000506e-01
8.022500000000000187e-01
7.717500000000000471e-01
7.887499999999999512e-01
8.762499999999999734e-01
9.070000000000000284e-01
9.114999999999999769e-01
6.972500000000000364e-01
9.495000000000000107e-01
6.892500000000000293e-01
8.342500000000000471e-01
8.245000000000000107e-01
8.950000000000000178e-01
7.582499999999999796e-01
8.212500000000000355e-01
8.465000000000000302e-01
8.120000000000000551e-01
7.717500000000000471e-01
8.287499999999999867e-01
6.332499999999999796e-01
8.172500000000000320e-01
8.962499999999999911e-01
8.327499999999999902e-01
8.042500000000000204e-01
8.232500000000000373e-01
9.157499999999999529e-01
9.522500000000000409e-01
8.987500000000000488e-01
9.492500000000000382e-01
8.044999999999999929e-01
8.952499999999999902e-01
9.280000000000000471e-01
8.495000000000000329e-01
9.167499999999999538e-01
9.425000000000000044e-01
8.582499999999999574e-01
8.315000000000000169e-01
8.737500000000000266e-01
7.854999999999999760e-01
6.810000000000000497e-01
8.070000000000000506e-01
8.669999999999999929e-01
8.339999999999999636e-01
6.239999999999999991e-01
9.190000000000000391e-01
6.487500000000000488e-01
7.734999999999999654e-01
8.149999999999999467e-01
6.949999999999999512e-01
8.519999999999999796e-01
9.342500000000000249e-01
8.972499999999999920e-01
7.587500000000000355e-01
8.707500000000000240e-01
8.842499999999999805e-01
7.459999999999999964e-01
9.100000000000000311e-01
9.010000000000000231e-01
8.750000000000000000e-01
9.399999999999999467e-01
7.377500000000000169e-01
8.084999999999999964e-01
8.179999999999999494e-01
7.257500000000000062e-01
8.405000000000000249e-01
8.844999999999999529e-01
9.034999999999999698e-01
8.267499999999999849e-01
8.837500000000000355e-01
8.762499999999999734e-01
8.770000000000000018e-01
8.377499999999999947e-01
7.840000000000000302e-01
8.285000000000000142e-01
9.024999999999999689e-01
8.884999999999999565e-01
9.167499999999999538e-01
8.275000000000000133e-01
8.972499999999999920e-01
8.752499999999999725e-01
9.549999999999999600e-01
9.562500000000000444e-01
9.137499999999999512e-01
9.422500000000000320e-01
8.745000000000000551e-01
9.212500000000000133e-01
8.787500000000000311e-01
9.242500000000000160e-01
8.742499999999999716e-01
7.239999999999999769e-01
8.974999999999999645e-01
8.707500000000000240e-01
8.100000000000000533e-01
8.954999999999999627e-01
9.535000000000000142e-01
7.087499999999999911e-01
8.030000000000000471e-01
7.927499999999999547e-01
8.385000000000000231e-01
8.930000000000000160e-01
