5.328947368421052891e-03
7.171052631578946936e-03
7.434210526315789686e-03
9.144736842105262789e-03
1.098684210526315770e-02
1.302631578947368446e-02
1.421052631578947380e-02
1.499999999999999944e-02
1.467105263157894753e-02
1.217105263157894704e-02
1.394736842105263191e-02
1.269736842105263080e-02
1.440789473684210564e-02
1.467105263157894753e-02
1.473684210526315756e-02
1.453947368421052572e-02
1.486842105263157937e-02
1.499999999999999944e-02
1.546052631578947317e-02
1.565789473684210675e-02
1.657894736842105421e-02
1.625000000000000056e-02
1.651315789473684070e-02
1.684210526315789436e-02
1.723684210526315805e-02
1.684210526315789436e-02
1.690789473684210439e-02
1.756578947368421170e-02
1.828947368421052558e-02
1.815789473684210550e-02
1.802631578947368543e-02
2.052631578947368418e-02
1.907894736842105296e-02
1.927631578947368307e-02
2.052631578947368418e-02
2.013157894736842049e-02
2.125000000000000153e-02
2.171052631578947525e-02
2.289473684210526286e-02
2.368421052631579024e-02
2.368421052631579024e-02
2.506578947368421142e-02
2.559210526315789519e-02
2.684210526315789630e-02
2.815789473684210398e-02
2.960526315789473520e-02
2.888157894736842132e-02
3.052631578947368265e-02
2.901315789473684140e-02
3.157894736842105365e-02
3.230263157894736753e-02
3.342105263157894857e-02
3.256578947368420768e-02
3.328947368421052849e-02
3.473684210526315624e-02
3.559210526315789713e-02
3.624999999999999750e-02
3.690789473684210481e-02
3.776315789473683876e-02
3.657894736842105116e-02
3.927631578947368696e-02
3.993421052631578733e-02
3.934210526315789352e-02
3.855263157894736614e-02
4.072368421052631471e-02
4.236842105263157604e-02
4.171052631578947567e-02
4.394736842105263080e-02
4.401315789473684431e-02
4.065789473684210814e-02
4.460526315789473811e-02
4.526315789473684542e-02
4.453947368421052461e-02
4.677631578947368668e-02
4.631578947368421295e-02
4.605263157894736586e-02
4.651315789473683959e-02
4.756578947368420712e-02
4.624999999999999944e-02
4.664473684210526661e-02
4.875000000000000167e-02
4.434210526315789797e-02
4.947368421052631554e-02
4.789473684210526078e-02
4.881578947368420823e-02
5.131578947368421045e-02
4.855263157894736809e-02
5.059210526315789658e-02
5.111842105263157687e-02
5.098684210526315680e-02
5.013157894736842285e-02
5.236842105263157798e-02
5.289473684210526522e-02
5.105263157894737031e-02
5.282894736842105171e-02
5.374999999999999917e-02
5.381578947368421267e-02
5.552631578947368751e-02
5.467105263157894662e-02
5.171052631578947067e-02
5.519736842105263386e-02
5.315789473684210537e-02
5.532894736842105393e-02
5.388157894736841924e-02
5.717105263157894884e-02
5.506578947368421378e-02
5.394736842105263275e-02
5.809210526315789630e-02
5.657894736842105504e-02
5.638157894736842146e-02
5.763157894736842257e-02
5.671052631578947512e-02
6.138157894736841896e-02
5.756578947368420907e-02
5.644736842105263497e-02
5.980263157894737114e-02
5.888157894736842368e-02
5.967105263157894413e-02
6.013157894736841785e-02
5.796052631578947623e-02
6.118421052631579232e-02
6.131578947368421240e-02
6.111842105263157882e-02
5.934210526315789741e-02
6.124999999999999889e-02
6.361842105263157410e-02
6.467105263157894857e-02
6.381578947368421462e-02
6.355263157894737447e-02
6.223684210526315985e-02
6.263157894736842701e-02
6.322368421052632081e-02
6.486842105263157521e-02
6.355263157894737447e-02
6.552631578947368252e-02
6.486842105263157521e-02
6.486842105263157521e-02
6.421052631578946790e-02
6.328947368421052044e-02
6.618421052631578982e-02
6.664473684210525661e-02
6.914473684210525883e-02
6.723684210526316429e-02
6.875000000000000555e-02
6.947368421052631249e-02
6.546052631578946901e-02
7.151315789473684792e-02
6.625000000000000333e-02
6.875000000000000555e-02
6.861842105263157854e-02
7.052631578947368696e-02
6.618421052631578982e-02
6.796052631578947123e-02
7.203947368421052821e-02
7.217105263157894135e-02
7.078947368421052710e-02
6.921052631578947234e-02
7.046052631578947345e-02
7.190789473684210120e-02
7.388157894736842313e-02
7.124999999999999389e-02
7.539473684210526438e-02
7.302631578947368918e-02
7.243421052631579538e-02
7.243421052631579538e-02
7.322368421052631582e-02
7.467105263157894357e-02
7.414473684210526327e-02
7.605263157894737169e-02
7.499999999999999722e-02
7.776315789473683959e-02
7.953947368421052100e-02
7.993421052631578816e-02
7.532894736842105088e-02
7.598684210526315819e-02
7.605263157894737169e-02
8.342105263157895134e-02
7.875000000000000056e-02
7.730263157894737280e-02
7.921052631578946734e-02
7.986842105263157465e-02
8.000000000000000167e-02
8.072368421052632248e-02
8.230263157894736337e-02
8.328947368421052433e-02
8.453947368421052544e-02
8.197368421052630971e-02
8.486842105263157909e-02
8.328947368421052433e-02
8.171052631578946956e-02
8.138157894736841591e-02
8.190789473684211008e-02
8.368421052631579149e-02
8.532894736842104588e-02
8.703947368421052766e-02
8.796052631578947512e-02
8.565789473684209954e-02
8.348684210526315097e-02
8.526315789473684625e-02
8.756578947368420796e-02
8.539473684210525939e-02
8.907894736842104921e-02
8.736842105263158131e-02
8.710526315789474117e-02
8.598684210526315319e-02
8.618421052631579371e-02
9.078947368421053099e-02
8.881578947368420907e-02
9.210526315789473173e-02
9.157894736842105143e-02
9.592105263157894857e-02
9.296052631578947956e-02
8.868421052631579593e-02
8.868421052631579593e-02
8.809210526315788825e-02
8.868421052631579593e-02
9.249999999999999889e-02
9.013157894736842368e-02
9.059210526315789047e-02
8.960526315789474339e-02
9.190789473684210509e-02
9.578947368421052155e-02
9.861842105263157743e-02
9.940789473684211175e-02
1.009868421052631526e-01
9.414473684210526716e-02
1.011842105263157932e-01
9.565789473684210842e-02
1.006578947368420990e-01
1.008552631578947395e-01
9.828947368421052377e-02
1.033552631578947417e-01
1.027631578947368479e-01
1.023684210526315808e-01
1.005921052631578994e-01
1.010526315789473661e-01
1.018421052631579005e-01
1.003947368421052588e-01
1.013815789473684198e-01
1.032894736842105282e-01
1.017763157894736870e-01
1.022368421052631537e-01
1.054605263157894768e-01
1.064473684210526377e-01
1.075657894736842118e-01
1.097368421052631604e-01
1.036184210526315819e-01
1.046710526315789425e-01
1.063815789473684242e-01
1.065789473684210509e-01
1.064473684210526377e-01
1.084210526315789458e-01
1.086842105263157859e-01
1.076973684210526250e-01
1.082894736842105327e-01
1.107894736842105210e-01
1.142763157894736842e-01
1.142763157894736842e-01
1.048684210526315830e-01
1.114473684210526283e-01
1.110526315789473750e-01
1.105921052631578944e-01
1.129605263157894696e-01
1.169736842105263130e-01
1.154605263157894718e-01
1.153947368421052583e-01
1.172368421052631532e-01
1.159210526315789525e-01
1.150657894736842046e-01
1.137500000000000039e-01
1.148684210526315780e-01
1.191447368421052616e-01
1.196710526315789419e-01
1.197368421052631554e-01
1.215131578947368368e-01
1.218421052631578905e-01
1.201973684210526361e-01
1.141447368421052572e-01
1.179605263157894740e-01
1.173026315789473667e-01
1.213815789473684237e-01
1.215131578947368368e-01
1.228289473684210514e-01
1.169736842105263130e-01
1.175657894736842068e-01
1.211842105263157832e-01
1.221052631578947306e-01
1.271710526315789347e-01
1.293421052631578971e-01
1.269736842105263219e-01
1.263157894736842146e-01
1.274342105263157887e-01
1.300657894736842179e-01
1.259210526315789336e-01
1.261842105263157876e-01
1.224342105263157843e-01
1.282236842105263230e-01
1.222368421052631576e-01
1.236184210526315858e-01
1.297368421052631504e-01
1.350657894736842224e-01
1.300657894736842179e-01
1.375657894736841969e-01
1.326973684210526194e-01
1.332894736842105132e-01
1.338815789473684348e-01
1.428947368421052688e-01
1.361842105263157965e-01
1.369078947368421173e-01
1.419078947368420940e-01
1.334210526315789402e-01
1.360526315789473695e-01
1.357236842105263019e-01
1.409868421052631604e-01
1.330263157894736870e-01
1.396052631578947323e-01
1.348026315789473684e-01
1.401973684210526261e-01
1.426315789473684148e-01
1.386842105263157987e-01
1.365789473684210498e-01
1.446052631578947367e-01
1.392763157894736925e-01
1.423684210526315885e-01
1.428947368421052688e-01
1.461184210526315919e-01
1.465789473684210587e-01
1.423684210526315885e-01
1.400657894736841991e-01
1.421710526315789480e-01
1.434868421052631626e-01
1.392763157894736925e-01
1.418421052631579082e-01
1.484210526315789536e-01
1.422368421052631615e-01
1.434868421052631626e-01
1.509210526315789558e-01
1.490131578947368474e-01
1.505921052631578883e-01
1.512499999999999956e-01
1.439473684210526294e-01
1.574342105263157876e-01
1.515131578947368496e-01
1.519736842105263164e-01
1.492763157894736736e-01
1.561842105263157865e-01
1.548026315789473584e-01
1.580263157894736814e-01
1.571710526315789336e-01
1.623026315789473650e-01
1.545394736842105321e-01
1.535526315789473573e-01
1.580263157894736814e-01
1.614473684210526450e-01
1.581578947368421084e-01
1.556578947368421062e-01
1.600657894736842168e-01
1.613157894736842179e-01
1.586842105263157887e-01
1.650000000000000078e-01
1.692105263157894779e-01
1.640789473684210464e-01
1.548684210526315719e-01
1.634210526315789391e-01
1.646710526315789402e-01
1.626973684210526183e-01
1.603289473684210431e-01
1.625657894736842191e-01
1.638815789473684337e-01
1.653289473684210475e-01
1.657236842105263286e-01
1.660526315789473684e-01
1.721710526315789469e-01
1.738815789473684148e-01
1.713157894736841991e-01
1.727631578947368407e-01
1.684868421052631571e-01
1.698684210526315852e-01
1.677631578947368363e-01
1.694736842105263042e-01
1.701315789473684115e-01
1.833552631578947434e-01
1.779605263157894857e-01
1.795394736842105265e-01
1.734210526315789480e-01
1.822368421052631693e-01
1.776315789473684181e-01
1.716447368421052666e-01
1.797368421052631671e-01
1.659210526315789413e-01
1.799342105263157798e-01
1.729605263157894812e-01
1.688157894736841969e-01
1.817763157894736747e-01
1.798684210526315663e-01
1.821710526315789558e-01
1.823026315789473550e-01
1.769078947368420973e-01
1.842763157894736770e-01
1.848684210526315708e-01
1.871052631578947467e-01
1.832236842105263164e-01
1.825657894736842091e-01
1.805263157894736736e-01
1.865131578947368529e-01
1.864473684210526394e-01
1.782236842105263119e-01
1.870394736842105332e-01
1.962500000000000078e-01
1.896052631578947489e-01
1.840789473684210642e-01
1.896710526315789347e-01
1.879605263157894668e-01
1.963815789473684348e-01
1.937500000000000056e-01
1.866447368421052522e-01
1.932236842105263253e-01
1.938157894736842191e-01
1.894078947368421084e-01
1.852631578947368518e-01
1.970394736842105143e-01
1.908552631578947500e-01
1.873026315789473595e-01
1.902631578947368285e-01
1.909210526315789358e-01
1.990789473684210498e-01
2.059210526315789491e-01
2.037499999999999867e-01
2.000000000000000111e-01
2.000657894736841969e-01
2.026973684210526261e-01
1.988815789473684092e-01
2.061184210526315896e-01
2.086184210526315919e-01
2.042105263157894812e-01
2.059210526315789491e-01
2.053289473684210553e-01
1.975000000000000089e-01
2.099342105263157787e-01
2.088815789473684181e-01
2.076973684210526305e-01
2.038157894736842002e-01
1.947368421052631526e-01
2.140789473684210631e-01
2.104605263157894868e-01
2.118421052631578871e-01
2.148684210526315697e-01
2.046710526315789480e-01
2.101973684210526327e-01
2.169736842105263186e-01
2.090789473684210587e-01
2.094078947368420984e-01
2.219078947368421095e-01
2.201315789473684281e-01
2.118421052631578871e-01
2.180263157894736792e-01
2.096710526315789525e-01
2.134868421052631693e-01
2.156578947368421040e-01
2.104605263157894868e-01
2.134868421052631693e-01
2.220394736842105365e-01
2.261842105263157932e-01
2.184210526315789602e-01
2.242105263157894712e-01
2.186842105263157865e-01
2.240789473684210442e-01
2.148026315789473562e-01
2.243421052631578982e-01
2.295394736842105154e-01
2.313815789473684104e-01
2.279605263157894746e-01
2.158552631578947445e-01
2.247368421052631515e-01
2.221710526315789358e-01
2.167105263157894646e-01
2.225657894736842168e-01
2.338815789473684126e-01
2.380921052631578827e-01
2.282894736842105143e-01
2.316447368421052644e-01
2.319736842105263042e-01
2.262500000000000067e-01
2.316447368421052644e-01
2.278947368421052611e-01
2.356578947368420940e-01
2.371052631578947356e-01
2.373026315789473761e-01
2.353289473684210542e-01
2.330921052631579060e-01
2.349342105263158009e-01
2.338157894736841991e-01
2.459868421052631704e-01
2.296710526315789425e-01
2.349342105263158009e-01
2.319736842105263042e-01
2.515131578947368274e-01
2.442105263157894612e-01
2.389473684210526305e-01
2.417105263157894868e-01
2.406578947368420984e-01
2.465789473684210642e-01
2.515789473684210686e-01
2.450657894736842091e-01
2.453289473684210631e-01
2.415131578947368463e-01
2.469078947368421040e-01
2.464473684210526372e-01
2.576973684210526194e-01
2.465131578947368507e-01
2.425657894736842068e-01
2.388815789473684170e-01
2.518421052631578672e-01
2.492763157894736792e-01
2.503289473684210398e-01
2.319736842105263042e-01
2.496710526315789602e-01
2.480921052631578916e-01
2.384868421052631637e-01
2.536842105263157898e-01
2.442763157894736747e-01
2.473026315789473573e-01
2.546052631578947234e-01
2.615789473684210775e-01
2.681578947368420951e-01
2.538157894736842168e-01
2.555921052631578982e-01
2.597368421052631549e-01
2.565131578947368318e-01
2.628289473684210509e-01
2.557894736842105110e-01
2.456578947368421029e-01
2.553289473684210442e-01
2.511842105263157876e-01
2.576315789473684337e-01
2.615789473684210775e-01
2.663157894736842279e-01
2.663815789473684137e-01
2.597368421052631549e-01
2.674342105263157743e-01
2.661184210526315597e-01
2.565131578947368318e-01
2.659210526315789469e-01
2.734868421052631393e-01
2.648026315789473450e-01
2.784868421052631438e-01
2.681578947368420951e-01
2.671710526315789203e-01
2.637499999999999845e-01
2.621052631578947301e-01
2.580921052631579005e-01
2.604605263157894757e-01
2.755263157894736747e-01
2.797368421052631726e-01
2.609210526315789425e-01
2.649342105263157721e-01
2.707894736842105243e-01
2.703289473684210575e-01
2.743421052631578871e-01
2.847368421052631771e-01
2.837500000000000022e-01
2.688815789473684159e-01
2.825657894736842146e-01
2.699342105263157765e-01
2.679605263157894823e-01
2.809868421052631460e-01
2.686184210526315619e-01
2.766447368421052766e-01
2.758552631578947145e-01
2.763815789473684226e-01
2.834210526315789624e-01
2.936184210526315841e-01
2.811842105263158142e-01
2.676973684210526283e-01
2.783552631578947167e-01
2.882236842105262986e-01
2.782894736842105310e-01
2.878947368421052588e-01
2.666447368421052677e-01
2.739473684210526061e-01
2.788815789473684248e-01
2.856578947368421106e-01
2.763157894736842368e-01
2.748684210526315952e-01
2.762499999999999956e-01
2.792763157894737058e-01
2.757894736842105288e-01
2.831578947368421084e-01
2.815789473684210398e-01
2.882894736842105399e-01
2.873026315789473650e-01
2.934868421052631571e-01
2.856578947368421106e-01
2.852631578947368296e-01
2.994078947368420951e-01
2.873026315789473650e-01
2.918421052631579027e-01
2.922368421052631837e-01
2.990131578947368696e-01
2.874342105263157920e-01
2.959868421052631593e-01
2.803947368421052522e-01
2.878289473684210731e-01
2.936184210526315841e-01
2.913157894736841946e-01
2.907236842105263008e-01
3.055921052631578871e-01
3.047368421052631393e-01
2.976315789473684137e-01
3.061842105263157809e-01
3.007236842105263097e-01
3.003289473684210287e-01
3.063157894736842080e-01
2.978289473684210265e-01
2.996052631578947634e-01
3.035526315789473517e-01
3.024999999999999911e-01
2.861842105263157632e-01
2.968421052631579071e-01
2.948684210526315574e-01
2.919078947368420884e-01
3.045394736842105265e-01
2.903947368421052611e-01
3.120394736842105332e-01
2.992763157894736681e-01
3.225000000000000089e-01
3.098026315789473850e-01
3.163815789473684026e-01
3.228289473684210487e-01
3.054605263157894601e-01
3.047368421052631393e-01
3.090131578947368229e-01
3.113157894736842124e-01
3.130263157894737081e-01
3.280921052631579071e-01
3.175657894736841902e-01
3.169078947368421106e-01
3.118421052631579204e-01
3.140131578947368274e-01
3.144736842105262942e-01
3.221052631578947278e-01
3.225000000000000089e-01
2.934868421052631571e-01
3.036184210526315930e-01
3.111184210526315996e-01
3.074342105263158098e-01
3.179605263157894712e-01
3.128947368421052810e-01
3.253947368421052366e-01
3.212499999999999800e-01
3.174342105263157632e-01
3.125657894736841858e-01
3.115131578947368252e-01
3.113157894736842124e-01
3.253947368421052366e-01
3.217105263157894468e-01
3.263157894736842257e-01
3.194736842105262986e-01
3.163157894736842168e-01
3.344078947368421262e-01
3.186842105263157920e-01
3.230263157894736614e-01
3.327631578947368163e-01
3.171710526315789647e-01
3.347368421052631660e-01
3.077631578947368496e-01
3.276315789473684403e-01
3.318421052631578827e-01
3.355921052631579138e-01
3.237499999999999822e-01
3.414473684210526105e-01
3.241447368421052633e-01
3.305921052631579093e-01
3.321710526315789225e-01
3.402631578947368229e-01
3.158552631578947500e-01
3.315131578947368429e-01
3.324342105263157765e-01
3.209868421052631815e-01
3.421710526315789314e-01
3.425657894736842124e-01
3.351315789473684470e-01
3.294078947368421217e-01
3.354605263157894868e-01
3.419736842105263186e-01
3.423026315789473584e-01
3.280263157894736659e-01
3.239473684210526505e-01
3.280921052631579071e-01
3.417763157894737058e-01
3.290789473684210265e-01
3.456578947368421084e-01
3.627631578947368429e-01
3.438815789473684270e-01
3.453947368421052544e-01
3.492763157894736570e-01
3.505921052631578716e-01
3.442105263157894668e-01
3.296052631578947345e-01
3.346710526315789247e-01
3.519078947368420862e-01
3.461184210526315752e-01
3.534210526315789691e-01
3.611184210526315885e-01
3.485526315789473917e-01
3.426973684210526394e-01
3.503289473684210731e-01
3.413815789473684248e-01
3.437500000000000000e-01
3.413157894736841835e-01
3.307236842105263364e-01
3.425000000000000266e-01
3.599342105263158009e-01
3.435526315789473872e-01
3.546052631578947567e-01
3.376973684210526350e-01
3.438157894736841858e-01
3.494736842105263253e-01
3.685526315789473539e-01
3.544736842105263297e-01
3.678947368421052744e-01
3.653947368421052722e-01
3.591447368421052388e-01
3.555263157894736903e-01
3.481578947368421106e-01
3.494736842105263253e-01
3.515789473684210464e-01
3.351973684210526327e-01
3.539473684210526216e-01
3.408552631578947167e-01
3.481578947368421106e-01
3.645394736842105243e-01
3.392763157894737036e-01
3.565789473684210509e-01
3.591447368421052388e-01
3.576315789473684115e-01
3.617105263157894823e-01
3.627631578947368429e-01
3.603289473684210265e-01
3.730921052631578916e-01
3.681578947368421284e-01
3.666447368421052455e-01
3.789473684210526438e-01
3.717105263157894912e-01
3.697368421052631415e-01
3.721710526315789580e-01
3.619736842105263364e-01
3.638815789473684448e-01
3.548026315789473695e-01
3.504605263157895001e-01
3.712500000000000244e-01
3.720394736842105310e-01
3.734210526315789314e-01
3.558552631578947301e-01
3.671710526315789536e-01
3.760526315789473606e-01
3.702631578947368496e-01
3.610526315789473473e-01
3.776315789473684292e-01
3.807894736842105110e-01
3.713157894736842102e-01
3.790131578947368296e-01
3.742763157894736792e-01
3.747368421052631460e-01
3.790131578947368296e-01
3.893421052631578783e-01
3.887499999999999845e-01
3.855263157894736614e-01
3.952631578947368163e-01
3.748026315789473872e-01
3.726973684210526105e-01
3.911184210526315597e-01
3.891447368421052655e-01
3.801973684210526172e-01
3.650657894736842324e-01
3.912499999999999867e-01
3.787499999999999756e-01
3.862499999999999822e-01
3.789473684210526438e-01
3.794736842105262964e-01
3.793421052631578694e-01
3.919736842105263075e-01
3.732894736842105043e-01
3.793421052631578694e-01
3.830263157894736592e-01
3.790789473684210709e-01
3.901315789473684403e-01
3.776315789473684292e-01
3.725657894736841835e-01
3.911184210526315597e-01
3.910526315789473739e-01
3.869078947368421173e-01
3.928289473684210553e-01
3.935526315789473761e-01
3.838157894736842213e-01
3.808552631578947523e-01
3.813157894736842191e-01
3.837499999999999800e-01
3.926315789473684426e-01
3.808552631578947523e-01
4.017105263157894623e-01
3.901315789473684403e-01
3.986184210526315663e-01
3.861184210526315552e-01
4.012499999999999956e-01
4.072368421052631748e-01
3.907894736842105199e-01
4.021710526315789291e-01
3.965789473684210309e-01
4.017763157894737036e-01
4.038157894736841835e-01
3.899342105263157721e-01
3.899342105263157721e-01
4.073026315789473606e-01
3.989473684210526061e-01
4.042763157894737058e-01
4.028947368421052500e-01
3.875657894736841969e-01
4.094078947368420818e-01
3.951973684210526305e-01
4.032236842105262897e-01
3.910526315789473739e-01
3.978289473684210598e-01
3.926315789473684426e-01
3.837499999999999800e-01
3.902631578947368673e-01
3.944078947368421240e-01
4.053289473684210664e-01
4.155263157894736881e-01
3.975657894736842057e-01
4.013815789473684226e-01
4.073684210526316019e-01
4.006578947368421018e-01
4.110526315789473917e-01
3.874342105263157698e-01
3.951973684210526305e-01
3.934210526315789491e-01
3.850657894736841946e-01
4.047368421052631726e-01
3.965789473684210309e-01
4.175657894736842235e-01
4.192763157894736636e-01
4.167105263157894757e-01
4.136842105263157654e-01
4.105921052631578694e-01
4.131578947368421129e-01
4.057236842105262919e-01
4.142763157894736592e-01
4.121710526315789380e-01
3.890789473684210797e-01
4.178289473684210775e-01
3.975000000000000200e-01
4.193421052631579049e-01
4.094736842105263230e-01
4.013815789473684226e-01
4.303289473684210331e-01
4.232236842105263075e-01
4.003289473684210620e-01
4.265789473684210575e-01
4.244736842105263364e-01
4.189473684210526239e-01
4.209210526315789735e-01
4.315131578947368207e-01
4.266447368421052433e-01
4.174999999999999822e-01
4.207236842105263053e-01
4.207236842105263053e-01
4.207236842105263053e-01
4.308552631578947412e-01
4.263157894736842035e-01
4.205263157894736925e-01
4.290789473684210598e-01
4.280921052631578849e-01
4.208552631578947323e-01
4.282894736842105532e-01
4.165789473684210487e-01
4.165131578947368629e-01
4.095394736842105088e-01
4.111184210526315774e-01
4.159210526315789691e-01
4.177631578947368363e-01
4.112500000000000044e-01
4.151973684210526483e-01
4.073026315789473606e-01
4.295394736842105265e-01
4.242763157894736681e-01
4.125657894736842191e-01
4.013815789473684226e-01
4.185526315789473428e-01
4.189473684210526239e-01
4.270394736842105243e-01
4.188157894736841969e-01
4.182894736842105443e-01
4.065789473684210398e-01
4.267763157894736703e-01
4.442763157894736858e-01
4.215131578947368673e-01
4.386842105263157876e-01
4.401973684210526150e-01
4.315789473684210620e-01
4.285526315789473517e-01
4.442105263157895001e-01
4.419078947368421106e-01
4.472368421052631549e-01
4.435526315789473650e-01
4.127631578947368318e-01
4.271052631578947101e-01
4.343421052631579182e-01
4.265789473684210575e-01
4.063815789473684270e-01
4.241447368421052411e-01
4.131578947368421129e-01
4.386842105263157876e-01
4.338815789473683959e-01
4.283552631578947389e-01
4.283552631578947389e-01
4.415131578947368296e-01
4.263157894736842035e-01
4.428289473684210442e-01
4.180263157894736903e-01
4.492763157894736903e-01
4.488157894736842235e-01
4.557236842105263364e-01
4.421052631578947234e-01
4.090131578947368562e-01
4.206578947368421195e-01
4.440789473684210731e-01
4.492763157894736903e-01
4.273684210526315641e-01
4.488157894736842235e-01
4.221710526315789469e-01
4.096710526315789358e-01
4.410526315789473628e-01
4.510526315789473717e-01
4.524342105263157721e-01
4.498026315789473428e-01
4.549342105263157743e-01
4.431578947368420840e-01
4.438815789473684048e-01
4.430921052631578982e-01
4.619078947368421284e-01
4.659868421052631438e-01
4.469736842105263008e-01
4.445394736842105399e-01
4.400657894736841880e-01
4.565789473684210287e-01
4.472368421052631549e-01
4.403947368421052833e-01
4.527631578947368673e-01
4.634868421052631415e-01
4.498026315789473428e-01
4.611842105263158076e-01
4.657894736842105310e-01
4.520394736842105465e-01
4.590789473684210309e-01
4.778289473684210753e-01
4.594736842105263119e-01
4.605263157894736725e-01
4.491447368421052633e-01
4.653289473684210642e-01
4.559868421052631349e-01
4.553289473684210553e-01
4.615789473684210331e-01
4.669736842105263186e-01
4.707236842105262942e-01
4.722368421052631771e-01
4.556578947368420951e-01
4.525657894736841991e-01
4.647368421052631704e-01
4.352631578947368518e-01
4.300657894736842346e-01
4.375000000000000000e-01
4.558552631578947634e-01
4.705921052631578672e-01
4.675000000000000266e-01
4.597368421052631660e-01
4.727631578947368296e-01
4.693421052631578938e-01
4.663815789473684248e-01
4.730921052631578694e-01
4.640789473684210353e-01
4.469736842105263008e-01
4.582236842105263386e-01
4.717763157894737103e-01
4.655921052631579182e-01
4.540789473684210265e-01
4.656578947368421040e-01
4.632236842105263430e-01
4.820394736842105177e-01
4.721052631578947500e-01
4.661184210526315708e-01
4.564473684210526572e-01
4.566447368421052699e-01
4.397368421052631482e-01
4.651973684210526372e-01
4.350657894736841835e-01
4.550000000000000155e-01
4.566447368421052699e-01
4.519736842105263053e-01
4.579605263157894846e-01
4.621052631578947412e-01
