5.263157894736841987e-03
5.263157894736841987e-03
5.263157894736841987e-03
5.000000000000000104e-03
5.789473684210526619e-03
6.578947368421052266e-03
7.631578947368420664e-03
9.210526315789472826e-03
1.605263157894736697e-02
2.000000000000000042e-02
2.289473684210526286e-02
2.684210526315789630e-02
2.868421052631578774e-02
2.657894736842105268e-02
2.999999999999999889e-02
2.842105263157894759e-02
2.842105263157894759e-02
2.973684210526315874e-02
3.263157894736842118e-02
3.315789473684210842e-02
3.421052631578947595e-02
3.736842105263157854e-02
4.131578947368420851e-02
4.078947368421052821e-02
4.131578947368420851e-02
4.526315789473684542e-02
4.710526315789473339e-02
4.657894736842105310e-02
4.947368421052631554e-02
5.131578947368421045e-02
5.394736842105263275e-02
5.315789473684210537e-02
5.631578947368420796e-02
5.710526315789473534e-02
5.657894736842105504e-02
5.868421052631579010e-02
5.868421052631579010e-02
6.263157894736842701e-02
6.184210526315789269e-02
6.263157894736842701e-02
6.526315789473684237e-02
6.868421052631579204e-02
6.973684210526315264e-02
6.631578947368421684e-02
6.894736842105263219e-02
7.499999999999999722e-02
7.473684210526315708e-02
7.447368421052631693e-02
7.710526315789473228e-02
7.684210526315789214e-02
7.657894736842105199e-02
8.210526315789473673e-02
8.342105263157895134e-02
8.605263157894736670e-02
8.657894736842104699e-02
8.526315789473684625e-02
8.921052631578947623e-02
8.657894736842104699e-02
8.789473684210526161e-02
9.236842105263158575e-02
9.552631578947368141e-02
9.184210526315789158e-02
9.815789473684211064e-02
1.005263157894736858e-01
9.578947368421052155e-02
9.894736842105263108e-02
1.005263157894736858e-01
1.023684210526315808e-01
1.044736842105263158e-01
1.034210526315789413e-01
1.076315789473684253e-01
1.055263157894736903e-01
1.107894736842105210e-01
1.115789473684210553e-01
1.105263157894736809e-01
1.136842105263157904e-01
1.142105263157894707e-01
1.147368421052631510e-01
1.218421052631578905e-01
1.194736842105263153e-01
1.226315789473684248e-01
1.236842105263157854e-01
1.181578947368421006e-01
1.192105263157894751e-01
1.276315789473684292e-01
1.276315789473684292e-01
1.271052631578947489e-01
1.313157894736842191e-01
1.263157894736842146e-01
1.313157894736842191e-01
1.326315789473684337e-01
1.326315789473684337e-01
1.402631578947368396e-01
1.400000000000000133e-01
1.400000000000000133e-01
1.386842105263157987e-01
1.376315789473684104e-01
1.471052631578947389e-01
1.434210526315789491e-01
1.442105263157894834e-01
1.476315789473684192e-01
1.452631578947368440e-01
1.528947368421052500e-01
1.528947368421052500e-01
1.510526315789473550e-01
1.531578947368421040e-01
1.571052631578947478e-01
1.534210526315789580e-01
1.463157894736842046e-01
1.534210526315789580e-01
1.615789473684210442e-01
1.576315789473684281e-01
1.594736842105263230e-01
1.650000000000000078e-01
1.668421052631579027e-01
1.678947368421052633e-01
1.678947368421052633e-01
1.657894736842105143e-01
1.660526315789473684e-01
1.702631578947368385e-01
1.755263157894736969e-01
1.742105263157894823e-01
1.734210526315789480e-01
1.773684210526315919e-01
1.742105263157894823e-01
1.771052631578947378e-01
1.726315789473684137e-01
1.771052631578947378e-01
1.821052631578947423e-01
1.815789473684210620e-01
1.771052631578947378e-01
1.813157894736842080e-01
1.852631578947368518e-01
1.821052631578947423e-01
1.905263157894736825e-01
1.923684210526315774e-01
1.849999999999999978e-01
1.892105263157894679e-01
1.826315789473684226e-01
1.892105263157894679e-01
1.868421052631578927e-01
1.892105263157894679e-01
1.810526315789473817e-01
1.905263157894736825e-01
1.957894736842105132e-01
1.952631578947368329e-01
2.015789473684210520e-01
2.049999999999999878e-01
2.002631578947368374e-01
1.989473684210526228e-01
2.057894736842105221e-01
2.002631578947368374e-01
2.068421052631578827e-01
2.007894736842105177e-01
2.047368421052631615e-01
2.084210526315789513e-01
1.994736842105263031e-01
2.123684210526315674e-01
2.089473684210526316e-01
2.128947368421052755e-01
2.023684210526315863e-01
2.068421052631578827e-01
2.126315789473684215e-01
2.094736842105263119e-01
2.018421052631579060e-01
2.110526315789473806e-01
2.176315789473684259e-01
2.168421052631578916e-01
2.192105263157894668e-01
2.160526315789473573e-01
2.149999999999999967e-01
2.168421052631578916e-01
2.113157894736842068e-01
2.194736842105263208e-01
2.149999999999999967e-01
2.189473684210526405e-01
2.252631578947368318e-01
2.236842105263157909e-01
2.197368421052631471e-01
2.305263157894736903e-01
2.239473684210526450e-01
2.194736842105263208e-01
2.207894736842105354e-01
2.257894736842105399e-01
2.310526315789473706e-01
2.265789473684210464e-01
2.302631578947368363e-01
2.273684210526315808e-01
2.226315789473684303e-01
2.371052631578947356e-01
2.300000000000000100e-01
2.326315789473684115e-01
2.378947368421052699e-01
2.373684210526315896e-01
2.328947368421052655e-01
2.323684210526315852e-01
2.397368421052631648e-01
2.339473684210526261e-01
2.363157894736842013e-01
2.286842105263157954e-01
2.415789473684210598e-01
2.371052631578947356e-01
2.436842105263157809e-01
2.418421052631578860e-01
2.334210526315789458e-01
2.363157894736842013e-01
2.344736842105263064e-01
2.392105263157894846e-01
2.407894736842105254e-01
2.289473684210526216e-01
2.410526315789473795e-01
2.313157894736841969e-01
2.402631578947368451e-01
2.455263157894736759e-01
2.465789473684210642e-01
2.363157894736842013e-01
2.426315789473684204e-01
2.397368421052631648e-01
2.368421052631578816e-01
2.513157894736842146e-01
2.457894736842105299e-01
2.399999999999999911e-01
2.402631578947368451e-01
2.473684210526315708e-01
2.502631578947368540e-01
2.521052631578947212e-01
2.444736842105263153e-01
2.536842105263157898e-01
2.447368421052631693e-01
2.594736842105263008e-01
2.478947368421052511e-01
2.531578947368420818e-01
2.557894736842105110e-01
2.489473684210526394e-01
2.492105263157894657e-01
2.539473684210526438e-01
2.578947368421052877e-01
2.621052631578947301e-01
2.528947368421052833e-01
2.636842105263157987e-01
2.484210526315789591e-01
2.568421052631578716e-01
2.592105263157894468e-01
2.655263157894736659e-01
2.615789473684210775e-01
2.552631578947368585e-01
2.639473684210526527e-01
2.602631578947368629e-01
2.557894736842105110e-01
2.615789473684210775e-01
2.642105263157894512e-01
2.644736842105263053e-01
2.523684210526315752e-01
2.539473684210526438e-01
2.578947368421052877e-01
2.544736842105262964e-01
2.563157894736842191e-01
2.605263157894736614e-01
2.615789473684210775e-01
2.673684210526315885e-01
2.623684210526315841e-01
2.652631578947368673e-01
2.697368421052631637e-01
2.639473684210526527e-01
2.628947368421052366e-01
2.642105263157894512e-01
2.713157894736842324e-01
2.631578947368420907e-01
2.623684210526315841e-01
2.571052631578947256e-01
2.618421052631578760e-01
2.631578947368420907e-01
2.663157894736842279e-01
2.650000000000000133e-01
2.728947368421052455e-01
2.628947368421052366e-01
2.681578947368420951e-01
2.694736842105263097e-01
2.689473684210526572e-01
2.652631578947368673e-01
2.723684210526315930e-01
2.702631578947368163e-01
2.678947368421052411e-01
2.623684210526315841e-01
2.665789473684210265e-01
2.726315789473684470e-01
2.657894736842105199e-01
2.734210526315789536e-01
2.760526315789473828e-01
2.702631578947368163e-01
2.752631578947368207e-01
2.794736842105263186e-01
2.786842105263158120e-01
2.794736842105263186e-01
2.692105263157894557e-01
2.705263157894736703e-01
2.723684210526315930e-01
2.744736842105263142e-01
2.736842105263158076e-01
2.800000000000000266e-01
2.684210526315789491e-01
2.747368421052631682e-01
2.715789473684210309e-01
2.739473684210526061e-01
2.752631578947368207e-01
2.736842105263158076e-01
2.705263157894736703e-01
2.705263157894736703e-01
2.773684210526315974e-01
2.726315789473684470e-01
2.763157894736842368e-01
2.765789473684210353e-01
2.773684210526315974e-01
2.760526315789473828e-01
2.752631578947368207e-01
2.765789473684210353e-01
2.823684210526316019e-01
2.802631578947368252e-01
2.784210526315789580e-01
2.765789473684210353e-01
2.810526315789473872e-01
2.818421052631578938e-01
2.818421052631578938e-01
2.868421052631578982e-01
2.807894736842105332e-01
2.815789473684210398e-01
2.807894736842105332e-01
2.818421052631578938e-01
2.718421052631578849e-01
2.784210526315789580e-01
2.836842105263158165e-01
2.823684210526316019e-01
2.926315789473684092e-01
2.815789473684210398e-01
2.778947368421052500e-01
2.805263157894736792e-01
2.855263157894736836e-01
2.865789473684210442e-01
2.860526315789473917e-01
2.826315789473684004e-01
2.731578947368420995e-01
2.742105263157894601e-01
2.800000000000000266e-01
2.886842105263157654e-01
2.892105263157894735e-01
2.907894736842105421e-01
2.842105263157894690e-01
2.868421052631578982e-01
2.871052631578947523e-01
2.857894736842105377e-01
2.894736842105263275e-01
2.894736842105263275e-01
2.839473684210526150e-01
2.939473684210526239e-01
2.863157894736841902e-01
2.905263157894736881e-01
2.828947368421052544e-01
2.918421052631579027e-01
2.876315789473684048e-01
2.886842105263157654e-01
2.949999999999999845e-01
2.842105263157894690e-01
2.899999999999999800e-01
2.965789473684210531e-01
2.884210526315789669e-01
2.913157894736841946e-01
2.899999999999999800e-01
2.915789473684210487e-01
2.860526315789473917e-01
2.915789473684210487e-01
2.926315789473684092e-01
2.918421052631579027e-01
2.889473684210526194e-01
2.931578947368421173e-01
2.876315789473684048e-01
2.936842105263157698e-01
2.889473684210526194e-01
2.834210526315789624e-01
2.915789473684210487e-01
2.902631578947368340e-01
2.915789473684210487e-01
2.928947368421052633e-01
2.942105263157894779e-01
2.923684210526315552e-01
2.955263157894736925e-01
2.913157894736841946e-01
2.957894736842105465e-01
2.928947368421052633e-01
2.928947368421052633e-01
2.931578947368421173e-01
2.957894736842105465e-01
2.934210526315789713e-01
2.886842105263157654e-01
2.921052631578947567e-01
2.936842105263157698e-01
2.952631578947368385e-01
2.878947368421052588e-01
2.939473684210526239e-01
2.944736842105263319e-01
2.949999999999999845e-01
2.944736842105263319e-01
2.894736842105263275e-01
2.923684210526315552e-01
2.873684210526316063e-01
2.910526315789473961e-01
2.942105263157894779e-01
2.897368421052631815e-01
2.976315789473684137e-01
2.976315789473684137e-01
2.894736842105263275e-01
2.968421052631579071e-01
2.965789473684210531e-01
2.915789473684210487e-01
2.934210526315789713e-01
2.999999999999999889e-01
2.921052631578947567e-01
2.971052631578947612e-01
3.005263157894736969e-01
2.936842105263157698e-01
2.942105263157894779e-01
2.986842105263157743e-01
2.921052631578947567e-01
2.978947368421052677e-01
2.955263157894736925e-01
2.939473684210526239e-01
2.971052631578947612e-01
2.944736842105263319e-01
2.939473684210526239e-01
2.878947368421052588e-01
2.994736842105263364e-01
3.034210526315789247e-01
2.986842105263157743e-01
3.002631578947368429e-01
3.018421052631579116e-01
2.965789473684210531e-01
2.994736842105263364e-01
2.989473684210526283e-01
2.965789473684210531e-01
2.976315789473684137e-01
2.965789473684210531e-01
2.994736842105263364e-01
2.913157894736841946e-01
2.997368421052631349e-01
2.984210526315789203e-01
2.997368421052631349e-01
3.055263157894737014e-01
3.002631578947368429e-01
2.976315789473684137e-01
3.047368421052631393e-01
3.005263157894736969e-01
2.984210526315789203e-01
2.947368421052631304e-01
2.963157894736841991e-01
3.021052631578947101e-01
2.994736842105263364e-01
2.923684210526315552e-01
2.984210526315789203e-01
2.994736842105263364e-01
3.010526315789473495e-01
3.005263157894736969e-01
2.960526315789473450e-01
2.994736842105263364e-01
2.981578947368421217e-01
3.044736842105263408e-01
2.910526315789473961e-01
3.002631578947368429e-01
2.952631578947368385e-01
3.007894736842105510e-01
3.005263157894736969e-01
3.007894736842105510e-01
3.021052631578947101e-01
3.026315789473684181e-01
3.028947368421052722e-01
3.036842105263157787e-01
3.060526315789473539e-01
3.076315789473684226e-01
3.028947368421052722e-01
3.005263157894736969e-01
3.036842105263157787e-01
3.039473684210526327e-01
2.973684210526315597e-01
3.002631578947368429e-01
3.002631578947368429e-01
2.992105263157894823e-01
3.023684210526315641e-01
2.989473684210526283e-01
3.081578947368421306e-01
3.073684210526315685e-01
3.044736842105263408e-01
3.057894736842104999e-01
3.028947368421052722e-01
3.068421052631579160e-01
3.042105263157894868e-01
3.002631578947368429e-01
3.010526315789473495e-01
3.073684210526315685e-01
2.976315789473684137e-01
2.997368421052631349e-01
2.947368421052631304e-01
3.049999999999999933e-01
3.010526315789473495e-01
2.999999999999999889e-01
3.034210526315789247e-01
3.039473684210526327e-01
3.005263157894736969e-01
2.986842105263157743e-01
3.007894736842105510e-01
2.997368421052631349e-01
3.039473684210526327e-01
2.992105263157894823e-01
3.036842105263157787e-01
3.028947368421052722e-01
3.031578947368421262e-01
3.021052631578947101e-01
3.005263157894736969e-01
3.073684210526315685e-01
2.999999999999999889e-01
3.031578947368421262e-01
3.068421052631579160e-01
3.021052631578947101e-01
3.063157894736842080e-01
3.026315789473684181e-01
3.018421052631579116e-01
3.010526315789473495e-01
3.047368421052631393e-01
3.036842105263157787e-01
3.036842105263157787e-01
3.076315789473684226e-01
3.028947368421052722e-01
3.031578947368421262e-01
3.015789473684210575e-01
3.034210526315789247e-01
3.013157894736842035e-01
3.007894736842105510e-01
3.021052631578947101e-01
3.060526315789473539e-01
3.023684210526315641e-01
3.018421052631579116e-01
3.039473684210526327e-01
3.034210526315789247e-01
3.023684210526315641e-01
3.028947368421052722e-01
3.034210526315789247e-01
3.005263157894736969e-01
3.010526315789473495e-01
3.060526315789473539e-01
3.039473684210526327e-01
3.068421052631579160e-01
3.057894736842104999e-01
3.097368421052631438e-01
3.076315789473684226e-01
3.086842105263157832e-01
3.047368421052631393e-01
3.049999999999999933e-01
3.081578947368421306e-01
2.992105263157894823e-01
3.044736842105263408e-01
3.028947368421052722e-01
3.071052631578947145e-01
3.076315789473684226e-01
2.989473684210526283e-01
3.007894736842105510e-01
2.989473684210526283e-01
3.021052631578947101e-01
3.044736842105263408e-01
3.036842105263157787e-01
3.063157894736842080e-01
2.957894736842105465e-01
3.007894736842105510e-01
3.084210526315789291e-01
3.110526315789473584e-01
3.031578947368421262e-01
3.031578947368421262e-01
2.981578947368421217e-01
3.073684210526315685e-01
3.110526315789473584e-01
3.068421052631579160e-01
2.992105263157894823e-01
3.018421052631579116e-01
3.076315789473684226e-01
3.071052631578947145e-01
3.047368421052631393e-01
3.063157894736842080e-01
3.057894736842104999e-01
3.102631578947368518e-01
3.126315789473684270e-01
3.086842105263157832e-01
3.076315789473684226e-01
3.055263157894737014e-01
3.026315789473684181e-01
3.071052631578947145e-01
3.078947368421052766e-01
2.989473684210526283e-01
3.068421052631579160e-01
3.081578947368421306e-01
3.071052631578947145e-01
3.036842105263157787e-01
3.065789473684210620e-01
3.060526315789473539e-01
3.076315789473684226e-01
3.057894736842104999e-01
3.055263157894737014e-01
3.021052631578947101e-01
3.078947368421052766e-01
3.052631578947368474e-01
3.018421052631579116e-01
3.068421052631579160e-01
3.034210526315789247e-01
3.049999999999999933e-01
3.039473684210526327e-01
3.057894736842104999e-01
3.013157894736842035e-01
3.047368421052631393e-01
3.084210526315789291e-01
3.028947368421052722e-01
3.068421052631579160e-01
3.107894736842105043e-01
3.028947368421052722e-01
3.081578947368421306e-01
3.015789473684210575e-01
3.086842105263157832e-01
3.086842105263157832e-01
3.063157894736842080e-01
3.052631578947368474e-01
3.013157894736842035e-01
3.057894736842104999e-01
3.023684210526315641e-01
3.036842105263157787e-01
3.044736842105263408e-01
3.118421052631579204e-01
3.068421052631579160e-01
3.073684210526315685e-01
3.089473684210526372e-01
3.031578947368421262e-01
3.039473684210526327e-01
3.023684210526315641e-01
3.042105263157894868e-01
3.060526315789473539e-01
3.078947368421052766e-01
3.015789473684210575e-01
3.057894736842104999e-01
3.034210526315789247e-01
2.992105263157894823e-01
3.028947368421052722e-01
3.057894736842104999e-01
3.065789473684210620e-01
3.131578947368420796e-01
3.057894736842104999e-01
3.047368421052631393e-01
3.076315789473684226e-01
3.071052631578947145e-01
3.078947368421052766e-01
3.102631578947368518e-01
3.021052631578947101e-01
3.055263157894737014e-01
3.081578947368421306e-01
3.123684210526315730e-01
2.997368421052631349e-01
3.049999999999999933e-01
3.007894736842105510e-01
3.057894736842104999e-01
3.099999999999999978e-01
3.044736842105263408e-01
3.034210526315789247e-01
3.063157894736842080e-01
3.105263157894737058e-01
3.078947368421052766e-01
3.052631578947368474e-01
3.144736842105262942e-01
3.023684210526315641e-01
3.092105263157894912e-01
3.071052631578947145e-01
3.086842105263157832e-01
3.055263157894737014e-01
3.081578947368421306e-01
3.039473684210526327e-01
3.071052631578947145e-01
3.052631578947368474e-01
3.063157894736842080e-01
3.081578947368421306e-01
3.073684210526315685e-01
3.044736842105263408e-01
3.089473684210526372e-01
3.073684210526315685e-01
3.105263157894737058e-01
3.099999999999999978e-01
3.026315789473684181e-01
3.065789473684210620e-01
3.076315789473684226e-01
3.078947368421052766e-01
3.047368421052631393e-01
3.026315789473684181e-01
3.057894736842104999e-01
3.055263157894737014e-01
3.097368421052631438e-01
3.071052631578947145e-01
3.042105263157894868e-01
3.073684210526315685e-01
3.044736842105263408e-01
3.078947368421052766e-01
3.089473684210526372e-01
3.105263157894737058e-01
3.081578947368421306e-01
3.128947368421052810e-01
3.086842105263157832e-01
3.028947368421052722e-01
3.021052631578947101e-01
3.044736842105263408e-01
3.068421052631579160e-01
3.065789473684210620e-01
3.076315789473684226e-01
3.113157894736842124e-01
3.028947368421052722e-01
3.078947368421052766e-01
3.081578947368421306e-01
3.086842105263157832e-01
3.005263157894736969e-01
3.118421052631579204e-01
3.057894736842104999e-01
3.131578947368420796e-01
3.089473684210526372e-01
3.081578947368421306e-01
3.097368421052631438e-01
3.063157894736842080e-01
3.055263157894737014e-01
3.055263157894737014e-01
3.089473684210526372e-01
3.042105263157894868e-01
3.065789473684210620e-01
3.078947368421052766e-01
3.044736842105263408e-01
3.063157894736842080e-01
3.034210526315789247e-01
3.063157894736842080e-01
3.118421052631579204e-01
3.057894736842104999e-01
3.123684210526315730e-01
3.089473684210526372e-01
3.055263157894737014e-01
3.034210526315789247e-01
3.057894736842104999e-01
3.118421052631579204e-01
3.042105263157894868e-01
3.039473684210526327e-01
3.150000000000000022e-01
3.086842105263157832e-01
3.097368421052631438e-01
3.081578947368421306e-01
3.013157894736842035e-01
3.039473684210526327e-01
3.031578947368421262e-01
3.052631578947368474e-01
3.078947368421052766e-01
3.065789473684210620e-01
3.084210526315789291e-01
3.076315789473684226e-01
3.089473684210526372e-01
3.057894736842104999e-01
3.086842105263157832e-01
3.110526315789473584e-01
3.044736842105263408e-01
3.055263157894737014e-01
3.047368421052631393e-01
3.089473684210526372e-01
3.060526315789473539e-01
3.044736842105263408e-01
3.089473684210526372e-01
3.044736842105263408e-01
3.044736842105263408e-01
3.063157894736842080e-01
3.063157894736842080e-01
3.057894736842104999e-01
3.049999999999999933e-01
3.068421052631579160e-01
3.086842105263157832e-01
3.081578947368421306e-01
3.065789473684210620e-01
3.044736842105263408e-01
3.039473684210526327e-01
3.018421052631579116e-01
3.036842105263157787e-01
3.131578947368420796e-01
3.039473684210526327e-01
3.071052631578947145e-01
3.044736842105263408e-01
3.105263157894737058e-01
3.047368421052631393e-01
3.084210526315789291e-01
3.115789473684210664e-01
3.097368421052631438e-01
3.081578947368421306e-01
3.023684210526315641e-01
3.026315789473684181e-01
3.105263157894737058e-01
3.084210526315789291e-01
3.052631578947368474e-01
3.063157894736842080e-01
3.089473684210526372e-01
3.073684210526315685e-01
3.042105263157894868e-01
2.997368421052631349e-01
3.007894736842105510e-01
3.021052631578947101e-01
3.057894736842104999e-01
3.049999999999999933e-01
3.105263157894737058e-01
3.060526315789473539e-01
3.047368421052631393e-01
3.128947368421052810e-01
3.107894736842105043e-01
3.078947368421052766e-01
3.115789473684210664e-01
3.081578947368421306e-01
3.089473684210526372e-01
3.078947368421052766e-01
3.065789473684210620e-01
3.110526315789473584e-01
3.078947368421052766e-01
3.049999999999999933e-01
3.002631578947368429e-01
3.060526315789473539e-01
3.068421052631579160e-01
3.086842105263157832e-01
3.063157894736842080e-01
3.081578947368421306e-01
3.097368421052631438e-01
3.086842105263157832e-01
3.073684210526315685e-01
3.086842105263157832e-01
3.013157894736842035e-01
3.039473684210526327e-01
3.063157894736842080e-01
3.044736842105263408e-01
3.092105263157894912e-01
3.126315789473684270e-01
3.026315789473684181e-01
3.073684210526315685e-01
3.065789473684210620e-01
3.102631578947368518e-01
3.081578947368421306e-01
3.071052631578947145e-01
3.110526315789473584e-01
3.055263157894737014e-01
3.063157894736842080e-01
3.071052631578947145e-01
3.060526315789473539e-01
3.084210526315789291e-01
3.086842105263157832e-01
3.071052631578947145e-01
3.068421052631579160e-01
3.092105263157894912e-01
3.042105263157894868e-01
3.028947368421052722e-01
3.031578947368421262e-01
3.052631578947368474e-01
3.099999999999999978e-01
3.057894736842104999e-01
3.097368421052631438e-01
3.055263157894737014e-01
3.105263157894737058e-01
3.028947368421052722e-01
3.110526315789473584e-01
3.065789473684210620e-01
3.044736842105263408e-01
3.052631578947368474e-01
3.121052631578947190e-01
3.042105263157894868e-01
3.078947368421052766e-01
3.068421052631579160e-01
3.065789473684210620e-01
3.055263157894737014e-01
3.081578947368421306e-01
3.076315789473684226e-01
3.044736842105263408e-01
3.052631578947368474e-01
3.057894736842104999e-01
3.078947368421052766e-01
3.113157894736842124e-01
3.065789473684210620e-01
3.023684210526315641e-01
3.094736842105262897e-01
3.063157894736842080e-01
3.078947368421052766e-01
3.039473684210526327e-01
3.073684210526315685e-01
3.063157894736842080e-01
3.047368421052631393e-01
3.118421052631579204e-01
3.071052631578947145e-01
3.065789473684210620e-01
3.081578947368421306e-01
3.028947368421052722e-01
3.084210526315789291e-01
3.089473684210526372e-01
3.049999999999999933e-01
3.071052631578947145e-01
3.078947368421052766e-01
3.105263157894737058e-01
3.076315789473684226e-01
3.055263157894737014e-01
3.094736842105262897e-01
3.044736842105263408e-01
3.071052631578947145e-01
3.052631578947368474e-01
3.057894736842104999e-01
3.078947368421052766e-01
3.055263157894737014e-01
3.105263157894737058e-01
3.076315789473684226e-01
3.055263157894737014e-01
3.084210526315789291e-01
3.057894736842104999e-01
3.076315789473684226e-01
3.105263157894737058e-01
3.128947368421052810e-01
3.047368421052631393e-01
3.097368421052631438e-01
3.113157894736842124e-01
3.057894736842104999e-01
3.092105263157894912e-01
3.092105263157894912e-01
3.089473684210526372e-01
3.026315789473684181e-01
3.081578947368421306e-01
3.099999999999999978e-01
3.081578947368421306e-01
3.065789473684210620e-01
3.049999999999999933e-01
3.052631578947368474e-01
3.097368421052631438e-01
3.036842105263157787e-01
3.060526315789473539e-01
3.097368421052631438e-01
3.026315789473684181e-01
3.044736842105263408e-01
3.044736842105263408e-01
3.094736842105262897e-01
3.060526315789473539e-01
3.063157894736842080e-01
3.099999999999999978e-01
3.065789473684210620e-01
3.099999999999999978e-01
3.110526315789473584e-01
3.034210526315789247e-01
3.099999999999999978e-01
3.052631578947368474e-01
3.049999999999999933e-01
3.068421052631579160e-01
3.092105263157894912e-01
3.081578947368421306e-01
3.052631578947368474e-01
3.123684210526315730e-01
3.071052631578947145e-01
3.139473684210526416e-01
3.078947368421052766e-01
3.068421052631579160e-01
3.055263157894737014e-01
3.176315789473684315e-01
3.084210526315789291e-01
3.086842105263157832e-01
3.097368421052631438e-01
3.118421052631579204e-01
3.031578947368421262e-01
3.031578947368421262e-01
3.005263157894736969e-01
3.065789473684210620e-01
3.047368421052631393e-01
3.047368421052631393e-01
3.084210526315789291e-01
3.107894736842105043e-01
3.097368421052631438e-01
3.118421052631579204e-01
3.092105263157894912e-01
3.121052631578947190e-01
3.081578947368421306e-01
3.076315789473684226e-01
3.099999999999999978e-01
3.047368421052631393e-01
3.094736842105262897e-01
3.047368421052631393e-01
3.071052631578947145e-01
3.076315789473684226e-01
3.052631578947368474e-01
3.081578947368421306e-01
3.071052631578947145e-01
3.049999999999999933e-01
3.126315789473684270e-01
3.057894736842104999e-01
3.094736842105262897e-01
3.094736842105262897e-01
3.089473684210526372e-01
3.105263157894737058e-01
3.081578947368421306e-01
3.081578947368421306e-01
3.057894736842104999e-01
3.052631578947368474e-01
3.089473684210526372e-01
3.089473684210526372e-01
3.107894736842105043e-01
3.023684210526315641e-01
3.107894736842105043e-01
