6.887584924697875977e-01
4.510071963071823342e-01
3.591274946928024181e-01
2.835061311721801536e-01
2.082000553607940563e-01
1.449697986245155334e-01
9.070313125848769586e-02
5.192156769335269650e-02
2.906992882490157942e-02
1.926252944394946098e-02
1.482864525169134105e-02
1.369253788143396343e-02
1.059615518897771835e-02
7.013107696548104113e-03
3.945272928103804415e-03
2.914128662087023432e-03
2.182239270769059832e-03
1.783560519106686029e-03
1.495881529990583658e-03
1.340811944101005836e-03
1.162157190265133977e-03
1.146279601380229083e-03
1.011801481945440260e-03
8.788185194134711786e-04
8.042550121899694421e-04
7.439733541104942777e-04
7.352046086452901363e-04
6.545427197124809460e-04
6.446735409554093859e-04
6.390218361048028307e-04
5.890658125281333706e-04
5.656825349433347149e-04
5.270915105938911004e-04
4.809179896255955317e-04
4.864621674641967037e-04
4.432665416970849146e-04
4.508070618612691543e-04
4.498292284552007805e-04
3.953097999328747609e-04
3.572429472114890597e-04
3.544328996213152788e-04
3.552709269570186626e-04
3.367868746863678206e-04
3.157830942654982209e-04
2.812466438626870405e-04
2.881497319322079529e-04
2.881813677959144224e-04
2.522025490179657828e-04
2.434259498841129298e-04
2.524830197216942906e-04
2.237981461803428829e-04
2.468153208610601615e-04
2.376209784415550638e-04
2.084196632495149862e-04
2.061703373328782510e-04
2.289779920829460133e-04
2.016563201323151697e-04
1.987746611121110510e-04
1.707204908598214496e-04
1.666487369220703840e-04
1.626304656383581460e-04
2.178052236558869481e-04
1.684571296209469546e-04
1.586007376317866038e-04
1.558084200951270705e-04
1.534931601781863773e-04
1.572262619447428625e-04
1.597695212694816346e-04
1.383574366627726758e-04
1.573091140016913414e-04
1.531538153358269591e-04
1.375636798911727911e-04
1.418888474290724790e-04
1.211827664519660148e-04
1.210361086123157265e-04
1.103488277294673053e-04
1.237622869666665738e-04
1.054995002050418434e-04
1.287454557314049398e-04
1.127835559600498554e-04
9.708409415907227045e-05
1.078927190974354771e-04
1.005745070870034397e-04
1.004126686893869164e-04
1.008178041956853122e-04
9.639258350944147056e-05
9.087144717341288653e-05
9.695866610854863849e-05
9.537687219562940300e-05
8.427709035458974269e-05
8.518844188074581867e-05
8.888224911061116105e-05
8.500490512233226949e-05
7.919975978438742188e-05
8.008614313439465517e-05
7.497324186260812256e-05
7.615084214194212651e-05
6.754149362677707726e-05
8.269135796581394428e-05
7.544360632891767269e-05
7.081651128828525001e-05
6.492460088338702375e-05
8.219309893320314586e-05
6.825555828982032835e-05
6.103746600274461711e-05
6.174813206598628583e-05
7.182338558777700568e-05
6.554174178745597872e-05
6.171816748974378881e-05
6.839101079094688797e-05
6.268406614253762567e-05
6.988459754211361909e-05
5.351409345166757703e-05
6.670764742011670023e-05
5.391389786382205920e-05
5.805618566228077087e-05
5.747705217800103399e-05
5.555574389290995760e-05
5.343015764083247767e-05
5.539686571864876896e-05
5.839691584696993232e-05
6.062378670321777327e-05
5.874548696738202125e-05
5.913194472668692199e-05
4.785672354046255350e-05
5.237370496615767614e-05
5.394834770413581417e-05
5.198004328121896833e-05
4.580713830364402655e-05
3.838240336335729537e-05
5.775178397016134113e-05
4.788101323356386003e-05
4.267726581019815058e-05
4.066370311193168028e-05
3.892709391948301210e-05
4.722707417386118594e-05
3.701304885908030109e-05
3.950563077523838593e-05
4.012715362478047609e-05
3.704614719026722149e-05
3.471319305390352248e-05
4.297410632716491954e-05
3.716106657520867613e-05
3.841264278889866410e-05
4.117262506042607129e-05
3.766426780202891542e-05
4.232173887430690229e-05
3.578712912712944807e-05
3.973996754211839153e-05
3.109155404672492567e-05
3.523072700772900134e-05
3.603227141866227476e-05
3.601754779083421589e-05
3.402277761779260026e-05
2.917543079092865674e-05
3.393048336874926463e-05
3.666841075755655766e-05
2.881418076867703416e-05
3.232055005355505408e-05
3.578624418878462301e-05
3.514491982059553266e-05
2.805110980261815576e-05
3.019641662831418148e-05
3.152178669552085921e-05
2.809883808367885581e-05
2.788439160212874480e-05
2.845171147782821344e-05
2.835256727848900347e-05
4.057031874253880504e-05
3.380185080459341407e-05
3.036106663785176419e-05
2.706618251977488263e-05
2.388153952779248221e-05
2.789977188513148712e-05
2.587621183920418911e-05
2.799310987029457533e-05
2.313021905138157376e-05
2.616542660689447143e-05
2.945339911093469777e-05
3.811281349044293301e-05
2.339602215215563639e-05
2.597479233372723616e-05
2.539229899412021041e-05
2.374511168454773589e-05
2.150921463908162104e-05
2.347363897570176050e-05
2.201251036240137318e-05
2.628632737469161065e-05
2.167224520235322551e-05
2.247873035230440883e-05
2.700298664422007345e-05
2.645091917656827650e-05
2.338094564038328962e-05
2.604008150228764726e-05
2.144921018043532968e-05
1.868410054157720946e-05
2.325341201867558858e-05
2.174361725337803364e-05
2.440181524434592710e-05
1.868304370873374932e-05
1.947106084116967463e-05
2.589051655377261341e-05
1.973743255803128840e-05
2.251857531518908082e-05
2.134938340532244251e-05
2.081949305647867664e-05
2.290555803483584760e-05
2.238152701465878568e-05
2.217313704022672027e-05
2.431220955259050378e-05
1.909792244987329536e-05
1.887589278339874135e-05
1.789835150702856617e-05
2.028287326538702473e-05
2.056834064205759137e-05
1.775402570274309187e-05
2.327279926248593120e-05
1.584318988534505479e-05
1.833966762205818736e-05
1.939582643899484470e-05
1.732289028950617716e-05
1.893255721370223977e-05
1.872805523817078210e-05
1.749185666994890266e-05
1.700955044725560583e-05
1.834389231589739075e-05
1.607226631676894545e-05
1.658816818235209279e-05
1.839515471147024073e-05
1.495493088441435282e-05
1.471870109526207671e-05
1.924465423144283840e-05
1.893002809083554894e-05
1.516608608653768897e-05
1.760770201144623706e-05
1.556417028041323579e-05
1.625022532607545077e-05
1.657486345720826784e-05
1.625201093702344224e-05
1.904181799545767785e-05
1.759868582666967928e-05
1.521538360975682668e-05
1.598134695086628266e-05
1.543560501886531643e-05
1.476955176258343306e-05
1.571614329805015654e-05
1.719321835480513982e-05
1.471212026444845901e-05
1.716753395157866112e-05
1.618846736164414459e-05
1.596891388544463553e-05
1.614617158338660239e-05
1.387549000355647843e-05
1.660500365687767179e-05
1.360605128866154667e-05
2.004236248467350514e-05
1.346662302239565145e-05
1.508763425590586916e-05
1.404917775289504857e-05
1.371788066535373286e-05
1.282670573345967535e-05
1.259738628505146994e-05
1.226457416123594191e-05
1.586489615874597871e-05
1.589117528055794537e-05
1.467150204916833866e-05
1.292750912398332696e-05
1.349241128991707194e-05
1.189039530800073441e-05
1.602376269147498398e-05
1.423876701664994505e-05
1.199946364067727768e-05
1.335802717221667922e-05
1.346360686511616290e-05
1.201081531689851511e-05
1.263623471459141001e-05
1.354727755824569545e-05
1.705934364508720978e-05
1.401101271767402102e-05
1.306275335082318566e-05
1.069419940904481303e-05
1.176640234916703708e-05
1.326000656263204325e-05
1.169957622551009956e-05
1.323800597674562596e-05
1.157401684395153973e-05
1.189788190458784811e-05
1.238500326508074034e-05
1.192842446471331675e-05
1.529247010694234564e-05
1.152110526163596592e-05
1.121887644330854494e-05
1.298084880545502461e-05
1.211640974361216683e-05
1.106844774767523631e-05
1.173954487967421267e-05
9.883632537821540948e-06
1.320552655670326203e-05
1.293551777052925832e-05
1.305316609432338771e-05
1.076553035090910339e-05
1.032944355756626532e-05
1.263552085219998810e-05
1.054396352628828026e-05
1.147018028859747540e-05
1.128027088270755485e-05
1.020748040900798548e-05
1.077666020137257806e-05
1.289138622269092661e-05
1.080369793271529488e-05
1.269717085961019620e-05
1.246246220034663532e-05
1.013053602036961854e-05
1.058096377164474621e-05
1.438476429029833492e-05
1.080221445590723340e-05
1.034424735735228751e-05
1.222023220179835368e-05
1.056848404914489913e-05
1.056440951288095642e-05
1.218991201312746853e-05
9.493704146734671328e-06
1.074321562555269338e-05
9.221519758284556933e-06
8.948681715992279012e-06
1.150119214798905887e-05
1.059269370671245303e-05
1.292043443754664656e-05
9.656664315116358243e-06
1.068161900548148037e-05
8.921738253775401295e-06
9.957248857972445305e-06
9.312469728683936410e-06
1.091868384719418794e-05
1.036859725900285412e-05
9.586929627403150905e-06
1.108529672819713630e-05
7.992091605046880770e-06
1.035994605445012018e-05
1.071885553756146760e-05
1.033961402754357516e-05
1.059977307704684790e-05
1.153095527115510811e-05
8.801064723229501396e-06
7.811685964043136432e-06
1.151060705524287254e-05
1.107058078559930504e-05
1.125542366935405812e-05
9.876488638838054273e-06
1.188509750136290711e-05
9.099051976590998724e-06
1.011563922475033838e-05
1.090707146431668695e-05
1.005311946755682584e-05
1.239369948962121203e-05
1.022051710606319864e-05
9.028179692904814824e-06
9.326488725491800092e-06
1.496716849942458861e-05
8.924711255531293086e-06
9.821840239965241149e-06
9.614524242351762273e-06
1.186562558359582976e-05
1.088806470761483070e-05
9.663717537478078834e-06
9.646218859415967695e-06
1.068941637640818920e-05
1.042089179463800906e-05
1.260800195268529933e-05
1.053619344020262293e-05
8.547472089048823595e-06
9.711143457025173459e-06
9.200948898069328375e-06
9.195107804771395654e-06
9.997760434998781081e-06
7.996028489287710495e-06
8.664913411848829805e-06
8.928255510909366421e-06
8.380416511499788951e-06
8.231309948314446956e-06
8.041519004109432328e-06
8.351256929017835889e-06
9.467560357734327458e-06
8.061341122811428018e-06
7.975571452334407463e-06
9.699483143776888028e-06
8.540736780560110103e-06
7.834096231817966666e-06
8.982487042885622263e-06
8.371745661861495369e-06
1.190826678794110262e-05
8.373974515052395534e-06
9.767327901499811221e-06
8.758114745432976633e-06
8.386462195630883120e-06
9.322138339484808967e-06
9.345639364255476150e-06
8.105825872917194597e-06
9.067986411537276581e-06
1.025812343868892640e-05
8.073290882748550989e-06
8.365115627384512093e-06
8.296008945762878961e-06
9.376968500873772766e-06
9.046182822203262963e-06
8.364815175809781745e-06
8.596986799602745355e-06
8.251579583884448998e-06
8.863896073307842694e-06
7.131284155548200604e-06
7.872784090068308044e-06
8.016678884814610112e-06
1.028879237310320571e-05
1.014645954455772880e-05
8.707750566827598959e-06
9.966388324755825695e-06
9.174726983474101871e-06
6.607682917092461308e-06
7.775533913445541889e-06
7.794482144163339399e-06
8.029788887142785825e-06
7.987378103280206803e-06
7.372177333309082484e-06
7.822102816135156900e-06
8.903194293452543545e-06
7.538642648796667345e-06
8.197544730137451552e-06
7.160704262787475843e-06
8.824097358228755522e-06
8.711702184882596728e-06
7.860680898374994963e-06
7.131397705961717462e-06
7.117644418030977080e-06
9.699393149276148274e-06
7.286150230356725272e-06
8.598697377237840556e-06
7.688465075261774473e-06
8.325573617185000330e-06
7.502618018406792544e-06
6.775989368179579858e-06
1.072756717803713366e-05
8.366488691535778005e-06
7.901770095486426387e-06
8.622399582236539234e-06
6.550414900630130094e-06
6.813505342506686818e-06
8.296592295664594762e-06
8.607146037320490334e-06
8.445821003988385539e-06
7.617105120516498912e-06
7.403658310067840259e-06
1.032885820677620291e-05
8.757941714065964334e-06
1.009731031444971416e-05
7.552044917247258296e-06
8.624814790891833011e-06
7.934804716569488614e-06
8.064662915785448033e-06
8.472524496028199114e-06
9.629191890780929730e-06
8.347224456883850169e-06
7.758424953863140449e-06
7.492953955079428852e-06
7.752206920486060310e-06
7.293212092918111011e-06
7.355479738180292770e-06
7.286617892532376234e-06
6.963972737139556557e-06
1.027046273520681939e-05
1.044857108354335685e-05
8.012539592527900145e-06
8.840822783895418302e-06
7.822653424227610569e-06
6.682450521111604588e-06
7.234955319290747866e-06
7.119020847312640568e-06
8.430593879893422127e-06
7.718370216025505893e-06
7.640878129677730274e-06
7.951689303808961656e-06
7.163335658333380368e-06
1.017580279949470423e-05
8.342863475263584744e-06
8.078129349087248895e-06
6.821961778769036586e-06
8.892099549484555271e-06
7.025969262031140145e-06
8.559966181564959359e-06
6.151489606054382991e-06
7.928358536446467381e-06
7.183831166912569072e-06
7.323297404582263309e-06
8.261663151643005453e-06
9.309199776907917451e-06
7.919553672763867896e-06
8.669207818456926129e-06
7.709328338023624722e-06
6.543161543959286233e-06
8.283246961582335305e-06
7.884339493102742613e-06
8.832965295368922621e-06
7.644608831469668753e-06
7.995208534339326434e-06
8.365856501768575981e-06
7.835271071598981846e-06
8.120873280859086324e-06
7.964075439303997650e-06
7.030221377135604027e-06
7.549481415480840612e-06
9.421198637937776998e-06
7.054032084852224046e-06
8.305554138132719916e-06
6.818612746428698301e-06
8.685360216986737892e-06
7.352679403993533924e-06
8.341146940438193947e-06
8.411024828092194755e-06
7.609151316501083445e-06
8.602562547821435824e-06
8.145847095875069160e-06
8.291539279525749978e-06
1.099815544876037233e-05
8.765370193941634402e-06
8.135948974086204544e-06
1.064914749804302119e-05
8.493106452078792013e-06
9.364067000205978497e-06
8.134728795994306322e-06
7.428789103869348764e-06
7.356173045991454104e-06
7.882251566115883179e-06
6.902333143443683924e-06
7.187609162428998050e-06
7.881449937485740181e-06
7.238764555950183252e-06
7.923865359771297906e-06
7.821721283107763156e-06
7.518318670918233523e-06
6.755823460480314849e-06
8.001570404303492301e-06
7.676748373341979120e-06
6.951857039894094098e-06
7.457752371919923631e-06
9.573241504767792892e-06
7.646237509106868624e-06
7.804653387211147103e-06
7.606474628119030798e-06
7.004226836215820756e-06
7.348917188210180368e-06
7.846024482205394063e-06
6.770913387299515307e-06
7.413174853354576213e-06
6.921652038727188822e-06
7.097773459463496862e-06
9.035034463522605852e-06
9.489608873991529204e-06
8.825769691611640494e-06
8.931487082008971240e-06
6.503918575617717240e-06
8.154236365953692489e-06
7.133275448722997511e-06
8.460849358016275801e-06
7.285067340490058996e-06
9.700445480120833624e-06
7.228701679196092131e-06
6.672558174614095891e-06
7.355471370829036290e-06
6.252067123568849638e-06
8.012608668650500815e-06
7.134383713491842743e-06
8.387590060010553084e-06
7.274663130374392664e-06
6.979599356782273728e-06
8.060652544372714378e-06
7.876324025346547958e-06
7.883687840148922310e-06
8.213295404857490889e-06
7.134161842259345915e-06
8.627800252725136720e-06
7.251680790432146412e-06
6.698189372400520031e-06
7.942355205159401860e-06
7.694621990594896149e-06
1.008911981443816398e-05
7.264083615154959600e-06
6.820087583037092943e-06
6.372684401867445219e-06
6.539425294249668125e-06
7.493888460885500535e-06
6.372542020471882837e-06
7.180775583037757315e-06
6.849908322692499157e-06
7.359362189163220877e-06
6.982711147429654036e-06
7.584882087030564265e-06
7.497353317376110110e-06
6.928456423338502984e-06
6.315554901448194699e-06
8.923638779378961433e-06
7.290249095603940416e-06
7.101583605617634021e-06
6.935391638762666844e-06
7.275512552951113660e-06
6.798728873036452738e-06
7.847557071727351286e-06
6.457872086684801785e-06
5.906944124944857322e-06
6.798566300858510828e-06
6.284948312895721756e-06
7.066619764373171736e-06
7.472943116226815280e-06
6.279426497712847946e-06
7.153741171350702305e-06
5.498898462974466214e-06
6.762713110219920223e-06
9.305257708547288298e-06
7.059184372337767685e-06
6.939907552805379795e-06
6.844839663244783709e-06
6.085801805966184136e-06
6.190883777890121734e-06
6.348970464387093332e-06
6.268862625802284699e-06
5.548064427784992974e-06
7.719328277744352140e-06
6.368297863446059467e-06
6.735167107763117941e-06
5.613452913166838698e-06
6.360796714943717403e-06
5.794033268102794124e-06
6.307620606094133278e-06
6.269984146456408441e-06
5.248294792181696150e-06
5.290423814585665241e-06
6.412209177142358216e-06
6.149404907773714682e-06
6.536642285936977884e-06
6.524232549054431560e-06
4.992570757167413492e-06
5.433070919025340456e-06
5.652790196108980866e-06
5.071978284831856970e-06
5.387524197431048378e-06
6.977524913054367401e-06
6.787584538869850803e-06
5.532225668503088115e-06
6.953820161470503081e-06
5.571327574216411618e-06
5.394544155024050608e-06
5.187391616345849227e-06
5.425732842923025262e-06
5.101432952869799581e-06
5.194629761717806274e-06
5.815971417177934369e-06
4.833005232285359112e-06
5.706336241928511130e-06
4.657926183426752687e-06
3.972698937104723713e-06
4.989588796888711270e-06
4.717522551800357517e-06
6.320743386822868731e-06
4.835469735553488305e-06
4.945405726175522093e-06
5.377204661272116767e-06
4.636208313968382014e-06
4.167101155871932691e-06
4.129510671191383153e-06
6.690165560030436778e-06
4.689739262175862339e-06
4.420297454998945055e-06
4.564969731291057373e-06
4.059715911353123035e-06
3.998864644927379971e-06
4.697059262070979796e-06
4.701771058535087092e-06
4.297420855436939916e-06
3.894546989613445645e-06
4.965520861333061306e-06
3.995221391051018145e-06
4.970564918949093966e-06
4.733258811029372398e-06
4.354961583885597404e-06
4.443137186171952635e-06
3.999060572823509235e-06
3.739120802492834458e-06
4.873608895650250245e-06
3.493431609058461448e-06
3.660421657514234370e-06
4.183317196293501522e-06
2.866314048333151732e-06
3.620207075982761950e-06
3.755773104785476049e-06
3.710233931997208941e-06
3.151140685986320192e-06
3.891980782100290526e-06
3.578931318770628507e-06
3.952159909204056360e-06
3.170118884554540442e-06
3.738420468835101844e-06
3.125050147900765381e-06
3.142188870697282424e-06
2.947273696918273514e-06
2.658198422977875622e-06
3.092519068559340498e-06
2.981149691549944691e-06
3.615983155214053028e-06
3.107983661720936483e-06
2.681521868908021218e-06
3.108971895926515572e-06
3.211324633412004829e-06
3.254886792092293035e-06
4.176743334483034972e-06
2.914449953550501790e-06
2.771396430034656162e-06
3.634168376720481489e-06
3.403189930395455946e-06
2.734638655965682119e-06
3.207430927432142283e-06
2.857651884369261182e-06
2.966516478863922943e-06
2.762184658422483978e-06
2.814213394231046635e-06
3.165378302583121695e-06
2.198200763814383948e-06
2.873644007195252925e-06
2.243101005205972057e-06
2.661591122432582948e-06
2.174995893255981998e-06
3.084576746914535761e-06
2.855924321920610964e-06
2.308954628915671407e-06
2.194446642533876087e-06
2.702687049804808254e-06
1.886546556306711864e-06
2.000294580284389583e-06
2.293127283792273205e-06
2.970557216031011363e-06
2.729358084252453579e-06
2.312498315859556981e-06
2.402119253019918518e-06
2.220187229795555880e-06
1.988938436170428758e-06
2.198787217366770905e-06
2.148092073639418147e-06
2.124498564626264852e-06
1.857274196481739594e-06
2.186129552228521619e-06
1.674608211033046203e-06
1.665164359110349281e-06
1.891085219085653080e-06
1.845078418227785775e-06
1.826942991556279594e-06
2.165437990697682835e-06
1.979466469492763196e-06
1.640669472635636424e-06
1.755341656917153159e-06
1.762332612997852223e-06
1.605393117642961358e-06
1.507297088210179978e-06
1.917780366511578904e-06
1.910674336613737893e-06
2.289392159582348371e-06
1.359028772185411071e-06
1.704028227322851392e-06
1.585258473824069370e-06
1.397590528995351718e-06
1.701348310234607197e-06
1.513491724836057983e-06
1.619110810224810933e-06
1.547333795315353200e-06
1.578095464083162369e-06
1.658811481775046517e-06
1.387460952173569197e-06
1.454049407811908125e-06
1.842951894559519217e-06
1.518305049330592653e-06
1.359344548745866590e-06
1.604228532414708795e-06
1.328477679862771765e-06
1.763091864859234277e-06
1.170458051547029796e-06
1.345254537454820905e-06
1.424271459882220370e-06
1.179288688035740051e-06
1.194647734337195246e-06
1.160592307769547957e-06
1.248333683179225688e-06
1.036126803910519811e-06
1.032855470839422281e-06
1.117905009095920747e-06
1.403082671913580186e-06
9.923240213538520462e-07
1.102127112062589689e-06
1.071456443924034914e-06
1.226995539127528943e-06
1.204080740535573483e-06
1.094097552822859101e-06
9.519936611468437847e-07
1.134930874968631627e-06
1.504756477288537923e-06
9.498048427758476464e-07
1.057023314388061450e-06
9.939555638993624174e-07
9.520175126453977586e-07
1.200092617636983135e-06
1.398050437728670574e-06
1.337635586651231363e-06
8.576601885579293382e-07
1.074438517889575493e-06
7.486691004032763674e-07
9.943430654857365457e-07
8.073109540873701917e-07
9.804862713735928145e-07
9.038768666869145818e-07
9.481272741140856154e-07
9.294443088947445662e-07
7.460818267190916654e-07
7.981515864230459132e-07
8.917164791455433746e-07
7.626308672570303104e-07
9.978456063208796391e-07
7.045043531661576920e-07
6.545221282294733524e-07
8.741750946228421738e-07
6.831137028484590489e-07
8.369375962047343121e-07
8.243967272392182865e-07
7.605811248367899891e-07
7.112134710496320199e-07
7.272307698258373421e-07
6.270465974012040745e-07
8.335330164754850769e-07
8.587817887928395066e-07
9.481383870024729033e-07
6.050787646927346518e-07
7.298350851669965566e-07
6.684750161412011737e-07
8.200480863251868868e-07
6.213579013092385563e-07
7.519660101706903819e-07
6.265558198492727084e-07
6.407324661950042355e-07
5.150038134615897646e-07
7.199101077048908761e-07
6.449811792208493200e-07
6.909531492738096647e-07
6.028101552146836396e-07
5.360992645364603959e-07
5.597888417696594419e-07
4.825598125535179861e-07
5.410202589928303919e-07
5.513725682249060324e-07
5.163295782040222548e-07
7.112869241154840195e-07
5.454083890299443526e-07
5.469997745422006543e-07
6.199520868221952273e-07
4.807957083130532251e-07
4.989964565993432188e-07
5.420362128916167633e-07
6.017077652131774388e-07
5.547155666363323266e-07
5.181416526056636728e-07
4.879438989746631493e-07
5.281792113009941690e-07
5.559465620308401201e-07
4.460149256146905721e-07
4.180722129376590813e-07
6.788185601180885199e-07
4.203181561024393992e-07
4.936178271464086932e-07
4.527386067820771026e-07
3.984741596241292321e-07
4.573828363163556893e-07
4.349143125637056073e-07
3.673365625900260268e-07
4.233986174995152396e-07
5.048284691611115493e-07
4.938562682355040822e-07
3.314259345188475087e-07
4.098373480587724771e-07
3.957324480552415268e-07
4.307466724640107502e-07
4.078776811411444108e-07
4.083543586830273641e-07
4.050403106248268159e-07
4.184019900321800590e-07
5.501862347045971335e-07
4.186160111885328661e-07
4.715595053994547819e-07
3.851944128996365392e-07
3.642753284793798018e-07
4.083447919356331007e-07
3.053762654303682317e-07
3.808220213841195589e-07
3.362373135473717412e-07
3.985410032214531172e-07
3.695873616038625187e-07
3.211739880271124897e-07
3.486828532572872064e-07
3.086093570914272065e-07
3.449015807177602467e-07
3.010705171391236839e-07
3.321747811924069432e-07
3.096585345474522804e-07
4.640304979375286864e-07
3.127101365407725309e-07
2.851679113291538776e-07
3.699832333836639009e-07
2.978184269863959238e-07
2.974227967911247000e-07
2.448750890948758752e-07
2.462770041233852680e-07
3.424511945127051149e-07
3.274444736689474455e-07
2.896454475376230918e-07
2.829077274668634345e-07
2.976421669131923409e-07
3.037360542634814814e-07
2.353049751491198496e-07
2.681448691532750566e-07
2.937653860612954410e-07
2.428914726237962684e-07
3.417117142134884383e-07
3.568906478790267905e-07
2.992061297391046749e-07
3.079184551779690082e-07
2.327157673676083611e-07
2.524523921465515847e-07
2.445985600729727594e-07
2.286578876464773255e-07
2.181912506671324187e-07
3.199590366875782122e-07
3.052861913488413636e-07
2.521852593417861499e-07
2.457906987274327654e-07
2.329208257378923008e-07
2.943328368587572398e-07
2.191449866018047032e-07
2.415134815691999181e-07
3.882563461843346886e-07
2.687076232632534811e-07
2.452756902471264872e-07
3.157907528361647459e-07
3.113718349823102471e-07
2.832751860637472630e-07
3.081619496470011443e-07
2.793795800926090927e-07
2.043391646111558710e-07
2.060558067285000963e-07
2.278902229591040047e-07
1.776982678336480497e-07
1.954509457391395646e-07
2.211619900549521844e-07
2.450141550980333493e-07
2.186968089290530876e-07
2.396588044462078172e-07
2.518897183279022799e-07
1.959469521750634052e-07
1.903248943335711480e-07
2.154352259253755725e-07
2.769197784857624462e-07
1.788855847451031772e-07
2.676779587318378723e-07
2.037145634403714212e-07
2.318050370320179301e-07
1.997616394078249763e-07
2.291701143519731029e-07
2.715558551358299155e-07
1.768971330307067494e-07
1.817371241941145748e-07
1.773263008431058499e-07
1.922419087918569752e-07
1.643086477542965334e-07
1.860525202346252521e-07
1.759387863842221017e-07
1.768446963978931202e-07
2.482562557304390688e-07
1.299095515605586115e-07
1.581478798584612272e-07
1.739121714194879989e-07
1.558972350323983899e-07
1.727582301214169896e-07
1.239586261192471231e-07
1.631022961134931393e-07
1.342202118337354477e-07
1.286554891066771128e-07
1.137638427906040306e-07
1.457071988397728948e-07
1.449108893325501518e-07
1.677037978708995123e-07
1.274109372673137894e-07
1.448918162338941382e-07
1.595498623885305172e-07
1.665927484850726614e-07
1.331854299735368735e-07
1.553632031914276013e-07
2.289463012061787489e-07
1.212597272370885495e-07
1.527406041645917867e-07
1.255655803333865955e-07
