3.970924764871597290e-01
3.973783552646636963e-01
3.991986811161041260e-01
4.048480689525604248e-01
4.077445715665817261e-01
3.922877162694931030e-01
3.551022708415985107e-01
3.120236992835998535e-01
2.790816873311996460e-01
2.521263435482978821e-01
2.336950376629829407e-01
2.214724868535995483e-01
2.118784338235855103e-01
2.048397436738014221e-01
1.982131972908973694e-01
1.922373175621032715e-01
1.865707337856292725e-01
1.812291592359542847e-01
1.764418184757232666e-01
1.713522970676422119e-01
1.670865416526794434e-01
1.624611094594001770e-01
1.579691842198371887e-01
1.543286293745040894e-01
1.503407955169677734e-01
1.470289379358291626e-01
1.427953392267227173e-01
1.396082490682601929e-01
1.359335184097290039e-01
1.324688196182250977e-01
1.292795315384864807e-01
1.260591298341751099e-01
1.230199635028839111e-01
1.197257339954376221e-01
1.171466819941997528e-01
1.135369911789894104e-01
1.102720648050308228e-01
1.089669540524482727e-01
1.054781675338745117e-01
1.028250120580196381e-01
9.978087618947029114e-02
9.716158360242843628e-02
9.504519402980804443e-02
9.248533844947814941e-02
9.036891907453536987e-02
8.829229325056076050e-02
8.649360388517379761e-02
8.399023860692977905e-02
8.169935643672943115e-02
7.888408005237579346e-02
7.661127299070358276e-02
7.526129856705665588e-02
7.290966436266899109e-02
7.122939452528953552e-02
6.948600336909294128e-02
6.817340850830078125e-02
6.594274565577507019e-02
6.452385708689689636e-02
6.244038790464401245e-02
6.096464022994041443e-02
5.939208343625068665e-02
5.776915326714515686e-02
5.636838637292385101e-02
5.525420233607292175e-02
5.367887392640113831e-02
5.195347778499126434e-02
5.075292661786079407e-02
4.954460635781288147e-02
4.784921556711196899e-02
4.682744853198528290e-02
4.580331221222877502e-02
4.456510394811630249e-02
4.340316914021968842e-02
4.200926423072814941e-02
4.086251929402351379e-02
3.976731188595294952e-02
3.893027268350124359e-02
3.791395761072635651e-02
3.742504119873046875e-02
3.640094399452209473e-02
3.540030121803283691e-02
3.455656766891479492e-02
3.349493071436882019e-02
3.276293538510799408e-02
3.204007260501384735e-02
3.128589130938053131e-02
3.050660621374845505e-02
2.978201862424612045e-02
2.897879853844642639e-02
2.852243464440107346e-02
2.759824506938457489e-02
2.732701227068901062e-02
2.639954350888729095e-02
2.599999494850635529e-02
2.530385367572307587e-02
2.479312289506196976e-02
2.442864235490560532e-02
2.388847712427377701e-02
2.327081933617591858e-02
2.260505594313144684e-02
2.223332412540912628e-02
2.185216639190912247e-02
2.141503151506185532e-02
2.086838800460100174e-02
2.034514956176280975e-02
1.983376685529947281e-02
1.930815353989601135e-02
1.891607977449893951e-02
1.886422093957662582e-02
1.811710465699434280e-02
1.794752478599548340e-02
1.772991288453340530e-02
1.740510482341051102e-02
1.697049476206302643e-02
1.662389002740383148e-02
1.630773860961198807e-02
1.604407839477062225e-02
1.555780088528990746e-02
1.538761891424655914e-02
1.504937559366226196e-02
1.480916095897555351e-02
1.458365842700004578e-02
1.424375316128134727e-02
1.423340151086449623e-02
1.387989800423383713e-02
1.362892054021358490e-02
1.334986044093966484e-02
1.307380106300115585e-02
1.273906650021672249e-02
1.262228097766637802e-02
1.255944464355707169e-02
1.224951725453138351e-02
1.211562613025307655e-02
1.183216925710439682e-02
1.160336192697286606e-02
1.134246215224266052e-02
1.122713740915060043e-02
1.118486886844038963e-02
1.086603663861751556e-02
1.065255515277385712e-02
1.057037431746721268e-02
1.038230024278163910e-02
1.019035046920180321e-02
1.004092209041118622e-02
9.923932142555713654e-03
9.618472307920455933e-03
9.576611686497926712e-03
9.470635559409856796e-03
9.347828570753335953e-03
9.103937074542045593e-03
9.091559331864118576e-03
8.884968701750040054e-03
8.681850042194128036e-03
8.711123839020729065e-03
8.591018617153167725e-03
8.334148209542036057e-03
8.234524633735418320e-03
8.197307121008634567e-03
8.039066102355718613e-03
7.974189240485429764e-03
7.934618741273880005e-03
7.762883324176073074e-03
7.646964164450764656e-03
7.625114638358354568e-03
7.562786340713500977e-03
7.374561391770839691e-03
7.262691389769315720e-03
7.127123419195413589e-03
7.040083408355712891e-03
7.025275146588683128e-03
6.893879035487771034e-03
6.799771916121244431e-03
6.718694465234875679e-03
6.585617316886782646e-03
6.553209852427244186e-03
6.501458119601011276e-03
6.398383527994155884e-03
6.280253175646066666e-03
6.248299032449722290e-03
6.186359329149127007e-03
6.136515876278281212e-03
6.040063453838229179e-03
5.935061955824494362e-03
5.865289131179451942e-03
5.788692738860845566e-03
5.754368379712104797e-03
5.710718687623739243e-03
5.648152437061071396e-03
5.632375134155154228e-03
5.530535941943526268e-03
5.487681599333882332e-03
5.423114635050296783e-03
5.344916135072708130e-03
5.283425329253077507e-03
5.198439816012978554e-03
5.137077765539288521e-03
5.123563343659043312e-03
5.054232897236943245e-03
4.974791780114173889e-03
4.921368323266506195e-03
4.894937854260206223e-03
4.862837959080934525e-03
4.768598126247525215e-03
4.710023757070302963e-03
4.690132103860378265e-03
4.647858440876007080e-03
4.607552895322442055e-03
4.542353795841336250e-03
4.512639250606298447e-03
4.440114833414554596e-03
4.431143170222640038e-03
4.366847220808267593e-03
4.346854286268353462e-03
4.280735738575458527e-03
4.293249920010566711e-03
4.226075951009988785e-03
4.211286548525094986e-03
4.158464493229985237e-03
4.086741362698376179e-03
4.045025445520877838e-03
4.026213428005576134e-03
3.974480438046157360e-03
3.939893329516053200e-03
3.936603781767189503e-03
3.913825028575956821e-03
3.787432797253131866e-03
3.841741010546684265e-03
3.707265830598771572e-03
3.738979576155543327e-03
3.684255992993712425e-03
3.662124741822481155e-03
3.629349521361291409e-03
3.599732881411910057e-03
3.588649909943342209e-03
3.522935556247830391e-03
3.520698053762316704e-03
3.492768737487494946e-03
3.424386028200387955e-03
3.389626974239945412e-03
3.350738552398979664e-03
3.401374677196145058e-03
3.331418614834547043e-03
3.293879562988877296e-03
3.243432147428393364e-03
3.282654681243002415e-03
3.253600210882723331e-03
3.200493520125746727e-03
3.174517536535859108e-03
3.146600560285151005e-03
3.145302413031458855e-03
3.120474051684141159e-03
3.090548096224665642e-03
3.037325222976505756e-03
3.036791575141251087e-03
2.979614422656595707e-03
2.950627356767654419e-03
2.937085111625492573e-03
2.962598344311118126e-03
2.877358929254114628e-03
2.836798783391714096e-03
2.857988467440009117e-03
2.827041782438755035e-03
2.810957725159823895e-03
2.780145849101245403e-03
2.779868431389331818e-03
2.764163189567625523e-03
2.717591589316725731e-03
2.708945889025926590e-03
2.690904308110475540e-03
2.687702653929591179e-03
2.619887003675103188e-03
2.628219313919544220e-03
2.610610565170645714e-03
2.588053932413458824e-03
2.568392781540751457e-03
2.552598365582525730e-03
2.520378679037094116e-03
2.528136479668319225e-03
2.494781510904431343e-03
2.461640513502061367e-03
2.453590393997728825e-03
2.436826354824006557e-03
2.436908078379929066e-03
2.412073896266520023e-03
2.387317479588091373e-03
2.366300323046743870e-03
2.346682245843112469e-03
2.340006525628268719e-03
2.325329463928937912e-03
2.289062133058905602e-03
2.268290729261934757e-03
2.284738351590931416e-03
2.275326405651867390e-03
2.270673168823122978e-03
2.241070847958326340e-03
2.234234008938074112e-03
2.207063720561563969e-03
2.197534777224063873e-03
2.180450246669352055e-03
2.162720775231719017e-03
2.148827770724892616e-03
2.154214773327112198e-03
2.096809796057641506e-03
2.078906283713877201e-03
2.065894252154976130e-03
2.057437784969806671e-03
2.044246357399970293e-03
2.068451431114226580e-03
2.055773511528968811e-03
2.055677468888461590e-03
2.005206188187003136e-03
1.979968510568141937e-03
2.004135982133448124e-03
1.949354482349008322e-03
1.962952781468629837e-03
1.928705489262938499e-03
1.932481711264699697e-03
1.912634063046425581e-03
1.944806135725229979e-03
1.924863841850310564e-03
1.940841786563396454e-03
1.911152154207229614e-03
1.891299616545438766e-03
1.861006137914955616e-03
1.834036200307309628e-03
1.820203149691224098e-03
1.820723176933825016e-03
1.814220740925520658e-03
1.808303408324718475e-03
1.787279034033417702e-03
1.750050636474043131e-03
1.797878067009150982e-03
1.737834769301116467e-03
1.740547420922666788e-03
1.734812394715845585e-03
1.703541784081608057e-03
1.722361310385167599e-03
1.693174534011632204e-03
1.674134691711515188e-03
1.687579089775681496e-03
1.699660904705524445e-03
1.663485774770379066e-03
1.675554027315229177e-03
1.679107721429318190e-03
1.669372839387506247e-03
1.628448080737143755e-03
1.624856609851121902e-03
1.618346490431576967e-03
1.594532222952693701e-03
1.606933248694986105e-03
1.583866542205214500e-03
1.587405218742787838e-03
1.555039896629750729e-03
1.555818715132772923e-03
1.538002979941666126e-03
1.540397759526968002e-03
1.532047754153609276e-03
1.524044957477599382e-03
1.544218685012310743e-03
1.530830282717943192e-03
1.508164976257830858e-03
1.510164060164242983e-03
1.483274565543979406e-03
1.474366406910121441e-03
1.445667701773345470e-03
1.462502521462738514e-03
1.464829663746058941e-03
1.448006951250135899e-03
1.425036636646836996e-03
1.439725281670689583e-03
1.427971175871789455e-03
1.400656183250248432e-03
1.421377761289477348e-03
1.390155695844441652e-03
1.380050380248576403e-03
1.371963298879563808e-03
1.357804692815989256e-03
1.367035030853003263e-03
1.376655534841120243e-03
1.367414020933210850e-03
1.363997580483555794e-03
1.341884955763816833e-03
1.353219617158174515e-03
1.327688689343631268e-03
1.316568115726113319e-03
1.341795374173671007e-03
1.315492612775415182e-03
1.319779257755726576e-03
1.319737755693495274e-03
1.290645566768944263e-03
1.275281829293817282e-03
1.277368690352886915e-03
1.277398900128901005e-03
1.263889833353459835e-03
1.300935749895870686e-03
1.267650688532739878e-03
1.258831762243062258e-03
1.229314424563199282e-03
1.234007475432008505e-03
1.220039674080908298e-03
1.213795971125364304e-03
1.209700712934136391e-03
1.210930233355611563e-03
1.175639801658689976e-03
1.200038357637822628e-03
1.231079513672739267e-03
1.196297060232609510e-03
1.181355444714426994e-03
1.162149419542402029e-03
1.178842096123844385e-03
1.145867048762738705e-03
1.168099930509924889e-03
1.151886477600783110e-03
1.145800459198653698e-03
1.150860218331217766e-03
1.132521661929786205e-03
1.137894636485725641e-03
1.123594061937183142e-03
1.130071526858955622e-03
1.126700022723525763e-03
1.098522508982568979e-03
1.116964092943817377e-03
1.091992569854483008e-03
1.087130396626889706e-03
1.144955371273681521e-03
1.085341093130409718e-03
1.074816245818510652e-03
1.063792005879804492e-03
1.084156159777194262e-03
1.072351122274994850e-03
1.043462951201945543e-03
1.060695387423038483e-03
1.050517777912318707e-03
1.048248988809064031e-03
1.048062171321362257e-03
1.042178540956228971e-03
1.044535485561937094e-03
1.037270005326718092e-03
1.047928701154887676e-03
1.009580650134012103e-03
1.022171694785356522e-03
1.004718884360045195e-03
1.005687576252967119e-03
9.956795256584882736e-04
1.008684339467436075e-03
1.002799923298880458e-03
9.807328751776367426e-04
9.634567541070282459e-04
1.000801799818873405e-03
9.806980378925800323e-04
9.720444795675575733e-04
9.580165497027337551e-04
9.798752726055681705e-04
9.637732291594147682e-04
9.649124986026436090e-04
9.563469793647527695e-04
9.515033452771604061e-04
9.426629112567752600e-04
9.406218305230140686e-04
9.269810398109257221e-04
9.240216459147632122e-04
9.401054121553897858e-04
9.347480081487447023e-04
9.434317180421203375e-04
9.158133179880678654e-04
9.136590815614908934e-04
9.183346992358565331e-04
8.865650161169469357e-04
9.014221723191440105e-04
9.102661279030144215e-04
8.951120835263282061e-04
8.895571227185428143e-04
8.784684468992054462e-04
8.860210655257105827e-04
8.794246241450309753e-04
8.835523913148790598e-04
8.779390482231974602e-04
8.589288045186549425e-04
8.578294073231518269e-04
8.850971353240311146e-04
8.417495118919759989e-04
8.837230561766773462e-04
8.780498174019157887e-04
8.612558303866535425e-04
8.458619122393429279e-04
8.478037780150771141e-04
8.462934056296944618e-04
8.361945510841906071e-04
8.393155585508793592e-04
8.424661355093121529e-04
8.397838100790977478e-04
8.384690736420452595e-04
8.398634963668882847e-04
8.222383330576121807e-04
8.227878715842962265e-04
8.269130485132336617e-04
8.231821411754935980e-04
7.976015913300216198e-04
7.988396100699901581e-04
7.889711705502122641e-04
7.912463624961674213e-04
7.898960611782968044e-04
7.679331756662577391e-04
7.947405974846333265e-04
7.946537807583808899e-04
7.890553388278931379e-04
7.836722652427852154e-04
7.959416834637522697e-04
7.946080295369029045e-04
7.828910602256655693e-04
7.908470288384705782e-04
7.791939715389162302e-04
7.462665380444377661e-04
7.739142456557601690e-04
7.834502612240612507e-04
7.606580911669880152e-04
7.610888569615781307e-04
7.513705058954656124e-04
7.653507636860013008e-04
7.524100074078887701e-04
7.617465453222393990e-04
7.230708433780819178e-04
7.388138037640601397e-04
7.468596450053155422e-04
7.187396404333412647e-04
7.395549619104713202e-04
7.565715350210666656e-04
7.389022503048181534e-04
7.270741043612360954e-04
7.264494779519736767e-04
7.213966164272278547e-04
7.239403785206377506e-04
7.219825347419828176e-04
7.182769477367401123e-04
7.185587892308831215e-04
7.242886058520525694e-04
7.071137661114335060e-04
6.879096035845577717e-04
6.832218787167221308e-04
7.056966423988342285e-04
7.013168360572308302e-04
7.055411115288734436e-04
6.833928928244858980e-04
7.087301055435091257e-04
6.911965028848499060e-04
6.960337341297417879e-04
6.795270601287484169e-04
6.961718900129199028e-04
6.699651421513408422e-04
6.819988775532692671e-04
6.870625948067754507e-04
6.833028164692223072e-04
6.680313381366431713e-04
6.640481879003345966e-04
6.718788063153624535e-04
6.550005055032670498e-04
6.590356351807713509e-04
6.557791493833065033e-04
6.411875074263662100e-04
6.547946250066161156e-04
6.463162135332822800e-04
6.442771700676530600e-04
6.439292628783732653e-04
6.192295986693352461e-04
6.679752259515225887e-04
6.440232391469180584e-04
6.465998303610831499e-04
6.605296803172677755e-04
6.434028036892414093e-04
6.515677087008953094e-04
6.287262658588588238e-04
6.112732808105647564e-04
6.302064284682273865e-04
6.200257776072248816e-04
6.055873091099783778e-04
6.207894475664943457e-04
6.106180080678313971e-04
6.255597982089966536e-04
6.151743582449853420e-04
6.007762567605823278e-04
5.877025832887738943e-04
5.883333215024322271e-04
6.267737189773470163e-04
6.186724931467324495e-04
6.102591287344694138e-04
6.168826657813042402e-04
6.081843457650393248e-04
5.772750300820916891e-04
5.805918626720085740e-04
5.877789662918075919e-04
5.903750134166330099e-04
6.009054050082340837e-04
6.017501873429864645e-04
5.931296036578714848e-04
5.717236490454524755e-04
5.822129605803638697e-04
5.753555451519787312e-04
5.678715242538601160e-04
5.729316326323896646e-04
5.592735396930947900e-04
5.963956646155565977e-04
5.868560401722788811e-04
5.768300325144082308e-04
5.678897432517260313e-04
5.424955161288380623e-04
5.630841769743710756e-04
5.642913165502250195e-04
5.593147943727672100e-04
5.629293882520869374e-04
5.576730036409571767e-04
5.563088343478739262e-04
5.663935735356062651e-04
5.787480040453374386e-04
5.487899470608681440e-04
5.308047984726727009e-04
5.814346513943746686e-04
5.390898149926215410e-04
5.159493302926421165e-04
5.443510308396071196e-04
5.387325800256803632e-04
5.322713113855570555e-04
5.275132280075922608e-04
5.443895934149622917e-04
5.411846505012363195e-04
5.518084944924339652e-04
5.308924883138388395e-04
5.062093405285850167e-04
5.319687770679593086e-04
5.351011641323566437e-04
5.134212260600179434e-04
5.411360907601192594e-04
5.217102880124002695e-04
5.088760663056746125e-04
5.224945489317178726e-04
5.137816770002245903e-04
5.059653776697814465e-04
5.087331810500472784e-04
5.125009047333151102e-04
5.151036311872303486e-04
4.959616635460406542e-04
5.083424912299960852e-04
5.181056330911815166e-04
5.160414439160376787e-04
5.063476128270849586e-04
4.947427660226821899e-04
5.197072750888764858e-04
4.908382834400981665e-04
5.233009433140978217e-04
4.837499873246997595e-04
4.905999812763184309e-04
5.086096498416736722e-04
5.086233868496492505e-04
4.915535682812333107e-04
4.896059108432382345e-04
4.940088983858004212e-04
4.948443820467218757e-04
4.761038144351914525e-04
4.855239967582747340e-04
4.831595288123935461e-04
4.845713265240192413e-04
4.746848426293581724e-04
4.741965385619550943e-04
4.828328528674319386e-04
4.861384659307077527e-04
4.537088680081069469e-04
4.836014413740485907e-04
4.803666379302740097e-04
4.584846756188198924e-04
4.824741918127983809e-04
4.609680618159472942e-04
4.837140149902552366e-04
4.819142341148108244e-04
4.699690907727926970e-04
4.567918658722192049e-04
4.739907599287107587e-04
4.885625676251947880e-04
4.964821855537593365e-04
4.557903448585420847e-04
4.512796440394595265e-04
4.525893600657582283e-04
4.466990358196198940e-04
4.440337070263922215e-04
4.614434728864580393e-04
4.650174814742058516e-04
4.676774406107142568e-04
4.386230866657570004e-04
4.404141945997253060e-04
4.677331016864627600e-04
4.596904327627271414e-04
4.380828468129038811e-04
4.298693384043872356e-04
4.561426176223903894e-04
4.412878770381212234e-04
4.454213485587388277e-04
4.278478299966081977e-04
4.317630955483764410e-04
4.440037009771913290e-04
4.395370342535898089e-04
4.266120376996695995e-04
4.384443163871765137e-04
4.298106941860169172e-04
4.286188632249832153e-04
4.528965509962290525e-04
4.197161906631663442e-04
4.252972285030409694e-04
4.267849435564130545e-04
4.316473787184804678e-04
4.191609041299670935e-04
4.251084465067833662e-04
4.389879177324473858e-04
4.202033451292663813e-04
4.308533971197903156e-04
4.357735306257382035e-04
4.216101369820535183e-04
4.217421810608357191e-04
4.341156454756855965e-04
4.127213323954492807e-04
3.949221572838723660e-04
4.215680091874673963e-04
4.247860342729836702e-04
3.934199630748480558e-04
4.300980217522010207e-04
3.955975262215360999e-04
4.003397916676476598e-04
4.132702888455241919e-04
3.969104727730154991e-04
4.284706956241279840e-04
4.220597766106948256e-04
4.097815253771841526e-04
4.203742137178778648e-04
4.127674910705536604e-04
4.200912517262622714e-04
3.845997853204607964e-04
4.045585519634187222e-04
4.050833522342145443e-04
4.014105943497270346e-04
3.934343694709241390e-04
4.168377490714192390e-04
4.016059101559221745e-04
3.973902494180947542e-04
3.902571916114538908e-04
3.958272136515006423e-04
4.322811873862519860e-04
3.886832855641841888e-04
3.929640806745737791e-04
3.914188127964735031e-04
3.923211188521236181e-04
4.228406469337642193e-04
3.779083344852551818e-04
3.808871406363323331e-04
3.782104759011417627e-04
3.930300008505582809e-04
3.931851679226383567e-04
3.807626490015536547e-04
4.009166877949610353e-04
3.821479040198028088e-04
3.979693865403532982e-04
3.612613218137994409e-04
3.845186874968931079e-04
3.822702274192124605e-04
3.862787416437640786e-04
4.028650873806327581e-04
3.887916245730593801e-04
3.717351355589926243e-04
3.789170150412246585e-04
3.773479111259803176e-04
3.685104893520474434e-04
3.790648916037753224e-04
3.661607770482078195e-04
3.585738886613398790e-04
3.824159502983093262e-04
3.690392622957006097e-04
3.869075153488665819e-04
3.707228606799617410e-04
3.544209030224010348e-04
3.505838976707309484e-04
3.616177709773182869e-04
3.513893898343667388e-04
3.644350072136148810e-04
3.349011240061372519e-04
3.670611622510477901e-04
3.516847064020112157e-04
3.633099258877336979e-04
3.520268946886062622e-04
3.559157703421078622e-04
3.738103550858795643e-04
3.571322886273264885e-04
3.394510131329298019e-04
3.536473086569458246e-04
3.349585967953316867e-04
3.375714295543730259e-04
3.458403662079945207e-04
3.533085691742599010e-04
3.520572790876030922e-04
3.379808258614502847e-04
3.636180190369486809e-04
3.418822307139635086e-04
3.629761340562254190e-04
3.244345207349397242e-04
3.369721380295231938e-04
3.430222277529537678e-04
3.611237843870185316e-04
3.515095886541530490e-04
3.370350314071401954e-04
3.505328859318979084e-04
3.427698611631058156e-04
3.625547979027032852e-04
3.299791860627010465e-04
3.518146477290429175e-04
3.327347949380055070e-04
3.473362739896401763e-04
3.280303862993605435e-04
3.313770139357075095e-04
3.514946001814678311e-04
3.412956721149384975e-04
3.298405063105747104e-04
3.535323048708960414e-04
3.279124794062227011e-04
3.356395463924854994e-04
3.270439701736904681e-04
3.346114172018133104e-04
3.345107834320515394e-04
3.564713988453149796e-04
3.166632086504250765e-04
3.303112971480004489e-04
3.265710474806837738e-04
3.228088535252027214e-04
3.338676469866186380e-04
3.348241152707487345e-04
3.335846849950030446e-04
3.009763895533978939e-04
3.401182329980656505e-04
3.096310974797233939e-04
3.332049673190340400e-04
3.335613873787224293e-04
3.248677967349067330e-04
3.181084757670760155e-04
3.296502109151333570e-04
3.431697550695389509e-04
3.506407883833162487e-04
3.330933832330629230e-04
3.151052151224575937e-04
3.144456932204775512e-04
3.278952208347618580e-04
3.022287855856120586e-04
3.381254064152017236e-04
3.409273922443389893e-04
3.053086547879502177e-04
3.174417070113122463e-04
3.277965952293016016e-04
3.027063794434070587e-04
3.132091806037351489e-04
3.135277511319145560e-04
3.112432605121284723e-04
3.023099270649254322e-04
3.079796879319474101e-04
3.079499874729663134e-04
3.186199901392683387e-04
3.208238049410283566e-04
3.132829297101125121e-04
3.224043466616421938e-04
3.089127276325598359e-04
3.110344259766861796e-04
3.091445250902324915e-04
3.121328554698266089e-04
3.131954435957595706e-04
2.875744248740375042e-04
3.079391608480364084e-04
3.015694892383180559e-04
3.047771024284884334e-04
2.956122480100020766e-04
3.253043396398425102e-04
2.938213874585926533e-04
2.916625962825492024e-04
3.041346571990288794e-04
2.987060579471290112e-04
2.959502016892656684e-04
2.998706331709399819e-04
3.002520534209907055e-04
2.926996821770444512e-04
2.936796518042683601e-04
2.950781345134600997e-04
2.712874411372467875e-04
3.043688193429261446e-04
2.836460844264365733e-04
2.921369450632482767e-04
2.846356073860079050e-04
2.927036257460713387e-04
2.848464064300060272e-04
3.027106286026537418e-04
2.901990665122866631e-04
2.979966084240004420e-04
3.011829976458102465e-04
2.862231340259313583e-04
2.890290052164345980e-04
2.914713695645332336e-04
2.659371675690636039e-04
2.918566824519075453e-04
2.977104668389074504e-04
2.727111423155292869e-04
3.066448698518797755e-04
3.123968781437724829e-04
3.203195519745349884e-04
2.884340210584923625e-04
2.717811439651995897e-04
2.920870538218878210e-04
2.913524804171174765e-04
2.882083572330884635e-04
2.996978728333488107e-04
2.775543835014104843e-04
2.920750630437396467e-04
3.074372507398948073e-04
3.043062242795713246e-04
2.849194715963676572e-04
2.904869179474189878e-04
2.878259037970565259e-04
3.029807558050379157e-04
2.793768435367383063e-04
2.804108080454170704e-04
2.649279049364849925e-04
2.824663097271695733e-04
2.742364013101905584e-04
2.678360979189164937e-04
2.685296931304037571e-04
2.948941328213550150e-04
2.936425880761817098e-04
2.793790990835987031e-04
2.622378524392843246e-04
2.773187952698208392e-04
2.999568241648375988e-04
2.957427059300243855e-04
2.673139679245650768e-04
2.757335751084610820e-04
2.659390447661280632e-04
2.570296055637300014e-04
2.748192709987051785e-04
2.719585463637486100e-04
2.510836347937583923e-04
2.856839710148051381e-04
2.600673542474396527e-04
2.737489121500402689e-04
2.819020155584439635e-04
2.829397926689125597e-04
2.738040639087557793e-04
2.757079491857439280e-04
2.573423844296485186e-04
2.726265083765611053e-04
2.885604044422507286e-04
2.802566377795301378e-04
3.063078038394451141e-04
2.886824149754829705e-04
2.665880674612708390e-04
2.615980774862691760e-04
2.643336920300498605e-04
2.695443399716168642e-04
2.707607927732169628e-04
2.812921302393078804e-04
2.733541841735132039e-04
2.620081431814469397e-04
2.783691888907924294e-04
2.737371760304085910e-04
2.639717131387442350e-04
2.658590674400329590e-04
2.610295923659577966e-04
2.785428223432973027e-04
2.400453813606873155e-04
2.515556625439785421e-04
2.528717304812744260e-04
2.543307273299433291e-04
2.490981278242543340e-04
2.557600309955887496e-04
2.698203170439228415e-04
2.578026178525760770e-04
2.706939776544459164e-04
2.667754160938784480e-04
2.538946355343796313e-04
2.724558435147628188e-04
2.649327434482984245e-04
2.675313444342464209e-04
2.568127383710816503e-04
2.564397364039905369e-04
2.673347771633416414e-04
2.462455813656561077e-04
2.648784575285390019e-04
2.684394639800302684e-04
2.763926313491538167e-04
2.663392951944842935e-04
2.632829127833247185e-04
2.410267043160274625e-04
2.590756921563297510e-04
2.646922002895735204e-04
2.344706299481913447e-04
2.687771848286502063e-04
2.712322020670399070e-04
2.523854782339185476e-04
2.529313060222193599e-04
2.481750198057852685e-04
2.500909176887944341e-04
2.420382224954664707e-04
2.400719458819366992e-04
2.402012614766135812e-04
