3.734722222222222054e-01
3.925333333333333452e-01
4.022000000000000020e-01
4.059055555555555750e-01
4.076777777777777501e-01
4.103555555555555290e-01
4.126555555555555532e-01
4.137055555555555486e-01
4.153277777777777957e-01
4.180388888888889043e-01
4.188944444444444581e-01
4.207500000000000129e-01
4.232055555555555570e-01
4.250111111111111173e-01
4.243999999999999995e-01
4.262111111111110962e-01
4.269833333333333258e-01
4.283333333333333437e-01
4.285611111111111149e-01
4.290388888888889141e-01
4.297611111111110938e-01
4.309555555555555362e-01
4.312333333333333574e-01
4.320555555555555816e-01
4.319277777777777994e-01
4.319833333333333303e-01
4.336944444444444380e-01
4.338444444444444215e-01
4.333833333333333426e-01
4.332444444444444320e-01
4.348277777777777575e-01
4.349555555555555397e-01
4.344000000000000083e-01
4.348666666666666791e-01
4.358166666666666855e-01
4.358833333333333449e-01
4.349166666666666736e-01
4.366388888888889097e-01
4.373666666666666814e-01
4.373944444444444191e-01
4.369166666666666754e-01
4.370444444444444576e-01
4.385777777777777886e-01
4.381666666666666488e-01
4.379444444444444695e-01
4.388555555555555543e-01
4.388500000000000179e-01
4.394000000000000128e-01
4.392111111111111077e-01
4.391222222222222471e-01
4.392722222222222306e-01
4.408333333333333548e-01
4.403444444444444272e-01
4.412833333333333607e-01
4.403722222222222205e-01
4.411277777777777853e-01
4.413055555555555620e-01
4.410111111111111315e-01
4.412555555555555675e-01
4.426055555555555299e-01
4.419944444444444676e-01
4.425666666666666638e-01
4.416111111111111209e-01
4.428555555555555578e-01
4.422499999999999765e-01
4.439277777777777545e-01
4.423944444444444235e-01
4.434277777777777541e-01
4.424277777777777532e-01
4.427777777777777701e-01
4.426222222222221947e-01
4.445666666666666655e-01
4.436388888888889159e-01
4.438722222222222236e-01
4.433500000000000218e-01
4.450500000000000012e-01
4.449722222222222134e-01
4.452555555555555711e-01
4.447166666666666490e-01
4.440111111111111342e-01
4.443500000000000227e-01
4.446611111111111181e-01
4.449388888888888838e-01
4.447444444444444422e-01
4.451722222222222469e-01
4.448444444444444312e-01
4.464666666666666783e-01
4.460944444444444601e-01
4.460777777777777953e-01
4.462722222222222368e-01
4.456555555555555825e-01
4.458055555555555660e-01
4.470222222222222097e-01
4.459000000000000186e-01
4.456833333333333202e-01
4.464888888888888796e-01
4.465111111111111364e-01
4.454111111111110910e-01
4.476777777777777856e-01
4.470722222222222042e-01
4.468166666666666398e-01
4.467666666666666453e-01
4.475833333333333330e-01
4.481833333333333225e-01
4.489888888888888818e-01
4.482999999999999763e-01
4.476055555555555343e-01
4.490166666666666750e-01
4.471888888888889135e-01
4.478500000000000258e-01
4.494444444444444242e-01
4.482055555555555793e-01
4.490777777777777979e-01
4.492277777777777814e-01
4.474333333333333496e-01
4.480055555555555458e-01
4.490999999999999992e-01
4.493555555555555636e-01
4.492166666666666530e-01
4.479944444444444174e-01
4.491388888888888653e-01
4.494166666666666865e-01
4.500277777777778043e-01
4.496888888888889158e-01
4.502166666666666539e-01
4.497944444444444412e-01
4.493055555555555691e-01
4.509888888888888836e-01
4.509277777777777607e-01
4.503111111111111065e-01
4.505055555555555480e-01
4.505611111111111344e-01
4.505555555555555425e-01
4.507611111111111124e-01
4.496388888888888657e-01
4.518666666666666942e-01
4.508666666666666933e-01
4.514222222222222247e-01
4.521944444444444544e-01
4.528777777777777680e-01
4.506833333333333247e-01
4.522666666666666502e-01
4.515666666666666718e-01
4.517888888888889065e-01
4.513444444444444370e-01
4.529388888888888909e-01
4.515500000000000069e-01
4.529666666666666841e-01
4.508777777777777662e-01
4.523833333333333595e-01
4.536888888888888638e-01
4.526611111111111252e-01
4.521888888888888625e-01
4.510666666666666713e-01
4.521777777777777896e-01
4.521833333333333260e-01
4.522333333333333205e-01
4.534222222222222265e-01
4.531444444444444608e-01
4.537666666666666515e-01
4.525222222222222146e-01
4.536333333333333329e-01
4.526111111111111307e-01
4.535833333333333384e-01
4.538666666666666405e-01
4.538388888888889028e-01
4.535055555555555507e-01
4.532833333333333159e-01
4.536499999999999977e-01
4.541388888888888697e-01
4.531944444444444553e-01
4.541222222222222049e-01
4.540111111111110875e-01
4.538666666666666405e-01
4.541166666666666685e-01
4.545833333333333393e-01
4.536444444444444613e-01
4.558833333333333071e-01
4.551166666666666694e-01
4.537722222222222435e-01
4.547277777777777863e-01
4.548611111111111049e-01
4.546000000000000041e-01
4.555833333333333401e-01
4.558944444444444355e-01
4.559777777777777596e-01
4.549277777777777643e-01
4.562277777777777876e-01
4.566999999999999948e-01
4.552222222222221948e-01
4.565666666666666762e-01
4.565111111111110898e-01
4.561944444444444580e-01
4.553444444444444406e-01
4.559611111111110948e-01
4.551111111111111329e-01
4.557444444444444520e-01
4.550111111111110884e-01
4.562277777777777876e-01
4.567388888888889165e-01
4.566666666666666652e-01
4.559166666666666923e-01
4.568666666666666432e-01
4.561888888888888660e-01
4.566555555555555368e-01
4.570055555555555538e-01
4.565388888888888830e-01
4.568444444444444419e-01
4.565666666666666762e-01
4.577333333333333254e-01
4.571722222222222021e-01
4.582944444444444487e-01
4.578499999999999792e-01
4.579888888888888898e-01
4.580777777777777504e-01
4.576333333333333364e-01
4.584055555555555661e-01
4.589166666666666394e-01
4.562999999999999834e-01
4.578499999999999792e-01
4.583666666666666445e-01
4.587944444444444492e-01
4.581444444444444652e-01
4.580166666666666830e-01
4.582444444444444542e-01
4.575555555555555487e-01
4.589388888888888962e-01
4.587833333333333208e-01
4.587777777777777843e-01
4.594166666666666399e-01
4.587666666666666559e-01
4.579111111111111021e-01
4.573555555555555707e-01
4.585333333333333483e-01
4.586944444444444602e-01
4.597166666666666623e-01
4.599333333333333607e-01
4.586222222222222089e-01
4.577722222222222470e-01
4.590833333333333433e-01
4.600555555555555509e-01
4.588333333333333153e-01
4.596555555555555395e-01
4.584166666666666390e-01
4.590333333333333488e-01
4.589611111111110975e-01
4.587444444444444547e-01
4.602833333333333221e-01
4.590944444444444716e-01
4.597277777777777907e-01
4.593666666666666454e-01
4.593722222222222373e-01
4.605388888888888865e-01
4.597055555555555340e-01
4.596166666666666734e-01
4.595277777777777573e-01
4.600111111111110929e-01
4.598111111111111149e-01
4.602666666666666573e-01
4.601833333333333331e-01
4.603611111111111098e-01
4.599722222222222268e-01
4.602777777777777857e-01
4.607944444444444509e-01
4.603833333333333111e-01
4.605888888888888810e-01
4.609777777777777641e-01
4.613499999999999823e-01
4.602722222222222492e-01
4.609722222222222276e-01
4.609611111111110993e-01
4.607222222222221997e-01
4.612499999999999933e-01
4.617166666666666641e-01
4.617333333333333290e-01
4.613111111111111162e-01
4.620777777777777540e-01
4.611500000000000044e-01
4.620666666666666811e-01
4.615500000000000158e-01
4.606944444444444620e-01
4.607722222222222497e-01
4.613333333333333175e-01
4.612388888888888649e-01
4.604611111111110988e-01
4.616555555555555412e-01
4.623666666666666480e-01
4.618722222222222396e-01
4.621999999999999997e-01
4.623555555555555752e-01
4.619500000000000273e-01
4.624833333333333574e-01
4.616999999999999993e-01
4.630000000000000226e-01
4.619722222222222285e-01
4.618222222222222451e-01
4.626111111111110841e-01
4.623388888888889103e-01
4.626944444444444637e-01
4.631222222222222129e-01
4.637722222222221968e-01
4.617944444444444518e-01
4.625500000000000167e-01
4.632888888888888612e-01
4.632888888888888612e-01
4.625722222222222180e-01
4.624333333333333074e-01
4.630222222222222239e-01
4.630611111111110900e-01
4.631888888888888722e-01
4.635722222222222189e-01
4.633611111111111125e-01
4.620277777777777595e-01
4.627944444444444527e-01
4.635666666666666824e-01
4.627555555555555311e-01
4.645222222222222253e-01
4.639277777777777723e-01
4.644388888888889011e-01
4.635055555555555595e-01
4.635611111111110905e-01
4.635777777777777553e-01
4.641055555555555490e-01
4.647944444444444545e-01
4.642722222222221973e-01
4.644777777777777672e-01
4.643944444444444430e-01
4.652611111111111253e-01
4.634666666666666934e-01
4.649944444444444325e-01
4.646444444444444710e-01
4.635222222222222244e-01
4.646444444444444710e-01
4.633888888888889057e-01
4.647611111111111248e-01
4.652611111111111253e-01
4.646333333333333426e-01
4.634944444444444311e-01
4.649277777777777731e-01
4.642444444444444596e-01
4.642333333333333312e-01
4.647666666666666613e-01
4.636500000000000066e-01
4.642222222222222028e-01
4.656777777777778016e-01
4.645222222222222253e-01
4.643833333333333147e-01
4.647888888888888625e-01
4.651222222222222147e-01
4.653833333333333155e-01
4.652222222222222037e-01
4.650833333333333486e-01
4.654611111111111033e-01
4.655166666666666897e-01
4.656555555555555448e-01
4.657333333333333325e-01
4.666611111111111376e-01
4.658388888888889134e-01
4.669111111111111101e-01
4.657944444444444554e-01
4.656722222222222096e-01
4.663222222222222491e-01
4.658611111111111147e-01
4.661500000000000088e-01
4.649722222222222312e-01
4.666222222222222160e-01
4.670166666666666910e-01
4.663611111111111152e-01
4.660944444444444223e-01
4.655055555555555613e-01
4.664444444444444393e-01
4.673444444444444512e-01
4.663666666666666516e-01
4.660166666666666901e-01
4.672499999999999987e-01
4.671111111111110881e-01
4.665500000000000203e-01
4.681111111111110890e-01
4.670000000000000262e-01
4.669888888888888978e-01
4.674444444444444402e-01
4.665222222222222270e-01
4.672444444444444622e-01
4.678111111111111220e-01
4.672444444444444622e-01
4.662444444444444613e-01
4.672999999999999932e-01
4.666222222222222160e-01
4.678555555555555800e-01
4.671833333333333393e-01
4.669499999999999762e-01
4.680277777777777648e-01
4.685888888888888881e-01
4.670222222222222275e-01
4.676222222222222169e-01
4.673833333333333173e-01
4.666333333333333444e-01
4.672888888888888648e-01
4.673611111111111160e-01
4.675444444444444292e-01
4.672499999999999987e-01
4.677499999999999991e-01
4.671333333333333449e-01
4.692277777777777992e-01
4.683833333333333182e-01
4.674166666666666470e-01
4.681555555555555470e-01
4.685722222222222233e-01
4.690055555555555644e-01
4.687555555555555364e-01
4.684166666666666479e-01
4.680666666666666864e-01
4.695222222222222297e-01
4.688611111111111174e-01
4.678277777777777868e-01
4.680555555555555580e-01
4.687166666666666703e-01
4.690277777777777657e-01
4.694222222222222407e-01
4.698055555555555318e-01
4.702277777777778001e-01
4.700500000000000234e-01
4.690333333333333576e-01
4.693499999999999894e-01
4.699388888888889060e-01
4.690777777777777602e-01
4.690388888888888941e-01
4.693666666666666543e-01
4.701166666666666827e-01
4.689111111111111119e-01
4.688388888888889161e-01
4.692388888888888721e-01
4.697500000000000009e-01
4.695500000000000229e-01
4.699277777777777776e-01
4.704222222222222416e-01
4.682499999999999996e-01
4.698666666666666547e-01
4.703611111111111187e-01
4.697722222222222022e-01
4.704833333333333090e-01
4.700944444444444259e-01
4.692277777777777992e-01
4.703111111111111242e-01
4.693333333333333246e-01
4.709888888888889014e-01
4.705277777777777670e-01
4.701777777777777501e-01
4.702555555555555378e-01
4.705611111111110967e-01
4.697277777777777996e-01
4.702777777777777946e-01
4.700944444444444259e-01
4.708055555555555327e-01
4.697000000000000064e-01
4.705277777777777670e-01
4.697888888888888670e-01
4.715444444444444327e-01
4.712722222222222035e-01
4.712500000000000022e-01
4.709388888888889069e-01
4.703111111111111242e-01
4.719777777777777739e-01
4.716333333333333488e-01
4.712277777777778009e-01
4.708555555555555827e-01
4.712222222222222090e-01
4.715444444444444327e-01
4.706611111111110857e-01
4.709388888888889069e-01
4.716444444444444217e-01
4.709222222222222420e-01
4.705722222222222251e-01
4.718999999999999861e-01
4.717944444444444607e-01
4.710333333333333594e-01
4.713388888888888628e-01
4.712333333333333374e-01
4.706000000000000183e-01
4.721388888888888857e-01
4.726666666666666794e-01
4.716222222222222205e-01
4.713055555555555332e-01
4.719166666666666510e-01
4.721222222222222209e-01
4.722555555555555395e-01
4.723944444444444501e-01
4.728666666666666574e-01
4.720166666666666400e-01
4.727944444444444616e-01
4.732277777777778027e-01
4.730666666666666909e-01
4.718277777777777904e-01
4.715888888888888908e-01
4.720777777777777628e-01
4.730222222222222328e-01
4.719722222222222374e-01
4.723777777777777853e-01
4.722777777777777963e-01
4.731777777777777527e-01
4.722166666666666734e-01
4.738444444444444570e-01
4.722666666666666679e-01
4.734055555555555794e-01
4.726500000000000146e-01
4.727111111111111375e-01
4.736111111111110938e-01
4.727611111111111319e-01
4.728444444444444561e-01
4.736833333333333451e-01
4.732000000000000095e-01
4.735500000000000265e-01
4.737666666666666693e-01
4.722999999999999976e-01
4.731833333333333447e-01
4.729055555555555790e-01
4.736388888888888871e-01
4.731666666666666798e-01
4.736388888888888871e-01
4.730555555555555625e-01
4.721055555555555561e-01
4.728777777777777858e-01
4.740722222222222282e-01
4.747888888888888714e-01
4.740111111111111053e-01
4.741722222222222172e-01
4.732111111111111379e-01
4.734333333333333171e-01
4.741166666666666862e-01
4.742388888888888765e-01
4.740333333333333066e-01
4.748055555555555363e-01
4.743777777777777871e-01
4.736444444444444235e-01
4.730111111111111044e-01
4.741555555555555523e-01
4.741388888888888875e-01
4.747666666666666702e-01
4.753833333333333244e-01
4.746388888888888880e-01
4.741833333333333456e-01
4.741611111111110888e-01
4.740166666666666417e-01
4.746333333333333515e-01
4.746555555555555528e-01
4.741611111111110888e-01
4.739444444444444460e-01
4.743777777777777871e-01
4.753666666666666596e-01
4.752944444444444638e-01
4.752111111111110842e-01
4.747666666666666702e-01
4.741444444444444239e-01
4.746388888888888880e-01
4.752500000000000058e-01
4.751000000000000223e-01
4.749722222222222401e-01
4.744388888888889100e-01
4.750333333333333075e-01
4.738722222222221947e-01
4.757000000000000117e-01
4.751500000000000168e-01
4.755277777777777715e-01
4.751111111111110952e-01
4.744611111111111112e-01
4.754833333333333134e-01
4.750055555555555697e-01
4.750722222222222291e-01
4.752333333333333409e-01
4.756833333333333469e-01
4.758722222222221965e-01
4.759611111111111126e-01
4.757000000000000117e-01
4.753111111111111287e-01
4.753777777777777880e-01
4.761111111111110961e-01
4.762444444444444702e-01
4.758111111111111291e-01
4.751888888888888829e-01
4.764444444444444482e-01
4.752500000000000058e-01
4.755055555555555702e-01
4.764555555555555766e-01
4.768277777777777948e-01
4.757555555555555427e-01
4.758722222222221965e-01
4.769055555555555825e-01
4.760222222222222355e-01
4.758111111111111291e-01
4.752277777777778045e-01
4.760499999999999732e-01
4.768555555555555325e-01
4.758666666666666600e-01
4.764444444444444482e-01
4.764833333333333143e-01
4.769388888888889122e-01
4.769277777777777838e-01
4.762055555555555486e-01
4.770222222222222364e-01
4.768611111111111245e-01
4.762500000000000067e-01
4.766666666666666829e-01
4.768277777777777948e-01
4.762833333333333363e-01
4.771222222222222253e-01
4.766722222222222194e-01
4.772555555555555440e-01
4.769611111111111135e-01
4.760055555555555706e-01
4.771833333333333482e-01
4.762944444444444647e-01
4.761388888888888893e-01
4.767166666666666774e-01
4.770333333333333092e-01
4.772944444444444656e-01
4.768888888888888622e-01
4.768222222222222029e-01
4.767444444444444707e-01
4.773166666666666669e-01
4.778166666666666673e-01
4.776166666666666893e-01
4.774222222222222478e-01
4.774222222222222478e-01
4.769111111111111190e-01
4.770111111111111080e-01
4.766722222222222194e-01
4.771277777777777618e-01
4.777333333333333432e-01
4.769999999999999796e-01
4.775055555555555720e-01
4.778000000000000025e-01
4.776222222222222258e-01
4.768499999999999961e-01
4.771333333333333537e-01
4.776388888888888906e-01
4.779722222222222427e-01
4.778388888888888686e-01
4.771833333333333482e-01
4.780944444444444330e-01
4.785833333333333606e-01
4.774722222222222423e-01
4.786888888888888860e-01
4.782000000000000139e-01
4.780222222222222372e-01
4.782666666666666733e-01
4.779222222222222483e-01
4.777500000000000080e-01
4.777777777777778012e-01
4.779388888888889131e-01
4.779277777777777847e-01
4.784388888888889135e-01
4.777388888888888796e-01
4.784333333333333216e-01
4.789055555555555288e-01
4.784166666666666567e-01
4.788944444444444559e-01
4.787000000000000144e-01
4.790166666666666462e-01
4.783222222222222042e-01
4.784055555555555284e-01
4.791444444444444284e-01
4.786277777777777631e-01
4.783055555555555394e-01
4.792333333333333445e-01
4.794111111111111212e-01
4.791111111111110987e-01
4.789944444444444449e-01
4.794388888888889144e-01
4.791055555555555623e-01
4.784888888888889080e-01
4.790555555555555678e-01
4.789222222222222491e-01
4.787166666666666792e-01
4.794222222222222496e-01
4.795055555555555737e-01
4.786944444444444224e-01
4.784611111111111148e-01
4.797388888888888814e-01
4.792500000000000093e-01
4.800277777777777755e-01
4.788388888888888695e-01
4.799277777777777865e-01
4.794222222222222496e-01
4.802444444444444183e-01
4.794166666666666576e-01
4.796166666666666911e-01
4.794166666666666576e-01
4.797277777777777530e-01
4.799111111111111216e-01
4.795888888888888979e-01
4.798666666666666636e-01
4.795055555555555737e-01
4.800666666666666416e-01
4.803611111111111276e-01
4.799722222222222445e-01
4.793722222222221996e-01
4.792166666666666797e-01
4.801055555555555632e-01
4.796111111111110992e-01
4.800222222222222390e-01
4.801944444444444238e-01
4.800777777777777700e-01
4.797944444444444678e-01
4.803555555555555356e-01
4.798000000000000043e-01
4.797888888888888759e-01
4.802555555555555467e-01
4.805444444444444407e-01
4.795222222222222386e-01
4.813000000000000056e-01
4.814055555555555310e-01
4.804555555555555801e-01
4.792222222222222161e-01
4.802666666666666750e-01
4.804444444444444517e-01
4.802277777777777534e-01
4.810111111111111115e-01
4.805388888888889043e-01
4.803333333333333344e-01
4.811333333333333573e-01
4.808111111111111335e-01
4.800055555555555742e-01
4.817000000000000171e-01
4.806777777777777594e-01
4.813222222222222069e-01
4.795444444444444398e-01
4.798944444444444568e-01
4.812666666666666759e-01
4.812277777777777543e-01
4.812111111111110895e-01
4.815888888888888997e-01
4.807555555555555471e-01
4.806611111111110946e-01
4.802611111111111386e-01
4.816277777777777658e-01
4.803333333333333344e-01
4.803666666666666640e-01
4.806166666666666920e-01
4.806666666666666865e-01
4.817555555555555480e-01
4.813944444444444581e-01
4.814222222222221959e-01
4.811500000000000221e-01
4.814611111111111175e-01
4.799611111111111161e-01
4.810444444444444412e-01
4.818111111111111344e-01
4.817666666666666764e-01
4.810499999999999776e-01
4.825499999999999790e-01
4.819166666666666599e-01
4.804722222222222450e-01
4.812555555555555475e-01
4.812166666666666814e-01
4.809333333333333238e-01
4.815666666666666429e-01
4.811444444444444302e-01
4.819777777777777827e-01
4.811888888888888882e-01
4.807555555555555471e-01
4.817500000000000115e-01
4.826777777777777612e-01
4.815833333333333077e-01
4.835055555555555773e-01
4.811777777777777598e-01
4.817777777777778048e-01
4.818666666666666654e-01
4.812500000000000111e-01
4.822888888888888781e-01
4.818000000000000060e-01
4.816111111111111009e-01
4.810666666666666424e-01
4.818388888888888721e-01
4.830722222222222362e-01
4.821944444444444255e-01
4.817666666666666764e-01
4.828611111111111298e-01
4.820888888888889001e-01
4.816333333333333577e-01
4.825166666666666493e-01
4.815166666666666484e-01
4.819944444444444476e-01
4.817000000000000171e-01
4.819499999999999895e-01
4.812000000000000166e-01
4.822611111111110849e-01
4.827388888888888840e-01
4.824444444444444535e-01
4.829833333333333201e-01
4.826666666666666883e-01
4.818833333333333302e-01
4.825666666666666438e-01
4.824666666666666548e-01
4.817666666666666764e-01
4.835888888888889015e-01
4.817277777777777548e-01
4.825111111111111128e-01
4.821111111111111014e-01
4.821388888888888946e-01
4.827611111111110853e-01
4.822000000000000175e-01
4.818555555555555370e-01
4.820388888888889056e-01
4.826833333333333531e-01
4.817666666666666764e-01
4.820277777777777772e-01
4.830555555555555713e-01
4.836277777777777676e-01
4.825666666666666438e-01
4.823722222222222022e-01
4.819388888888889166e-01
4.831888888888888900e-01
4.827388888888888840e-01
4.820722222222222353e-01
4.828055555555555434e-01
4.827888888888888785e-01
4.827388888888888840e-01
4.825222222222222412e-01
4.829444444444444540e-01
4.821777777777777607e-01
4.831055555555555658e-01
4.823611111111111294e-01
4.829666666666666552e-01
4.831944444444444264e-01
4.833611111111111303e-01
4.840111111111111142e-01
4.832055555555555548e-01
4.831500000000000239e-01
4.829111111111111243e-01
4.833888888888888680e-01
4.827777777777777501e-01
4.832666666666666777e-01
4.833000000000000074e-01
4.826388888888888951e-01
4.830666666666666442e-01
4.842944444444444718e-01
4.825111111111111128e-01
4.827388888888888840e-01
4.840999999999999748e-01
4.833444444444444654e-01
4.824499999999999900e-01
4.836611111111110972e-01
4.834333333333333260e-01
4.840999999999999748e-01
4.837666666666666782e-01
4.836666666666666892e-01
4.829055555555555324e-01
4.838500000000000023e-01
4.843222222222222095e-01
4.831055555555555658e-01
4.840666666666666451e-01
4.831666666666666887e-01
4.837444444444444214e-01
4.832111111111110913e-01
4.834722222222222476e-01
4.831111111111111023e-01
4.836055555555555663e-01
4.840722222222222371e-01
4.831833333333333536e-01
4.837666666666666782e-01
4.836666666666666892e-01
4.831388888888888955e-01
4.836444444444444324e-01
4.838611111111111307e-01
4.836111111111111027e-01
4.839777777777777845e-01
4.834111111111111247e-01
4.836944444444444269e-01
4.846500000000000252e-01
4.838055555555555443e-01
4.834944444444444489e-01
4.830999999999999739e-01
4.842833333333333434e-01
4.828444444444444650e-01
4.847166666666666845e-01
4.838666666666666671e-01
4.848055555555555451e-01
4.839999999999999858e-01
4.839666666666666561e-01
4.839833333333333210e-01
4.845444444444444443e-01
4.840999999999999748e-01
4.843222222222222095e-01
4.848999999999999977e-01
4.841888888888888909e-01
4.836888888888888904e-01
4.834722222222222476e-01
4.839277777777777900e-01
4.840499999999999803e-01
4.835388888888889070e-01
4.843055555555555447e-01
4.840833333333333099e-01
4.843944444444444608e-01
4.840833333333333099e-01
4.834055555555555328e-01
4.838611111111111307e-01
4.848500000000000032e-01
4.847444444444444223e-01
4.838055555555555443e-01
4.844722222222222485e-01
4.839888888888889129e-01
4.841111111111111032e-01
4.834222222222221976e-01
4.846944444444444278e-01
4.841888888888888909e-01
4.845333333333333159e-01
4.846333333333333604e-01
4.838611111111111307e-01
4.840555555555555722e-01
4.845222222222222430e-01
4.853388888888888753e-01
4.845666666666666456e-01
4.843277777777778015e-01
4.843111111111111367e-01
4.839055555555555332e-01
4.836277777777777676e-01
4.846500000000000252e-01
4.850944444444444392e-01
4.841277777777777680e-01
4.835277777777777786e-01
4.849888888888889138e-01
4.852722222222222159e-01
4.852222222222222214e-01
4.842444444444444218e-01
4.853333333333333388e-01
4.844777777777777850e-01
4.848277777777778019e-01
4.843888888888888689e-01
4.844111111111111256e-01
4.850611111111111096e-01
4.853222222222222104e-01
4.842222222222222205e-01
4.841333333333333599e-01
4.844611111111111201e-01
4.852833333333333443e-01
4.844722222222222485e-01
4.846777777777777629e-01
4.845722222222222375e-01
4.847444444444444223e-01
4.847444444444444223e-01
4.842944444444444718e-01
4.846333333333333604e-01
4.843666666666666676e-01
4.846277777777777684e-01
4.841055555555555667e-01
4.842000000000000193e-01
4.848277777777778019e-01
4.854444444444444562e-01
4.854111111111111265e-01
4.852500000000000147e-01
4.848611111111111316e-01
4.846944444444444278e-01
4.852611111111110875e-01
4.851944444444444282e-01
4.847166666666666845e-01
4.848833333333333329e-01
4.850777777777777744e-01
4.844333333333333269e-01
4.852500000000000147e-01
4.846277777777777684e-01
4.844333333333333269e-01
4.841888888888888909e-01
4.862944444444444181e-01
4.842666666666666786e-01
4.853166666666666740e-01
4.850833333333333108e-01
4.842333333333333489e-01
4.856333333333333058e-01
4.847500000000000142e-01
4.851055555555555676e-01
4.847722222222222155e-01
4.855444444444444452e-01
4.853666666666666685e-01
4.855444444444444452e-01
4.848722222222222045e-01
4.854722222222222494e-01
4.853722222222222049e-01
4.853555555555555401e-01
4.849111111111111261e-01
4.848222222222222100e-01
4.849666666666666570e-01
4.846222222222222320e-01
4.853555555555555401e-01
4.844888888888889134e-01
4.846722222222222265e-01
4.844666666666666566e-01
4.847111111111110926e-01
4.848888888888888693e-01
4.864277777777777922e-01
4.855833333333333113e-01
4.852611111111110875e-01
4.851888888888888918e-01
4.845833333333333104e-01
4.839944444444444493e-01
4.854999999999999871e-01
4.858277777777778028e-01
4.848444444444444668e-01
4.853555555555555401e-01
4.856944444444444287e-01
4.856611111111110990e-01
4.838833333333333320e-01
