2.000000000000000111e-01
2.000000000000000111e-01
3.866666666666666585e-01
6.333333333333333037e-01
7.039999999999999591e-01
7.686666666666667203e-01
7.626666666666667149e-01
7.680000000000000160e-01
7.600000000000000089e-01
7.813333333333333242e-01
7.780000000000000249e-01
7.880000000000000338e-01
7.800000000000000266e-01
7.806666666666666199e-01
7.873333333333333295e-01
7.886666666666666270e-01
7.860000000000000320e-01
7.906666666666666288e-01
7.873333333333333295e-01
7.900000000000000355e-01
7.900000000000000355e-01
7.880000000000000338e-01
7.880000000000000338e-01
7.886666666666666270e-01
7.893333333333333313e-01
7.906666666666666288e-01
7.860000000000000320e-01
7.873333333333333295e-01
7.880000000000000338e-01
7.873333333333333295e-01
7.893333333333333313e-01
7.893333333333333313e-01
7.900000000000000355e-01
7.873333333333333295e-01
7.866666666666666252e-01
7.880000000000000338e-01
7.886666666666666270e-01
7.886666666666666270e-01
7.893333333333333313e-01
7.880000000000000338e-01
7.906666666666666288e-01
7.893333333333333313e-01
7.900000000000000355e-01
7.900000000000000355e-01
7.893333333333333313e-01
7.926666666666666305e-01
7.886666666666666270e-01
7.893333333333333313e-01
7.913333333333333330e-01
7.920000000000000373e-01
7.900000000000000355e-01
7.926666666666666305e-01
7.886666666666666270e-01
7.886666666666666270e-01
7.900000000000000355e-01
7.913333333333333330e-01
7.906666666666666288e-01
7.886666666666666270e-01
7.860000000000000320e-01
7.926666666666666305e-01
7.933333333333333348e-01
7.860000000000000320e-01
7.880000000000000338e-01
7.873333333333333295e-01
7.880000000000000338e-01
7.880000000000000338e-01
7.880000000000000338e-01
7.920000000000000373e-01
7.893333333333333313e-01
7.873333333333333295e-01
7.866666666666666252e-01
7.886666666666666270e-01
7.906666666666666288e-01
7.913333333333333330e-01
7.920000000000000373e-01
7.880000000000000338e-01
7.866666666666666252e-01
7.873333333333333295e-01
7.853333333333333277e-01
7.886666666666666270e-01
7.880000000000000338e-01
7.893333333333333313e-01
7.880000000000000338e-01
7.900000000000000355e-01
7.886666666666666270e-01
7.906666666666666288e-01
7.866666666666666252e-01
7.886666666666666270e-01
7.866666666666666252e-01
7.880000000000000338e-01
7.880000000000000338e-01
7.893333333333333313e-01
7.906666666666666288e-01
7.873333333333333295e-01
7.880000000000000338e-01
7.906666666666666288e-01
7.906666666666666288e-01
7.886666666666666270e-01
7.886666666666666270e-01
7.873333333333333295e-01
7.846666666666666234e-01
