5.000000000000000278e-02
5.000000000000000278e-02
5.000000000000000278e-02
5.000000000000000278e-02
5.000000000000000278e-02
5.124999999999999695e-02
5.174999999999999739e-02
5.149999999999999717e-02
5.099999999999999672e-02
4.925000000000000211e-02
4.900000000000000189e-02
5.075000000000000344e-02
5.874999999999999667e-02
6.375000000000000111e-02
7.124999999999999389e-02
8.649999999999999356e-02
1.054999999999999966e-01
9.925000000000000488e-02
1.044999999999999957e-01
1.170000000000000068e-01
1.000000000000000056e-01
1.097500000000000003e-01
1.155000000000000054e-01
1.250000000000000000e-01
1.444999999999999896e-01
1.532499999999999973e-01
1.297500000000000042e-01
1.462499999999999911e-01
1.054999999999999966e-01
1.194999999999999951e-01
1.357500000000000095e-01
1.290000000000000036e-01
9.875000000000000444e-02
1.667500000000000093e-01
1.539999999999999980e-01
2.049999999999999878e-01
2.129999999999999949e-01
1.575000000000000011e-01
1.267500000000000016e-01
1.290000000000000036e-01
1.595000000000000029e-01
1.777499999999999913e-01
1.335000000000000075e-01
1.807499999999999940e-01
1.547499999999999987e-01
1.642500000000000071e-01
2.159999999999999976e-01
1.322500000000000064e-01
1.412499999999999867e-01
1.675000000000000100e-01
2.412499999999999922e-01
2.094999999999999918e-01
1.459999999999999909e-01
2.030000000000000138e-01
1.842499999999999971e-01
1.427499999999999880e-01
1.342500000000000082e-01
1.570000000000000007e-01
1.447499999999999898e-01
1.864999999999999991e-01
1.512499999999999956e-01
1.872499999999999998e-01
1.809999999999999942e-01
1.375000000000000111e-01
1.859999999999999987e-01
1.834999999999999964e-01
1.739999999999999880e-01
1.529999999999999971e-01
2.212500000000000022e-01
2.030000000000000138e-01
1.499999999999999944e-01
2.210000000000000020e-01
1.895000000000000018e-01
1.512499999999999956e-01
2.242500000000000049e-01
2.000000000000000111e-01
2.144999999999999962e-01
1.687500000000000111e-01
1.212499999999999967e-01
2.032499999999999862e-01
1.912500000000000033e-01
2.242500000000000049e-01
2.169999999999999984e-01
1.424999999999999878e-01
1.417499999999999871e-01
2.147499999999999964e-01
1.300000000000000044e-01
1.849999999999999978e-01
1.754999999999999893e-01
1.517499999999999960e-01
1.895000000000000018e-01
1.444999999999999896e-01
2.172499999999999987e-01
1.752499999999999891e-01
1.697500000000000120e-01
1.737499999999999878e-01
1.360000000000000098e-01
2.422499999999999931e-01
2.295000000000000095e-01
2.007500000000000118e-01
1.267500000000000016e-01
1.697500000000000120e-01
1.702500000000000124e-01
1.829999999999999960e-01
1.610000000000000042e-01
1.670000000000000095e-01
2.169999999999999984e-01
2.557499999999999774e-01
1.487499999999999933e-01
1.722499999999999865e-01
1.717500000000000138e-01
2.434999999999999942e-01
2.210000000000000020e-01
2.062499999999999889e-01
2.297500000000000098e-01
2.307500000000000107e-01
1.777499999999999913e-01
1.322500000000000064e-01
1.222499999999999976e-01
1.777499999999999913e-01
1.449999999999999900e-01
1.702500000000000124e-01
1.635000000000000064e-01
2.159999999999999976e-01
2.305000000000000104e-01
1.622500000000000053e-01
1.532499999999999973e-01
2.542499999999999760e-01
2.827500000000000013e-01
2.167499999999999982e-01
2.005000000000000115e-01
2.497499999999999998e-01
1.767499999999999905e-01
1.632500000000000062e-01
2.457499999999999962e-01
1.327500000000000069e-01
2.089999999999999913e-01
1.792499999999999927e-01
2.047499999999999876e-01
2.652499999999999858e-01
2.605000000000000093e-01
2.074999999999999900e-01
1.995000000000000107e-01
1.935000000000000053e-01
1.320000000000000062e-01
2.515000000000000013e-01
2.002500000000000113e-01
2.617499999999999827e-01
2.064999999999999891e-01
1.897500000000000020e-01
1.794999999999999929e-01
2.457499999999999962e-01
1.942500000000000060e-01
2.112499999999999933e-01
2.487499999999999989e-01
2.545000000000000040e-01
2.660000000000000142e-01
2.512499999999999734e-01
2.159999999999999976e-01
1.419999999999999873e-01
2.232500000000000040e-01
1.670000000000000095e-01
1.842499999999999971e-01
1.650000000000000078e-01
1.552499999999999991e-01
1.917500000000000038e-01
1.602500000000000036e-01
2.424999999999999933e-01
2.139999999999999958e-01
2.059999999999999887e-01
1.832499999999999962e-01
1.804999999999999938e-01
2.347499999999999865e-01
2.122499999999999942e-01
2.617499999999999827e-01
1.975000000000000089e-01
2.039999999999999869e-01
1.489999999999999936e-01
2.144999999999999962e-01
1.729999999999999871e-01
2.114999999999999936e-01
2.479999999999999982e-01
3.062500000000000222e-01
2.842500000000000027e-01
3.170000000000000040e-01
1.794999999999999929e-01
2.710000000000000187e-01
2.919999999999999818e-01
3.205000000000000071e-01
3.152499999999999747e-01
2.692499999999999893e-01
2.507499999999999729e-01
2.894999999999999796e-01
2.109999999999999931e-01
2.810000000000000275e-01
1.657500000000000084e-01
2.205000000000000016e-01
1.677500000000000102e-01
1.842499999999999971e-01
3.145000000000000018e-01
2.422499999999999931e-01
2.522499999999999742e-01
3.342499999999999916e-01
1.799999999999999933e-01
2.177499999999999991e-01
2.225000000000000033e-01
2.197500000000000009e-01
2.267500000000000071e-01
2.810000000000000275e-01
3.027500000000000191e-01
1.917500000000000038e-01
2.585000000000000075e-01
1.940000000000000058e-01
2.620000000000000107e-01
2.785000000000000253e-01
1.955000000000000071e-01
1.419999999999999873e-01
1.492499999999999938e-01
2.027500000000000135e-01
2.755000000000000226e-01
2.159999999999999976e-01
2.352499999999999869e-01
2.052499999999999880e-01
2.894999999999999796e-01
1.997500000000000109e-01
2.215000000000000024e-01
1.822499999999999953e-01
2.074999999999999900e-01
3.135000000000000009e-01
2.364999999999999880e-01
1.519999999999999962e-01
2.367499999999999882e-01
2.022500000000000131e-01
2.775000000000000244e-01
2.147499999999999964e-01
2.320000000000000118e-01
2.517499999999999738e-01
3.410000000000000253e-01
2.439999999999999947e-01
2.124999999999999944e-01
2.384999999999999898e-01
3.205000000000000071e-01
1.625000000000000056e-01
2.149999999999999967e-01
2.312500000000000111e-01
3.114999999999999991e-01
3.572500000000000120e-01
1.814999999999999947e-01
2.587499999999999800e-01
3.182499999999999774e-01
1.982500000000000095e-01
2.255000000000000060e-01
1.940000000000000058e-01
2.750000000000000222e-01
2.010000000000000120e-01
2.577499999999999791e-01
2.392499999999999905e-01
2.335000000000000131e-01
2.197500000000000009e-01
2.497499999999999998e-01
2.354999999999999871e-01
2.265000000000000069e-01
2.432499999999999940e-01
1.827499999999999958e-01
1.774999999999999911e-01
1.670000000000000095e-01
2.187500000000000000e-01
2.154999999999999971e-01
2.307500000000000107e-01
2.807499999999999996e-01
2.997500000000000164e-01
3.260000000000000120e-01
1.925000000000000044e-01
2.715000000000000191e-01
2.469999999999999973e-01
1.980000000000000093e-01
2.302500000000000102e-01
1.925000000000000044e-01
2.457499999999999962e-01
2.467499999999999971e-01
1.174999999999999933e-01
2.205000000000000016e-01
2.665000000000000147e-01
2.340000000000000135e-01
2.522499999999999742e-01
1.982500000000000095e-01
2.064999999999999891e-01
2.557499999999999774e-01
2.837500000000000022e-01
2.287500000000000089e-01
1.677500000000000102e-01
2.459999999999999964e-01
2.755000000000000226e-01
1.912500000000000033e-01
2.817500000000000004e-01
1.642500000000000071e-01
1.992500000000000104e-01
1.719999999999999862e-01
1.749999999999999889e-01
2.282500000000000084e-01
1.995000000000000107e-01
2.939999999999999836e-01
2.647499999999999853e-01
2.384999999999999898e-01
2.677499999999999880e-01
1.817499999999999949e-01
2.575000000000000067e-01
1.767499999999999905e-01
3.287499999999999867e-01
3.350000000000000200e-01
2.377499999999999891e-01
2.585000000000000075e-01
1.717500000000000138e-01
2.929999999999999827e-01
1.787499999999999922e-01
3.212499999999999800e-01
2.565000000000000058e-01
2.152499999999999969e-01
3.017500000000000182e-01
2.735000000000000209e-01
2.332500000000000129e-01
2.099999999999999922e-01
1.982500000000000095e-01
2.482499999999999984e-01
1.922500000000000042e-01
3.435000000000000275e-01
2.364999999999999880e-01
2.489999999999999991e-01
2.787499999999999978e-01
2.237500000000000044e-01
2.640000000000000124e-01
2.907500000000000084e-01
3.235000000000000098e-01
2.647499999999999853e-01
2.364999999999999880e-01
2.190000000000000002e-01
1.985000000000000098e-01
2.174999999999999989e-01
2.849999999999999756e-01
1.967500000000000082e-01
2.962500000000000133e-01
2.275000000000000078e-01
2.642499999999999849e-01
2.952500000000000124e-01
2.479999999999999982e-01
2.482499999999999984e-01
2.897500000000000075e-01
2.715000000000000191e-01
2.020000000000000129e-01
2.479999999999999982e-01
2.620000000000000107e-01
2.525000000000000022e-01
2.632499999999999840e-01
2.782499999999999973e-01
2.197500000000000009e-01
1.650000000000000078e-01
1.987500000000000100e-01
3.242499999999999827e-01
1.902500000000000024e-01
2.397499999999999909e-01
1.997500000000000109e-01
1.754999999999999893e-01
1.380000000000000115e-01
1.602500000000000036e-01
2.969999999999999862e-01
1.980000000000000093e-01
1.910000000000000031e-01
2.310000000000000109e-01
1.585000000000000020e-01
2.384999999999999898e-01
3.175000000000000044e-01
2.144999999999999962e-01
2.174999999999999989e-01
1.739999999999999880e-01
2.287500000000000089e-01
2.182499999999999996e-01
2.432499999999999940e-01
2.727499999999999925e-01
2.852500000000000036e-01
3.087500000000000244e-01
2.702499999999999902e-01
3.335000000000000187e-01
2.525000000000000022e-01
3.122500000000000275e-01
2.149999999999999967e-01
3.629999999999999893e-01
2.632499999999999840e-01
2.879999999999999782e-01
2.364999999999999880e-01
2.437499999999999944e-01
2.662499999999999867e-01
3.092500000000000249e-01
3.365000000000000213e-01
2.565000000000000058e-01
2.344999999999999862e-01
2.857500000000000040e-01
3.109999999999999987e-01
2.705000000000000182e-01
2.725000000000000200e-01
2.555000000000000049e-01
3.027500000000000191e-01
2.904999999999999805e-01
2.235000000000000042e-01
3.102500000000000258e-01
2.924999999999999822e-01
2.660000000000000142e-01
2.934999999999999831e-01
2.864999999999999769e-01
2.700000000000000178e-01
3.072500000000000231e-01
3.287499999999999867e-01
2.437499999999999944e-01
2.682499999999999885e-01
2.272500000000000075e-01
2.785000000000000253e-01
2.837500000000000022e-01
2.812500000000000000e-01
2.434999999999999942e-01
3.135000000000000009e-01
2.444999999999999951e-01
2.677499999999999880e-01
2.662499999999999867e-01
3.034999999999999920e-01
3.032500000000000195e-01
2.869999999999999774e-01
1.824999999999999956e-01
2.545000000000000040e-01
3.370000000000000218e-01
2.540000000000000036e-01
2.119999999999999940e-01
2.934999999999999831e-01
2.297500000000000098e-01
2.570000000000000062e-01
2.167499999999999982e-01
3.069999999999999951e-01
2.690000000000000169e-01
1.987500000000000100e-01
2.592499999999999805e-01
2.472499999999999976e-01
2.607499999999999818e-01
3.360000000000000209e-01
3.477500000000000036e-01
2.587499999999999800e-01
3.215000000000000080e-01
2.979999999999999871e-01
2.612499999999999822e-01
2.449999999999999956e-01
2.892500000000000071e-01
2.732499999999999929e-01
3.104999999999999982e-01
2.832500000000000018e-01
2.260000000000000064e-01
2.399999999999999911e-01
2.069999999999999896e-01
3.290000000000000147e-01
3.047500000000000209e-01
2.520000000000000018e-01
2.657499999999999862e-01
2.444999999999999951e-01
2.922500000000000098e-01
2.859999999999999765e-01
2.349999999999999867e-01
2.814999999999999725e-01
2.645000000000000129e-01
2.717499999999999916e-01
2.477499999999999980e-01
2.582499999999999796e-01
2.615000000000000102e-01
1.905000000000000027e-01
2.089999999999999913e-01
3.019999999999999907e-01
1.774999999999999911e-01
2.354999999999999871e-01
3.089999999999999969e-01
3.074999999999999956e-01
2.262500000000000067e-01
2.735000000000000209e-01
2.335000000000000131e-01
2.154999999999999971e-01
2.967500000000000138e-01
3.102500000000000258e-01
3.574999999999999845e-01
2.235000000000000042e-01
3.624999999999999889e-01
2.929999999999999827e-01
3.057500000000000218e-01
2.720000000000000195e-01
2.894999999999999796e-01
1.920000000000000040e-01
2.147499999999999964e-01
2.402499999999999913e-01
3.574999999999999845e-01
2.124999999999999944e-01
2.074999999999999900e-01
2.819999999999999729e-01
2.535000000000000031e-01
2.612499999999999822e-01
3.315000000000000169e-01
3.444999999999999729e-01
2.517499999999999738e-01
3.132499999999999729e-01
1.744999999999999885e-01
2.025000000000000133e-01
3.180000000000000049e-01
2.897500000000000075e-01
2.545000000000000040e-01
2.387499999999999900e-01
2.602499999999999813e-01
2.587499999999999800e-01
2.964999999999999858e-01
3.327499999999999902e-01
2.642499999999999849e-01
3.162499999999999756e-01
2.790000000000000258e-01
2.922500000000000098e-01
2.132499999999999951e-01
2.464999999999999969e-01
2.302500000000000102e-01
3.107500000000000262e-01
2.760000000000000231e-01
2.580000000000000071e-01
2.857500000000000040e-01
1.915000000000000036e-01
3.117500000000000271e-01
2.745000000000000218e-01
2.337500000000000133e-01
3.484999999999999765e-01
2.084999999999999909e-01
2.200000000000000011e-01
3.017500000000000182e-01
2.762499999999999956e-01
2.267500000000000071e-01
2.255000000000000060e-01
2.859999999999999765e-01
3.190000000000000058e-01
2.169999999999999984e-01
2.387499999999999900e-01
1.705000000000000127e-01
2.332500000000000129e-01
2.527499999999999747e-01
3.215000000000000080e-01
2.859999999999999765e-01
3.410000000000000253e-01
3.472500000000000031e-01
2.819999999999999729e-01
3.887499999999999845e-01
2.647499999999999853e-01
2.904999999999999805e-01
2.864999999999999769e-01
2.839999999999999747e-01
2.952500000000000124e-01
2.612499999999999822e-01
2.157499999999999973e-01
2.987500000000000155e-01
3.272499999999999853e-01
2.494999999999999996e-01
2.847500000000000031e-01
2.597499999999999809e-01
2.119999999999999940e-01
1.819999999999999951e-01
1.739999999999999880e-01
2.782499999999999973e-01
2.682499999999999885e-01
2.617499999999999827e-01
2.887500000000000067e-01
2.622499999999999831e-01
2.407499999999999918e-01
3.332499999999999907e-01
2.610000000000000098e-01
2.207500000000000018e-01
2.550000000000000044e-01
2.310000000000000109e-01
2.715000000000000191e-01
3.634999999999999898e-01
3.579999999999999849e-01
2.802499999999999991e-01
2.605000000000000093e-01
3.034999999999999920e-01
2.202500000000000013e-01
3.255000000000000115e-01
3.232499999999999818e-01
3.157499999999999751e-01
3.152499999999999747e-01
3.012500000000000178e-01
2.964999999999999858e-01
2.280000000000000082e-01
3.142499999999999738e-01
2.667499999999999871e-01
1.930000000000000049e-01
3.507500000000000062e-01
2.565000000000000058e-01
2.397499999999999909e-01
2.570000000000000062e-01
2.152499999999999969e-01
1.937500000000000056e-01
3.594999999999999862e-01
2.909999999999999809e-01
2.152499999999999969e-01
2.924999999999999822e-01
2.454999999999999960e-01
2.285000000000000087e-01
2.300000000000000100e-01
3.017500000000000182e-01
3.140000000000000013e-01
2.422499999999999931e-01
2.262500000000000067e-01
2.592499999999999805e-01
2.227500000000000036e-01
2.737499999999999933e-01
1.615000000000000047e-01
2.364999999999999880e-01
3.672500000000000209e-01
2.957500000000000129e-01
3.432499999999999996e-01
2.427499999999999936e-01
2.237500000000000044e-01
2.245000000000000051e-01
2.260000000000000064e-01
2.525000000000000022e-01
2.330000000000000127e-01
1.799999999999999933e-01
1.839999999999999969e-01
3.200000000000000067e-01
2.540000000000000036e-01
1.920000000000000040e-01
2.432499999999999940e-01
2.442499999999999949e-01
2.417499999999999927e-01
2.567499999999999782e-01
2.537499999999999756e-01
2.459999999999999964e-01
2.952500000000000124e-01
2.755000000000000226e-01
3.322499999999999898e-01
2.607499999999999818e-01
2.542499999999999760e-01
2.015000000000000124e-01
2.622499999999999831e-01
2.349999999999999867e-01
2.515000000000000013e-01
3.537500000000000089e-01
3.054999999999999938e-01
2.512499999999999734e-01
3.212499999999999800e-01
2.315000000000000113e-01
3.357499999999999929e-01
3.547500000000000098e-01
2.710000000000000187e-01
3.260000000000000120e-01
2.532499999999999751e-01
3.267499999999999849e-01
2.802499999999999991e-01
2.827500000000000013e-01
2.810000000000000275e-01
2.677499999999999880e-01
2.540000000000000036e-01
2.917500000000000093e-01
2.927500000000000102e-01
2.924999999999999822e-01
2.927500000000000102e-01
2.969999999999999862e-01
1.787499999999999922e-01
2.989999999999999880e-01
3.290000000000000147e-01
2.987500000000000155e-01
3.469999999999999751e-01
2.622499999999999831e-01
3.197499999999999787e-01
2.242500000000000049e-01
2.834999999999999742e-01
3.137499999999999734e-01
3.042500000000000204e-01
2.542499999999999760e-01
2.620000000000000107e-01
2.737499999999999933e-01
2.982500000000000151e-01
3.237499999999999822e-01
3.185000000000000053e-01
3.572500000000000120e-01
2.677499999999999880e-01
2.747499999999999942e-01
2.384999999999999898e-01
2.137499999999999956e-01
2.525000000000000022e-01
3.287499999999999867e-01
3.132499999999999729e-01
3.514999999999999791e-01
2.677499999999999880e-01
3.017500000000000182e-01
2.814999999999999725e-01
2.315000000000000113e-01
4.084999999999999742e-01
3.867499999999999827e-01
2.814999999999999725e-01
2.112499999999999933e-01
3.034999999999999920e-01
2.924999999999999822e-01
3.375000000000000222e-01
3.250000000000000111e-01
3.087500000000000244e-01
3.410000000000000253e-01
3.517500000000000071e-01
3.352499999999999925e-01
2.487499999999999989e-01
3.225000000000000089e-01
2.819999999999999729e-01
3.084999999999999964e-01
2.844999999999999751e-01
1.982500000000000095e-01
2.757499999999999951e-01
2.872500000000000053e-01
2.457499999999999962e-01
1.885000000000000009e-01
2.039999999999999869e-01
3.484999999999999765e-01
3.350000000000000200e-01
2.922500000000000098e-01
2.602499999999999813e-01
2.575000000000000067e-01
2.250000000000000056e-01
3.417499999999999982e-01
3.037500000000000200e-01
2.222500000000000031e-01
3.027500000000000191e-01
2.822500000000000009e-01
2.984999999999999876e-01
2.874999999999999778e-01
3.039999999999999925e-01
2.582499999999999796e-01
2.792499999999999982e-01
2.620000000000000107e-01
2.477499999999999980e-01
2.122499999999999942e-01
3.699999999999999956e-01
3.250000000000000111e-01
2.605000000000000093e-01
2.267500000000000071e-01
2.532499999999999751e-01
3.192499999999999782e-01
3.634999999999999898e-01
3.612500000000000155e-01
2.887500000000000067e-01
2.647499999999999853e-01
3.029999999999999916e-01
3.142499999999999738e-01
2.590000000000000080e-01
2.805000000000000271e-01
2.964999999999999858e-01
2.884999999999999787e-01
2.952500000000000124e-01
3.357499999999999929e-01
3.295000000000000151e-01
3.744999999999999996e-01
2.760000000000000231e-01
2.832500000000000018e-01
2.197500000000000009e-01
2.857500000000000040e-01
2.917500000000000093e-01
2.822500000000000009e-01
3.529999999999999805e-01
3.242499999999999827e-01
2.642499999999999849e-01
2.852500000000000036e-01
2.512499999999999734e-01
3.489999999999999769e-01
2.942500000000000115e-01
2.987500000000000155e-01
3.069999999999999951e-01
2.300000000000000100e-01
2.572499999999999787e-01
3.152499999999999747e-01
3.167499999999999760e-01
2.834999999999999742e-01
2.612499999999999822e-01
2.399999999999999911e-01
3.200000000000000067e-01
2.894999999999999796e-01
2.675000000000000155e-01
2.797499999999999987e-01
3.449999999999999734e-01
2.817500000000000004e-01
2.267500000000000071e-01
3.215000000000000080e-01
3.995000000000000218e-01
2.952500000000000124e-01
3.202499999999999791e-01
2.992500000000000160e-01
2.742499999999999938e-01
2.899999999999999800e-01
2.862500000000000044e-01
2.607499999999999818e-01
2.732499999999999929e-01
3.507500000000000062e-01
3.004999999999999893e-01
2.685000000000000164e-01
2.697499999999999898e-01
3.017500000000000182e-01
2.302500000000000102e-01
3.117500000000000271e-01
2.127499999999999947e-01
3.064999999999999947e-01
3.107500000000000262e-01
2.444999999999999951e-01
2.854999999999999760e-01
3.790000000000000036e-01
3.527500000000000080e-01
3.442500000000000004e-01
3.805000000000000049e-01
2.969999999999999862e-01
2.419999999999999929e-01
2.312500000000000111e-01
2.879999999999999782e-01
2.742499999999999938e-01
3.265000000000000124e-01
2.462499999999999967e-01
2.817500000000000004e-01
2.859999999999999765e-01
3.230000000000000093e-01
3.812499999999999778e-01
3.569999999999999840e-01
2.997500000000000164e-01
2.964999999999999858e-01
3.995000000000000218e-01
2.740000000000000213e-01
2.797499999999999987e-01
2.847500000000000031e-01
3.285000000000000142e-01
2.240000000000000047e-01
2.272500000000000075e-01
2.987500000000000155e-01
3.087500000000000244e-01
2.042499999999999871e-01
3.579999999999999849e-01
2.652499999999999858e-01
2.489999999999999991e-01
3.237499999999999822e-01
2.387499999999999900e-01
2.827500000000000013e-01
2.590000000000000080e-01
2.755000000000000226e-01
2.542499999999999760e-01
2.129999999999999949e-01
2.262500000000000067e-01
3.410000000000000253e-01
3.887499999999999845e-01
2.557499999999999774e-01
2.015000000000000124e-01
2.647499999999999853e-01
2.889999999999999791e-01
3.547500000000000098e-01
2.640000000000000124e-01
2.449999999999999956e-01
2.829999999999999738e-01
2.892500000000000071e-01
3.137499999999999734e-01
2.315000000000000113e-01
3.514999999999999791e-01
3.059999999999999942e-01
2.615000000000000102e-01
3.637500000000000178e-01
3.372499999999999942e-01
3.109999999999999987e-01
3.377499999999999947e-01
2.432499999999999940e-01
2.742499999999999938e-01
3.104999999999999982e-01
2.667499999999999871e-01
2.947500000000000120e-01
2.842500000000000027e-01
3.125000000000000000e-01
3.449999999999999734e-01
2.934999999999999831e-01
2.772499999999999964e-01
2.730000000000000204e-01
2.994999999999999885e-01
2.605000000000000093e-01
3.052500000000000213e-01
2.522499999999999742e-01
3.122500000000000275e-01
3.612500000000000155e-01
1.880000000000000004e-01
2.832500000000000018e-01
2.542499999999999760e-01
2.677499999999999880e-01
3.527500000000000080e-01
2.737499999999999933e-01
2.437499999999999944e-01
2.760000000000000231e-01
3.420000000000000262e-01
2.575000000000000067e-01
3.002500000000000169e-01
4.022499999999999964e-01
2.909999999999999809e-01
2.987500000000000155e-01
2.067499999999999893e-01
3.137499999999999734e-01
2.685000000000000164e-01
2.572499999999999787e-01
2.389999999999999902e-01
1.872499999999999998e-01
3.087500000000000244e-01
3.402499999999999969e-01
2.627499999999999836e-01
3.457500000000000018e-01
3.125000000000000000e-01
2.297500000000000098e-01
2.819999999999999729e-01
3.452500000000000013e-01
2.984999999999999876e-01
3.052500000000000213e-01
4.025000000000000244e-01
2.934999999999999831e-01
3.507500000000000062e-01
3.017500000000000182e-01
3.807499999999999774e-01
3.739999999999999991e-01
3.099999999999999978e-01
2.540000000000000036e-01
2.697499999999999898e-01
2.757499999999999951e-01
3.362499999999999933e-01
2.157499999999999973e-01
2.384999999999999898e-01
2.027500000000000135e-01
3.205000000000000071e-01
3.297499999999999876e-01
3.150000000000000022e-01
3.104999999999999982e-01
2.422499999999999931e-01
2.747499999999999942e-01
2.999999999999999889e-01
2.715000000000000191e-01
3.004999999999999893e-01
3.549999999999999822e-01
2.777499999999999969e-01
3.822499999999999787e-01
3.059999999999999942e-01
2.979999999999999871e-01
2.660000000000000142e-01
3.064999999999999947e-01
3.579999999999999849e-01
3.295000000000000151e-01
2.747499999999999942e-01
2.877500000000000058e-01
2.682499999999999885e-01
2.094999999999999918e-01
3.300000000000000155e-01
2.032499999999999862e-01
2.737499999999999933e-01
3.262499999999999845e-01
3.172499999999999765e-01
2.437499999999999944e-01
2.632499999999999840e-01
3.099999999999999978e-01
3.362499999999999933e-01
3.044999999999999929e-01
3.345000000000000195e-01
2.959999999999999853e-01
3.205000000000000071e-01
2.879999999999999782e-01
3.499999999999999778e-01
3.167499999999999760e-01
2.802499999999999991e-01
2.399999999999999911e-01
2.847500000000000031e-01
3.942499999999999893e-01
3.307499999999999885e-01
3.197499999999999787e-01
4.074999999999999734e-01
2.964999999999999858e-01
2.557499999999999774e-01
3.554999999999999827e-01
2.652499999999999858e-01
2.112499999999999933e-01
2.969999999999999862e-01
2.987500000000000155e-01
3.285000000000000142e-01
3.499999999999999778e-01
2.782499999999999973e-01
3.439999999999999725e-01
3.079999999999999960e-01
4.134999999999999787e-01
3.527500000000000080e-01
3.422499999999999987e-01
2.805000000000000271e-01
3.529999999999999805e-01
3.567500000000000115e-01
3.044999999999999929e-01
3.067500000000000226e-01
3.039999999999999925e-01
3.444999999999999729e-01
3.502500000000000058e-01
3.694999999999999951e-01
3.729999999999999982e-01
3.722500000000000253e-01
3.362499999999999933e-01
3.435000000000000275e-01
2.919999999999999818e-01
1.915000000000000036e-01
2.205000000000000016e-01
3.925000000000000155e-01
