1.203947368421052697e-02
2.723684210526315652e-02
3.361842105263158215e-02
4.611842105263157937e-02
5.434210526315789297e-02
6.407894736842105476e-02
7.197368421052631471e-02
8.019736842105262831e-02
9.072368421052631748e-02
1.019736842105263136e-01
1.128947368421052699e-01
1.190789473684210481e-01
1.321052631578947256e-01
1.459868421052631648e-01
1.546710526315789591e-01
1.697368421052631582e-01
1.848026315789473573e-01
2.015131578947368385e-01
2.188157894736842135e-01
2.315131578947368374e-01
2.479605263157894646e-01
2.691447368421052699e-01
2.807236842105262919e-01
3.074999999999999956e-01
3.238157894736842235e-01
3.368421052631578871e-01
3.648026315789473784e-01
3.795394736842105377e-01
3.917763157894736947e-01
4.105921052631578694e-01
4.334210526315789291e-01
4.470394736842105421e-01
4.617763157894737014e-01
4.835526315789473450e-01
4.977631578947368518e-01
5.092763157894736326e-01
5.313815789473683715e-01
5.414473684210526772e-01
5.444736842105263319e-01
5.687499999999999778e-01
5.625000000000000000e-01
5.882236842105262875e-01
5.897368421052631149e-01
6.188815789473683937e-01
6.174342105263157521e-01
6.446710526315789780e-01
6.493421052631579427e-01
6.480921052631578583e-01
6.534868421052631993e-01
6.637499999999999512e-01
6.800000000000000488e-01
6.882236842105262653e-01
6.880921052631578938e-01
7.032236842105262786e-01
7.082894736842105798e-01
7.044078947368420662e-01
7.164473684210526105e-01
7.186184210526316285e-01
7.205263157894736814e-01
7.321710526315790002e-01
7.451973684210526638e-01
7.492105263157894379e-01
7.641447368421052655e-01
7.533552631578946945e-01
7.688815789473684159e-01
7.648684210526315308e-01
7.715131578947368451e-01
7.876973684210526461e-01
7.956578947368421195e-01
7.930263157894736903e-01
8.009868421052631637e-01
7.968421052631579071e-01
8.076973684210526638e-01
8.090131578947368229e-01
8.075657894736841813e-01
8.235526315789473140e-01
8.263157894736842257e-01
8.330263157894737258e-01
8.363157894736842346e-01
8.420394736842105043e-01
8.390131578947368496e-01
8.455263157894736814e-01
8.296710526315789203e-01
8.426315789473683981e-01
8.457894736842105354e-01
8.467105263157894690e-01
8.614473684210526283e-01
8.677631578947367919e-01
8.705921052631578894e-01
8.619078947368421506e-01
8.667763157894736725e-01
8.702631578947368496e-01
8.733552631578946901e-01
8.794078947368421106e-01
8.834868421052631815e-01
8.766447368421053099e-01
8.747368421052631460e-01
8.779605263157894690e-01
8.855921052631579027e-01
8.865131578947368363e-01
8.973684210526315930e-01
8.973684210526315930e-01
8.986184210526315663e-01
9.067763157894737081e-01
8.973026315789474072e-01
9.049342105263158409e-01
9.117105263157895267e-01
9.157894736842104866e-01
9.133552631578947256e-01
9.066447368421052255e-01
9.038815789473684248e-01
9.092105263157894690e-01
9.171052631578947567e-01
9.165131578947368629e-01
9.202631578947368940e-01
9.152631578947368896e-01
9.265131578947368718e-01
9.269078947368420973e-01
9.234210526315789203e-01
9.276315789473684736e-01
9.346052631578947167e-01
9.300000000000000488e-01
9.326973684210526638e-01
9.355263157894736503e-01
9.401973684210526150e-01
9.355263157894736503e-01
9.390789473684210131e-01
9.328947368421052211e-01
9.412500000000000311e-01
9.426973684210526727e-01
9.430921052631578982e-01
9.490131578947368363e-01
9.522368421052631593e-01
9.421052631578947789e-01
9.455263157894736592e-01
9.480921052631579027e-01
9.486184210526316107e-01
9.487499999999999822e-01
9.559210526315788936e-01
9.509868421052631859e-01
9.553947368421052966e-01
9.549999999999999600e-01
9.595394736842105532e-01
9.597368421052631104e-01
9.629605263157894335e-01
9.642105263157895179e-01
9.635526315789473273e-01
9.615131578947367919e-01
9.646052631578947434e-01
9.583552631578947656e-01
9.638157894736841813e-01
9.632236842105262875e-01
9.635526315789473273e-01
9.686842105263158142e-01
9.657236842105263452e-01
9.707236842105263497e-01
9.673026315789473584e-01
9.690789473684210398e-01
9.711184210526315752e-01
9.679605263157894379e-01
9.689473684210526683e-01
9.715789473684210975e-01
9.707236842105263497e-01
9.747368421052631238e-01
9.701315789473684559e-01
9.751973684210526461e-01
9.770394736842105132e-01
9.771052631578946990e-01
9.752631578947368318e-01
9.784210526315789691e-01
9.786184210526315264e-01
9.794078947368420884e-01
9.782894736842104866e-01
9.816447368421052921e-01
9.803289473684210220e-01
9.752631578947368318e-01
9.794736842105262742e-01
9.768421052631578450e-01
9.750657894736841635e-01
9.797368421052631282e-01
9.780921052631579293e-01
9.804605263157895045e-01
9.817105263157894779e-01
9.778289473684210753e-01
9.768421052631578450e-01
9.767105263157894735e-01
9.807236842105263586e-01
9.826973684210525972e-01
9.843421052631579071e-01
9.830263157894736370e-01
9.844736842105262786e-01
9.865131578947368141e-01
9.870394736842105221e-01
9.858552631578947345e-01
9.859868421052631060e-01
9.831578947368421195e-01
9.848684210526316152e-01
9.857236842105263630e-01
9.838157894736841991e-01
9.855263157894736947e-01
9.873684210526315619e-01
9.870394736842105221e-01
9.878289473684210842e-01
9.890789473684210575e-01
9.890789473684210575e-01
9.893421052631579116e-01
9.890131578947368718e-01
9.884868421052631637e-01
9.922368421052631948e-01
9.913815789473684470e-01
9.917763157894736725e-01
9.892763157894737258e-01
9.851973684210526550e-01
9.889473684210526860e-01
9.909868421052631104e-01
9.919736842105263408e-01
9.938157894736842080e-01
9.920394736842105265e-01
9.946710526315789558e-01
9.938157894736842080e-01
9.929605263157894601e-01
9.933552631578946857e-01
9.923684210526315663e-01
9.922368421052631948e-01
9.913157894736842612e-01
9.924342105263157521e-01
9.938815789473683937e-01
9.911842105263157787e-01
9.934210526315789824e-01
9.946052631578947700e-01
9.951315789473683671e-01
9.941447368421052477e-01
9.951973684210526638e-01
9.950657894736841813e-01
9.942105263157894335e-01
9.921710526315788981e-01
9.948684210526316241e-01
9.955263157894737036e-01
9.959210526315789291e-01
9.952631578947368496e-01
9.940789473684210620e-01
9.965789473684210087e-01
9.948684210526316241e-01
9.951973684210526638e-01
9.960526315789474117e-01
9.973026315789473850e-01
9.968421052631578627e-01
9.973684210526315708e-01
9.962499999999999689e-01
9.955263157894737036e-01
9.959868421052631149e-01
9.978947368421052788e-01
9.972368421052631993e-01
9.971052631578947167e-01
9.975657894736842390e-01
9.979605263157894646e-01
9.969736842105263452e-01
9.963815789473684514e-01
9.971710526315789025e-01
9.975657894736842390e-01
9.967105263157894912e-01
9.946710526315789558e-01
9.980921052631579471e-01
9.980263157894736503e-01
9.967763157894736770e-01
9.970394736842105310e-01
9.963157894736842657e-01
9.975657894736842390e-01
9.982894736842105043e-01
9.976973684210526105e-01
9.976315789473684248e-01
9.973684210526315708e-01
9.942105263157894335e-01
9.966447368421053055e-01
9.983552631578946901e-01
9.982894736842105043e-01
9.985526315789473584e-01
9.987500000000000266e-01
9.982894736842105043e-01
9.986184210526315441e-01
9.984210526315789869e-01
9.982894736842105043e-01
9.988157894736842124e-01
9.987500000000000266e-01
9.978289473684210931e-01
9.978947368421052788e-01
9.988815789473683981e-01
9.991447368421052522e-01
9.992105263157894379e-01
9.990131578947368807e-01
9.992763157894737347e-01
9.994078947368421062e-01
9.994736842105262919e-01
9.996710526315789602e-01
9.987500000000000266e-01
9.992105263157894379e-01
9.986184210526315441e-01
9.988157894736842124e-01
9.986842105263158409e-01
9.993421052631579204e-01
9.992105263157894379e-01
9.994078947368421062e-01
9.994078947368421062e-01
9.989473684210525839e-01
9.992105263157894379e-01
9.991447368421052522e-01
9.991447368421052522e-01
9.996710526315789602e-01
9.991447368421052522e-01
9.997368421052631460e-01
9.989473684210525839e-01
9.988157894736842124e-01
9.991447368421052522e-01
9.992105263157894379e-01
9.987500000000000266e-01
9.996052631578947745e-01
9.996052631578947745e-01
9.997368421052631460e-01
9.992763157894737347e-01
9.994736842105262919e-01
9.993421052631579204e-01
9.992763157894737347e-01
9.990131578947368807e-01
9.992105263157894379e-01
9.990789473684210664e-01
9.994078947368421062e-01
9.993421052631579204e-01
9.995394736842104777e-01
9.991447368421052522e-01
9.992105263157894379e-01
9.996052631578947745e-01
9.996710526315789602e-01
9.997368421052631460e-01
9.998684210526316285e-01
9.998026315789473317e-01
9.990789473684210664e-01
9.996052631578947745e-01
9.995394736842104777e-01
9.998026315789473317e-01
9.995394736842104777e-01
9.995394736842104777e-01
9.998026315789473317e-01
9.997368421052631460e-01
9.998684210526316285e-01
9.994736842105262919e-01
9.996052631578947745e-01
9.994736842105262919e-01
9.996710526315789602e-01
9.995394736842104777e-01
9.995394736842104777e-01
9.995394736842104777e-01
9.996710526315789602e-01
9.992763157894737347e-01
9.992105263157894379e-01
9.994736842105262919e-01
9.998026315789473317e-01
9.998026315789473317e-01
9.998026315789473317e-01
9.996710526315789602e-01
9.994736842105262919e-01
9.999342105263158142e-01
9.999342105263158142e-01
9.996052631578947745e-01
9.992105263157894379e-01
9.994078947368421062e-01
9.998684210526316285e-01
9.995394736842104777e-01
9.996052631578947745e-01
9.997368421052631460e-01
9.995394736842104777e-01
9.998684210526316285e-01
9.999342105263158142e-01
9.998026315789473317e-01
9.998684210526316285e-01
9.999342105263158142e-01
9.997368421052631460e-01
1.000000000000000000e+00
9.991447368421052522e-01
9.998684210526316285e-01
9.996710526315789602e-01
1.000000000000000000e+00
9.999342105263158142e-01
9.997368421052631460e-01
9.997368421052631460e-01
9.999342105263158142e-01
9.994736842105262919e-01
1.000000000000000000e+00
9.996710526315789602e-01
9.996710526315789602e-01
9.999342105263158142e-01
9.998684210526316285e-01
9.999342105263158142e-01
9.998684210526316285e-01
9.998026315789473317e-01
9.999342105263158142e-01
9.997368421052631460e-01
1.000000000000000000e+00
9.999342105263158142e-01
1.000000000000000000e+00
9.999342105263158142e-01
1.000000000000000000e+00
9.993421052631579204e-01
9.998684210526316285e-01
9.992105263157894379e-01
9.997368421052631460e-01
9.999342105263158142e-01
9.999342105263158142e-01
9.994736842105262919e-01
9.998684210526316285e-01
9.998026315789473317e-01
9.997368421052631460e-01
9.997368421052631460e-01
9.998026315789473317e-01
9.998684210526316285e-01
1.000000000000000000e+00
1.000000000000000000e+00
9.999342105263158142e-01
1.000000000000000000e+00
9.998026315789473317e-01
1.000000000000000000e+00
9.996710526315789602e-01
9.998684210526316285e-01
1.000000000000000000e+00
1.000000000000000000e+00
9.998684210526316285e-01
9.999342105263158142e-01
9.998684210526316285e-01
9.994736842105262919e-01
9.997368421052631460e-01
9.998026315789473317e-01
1.000000000000000000e+00
9.999342105263158142e-01
9.999342105263158142e-01
1.000000000000000000e+00
9.998684210526316285e-01
9.999342105263158142e-01
1.000000000000000000e+00
1.000000000000000000e+00
1.000000000000000000e+00
9.998026315789473317e-01
1.000000000000000000e+00
9.998684210526316285e-01
9.998684210526316285e-01
9.998026315789473317e-01
9.998684210526316285e-01
1.000000000000000000e+00
9.999342105263158142e-01
9.999342105263158142e-01
9.998026315789473317e-01
9.998026315789473317e-01
9.999342105263158142e-01
9.998684210526316285e-01
9.999342105263158142e-01
9.998684210526316285e-01
9.999342105263158142e-01
9.999342105263158142e-01
1.000000000000000000e+00
1.000000000000000000e+00
1.000000000000000000e+00
9.999342105263158142e-01
9.999342105263158142e-01
1.000000000000000000e+00
1.000000000000000000e+00
9.999342105263158142e-01
9.999342105263158142e-01
9.998684210526316285e-01
1.000000000000000000e+00
9.999342105263158142e-01
9.997368421052631460e-01
1.000000000000000000e+00
1.000000000000000000e+00
9.999342105263158142e-01
1.000000000000000000e+00
1.000000000000000000e+00
9.999342105263158142e-01
9.999342105263158142e-01
1.000000000000000000e+00
9.999342105263158142e-01
9.997368421052631460e-01
9.999342105263158142e-01
9.999342105263158142e-01
9.999342105263158142e-01
1.000000000000000000e+00
1.000000000000000000e+00
1.000000000000000000e+00
9.998684210526316285e-01
9.999342105263158142e-01
9.999342105263158142e-01
9.998684210526316285e-01
9.998684210526316285e-01
9.999342105263158142e-01
9.999342105263158142e-01
1.000000000000000000e+00
1.000000000000000000e+00
1.000000000000000000e+00
9.999342105263158142e-01
9.999342105263158142e-01
9.999342105263158142e-01
9.999342105263158142e-01
9.998684210526316285e-01
9.998684210526316285e-01
9.998684210526316285e-01
9.998026315789473317e-01
9.999342105263158142e-01
9.998026315789473317e-01
9.999342105263158142e-01
9.999342105263158142e-01
9.999342105263158142e-01
9.999342105263158142e-01
9.999342105263158142e-01
9.999342105263158142e-01
9.999342105263158142e-01
9.999342105263158142e-01
9.999342105263158142e-01
1.000000000000000000e+00
1.000000000000000000e+00
1.000000000000000000e+00
9.999342105263158142e-01
1.000000000000000000e+00
1.000000000000000000e+00
9.999342105263158142e-01
1.000000000000000000e+00
1.000000000000000000e+00
1.000000000000000000e+00
9.999342105263158142e-01
1.000000000000000000e+00
1.000000000000000000e+00
1.000000000000000000e+00
9.999342105263158142e-01
9.999342105263158142e-01
1.000000000000000000e+00
9.999342105263158142e-01
1.000000000000000000e+00
9.999342105263158142e-01
9.998684210526316285e-01
1.000000000000000000e+00
9.999342105263158142e-01
9.999342105263158142e-01
1.000000000000000000e+00
1.000000000000000000e+00
1.000000000000000000e+00
1.000000000000000000e+00
9.999342105263158142e-01
1.000000000000000000e+00
1.000000000000000000e+00
1.000000000000000000e+00
1.000000000000000000e+00
1.000000000000000000e+00
9.998684210526316285e-01
9.999342105263158142e-01
1.000000000000000000e+00
1.000000000000000000e+00
1.000000000000000000e+00
1.000000000000000000e+00
9.999342105263158142e-01
1.000000000000000000e+00
9.998684210526316285e-01
1.000000000000000000e+00
1.000000000000000000e+00
1.000000000000000000e+00
1.000000000000000000e+00
1.000000000000000000e+00
1.000000000000000000e+00
1.000000000000000000e+00
1.000000000000000000e+00
1.000000000000000000e+00
1.000000000000000000e+00
1.000000000000000000e+00
9.999342105263158142e-01
1.000000000000000000e+00
9.999342105263158142e-01
1.000000000000000000e+00
9.999342105263158142e-01
9.999342105263158142e-01
9.999342105263158142e-01
1.000000000000000000e+00
1.000000000000000000e+00
1.000000000000000000e+00
9.998684210526316285e-01
9.999342105263158142e-01
1.000000000000000000e+00
9.998684210526316285e-01
1.000000000000000000e+00
9.998684210526316285e-01
9.999342105263158142e-01
9.999342105263158142e-01
9.999342105263158142e-01
1.000000000000000000e+00
1.000000000000000000e+00
1.000000000000000000e+00
1.000000000000000000e+00
1.000000000000000000e+00
9.999342105263158142e-01
9.999342105263158142e-01
9.999342105263158142e-01
9.999342105263158142e-01
1.000000000000000000e+00
1.000000000000000000e+00
1.000000000000000000e+00
1.000000000000000000e+00
9.999342105263158142e-01
9.998026315789473317e-01
1.000000000000000000e+00
1.000000000000000000e+00
1.000000000000000000e+00
1.000000000000000000e+00
1.000000000000000000e+00
1.000000000000000000e+00
1.000000000000000000e+00
9.999342105263158142e-01
1.000000000000000000e+00
1.000000000000000000e+00
1.000000000000000000e+00
1.000000000000000000e+00
1.000000000000000000e+00
1.000000000000000000e+00
1.000000000000000000e+00
1.000000000000000000e+00
9.999342105263158142e-01
1.000000000000000000e+00
1.000000000000000000e+00
1.000000000000000000e+00
1.000000000000000000e+00
1.000000000000000000e+00
1.000000000000000000e+00
9.998026315789473317e-01
1.000000000000000000e+00
9.999342105263158142e-01
9.999342105263158142e-01
1.000000000000000000e+00
1.000000000000000000e+00
1.000000000000000000e+00
1.000000000000000000e+00
1.000000000000000000e+00
1.000000000000000000e+00
1.000000000000000000e+00
1.000000000000000000e+00
1.000000000000000000e+00
1.000000000000000000e+00
1.000000000000000000e+00
9.999342105263158142e-01
1.000000000000000000e+00
1.000000000000000000e+00
1.000000000000000000e+00
1.000000000000000000e+00
1.000000000000000000e+00
1.000000000000000000e+00
1.000000000000000000e+00
1.000000000000000000e+00
1.000000000000000000e+00
1.000000000000000000e+00
1.000000000000000000e+00
9.999342105263158142e-01
9.999342105263158142e-01
9.998684210526316285e-01
1.000000000000000000e+00
1.000000000000000000e+00
1.000000000000000000e+00
1.000000000000000000e+00
1.000000000000000000e+00
1.000000000000000000e+00
1.000000000000000000e+00
1.000000000000000000e+00
1.000000000000000000e+00
1.000000000000000000e+00
1.000000000000000000e+00
1.000000000000000000e+00
1.000000000000000000e+00
1.000000000000000000e+00
1.000000000000000000e+00
1.000000000000000000e+00
1.000000000000000000e+00
1.000000000000000000e+00
1.000000000000000000e+00
1.000000000000000000e+00
1.000000000000000000e+00
1.000000000000000000e+00
1.000000000000000000e+00
1.000000000000000000e+00
1.000000000000000000e+00
1.000000000000000000e+00
1.000000000000000000e+00
1.000000000000000000e+00
9.999342105263158142e-01
1.000000000000000000e+00
1.000000000000000000e+00
9.999342105263158142e-01
1.000000000000000000e+00
1.000000000000000000e+00
1.000000000000000000e+00
9.999342105263158142e-01
1.000000000000000000e+00
1.000000000000000000e+00
1.000000000000000000e+00
1.000000000000000000e+00
1.000000000000000000e+00
1.000000000000000000e+00
1.000000000000000000e+00
1.000000000000000000e+00
1.000000000000000000e+00
1.000000000000000000e+00
1.000000000000000000e+00
1.000000000000000000e+00
9.999342105263158142e-01
1.000000000000000000e+00
1.000000000000000000e+00
9.999342105263158142e-01
1.000000000000000000e+00
1.000000000000000000e+00
1.000000000000000000e+00
1.000000000000000000e+00
1.000000000000000000e+00
1.000000000000000000e+00
9.999342105263158142e-01
1.000000000000000000e+00
1.000000000000000000e+00
1.000000000000000000e+00
1.000000000000000000e+00
9.999342105263158142e-01
1.000000000000000000e+00
1.000000000000000000e+00
1.000000000000000000e+00
1.000000000000000000e+00
1.000000000000000000e+00
1.000000000000000000e+00
1.000000000000000000e+00
1.000000000000000000e+00
1.000000000000000000e+00
1.000000000000000000e+00
9.998684210526316285e-01
1.000000000000000000e+00
1.000000000000000000e+00
1.000000000000000000e+00
1.000000000000000000e+00
1.000000000000000000e+00
1.000000000000000000e+00
1.000000000000000000e+00
1.000000000000000000e+00
1.000000000000000000e+00
1.000000000000000000e+00
1.000000000000000000e+00
1.000000000000000000e+00
1.000000000000000000e+00
1.000000000000000000e+00
1.000000000000000000e+00
1.000000000000000000e+00
1.000000000000000000e+00
9.998684210526316285e-01
1.000000000000000000e+00
1.000000000000000000e+00
1.000000000000000000e+00
1.000000000000000000e+00
1.000000000000000000e+00
1.000000000000000000e+00
9.998684210526316285e-01
9.999342105263158142e-01
1.000000000000000000e+00
1.000000000000000000e+00
1.000000000000000000e+00
1.000000000000000000e+00
1.000000000000000000e+00
1.000000000000000000e+00
1.000000000000000000e+00
1.000000000000000000e+00
9.999342105263158142e-01
1.000000000000000000e+00
1.000000000000000000e+00
1.000000000000000000e+00
1.000000000000000000e+00
1.000000000000000000e+00
1.000000000000000000e+00
1.000000000000000000e+00
1.000000000000000000e+00
1.000000000000000000e+00
1.000000000000000000e+00
9.998684210526316285e-01
1.000000000000000000e+00
1.000000000000000000e+00
1.000000000000000000e+00
1.000000000000000000e+00
1.000000000000000000e+00
1.000000000000000000e+00
1.000000000000000000e+00
1.000000000000000000e+00
1.000000000000000000e+00
1.000000000000000000e+00
1.000000000000000000e+00
1.000000000000000000e+00
1.000000000000000000e+00
1.000000000000000000e+00
1.000000000000000000e+00
1.000000000000000000e+00
1.000000000000000000e+00
1.000000000000000000e+00
1.000000000000000000e+00
1.000000000000000000e+00
1.000000000000000000e+00
9.999342105263158142e-01
1.000000000000000000e+00
1.000000000000000000e+00
1.000000000000000000e+00
9.999342105263158142e-01
1.000000000000000000e+00
1.000000000000000000e+00
1.000000000000000000e+00
1.000000000000000000e+00
1.000000000000000000e+00
1.000000000000000000e+00
1.000000000000000000e+00
1.000000000000000000e+00
1.000000000000000000e+00
1.000000000000000000e+00
1.000000000000000000e+00
1.000000000000000000e+00
1.000000000000000000e+00
1.000000000000000000e+00
1.000000000000000000e+00
1.000000000000000000e+00
1.000000000000000000e+00
1.000000000000000000e+00
1.000000000000000000e+00
1.000000000000000000e+00
1.000000000000000000e+00
1.000000000000000000e+00
1.000000000000000000e+00
1.000000000000000000e+00
1.000000000000000000e+00
1.000000000000000000e+00
9.999342105263158142e-01
1.000000000000000000e+00
1.000000000000000000e+00
1.000000000000000000e+00
1.000000000000000000e+00
9.999342105263158142e-01
1.000000000000000000e+00
1.000000000000000000e+00
1.000000000000000000e+00
1.000000000000000000e+00
1.000000000000000000e+00
1.000000000000000000e+00
1.000000000000000000e+00
1.000000000000000000e+00
1.000000000000000000e+00
1.000000000000000000e+00
1.000000000000000000e+00
1.000000000000000000e+00
1.000000000000000000e+00
1.000000000000000000e+00
1.000000000000000000e+00
1.000000000000000000e+00
1.000000000000000000e+00
1.000000000000000000e+00
1.000000000000000000e+00
1.000000000000000000e+00
1.000000000000000000e+00
1.000000000000000000e+00
1.000000000000000000e+00
1.000000000000000000e+00
1.000000000000000000e+00
1.000000000000000000e+00
1.000000000000000000e+00
1.000000000000000000e+00
1.000000000000000000e+00
1.000000000000000000e+00
1.000000000000000000e+00
1.000000000000000000e+00
1.000000000000000000e+00
1.000000000000000000e+00
1.000000000000000000e+00
1.000000000000000000e+00
1.000000000000000000e+00
1.000000000000000000e+00
1.000000000000000000e+00
9.996710526315789602e-01
9.999342105263158142e-01
1.000000000000000000e+00
9.999342105263158142e-01
1.000000000000000000e+00
1.000000000000000000e+00
1.000000000000000000e+00
1.000000000000000000e+00
1.000000000000000000e+00
1.000000000000000000e+00
1.000000000000000000e+00
1.000000000000000000e+00
1.000000000000000000e+00
1.000000000000000000e+00
1.000000000000000000e+00
1.000000000000000000e+00
1.000000000000000000e+00
1.000000000000000000e+00
1.000000000000000000e+00
1.000000000000000000e+00
1.000000000000000000e+00
1.000000000000000000e+00
1.000000000000000000e+00
1.000000000000000000e+00
1.000000000000000000e+00
1.000000000000000000e+00
1.000000000000000000e+00
1.000000000000000000e+00
1.000000000000000000e+00
1.000000000000000000e+00
1.000000000000000000e+00
1.000000000000000000e+00
1.000000000000000000e+00
1.000000000000000000e+00
1.000000000000000000e+00
1.000000000000000000e+00
1.000000000000000000e+00
1.000000000000000000e+00
1.000000000000000000e+00
1.000000000000000000e+00
1.000000000000000000e+00
1.000000000000000000e+00
1.000000000000000000e+00
1.000000000000000000e+00
1.000000000000000000e+00
1.000000000000000000e+00
1.000000000000000000e+00
1.000000000000000000e+00
1.000000000000000000e+00
1.000000000000000000e+00
1.000000000000000000e+00
1.000000000000000000e+00
1.000000000000000000e+00
1.000000000000000000e+00
1.000000000000000000e+00
1.000000000000000000e+00
1.000000000000000000e+00
1.000000000000000000e+00
1.000000000000000000e+00
1.000000000000000000e+00
1.000000000000000000e+00
9.999342105263158142e-01
1.000000000000000000e+00
1.000000000000000000e+00
1.000000000000000000e+00
1.000000000000000000e+00
1.000000000000000000e+00
1.000000000000000000e+00
1.000000000000000000e+00
1.000000000000000000e+00
1.000000000000000000e+00
1.000000000000000000e+00
1.000000000000000000e+00
1.000000000000000000e+00
1.000000000000000000e+00
9.999342105263158142e-01
1.000000000000000000e+00
1.000000000000000000e+00
1.000000000000000000e+00
1.000000000000000000e+00
1.000000000000000000e+00
1.000000000000000000e+00
1.000000000000000000e+00
1.000000000000000000e+00
1.000000000000000000e+00
1.000000000000000000e+00
1.000000000000000000e+00
1.000000000000000000e+00
1.000000000000000000e+00
1.000000000000000000e+00
1.000000000000000000e+00
1.000000000000000000e+00
1.000000000000000000e+00
1.000000000000000000e+00
1.000000000000000000e+00
1.000000000000000000e+00
1.000000000000000000e+00
1.000000000000000000e+00
1.000000000000000000e+00
1.000000000000000000e+00
1.000000000000000000e+00
1.000000000000000000e+00
1.000000000000000000e+00
1.000000000000000000e+00
1.000000000000000000e+00
1.000000000000000000e+00
1.000000000000000000e+00
1.000000000000000000e+00
1.000000000000000000e+00
1.000000000000000000e+00
1.000000000000000000e+00
1.000000000000000000e+00
1.000000000000000000e+00
1.000000000000000000e+00
1.000000000000000000e+00
1.000000000000000000e+00
1.000000000000000000e+00
1.000000000000000000e+00
1.000000000000000000e+00
1.000000000000000000e+00
1.000000000000000000e+00
1.000000000000000000e+00
1.000000000000000000e+00
1.000000000000000000e+00
1.000000000000000000e+00
1.000000000000000000e+00
1.000000000000000000e+00
1.000000000000000000e+00
