6.825191304087638855e-01
6.501741856336593628e-01
6.269421428442001343e-01
6.087169125676155090e-01
5.942029580473899841e-01
5.823367759585380554e-01
5.719902217388153076e-01
5.622972920536994934e-01
5.526203215122222900e-01
5.429194718599319458e-01
5.329591929912567139e-01
5.232472047209739685e-01
5.136005878448486328e-01
5.043487623333930969e-01
4.949806593358516693e-01
4.857427552342414856e-01
4.765444658696651459e-01
4.675263054668903351e-01
4.587167799472808838e-01
4.502424374222755432e-01
4.422319270670413971e-01
4.346863329410552979e-01
4.273624978959560394e-01
4.204056262969970703e-01
4.139356352388858795e-01
4.074933156371116638e-01
4.013052098453044891e-01
3.954273238778114319e-01
3.896798826754093170e-01
3.840822502970695496e-01
3.787183202803134918e-01
3.733443468809127808e-01
3.683279044926166534e-01
3.641191944479942322e-01
3.587287329137325287e-01
3.539714068174362183e-01
3.490045554935932159e-01
3.447767160832881927e-01
3.406122252345085144e-01
3.361362442374229431e-01
3.320008367300033569e-01
3.278665952384471893e-01
3.240627758204936981e-01
3.202075138688087463e-01
3.161056675016880035e-01
3.133010491728782654e-01
3.092234581708908081e-01
3.066735714673995972e-01
3.027510084211826324e-01
2.992568314075469971e-01
2.957104034721851349e-01
2.919535525143146515e-01
2.890919372439384460e-01
2.867499217391014099e-01
2.835047841072082520e-01
2.812046967446804047e-01
2.780311703681945801e-01
2.755852043628692627e-01
2.731409408152103424e-01
2.708416283130645752e-01
2.689112797379493713e-01
2.657616287469863892e-01
2.625687681138515472e-01
2.606582790613174438e-01
2.583209723234176636e-01
2.559310048818588257e-01
2.538963258266448975e-01
2.515332829207181931e-01
2.492077928036451340e-01
2.466800045222043991e-01
2.448794841766357422e-01
2.433917988091707230e-01
2.418005913496017456e-01
2.403233442455530167e-01
2.379009667783975601e-01
2.357193566858768463e-01
2.343260534107685089e-01
2.321459148079156876e-01
2.313075512647628784e-01
2.304715719074010849e-01
2.282378543168306351e-01
2.270882669836282730e-01
2.244358286261558533e-01
2.236034683883190155e-01
2.218937929719686508e-01
2.214299049228429794e-01
2.198071703314781189e-01
2.200329471379518509e-01
2.179865501821041107e-01
2.153059244155883789e-01
2.138354815542697906e-01
2.131594344973564148e-01
2.125341221690177917e-01
2.119010798633098602e-01
2.110120225697755814e-01
2.084730472415685654e-01
2.068935781717300415e-01
2.057889085263013840e-01
2.054758071899414062e-01
2.047858145087957382e-01
2.032550722360610962e-01
2.028047777712345123e-01
2.017622124403715134e-01
2.018891014158725739e-01
2.012240495532751083e-01
1.990988776087760925e-01
1.974401045590639114e-01
1.971097234636545181e-01
1.958458088338375092e-01
1.957489345222711563e-01
1.954765338450670242e-01
1.947480421513319016e-01
1.931877359747886658e-01
1.927794385701417923e-01
1.918899137526750565e-01
1.921310015022754669e-01
1.905106771737337112e-01
1.930140983313322067e-01
1.920116934925317764e-01
1.915222685784101486e-01
1.902436614036560059e-01
1.881011426448822021e-01
1.867496296763420105e-01
1.860221773386001587e-01
1.857231538742780685e-01
1.854243427515029907e-01
1.855049431324005127e-01
1.839330270886421204e-01
1.832951828837394714e-01
1.832308173179626465e-01
1.823244541883468628e-01
1.819742824882268906e-01
1.819616369903087616e-01
1.827037371695041656e-01
1.812240034341812134e-01
1.794047337025403976e-01
1.792443785816431046e-01
1.787718292325735092e-01
1.776497475802898407e-01
1.776838302612304688e-01
1.769796460866928101e-01
1.781757958233356476e-01
1.770275589078664780e-01
1.765212416648864746e-01
1.751801539212465286e-01
1.752656996250152588e-01
1.756416484713554382e-01
1.756665538996458054e-01
1.751014944165945053e-01
1.759479269385337830e-01
1.751906499266624451e-01
1.733654830604791641e-01
1.738185752183198929e-01
1.737098507583141327e-01
1.743563376367092133e-01
1.731292996555566788e-01
1.727812308818101883e-01
1.725111491978168488e-01
1.716139446943998337e-01
1.713480465114116669e-01
1.715375520288944244e-01
1.706519313156604767e-01
1.690759453922510147e-01
1.695440914481878281e-01
1.689455248415470123e-01
1.691590286791324615e-01
1.684674974530935287e-01
1.686527654528617859e-01
1.684190742671489716e-01
1.676054541021585464e-01
1.678079236298799515e-01
1.678086780011653900e-01
1.675527375191450119e-01
1.672998685389757156e-01
1.669561211019754410e-01
1.671349778771400452e-01
1.666908320039510727e-01
1.661495566368103027e-01
1.652044504880905151e-01
1.659602057188749313e-01
1.647453941404819489e-01
1.646452266722917557e-01
1.657857708632946014e-01
1.668127626180648804e-01
1.671665403991937637e-01
1.642904095351696014e-01
1.638121157884597778e-01
1.635515019297599792e-01
1.638681199401617050e-01
1.639796085655689240e-01
1.634069308638572693e-01
1.626494191586971283e-01
1.622696910053491592e-01
1.620088871568441391e-01
1.614066790789365768e-01
1.614592336118221283e-01
1.621699333190917969e-01
1.619921252131462097e-01
1.618360653519630432e-01
1.612275037914514542e-01
1.606256775557994843e-01
1.608187016099691391e-01
1.606809888035058975e-01
1.607117317616939545e-01
1.618006527423858643e-01
1.607971750199794769e-01
1.605748459696769714e-01
1.613176930695772171e-01
1.601039078086614609e-01
1.603569947183132172e-01
1.596683785319328308e-01
1.601784583181142807e-01
1.596245281398296356e-01
1.595545765012502670e-01
1.588337793946266174e-01
1.592236626893281937e-01
1.603160183876752853e-01
1.588995531201362610e-01
1.601818781346082687e-01
1.589819658547639847e-01
1.607142537832260132e-01
1.589999292045831680e-01
1.581081151962280273e-01
1.574667785316705704e-01
1.577505953609943390e-01
1.581884231418371201e-01
1.575630567967891693e-01
1.569140329957008362e-01
1.574803907424211502e-01
1.572330445051193237e-01
1.570565160363912582e-01
1.572095137089490891e-01
1.565778218209743500e-01
1.579583901911973953e-01
1.579142287373542786e-01
1.567258089780807495e-01
1.572269219905138016e-01
1.583938151597976685e-01
1.587506178766489029e-01
1.581994406878948212e-01
1.577577814459800720e-01
1.562779657542705536e-01
