1.004924496014912849e+00
1.105965137481689453e+00
2.017578999201456558e+00
1.792583902676900154e+00
1.255763212839762444e+00
7.441722551981607703e-01
6.271190941333770752e-01
6.531863212585449219e-01
6.988287766774495813e-01
7.369051575660705566e-01
7.703022360801696777e-01
7.317620317141214636e-01
7.158612012863159180e-01
7.959328691164652136e-01
8.181773026784261438e-01
8.144989808400472375e-01
8.162122964859008789e-01
8.217314680417379114e-01
8.231390714645385742e-01
8.285933136940002441e-01
8.354310592015584680e-01
8.436341484387716028e-01
8.481292724609375000e-01
8.494817415873209265e-01
8.594684004783630371e-01
8.700578610102335242e-01
8.739865223566690711e-01
8.786333004633585242e-01
8.792850375175476074e-01
8.821132183074951172e-01
8.849946856498718262e-01
8.894365429878234863e-01
8.925662438074747351e-01
8.952532609303792688e-01
8.984898527463277551e-01
9.032502174377441406e-01
9.087325930595397949e-01
9.109660983085632324e-01
9.153942267100015906e-01
9.154748519261678430e-01
9.254602193832397461e-01
9.275621573130289343e-01
9.239088495572408410e-01
9.287216663360595703e-01
9.373711347579956055e-01
9.396272897720336914e-01
9.443063139915466309e-01
9.386234283447265625e-01
9.378966689109802246e-01
9.435933430989583703e-01
9.493585427602132532e-01
9.540460904439290735e-01
9.525280992190042761e-01
9.541793465614318848e-01
9.590810139973958703e-01
9.589593807856241492e-01
9.579310019810994836e-01
9.665008385976155969e-01
9.712151090304056433e-01
9.703399141629537317e-01
9.758000373840332031e-01
9.749234120051065711e-01
9.793570041656494141e-01
9.804671208063761023e-01
9.819417397181192664e-01
9.796200990676879883e-01
9.847801923751831055e-01
9.900079170862833289e-01
9.896981318791707727e-01
9.911435842514038086e-01
9.996305704116821289e-01
1.004931628704071045e+00
9.967503547668457031e-01
1.001020133495330811e+00
1.008511642615000481e+00
1.000640273094177246e+00
1.005695124467213875e+00
1.005564133326212639e+00
1.008014063040415520e+00
1.013726969559987312e+00
1.014521380265553718e+00
1.023853083451588875e+00
1.017123659451802498e+00
1.014932215213775635e+00
1.021425465742747063e+00
1.023276825745900398e+00
1.023982683817545647e+00
1.022794266541798835e+00
1.025188366572062248e+00
1.039414803187052483e+00
1.039854804674784416e+00
1.033377150694529290e+00
1.034560481707255120e+00
1.036641915639241462e+00
1.041840473810831780e+00
1.037101546923319573e+00
1.044507265090942383e+00
1.044566869735717773e+00
1.044970989227294922e+00
1.043114503224690681e+00
1.049462139606475830e+00
1.045578658580780029e+00
1.047506014506022209e+00
1.051583449045817131e+00
1.050187190373738533e+00
1.051761666933695549e+00
1.055425326029459709e+00
1.058451473712921143e+00
1.064087629318237305e+00
1.060026625792185540e+00
1.059406101703643799e+00
1.060754060745239258e+00
1.066574315230051750e+00
1.067464907964070564e+00
1.074465950330098396e+00
1.072395563125610352e+00
1.070191979408264160e+00
1.073494613170623779e+00
1.074756244818369622e+00
1.075882474581400627e+00
1.071777780850728279e+00
1.072225610415140862e+00
1.076949437459309822e+00
1.083787282307942634e+00
1.083499709765116448e+00
1.081640402475992913e+00
1.085155983765919929e+00
1.083331664403279548e+00
1.088225444157918220e+00
1.086931606133778816e+00
1.086263775825500488e+00
1.087644775708516365e+00
1.093560735384623284e+00
1.094441254933675056e+00
1.097630898157755608e+00
1.093735416730244880e+00
1.104880015055338616e+00
1.101126790046691895e+00
1.102377156416575188e+00
1.099573055903116936e+00
1.105852444966634041e+00
1.104328314463297600e+00
1.102161804835001702e+00
1.103869636853535896e+00
1.107380330562591553e+00
1.103577494621276855e+00
1.108016451199849373e+00
1.106230517228444343e+00
1.105612119038899666e+00
1.106793999671936035e+00
1.108471910158793206e+00
1.111906409263610840e+00
1.111045122146606445e+00
1.115332404772440666e+00
1.118940909703572517e+00
1.122557878494262695e+00
1.116592446962992424e+00
1.118969837824503655e+00
1.120810925960540771e+00
1.125111858050028557e+00
1.122536480426788330e+00
1.127129117647806877e+00
1.128615339597066169e+00
1.126688639322916741e+00
1.125012119611104255e+00
1.121918678283691406e+00
1.123579581578572517e+00
1.128658175468444824e+00
1.127666850884755378e+00
1.131289144357045418e+00
1.131235897541046143e+00
1.131026367346445793e+00
1.132064898808797127e+00
1.140453775723775154e+00
1.136834859848022461e+00
1.142789761225382561e+00
1.137052496274312263e+00
1.135491689046223884e+00
1.133108059565226311e+00
1.134471416473388672e+00
1.138876676559448242e+00
1.138351559638977051e+00
1.143992145856221443e+00
1.138357321421305413e+00
1.145457804203033447e+00
1.147408088048299080e+00
1.146063764890034919e+00
1.139735102653503418e+00
1.140721142292022705e+00
1.145652612050374275e+00
1.146488110224405998e+00
1.151276787122090584e+00
1.150678257147471184e+00
1.150123397509257073e+00
1.154373526573181152e+00
1.151382088661193848e+00
1.149738887945811028e+00
1.150937338670094734e+00
1.153791844844818115e+00
1.155622720718383789e+00
1.161333382129669189e+00
1.158704340457916260e+00
1.159102916717529297e+00
1.162814537684122795e+00
1.167256653308868408e+00
1.165026585261027092e+00
1.159151017665863037e+00
1.160097320874531990e+00
1.161409219106038337e+00
1.163754761219024658e+00
1.161010861396789551e+00
1.165844519933064705e+00
1.162400523821512932e+00
1.162415305773417229e+00
1.169944981733958000e+00
1.170577247937520271e+00
1.169834196567535400e+00
1.171275496482849121e+00
1.167357901732126946e+00
1.175185441970825195e+00
1.174066940943400139e+00
1.184320608774821038e+00
1.179543336232503181e+00
1.180281857649485344e+00
1.180454214413960701e+00
1.177495280901591057e+00
1.180764039357503181e+00
1.179020643234252930e+00
1.183449983596801758e+00
1.179624160130818611e+00
1.183601617813110352e+00
1.183506131172180176e+00
1.185467580954233879e+00
1.187455455462137932e+00
1.188470602035522461e+00
1.193561096986134773e+00
1.190412481625874763e+00
1.191943506399790520e+00
1.189826627572377449e+00
1.188980837663014656e+00
1.190526207288106209e+00
1.189595460891723633e+00
1.189091126124064202e+00
1.192245046297709221e+00
1.194812099138895745e+00
1.196663538614908928e+00
1.195374687512715584e+00
1.195652325948079353e+00
1.204283197720845466e+00
1.199519634246826172e+00
1.203606665134429932e+00
1.201588431994120354e+00
1.200330754121144539e+00
1.206140716870625740e+00
1.218311429023742676e+00
1.207736333211262947e+00
1.201414982477823967e+00
1.203363537788391113e+00
1.208108464876810784e+00
1.199895004431406731e+00
1.199691812197367424e+00
1.207074224948883057e+00
1.205835064252217537e+00
1.213050285975138420e+00
1.212452729543050056e+00
1.210394998391469246e+00
1.202169259389241462e+00
1.206556657950083489e+00
1.208110272884368896e+00
1.209444999694824219e+00
1.213453133900960212e+00
1.212204058965047127e+00
1.214717785517374748e+00
1.215955038865407234e+00
1.214434266090393066e+00
1.225338955720265632e+00
1.224212964375813728e+00
1.217608332633972168e+00
1.227889776229858398e+00
1.226518154144287109e+00
1.225601037343343025e+00
1.224817295869191414e+00
1.226191083590189690e+00
1.227793991565704346e+00
1.217914760112762451e+00
1.228600978851318359e+00
1.235196510950724358e+00
1.225672264893849617e+00
1.228468815485636467e+00
1.231520930926005120e+00
1.226125200589497810e+00
1.228031714757283455e+00
1.230532189210255867e+00
1.238961180051167732e+00
1.239135106404622322e+00
1.235179086526234871e+00
1.225097656250000000e+00
1.225030660629272461e+00
1.234795292218526130e+00
1.241735041141510010e+00
1.245716015497843498e+00
1.243004560470581055e+00
1.238659660021464104e+00
1.246479392051696777e+00
1.242710947990417480e+00
1.234757860501607185e+00
1.248756766319274902e+00
1.245420495669047112e+00
1.249582727750142341e+00
1.244134048620859856e+00
1.243814210096995110e+00
1.249721964200337654e+00
1.250906407833099365e+00
1.241839845975239998e+00
1.241495609283447266e+00
1.243001878261566162e+00
1.241360108057657952e+00
1.241423805554707771e+00
1.245368520418802971e+00
1.248913963635762459e+00
1.251504401365916008e+00
1.251892447471618652e+00
1.254996220270792717e+00
1.261574467023213630e+00
1.257200082143147712e+00
1.255610307057698494e+00
1.254537542661031013e+00
1.253234863281250000e+00
1.252211332321166992e+00
1.254957715670267815e+00
1.252748966217041016e+00
1.257154961427052742e+00
1.257362802823384529e+00
1.265229046344757080e+00
1.262001951535542732e+00
1.262272059917449951e+00
1.261526346206665039e+00
1.256442507108052498e+00
1.257826089859008789e+00
1.258198340733845955e+00
1.258557955423990959e+00
1.262886484464009529e+00
1.260877211888631111e+00
1.265064179897308350e+00
1.267606695493062263e+00
1.267935792605082268e+00
1.265717466672261482e+00
1.268171449502309089e+00
1.266959567864735847e+00
1.267199695110321045e+00
1.270446022351582771e+00
1.266149957974751716e+00
1.270292878150939941e+00
1.261999607086181641e+00
1.264502763748168945e+00
1.264170308907826668e+00
1.272836963335673088e+00
1.268388013044993157e+00
1.275461435317993164e+00
1.270574847857157463e+00
1.272788604100545173e+00
1.267079869906107659e+00
1.269014318784077888e+00
1.272451917330424065e+00
1.270510812600453621e+00
1.279031038284301758e+00
1.275409221649169922e+00
1.277760624885559082e+00
1.272515892982482910e+00
1.275740385055541992e+00
1.277538537979125977e+00
1.282084008057912117e+00
1.277238289515177483e+00
1.282588839530944824e+00
1.283764084180196052e+00
1.280949195226033455e+00
1.277859846750895256e+00
1.283226529757181877e+00
1.283563733100891113e+00
1.282435655593872070e+00
1.278361956278483147e+00
1.285809318224589104e+00
1.290969411532084221e+00
1.281655033429463630e+00
1.285286585489908928e+00
1.287356058756510491e+00
1.283542156219482422e+00
1.293121496836344475e+00
1.294563611348469978e+00
1.290914058685302734e+00
1.290639003117879158e+00
1.292477051417032952e+00
1.290305733680725098e+00
1.298024296760559082e+00
1.294360478719075447e+00
1.296046018600463867e+00
1.293722470601399666e+00
1.289041082064310784e+00
1.294387261072794670e+00
1.295491933822631836e+00
1.297419548034667969e+00
1.291192213694254631e+00
1.286240021387736077e+00
1.291052341461181641e+00
1.302988330523173088e+00
1.308028062184651619e+00
1.310268878936767578e+00
1.298444747924804688e+00
1.296232382456461663e+00
1.293640494346618652e+00
1.292803287506103516e+00
1.298689166704813713e+00
1.295099377632141113e+00
1.300498167673746819e+00
1.303830703099568611e+00
1.306153337160746331e+00
1.297948320706685310e+00
1.299859484036763435e+00
1.295614202817281013e+00
1.306573152542114258e+00
1.313332041104634529e+00
1.302946925163269043e+00
1.300046245257059807e+00
1.304088433583577400e+00
1.305847446123759026e+00
1.305909355481465584e+00
1.297202507654825920e+00
1.307151476542155022e+00
1.307512084643046135e+00
1.310058832168579102e+00
1.307094494501749748e+00
1.307664473851521736e+00
1.300351222356160408e+00
1.306593934694926018e+00
1.315871953964233398e+00
1.310686826705932617e+00
1.309265851974487305e+00
1.309927145640055413e+00
1.316689769426981682e+00
1.314719398816426521e+00
1.314303080240885491e+00
1.309107581774393791e+00
1.296821554501851326e+00
1.305544694264729744e+00
1.304591735204060798e+00
1.312395095825195312e+00
1.307248195012410408e+00
1.311687707901000977e+00
1.312415520350138420e+00
1.326896746953328377e+00
1.322282552719116211e+00
1.318313360214233398e+00
1.316041350364685059e+00
1.323715329170227051e+00
1.316919247309366936e+00
1.316443880399068123e+00
1.317347447077433342e+00
1.317377567291259766e+00
1.318330923716227288e+00
1.322376847267150879e+00
1.321498751640319824e+00
1.324617544809977288e+00
1.318388700485229492e+00
1.325727780659993416e+00
1.325130820274353027e+00
1.333579222361246819e+00
1.324627439181010002e+00
1.324356277783711677e+00
1.325591802597045898e+00
1.326768120129903084e+00
1.324326554934183831e+00
1.323065280914306641e+00
1.328737894694010491e+00
1.324850718180338616e+00
1.333787322044372559e+00
1.331599752108256096e+00
1.325119177500406975e+00
1.327672918637593513e+00
1.334656755129496331e+00
1.335186123847961426e+00
1.327129284540812248e+00
1.330749193827311272e+00
1.327196002006530762e+00
1.333052714665730720e+00
1.339199304580688477e+00
1.331954717636108398e+00
1.327827334403991699e+00
1.327881256739298577e+00
1.336937864621480232e+00
1.348651925722758049e+00
1.338115930557250977e+00
1.342760165532429939e+00
1.337044318517049080e+00
1.331951538721720452e+00
1.336950182914733887e+00
1.333401083946228027e+00
1.334823966026306152e+00
1.334730704625447517e+00
1.337877591451009041e+00
1.341121395428975349e+00
1.339488506317138672e+00
1.336218635241190666e+00
1.336406628290812248e+00
1.340897560119628906e+00
1.342459559440612793e+00
1.342473069826761956e+00
1.340812087059020996e+00
1.342919031778971428e+00
1.350399732589721680e+00
1.348432223002115959e+00
1.343255798021952385e+00
1.339222868283589607e+00
1.340701977411905998e+00
1.348467469215393066e+00
1.348083694775899177e+00
1.347129384676615471e+00
1.345898191134135002e+00
1.347733736038208008e+00
1.351306041081746345e+00
1.357154091199239021e+00
1.350506067276000977e+00
1.350186149279276604e+00
1.357570091883341545e+00
1.356779734293619866e+00
1.349306702613830566e+00
1.353527704874674553e+00
1.352943181991577148e+00
1.349957267443339104e+00
1.350162704785664802e+00
1.352235555648803711e+00
1.353882153828938728e+00
1.349497596422831291e+00
1.348946491877238030e+00
1.352187474568684822e+00
1.356762687365214104e+00
1.354149341583251953e+00
1.358037551244099861e+00
1.350662509600321526e+00
1.348435163497924805e+00
1.354355891545613533e+00
1.348395586013793945e+00
1.351692358652750725e+00
1.353879372278849358e+00
1.352246840794881111e+00
1.351973970731099373e+00
1.347449382146199470e+00
1.353662530581156487e+00
1.348986705144246345e+00
1.349265654881795173e+00
1.348880847295125252e+00
1.360484004020690918e+00
1.355911533037821526e+00
1.355454881985982185e+00
1.358529647191365486e+00
1.355997085571289062e+00
1.359143018722534180e+00
1.361692110697428459e+00
1.360216856002807617e+00
1.360243558883666992e+00
1.357839504877726311e+00
1.350382328033447266e+00
1.353412826855977302e+00
1.355409701665242439e+00
1.357923905054728264e+00
1.362007260322570801e+00
1.361617167790730720e+00
1.364729166030883789e+00
1.361657063166300530e+00
1.359442472457885742e+00
1.363760312398274666e+00
1.367607076962788826e+00
1.363512794176737541e+00
1.366133371988932366e+00
1.360064109166463142e+00
1.362922867139180427e+00
1.359079003334045410e+00
1.356790304183959961e+00
1.361106832822163826e+00
1.369690338770548577e+00
1.363514026006062752e+00
1.365037282307942634e+00
1.363746603329976326e+00
1.368405342102050781e+00
1.369555950164794922e+00
1.359738985697428459e+00
1.364857236544291252e+00
1.361134370168050056e+00
1.358556985855102539e+00
1.366603295008341545e+00
1.371049602826436287e+00
1.370061715443928962e+00
1.367765426635742188e+00
1.370690703392028809e+00
1.372564196586608887e+00
1.372339526812235588e+00
1.368283073107401604e+00
1.375071048736572266e+00
1.369712869326273674e+00
1.377132972081502205e+00
1.377343257268269783e+00
1.379442095756530762e+00
1.371206959088643318e+00
1.383711496988932366e+00
1.377840081850687737e+00
1.368641098340352302e+00
1.371339559555053711e+00
1.371893843015034919e+00
1.375654538472493416e+00
1.378172794977823967e+00
1.377980152765909905e+00
1.381062030792236328e+00
1.377330581347147698e+00
1.375439246495564705e+00
1.376631061236063713e+00
1.369717359542846680e+00
1.371757030487060547e+00
1.376258095105489021e+00
1.372815688451131111e+00
1.372220357259114509e+00
1.371856570243835449e+00
1.371805389722188240e+00
1.375814318656921387e+00
1.381476680437723870e+00
1.384136676788330078e+00
1.381931980450948005e+00
1.383159081141154045e+00
1.380582253138224358e+00
1.387635469436645508e+00
1.378984491030375237e+00
1.376319924990336174e+00
1.377930283546447754e+00
1.376930236816406250e+00
1.382449030876159668e+00
1.379982789357503181e+00
1.377123117446899414e+00
1.378351251284281487e+00
1.376536647478739495e+00
1.373890717824300056e+00
1.387645045916239495e+00
1.384176691373189216e+00
1.376541455586751228e+00
1.383560617764790779e+00
1.382906277974446541e+00
1.379290620485941643e+00
1.380140622456868416e+00
1.380704085032145256e+00
1.378424445788065666e+00
1.382300059000651116e+00
1.389189163843790764e+00
1.396168510119120354e+00
1.385681629180908203e+00
1.380180954933166504e+00
1.383468071619669670e+00
1.376994967460632324e+00
1.376058260599772209e+00
1.379558404286702400e+00
1.395391345024108887e+00
1.400084575017293220e+00
1.396431605021158928e+00
1.386046687761942620e+00
1.380228718121846443e+00
1.388905207316080803e+00
1.395285169283549065e+00
1.383184552192687988e+00
1.383929451306660896e+00
1.398798505465189690e+00
1.386833826700846428e+00
1.390753746032714844e+00
1.390511155128479004e+00
1.386353333791096931e+00
1.394334594408671135e+00
1.399001161257426018e+00
1.402142961819966560e+00
1.391851902008056641e+00
1.389435251553853279e+00
1.388960440953572517e+00
1.395614862442016602e+00
1.388450662295023674e+00
1.388155698776245117e+00
1.393278439839680916e+00
1.385781844456990486e+00
1.382375836372375488e+00
1.392449776331583733e+00
1.393963893254597908e+00
1.393044432004292732e+00
1.392224073410034180e+00
1.392883936564127678e+00
1.394847114880879646e+00
1.400538047154744392e+00
1.393135627110799080e+00
1.388830025990803962e+00
1.401778499285380120e+00
1.400141080220540291e+00
1.397483150164286370e+00
1.391929546991984123e+00
1.395502090454101562e+00
1.394266287485758538e+00
1.401426037152608162e+00
1.413749019304911370e+00
1.413945515950520759e+00
1.412974715232849121e+00
1.397710800170898438e+00
1.404055873552958245e+00
1.401109814643859863e+00
1.401927153269449944e+00
1.402070800463358635e+00
1.403651316960652595e+00
1.397310177485148186e+00
1.390729069709777832e+00
1.402869502703348870e+00
1.402873635292053223e+00
1.403839906056721931e+00
1.402010281880696541e+00
1.403222203254699707e+00
1.399730761845906502e+00
1.404095570246378655e+00
1.407278458277384514e+00
1.391203562418619866e+00
1.393053054809570312e+00
1.400799830754597908e+00
1.397915601730346680e+00
1.402135888735453362e+00
1.402724663416544670e+00
1.393747687339782715e+00
1.397925496101379395e+00
1.399271686871846443e+00
1.402060826619466072e+00
1.413416862487792969e+00
1.409091075261433845e+00
1.400760054588317871e+00
1.400738875071207756e+00
1.404715617497761970e+00
1.399782101313273186e+00
1.406329234441121345e+00
1.393717805544535393e+00
1.396889249483744377e+00
1.403194824854532952e+00
1.408370574315388923e+00
1.407789985338846916e+00
1.407320777575175041e+00
1.404575387636820549e+00
1.411350409189860100e+00
1.400318463643391853e+00
1.400502999623616462e+00
1.409107685089111328e+00
1.406166553497314453e+00
1.406389633814493889e+00
1.406482021013895745e+00
1.401504993438720703e+00
1.407120784123738533e+00
1.397716840108235603e+00
1.404147903124491448e+00
1.407037854194641113e+00
1.405607620875040764e+00
1.406843622525532966e+00
1.408528010050455803e+00
1.401345690091450935e+00
1.412550052007039314e+00
1.408269564310709709e+00
1.413015762964884514e+00
1.410302758216857910e+00
1.401233315467834473e+00
1.408741354942321777e+00
1.406018257141113281e+00
1.407549579938252693e+00
1.408039689064025879e+00
1.408240358034769768e+00
1.414504965146382576e+00
1.414688905080159431e+00
1.413286566734313965e+00
1.409830808639526367e+00
1.409503658612569099e+00
1.410096645355224609e+00
1.409391562143961663e+00
1.416224280993143791e+00
1.420173645019531250e+00
1.412871281305948967e+00
1.414562066396077400e+00
1.411724368731180901e+00
1.418089906374613518e+00
1.417572577794392830e+00
1.414168596267700195e+00
1.411094268163045173e+00
1.410518646240234375e+00
1.416655937830607170e+00
1.422012925148010254e+00
1.415793339411417717e+00
1.410991430282592773e+00
1.409107446670532227e+00
1.410262624422709221e+00
1.410770495732625252e+00
1.405166904131571526e+00
1.418614427248636956e+00
1.419075926144917732e+00
1.417191942532857185e+00
1.417862256368001228e+00
1.420665184656779045e+00
1.415435989697774177e+00
1.415576696395874023e+00
1.417271018028259277e+00
1.415028810501098633e+00
1.415696740150451660e+00
1.413284381230672127e+00
1.414821505546569824e+00
1.403113206227620369e+00
1.408561229705810547e+00
1.411077459653218513e+00
1.420308391253153557e+00
1.409237702687581306e+00
1.416219870249430413e+00
1.420875310897827148e+00
1.419387499491373772e+00
1.417885422706604004e+00
1.414800008138020759e+00
1.418204387029011970e+00
1.412466883659362793e+00
1.418533722559611077e+00
1.413572510083516365e+00
1.417711814244588142e+00
1.421577254931132073e+00
1.425846457481384277e+00
1.420849879582722908e+00
1.415652235349019294e+00
1.408713499704996819e+00
1.416690627733866448e+00
1.417461315790812248e+00
1.423700014750162834e+00
1.413602709770202637e+00
1.427449584007263184e+00
1.416867216428120857e+00
1.415960152943928962e+00
1.409439961115519280e+00
1.416267792383829827e+00
1.419438441594441658e+00
1.418270985285441155e+00
1.418602029482523674e+00
1.418927907943725586e+00
1.418262124061584473e+00
1.415784796078999763e+00
1.424457430839538574e+00
1.419430494308471680e+00
1.421033263206481934e+00
1.422466913859049553e+00
1.415766795476277595e+00
1.413951873779296875e+00
1.416506528854370117e+00
1.415705919265747070e+00
1.426474730173746819e+00
1.422842343648274666e+00
1.422088503837585449e+00
1.413206060727437263e+00
1.416785399119059319e+00
1.415259043375651116e+00
1.413923144340515137e+00
1.423277298609415764e+00
1.418940067291259766e+00
1.420396010080973381e+00
1.420763691266377693e+00
1.419038057327270508e+00
1.416494051615397209e+00
1.418818076451619392e+00
1.417482535044352288e+00
1.423829078674316406e+00
1.418847918510437012e+00
1.409604509671529060e+00
1.419256250063578362e+00
1.424238642056782966e+00
1.424214601516723633e+00
1.421688477198282952e+00
1.415542840957641602e+00
1.411733428637186760e+00
1.413509368896484375e+00
1.419863859812418694e+00
1.417614181836446052e+00
1.419038812319437737e+00
1.418419281641642327e+00
1.419148524602254158e+00
1.421132882436116462e+00
1.419597188631693596e+00
1.418679594993591309e+00
1.418402075767517090e+00
1.428999582926432366e+00
1.421374042828877693e+00
1.421829263369242424e+00
1.425112128257751465e+00
1.423020402590433831e+00
1.423459887504577637e+00
1.422080516815185547e+00
1.417158683141072517e+00
1.411456545193989998e+00
1.423182845115661621e+00
1.427680253982543945e+00
1.424568374951680427e+00
1.428141077359517341e+00
1.427958289782206291e+00
1.428333322207133049e+00
1.428626418113708496e+00
1.426886200904846191e+00
1.432599703470865959e+00
1.426684339841206794e+00
1.428777654965718513e+00
1.424032449722290039e+00
1.418105006217956543e+00
1.422558228174845452e+00
1.428775906562805176e+00
1.427003383636474609e+00
1.434184273084004646e+00
1.422806580861409431e+00
1.423211455345153809e+00
1.430802027384440178e+00
1.426835536956787109e+00
1.425503253936767578e+00
1.424073616663614983e+00
1.423671642939249748e+00
1.417978207270304436e+00
1.423582832018534416e+00
1.424133698145548577e+00
1.418108940124511719e+00
1.425142725308736091e+00
1.427000204722086663e+00
1.425163467725117927e+00
1.425133903821309334e+00
1.427776575088500977e+00
1.421947956085205078e+00
1.424476663271586174e+00
1.424191474914550781e+00
1.420102198918660408e+00
1.421947558720906502e+00
1.433238863945007324e+00
1.425266146659851074e+00
1.423820575078328377e+00
1.421669960021972656e+00
1.417328278223673577e+00
1.421403725941975837e+00
1.417983492215474373e+00
1.431491891543070549e+00
1.421641270319620842e+00
1.423076113065083748e+00
1.422678867975870842e+00
1.424890319506327385e+00
1.422055602073669434e+00
1.421430150667826409e+00
1.424931128819783455e+00
1.426873763402302986e+00
1.432602882385253906e+00
1.424217780431111580e+00
1.421476761500040764e+00
1.411305507024129158e+00
1.417611678441365486e+00
1.423910180727640862e+00
1.436454176902770996e+00
1.423009355862935310e+00
1.428345203399658203e+00
1.423684954643249512e+00
1.419053117434183831e+00
1.424378275871276855e+00
1.429646889368693108e+00
1.423734029134114509e+00
1.432004968325297112e+00
1.431860804557800293e+00
1.426338911056518555e+00
1.416925032933552986e+00
1.424170494079589844e+00
1.430341243743896484e+00
1.421542127927144294e+00
1.416957100232442146e+00
1.422947565714518303e+00
1.430350224177042717e+00
1.423217376073201423e+00
1.422770142555236816e+00
1.425581137339274163e+00
1.426329374313354492e+00
1.420211235682169670e+00
1.422252853711446052e+00
1.423266847928364998e+00
1.426044146219889397e+00
1.418490171432495117e+00
1.420129736264546638e+00
1.421312967936197991e+00
1.426861246426900154e+00
1.419635097185770745e+00
1.424859364827473884e+00
1.423822601636250740e+00
1.419995824495951409e+00
1.422330061594645256e+00
1.420867721239725823e+00
1.426299969355265373e+00
1.427511692047119141e+00
1.425202449162801033e+00
1.426253716150919670e+00
1.425100564956665039e+00
1.432446002960205078e+00
1.423560778299967522e+00
1.426377813021342034e+00
1.424051761627197266e+00
1.429680506388346428e+00
1.420556584993998284e+00
1.420142809549967522e+00
1.422949790954589844e+00
1.421717484792073494e+00
1.422444184621175056e+00
1.426294525464375740e+00
1.421141544977823967e+00
1.421463569005330330e+00
1.421345194180806404e+00
1.431491216023762947e+00
1.423879067103068108e+00
1.417354186375935798e+00
1.425705234209696526e+00
1.422788500785827637e+00
1.422052105267842537e+00
1.430072426795959473e+00
1.431795517603556389e+00
1.427632927894592285e+00
1.429762482643127441e+00
1.421002984046936035e+00
1.428454677263895745e+00
1.431564490000406975e+00
1.422745704650878906e+00
1.424767772356669182e+00
1.430878082911173577e+00
1.420463800430297852e+00
1.427557508150736565e+00
1.423897862434387207e+00
1.432446122169494629e+00
1.432986338933308845e+00
1.430269002914428711e+00
1.428059418996175056e+00
1.424652775128682380e+00
1.426109035809834724e+00
1.435478647549947029e+00
1.436694741249084473e+00
1.429596503575642830e+00
1.429084897041320801e+00
1.423555493354797363e+00
1.426590919494628906e+00
1.431790312131245857e+00
1.427100459734598870e+00
1.427906115849812752e+00
1.425128499666849846e+00
1.417993187904357910e+00
1.422077735265095955e+00
1.423248648643493652e+00
1.427146315574645996e+00
1.420497059822082520e+00
1.423008481661478752e+00
1.424148042996724373e+00
1.424080451329549080e+00
1.423997640609741211e+00
1.428572972615559822e+00
1.427530368169148689e+00
1.419088045756022209e+00
1.422575513521830315e+00
1.429027597109476799e+00
1.429708917935689216e+00
1.434655388196309334e+00
1.428664763768513923e+00
1.434948563575744629e+00
1.431348562240600586e+00
1.431419134140014648e+00
1.434701879819234138e+00
1.428143183390299553e+00
1.428611397743225098e+00
1.428312381108601814e+00
1.424525856971740723e+00
1.428948084513346428e+00
1.425360401471455818e+00
1.423144499460856194e+00
1.430762887001037598e+00
1.432285428047180176e+00
1.430302500724792480e+00
1.424943288167317634e+00
1.428688804308573479e+00
1.429990688959757561e+00
1.426634669303894043e+00
1.426051616668701172e+00
1.427950739860534668e+00
1.425228635470072502e+00
1.427203615506489998e+00
1.422427336374918694e+00
1.428396860758463616e+00
1.425025264422098870e+00
1.431721846262614006e+00
1.443803946177164788e+00
1.434331893920898438e+00
1.437954902648925781e+00
1.430007259051005120e+00
1.427942673365275139e+00
1.436770876248677498e+00
1.428320129712422615e+00
1.431692401568094963e+00
1.429191072781880623e+00
1.429242769877115959e+00
1.435060103734334236e+00
1.433416565259297615e+00
1.430643280347188240e+00
1.429958581924438477e+00
1.429831306139628166e+00
1.429623007774353027e+00
1.434876918792724609e+00
1.432173649470011467e+00
1.438470721244812012e+00
1.433492898941040039e+00
1.431588053703308105e+00
1.434887925783793206e+00
1.430040558179219490e+00
1.438839673995971680e+00
1.431789914766947502e+00
1.436705152193705315e+00
1.431912064552307129e+00
1.437386631965637207e+00
1.440121610959370857e+00
1.440885663032531738e+00
1.439637382825215584e+00
1.436279257138570076e+00
1.436878561973571777e+00
1.441378116607666016e+00
1.444289724032084221e+00
1.443456093470255608e+00
1.433492620786031013e+00
1.430420478185017830e+00
1.424708684285481697e+00
1.433196028073628669e+00
1.435898264249165779e+00
1.435712734858195061e+00
1.438630859057108635e+00
1.434074799219767327e+00
1.434985796610514397e+00
1.440684119860331291e+00
1.441246787707010979e+00
1.442340493202209473e+00
1.434122482935587639e+00
1.436247905095418220e+00
1.436585783958435059e+00
1.436314662297566658e+00
1.445812940597534180e+00
1.441266338030497307e+00
1.448115825653076172e+00
1.442920128504435295e+00
1.448003570238749260e+00
1.443970839182535881e+00
1.436983505884806389e+00
1.438060760498046875e+00
1.434851527214050293e+00
1.440235296885172600e+00
1.448334296544392830e+00
1.445099711418151855e+00
1.444683074951171875e+00
1.451803406079610115e+00
1.446691751480102539e+00
1.450367649396260505e+00
1.450179815292358398e+00
1.448733329772949219e+00
1.448309302330017090e+00
1.446211179097493416e+00
1.446064511934916252e+00
1.444477915763854980e+00
1.445496161778767830e+00
1.445461630821228027e+00
1.445713480313618904e+00
1.443355560302734375e+00
1.444452126820882087e+00
1.445894002914428711e+00
1.442785143852233887e+00
1.448572317759196038e+00
1.445463418960571289e+00
1.451902786890665764e+00
1.444176038106282478e+00
1.442734678586323982e+00
1.445451537768046135e+00
1.455758213996887207e+00
1.447719653447469002e+00
1.450594226519266838e+00
1.449776609738667732e+00
1.448357899983723884e+00
1.451222221056620354e+00
1.448823293050130134e+00
1.448645432790120369e+00
1.448562026023864746e+00
1.452672481536865234e+00
1.454791943232218498e+00
1.454831361770629883e+00
1.460531632105509514e+00
1.456629554430643791e+00
1.454738656679789299e+00
1.452939033508300781e+00
1.454395135243733650e+00
1.457551757494608635e+00
1.464534004529317146e+00
1.461768428484598870e+00
1.459855437278747559e+00
1.462963819503784180e+00
1.453661322593688965e+00
1.460900187492370605e+00
1.464028437932332283e+00
1.464197436968485588e+00
1.457281589508056641e+00
1.455548524856567383e+00
1.457889477411905998e+00
1.462143500645955330e+00
1.466876188913981194e+00
1.464491844177246094e+00
1.466121276219685798e+00
1.455897609392801995e+00
1.457763115564982170e+00
1.458639740943908691e+00
1.463317990303039551e+00
1.462298154830932617e+00
1.465046882629394531e+00
1.469140211741129631e+00
1.468811750411987305e+00
1.464648167292277092e+00
1.471362193425496345e+00
1.477385958035786873e+00
1.489495793978373284e+00
1.478698094685872322e+00
1.480259974797566658e+00
1.477019389470418220e+00
1.473033388455708748e+00
1.475915114084879631e+00
1.476128975550333733e+00
1.478301286697387695e+00
1.478866616884867424e+00
1.471893668174743652e+00
1.470090905825297112e+00
1.476534167925516838e+00
1.486944357554117913e+00
1.476431369781494141e+00
1.476337631543477302e+00
1.483565489451090569e+00
1.481706460316975837e+00
1.477764725685119629e+00
1.481169978777567620e+00
1.477147459983825684e+00
1.488495190938313728e+00
1.490911642710367913e+00
1.489362080891927009e+00
1.486817002296447754e+00
1.485659797986348396e+00
1.485850969950358147e+00
1.489251494407653809e+00
1.485521078109741211e+00
1.486969629923502678e+00
1.490429719289143806e+00
1.495002865791320801e+00
1.506129145622253418e+00
1.503329793612162346e+00
1.492198268572489495e+00
1.491546829541524177e+00
1.494561632474263435e+00
1.497254808743794685e+00
1.499595880508422852e+00
1.494126836458842034e+00
1.496062199274698967e+00
1.494202574094136482e+00
1.500179529190063477e+00
1.497517426808675056e+00
1.497686624526977539e+00
1.500148495038350349e+00
1.491898934046427483e+00
1.493180831273396736e+00
1.496916373570760017e+00
1.501038312911987305e+00
1.499910751978556389e+00
1.495314081509907966e+00
1.504159927368164062e+00
1.505999525388081794e+00
1.508792638778686523e+00
1.505310098330179924e+00
1.510976870854695564e+00
1.512312571207682366e+00
1.506269693374633789e+00
1.506898125012715584e+00
1.511551936467488533e+00
1.512487888336181641e+00
1.519686738650004143e+00
1.524326165517171150e+00
1.520402630170186287e+00
1.505289793014526367e+00
1.512155135472615486e+00
1.513352314631144280e+00
1.522448420524597168e+00
1.508483091990153069e+00
1.516546130180358887e+00
1.518653114636739021e+00
1.512180765469868904e+00
1.511185050010681152e+00
1.520160992940266853e+00
1.522449135780334473e+00
1.527962128321329827e+00
1.526712099711100334e+00
1.523211717605590820e+00
1.526003559430440193e+00
1.526108821233113533e+00
1.522531469662984138e+00
1.537981629371643066e+00
1.528120120366414314e+00
1.522502342859904045e+00
1.525780081748962402e+00
1.515234231948852539e+00
1.525100549062093025e+00
1.528957645098368401e+00
1.519455115000406975e+00
1.543075998624165779e+00
1.541085561116536384e+00
1.535812854766845703e+00
1.531957586606343513e+00
1.541983087857564216e+00
1.544075647989908928e+00
1.547664125760396248e+00
1.545300920804341560e+00
1.555867592493693108e+00
1.553338050842285156e+00
1.552456895510355706e+00
1.549251993497212654e+00
1.540851513544718498e+00
1.535056670506795173e+00
1.548843065897623772e+00
1.543628573417663574e+00
1.546233971913655525e+00
1.560746749242146736e+00
1.543151934941609627e+00
1.548966725667317634e+00
1.547939300537109375e+00
1.542937556902567620e+00
1.548932194709777832e+00
1.550155957539876228e+00
1.540442506472269768e+00
1.545321265856425041e+00
1.548212528228759766e+00
1.554782668749491448e+00
1.551376740137736077e+00
1.556229233741760254e+00
1.556096275647481209e+00
1.573726216952006096e+00
1.580795685450236077e+00
1.567126592000325447e+00
1.561623533566792732e+00
1.560059944788614983e+00
1.567122260729471916e+00
1.563587903976440430e+00
1.556167801221211677e+00
1.561503450075785393e+00
1.569305936495463127e+00
1.556196649869282966e+00
1.555622975031534905e+00
1.563892642656962151e+00
1.572922945022583008e+00
1.577736179033915276e+00
1.570283055305480957e+00
1.569571574529011970e+00
1.576980193456013923e+00
1.583988666534423828e+00
1.578018506368001228e+00
1.570573727289835686e+00
1.559091409047444587e+00
1.569897651672363281e+00
1.581013758977254158e+00
1.580640753110249763e+00
1.576688925425211663e+00
1.583611289660135979e+00
1.584989984830220466e+00
1.591613332430521721e+00
1.588611125946044922e+00
1.579655925432841057e+00
1.586604595184326172e+00
1.588426788647969490e+00
1.605176130930582756e+00
1.595804413159688240e+00
1.601301630338032966e+00
1.608022371927897209e+00
1.610323071479797363e+00
1.608512679735819573e+00
1.612032492955525642e+00
1.600522279739379883e+00
1.599203030268351311e+00
1.608209530512491936e+00
1.603138327598571777e+00
1.598173936208089119e+00
1.601753632227579827e+00
1.609293301900227791e+00
1.629788398742675781e+00
1.609716574350992913e+00
1.609385689099629646e+00
1.606259465217590332e+00
1.619025945663452148e+00
1.621932864189147949e+00
1.614726106325785393e+00
1.599121173222859627e+00
1.607333660125732422e+00
1.621729413668314690e+00
1.622066736221313477e+00
1.628367026646931892e+00
1.622352043787638420e+00
1.620981733004252190e+00
1.621055523554484123e+00
1.598808089892069573e+00
1.610266168912251716e+00
1.614317576090494866e+00
1.620852430661519294e+00
1.610820810000101799e+00
1.622416933377583748e+00
1.621741890907287598e+00
1.627265373865763420e+00
1.622767289479573494e+00
1.619599223136901855e+00
1.621234854062398201e+00
1.622874220212300544e+00
1.625513990720113044e+00
1.623184045155843025e+00
1.629372119903564453e+00
1.628262877464294434e+00
1.629180113474528069e+00
1.616128444671630859e+00
1.641812801361083984e+00
1.642046451568603516e+00
1.628799239794413323e+00
1.622610648473103767e+00
1.631421089172363281e+00
1.630881667137145996e+00
1.634883483250935798e+00
1.646172761917114258e+00
1.644012411435445076e+00
1.650463461875915527e+00
1.645771265029907227e+00
1.650446852048238044e+00
1.653685331344604492e+00
1.646643201510111565e+00
1.653602321942647224e+00
1.655149261156718010e+00
1.648224790891011482e+00
1.653157075246175056e+00
1.646087964375813728e+00
1.651968081792195564e+00
1.647255897521972656e+00
1.652404069900512695e+00
1.652407010396321541e+00
1.644977053006489998e+00
1.659428238868713379e+00
1.650002201398213630e+00
1.651381413141886467e+00
1.651476144790649414e+00
1.657321413358052498e+00
1.650446852048238044e+00
1.647654970486958748e+00
1.651885112126668220e+00
1.656948566436767578e+00
1.658435861269633049e+00
1.655223369598388672e+00
1.649902264277140373e+00
1.647083719571431404e+00
1.660484631856282478e+00
1.663290023803710938e+00
1.655984481175740486e+00
1.663680950800577873e+00
1.661181211471557617e+00
1.668180227279663086e+00
1.668657660484313965e+00
1.669065634409586663e+00
1.670150756835937500e+00
1.674962520599365234e+00
1.651808818181355720e+00
1.641574144363403320e+00
1.666367491086323982e+00
1.672174255053202385e+00
1.669457594553629631e+00
1.673668980598449707e+00
1.676735917727152581e+00
1.681341171264648438e+00
1.679781158765156990e+00
1.670374711354573494e+00
1.675518472989400154e+00
1.678226153055826897e+00
1.683742880821228027e+00
1.679539601008097405e+00
1.695161461830139160e+00
1.688496510187784905e+00
1.673859477043151855e+00
1.674745957056681389e+00
1.671813925107320076e+00
1.671143015225728279e+00
1.668962597846984863e+00
1.681508700052897209e+00
1.680920163790385002e+00
1.693940560022989983e+00
1.675727009773254395e+00
1.706509510676066155e+00
1.716158787409464592e+00
1.685011506080627441e+00
1.718446095784505134e+00
1.725684165954589844e+00
6.856482982635498047e+00
1.289402739206949811e+01
8.485103607177734375e+00
6.433586120605468750e+00
5.607247988382975556e+00
5.231903553009033203e+00
4.967002391815185547e+00
4.832068761189778350e+00
4.689941247304280303e+00
4.540937105814616181e+00
4.390767574310302734e+00
4.245160420735676787e+00
4.085069179534912109e+00
3.921753088633219253e+00
3.772010644276936997e+00
3.638510465621948242e+00
3.466306527455647934e+00
3.299762725830078125e+00
3.139346520105997573e+00
2.979105552037557114e+00
2.846972147623697769e+00
2.712008317311604966e+00
2.603506247202555191e+00
2.513034741083780776e+00
2.415236552556355942e+00
2.321831345558166504e+00
2.243017554283142090e+00
2.156276742617289077e+00
2.086300134658813477e+00
2.023634115854898941e+00
1.957217534383137947e+00
1.908443927764892578e+00
1.858416875203450447e+00
1.820389389991760254e+00
1.778349836667378669e+00
1.729510068893432617e+00
1.679860472679138184e+00
1.633229732513427734e+00
1.607551534970601326e+00
1.573552052179972405e+00
1.542429089546203613e+00
1.511450688044230217e+00
1.491865078608195061e+00
1.467899719874064202e+00
1.447002609570821052e+00
1.418157259623209709e+00
1.403337319691975837e+00
1.381708065668741936e+00
1.368504683176676506e+00
1.335616310437520271e+00
1.332318703333536858e+00
1.313344120979309082e+00
1.293610175450642830e+00
1.274431347846984863e+00
1.259727080663045173e+00
1.242131471633911133e+00
1.238223473230997795e+00
1.214859684308369880e+00
1.191575924555460686e+00
1.182089805603027344e+00
1.176012635231018066e+00
1.157455643018086677e+00
1.139282941818237305e+00
1.131261746088663811e+00
1.110266526540120369e+00
1.102197746435801262e+00
1.088393370310465569e+00
1.077952106793721443e+00
1.065469423929850334e+00
1.055162648359934563e+00
1.035123904546101814e+00
1.032253185907999748e+00
1.018126964569091797e+00
1.002247611681620354e+00
9.913790424664815637e-01
9.826265573501586914e-01
9.778167009353637695e-01
9.680112799008687707e-01
9.560811718304952356e-01
9.393157561620076867e-01
9.286996126174926758e-01
9.159184892972310754e-01
9.131080110867818567e-01
9.067923625310262414e-01
8.945666948954263953e-01
8.867207169532775879e-01
8.751088778177896765e-01
8.734230399131774902e-01
8.610727389653524133e-01
8.523102204004923133e-01
8.506619930267333984e-01
8.418825666109720496e-01
8.283980886141458777e-01
8.203828930854797363e-01
8.077294429143270227e-01
8.063777486483255652e-01
8.084974884986877441e-01
8.044679760932922363e-01
7.922875682512918738e-01
7.818560798962911340e-01
7.797429362932840613e-01
7.747002045313516883e-01
7.675855755805969238e-01
7.591341733932495117e-01
7.544070482254028320e-01
7.492662668228149414e-01
7.492838104565938684e-01
7.347713112831115723e-01
7.354274193445841101e-01
7.347751657168070105e-01
7.342403928438822058e-01
7.277632554372152063e-01
7.219413916269937781e-01
7.274355491002401086e-01
7.182934880256652832e-01
7.163560986518859863e-01
7.075684666633605957e-01
7.063591877619425086e-01
7.043717702229818078e-01
7.020121614138284949e-01
6.926415959993997840e-01
6.941239635149637488e-01
6.866230765978494910e-01
6.958418091138204309e-01
6.843111713727315637e-01
6.837583581606546668e-01
6.868571440378824500e-01
6.801854372024536133e-01
6.771247784296671179e-01
6.841089129447937012e-01
6.809369325637817383e-01
6.726942261060079309e-01
6.640108227729797363e-01
6.650179227193196985e-01
6.658500432968139648e-01
6.681231061617532996e-01
6.634256045023599890e-01
6.635723908742269250e-01
6.603123744328817102e-01
6.586171189943949011e-01
6.477701862653096887e-01
6.488964160283406946e-01
6.552980939547220496e-01
6.566730737686157227e-01
6.568281650543212891e-01
6.549357771873474121e-01
6.495285034179687500e-01
6.538426876068115234e-01
6.440990567207336426e-01
6.457767287890116004e-01
6.468551556269327429e-01
6.412341396013895300e-01
6.430086294809976843e-01
6.469623843828836707e-01
6.430860161781311035e-01
6.417205532391866418e-01
6.333130399386087683e-01
6.374037067095438269e-01
6.374013821283975867e-01
6.479487220446268347e-01
6.466352144877115515e-01
6.494228839874267578e-01
6.437586148579915735e-01
6.397977272669473914e-01
6.374718348185220984e-01
6.389630635579427453e-01
6.372713247934976843e-01
6.347136894861856726e-01
6.276672283808389929e-01
6.340516408284505578e-01
6.288429896036783484e-01
6.284793416659036902e-01
6.332693497339884070e-01
6.366399129231771203e-01
6.333967447280883789e-01
6.313319802284240723e-01
6.312353014945983887e-01
6.304673353830972937e-01
6.315177083015441895e-01
6.281993190447489050e-01
6.238345106442769739e-01
6.233734289805094031e-01
6.263389587402343750e-01
6.285346349080404016e-01
6.316257119178771973e-01
6.274082461992899207e-01
6.253742178281148645e-01
6.273692647616068152e-01
6.309027671813964844e-01
6.298856536547342566e-01
6.310206055641174316e-01
6.312327583630880090e-01
6.361566185951232910e-01
6.357414523760477332e-01
6.322735945383707312e-01
6.255489587783813477e-01
6.287414828936258582e-01
6.318747997283935547e-01
6.343832810719808313e-01
6.352880795796712610e-01
6.318031946818033484e-01
6.286871234575907019e-01
6.288231015205383301e-01
6.282632350921630859e-01
6.253749132156372070e-01
6.321317752202352258e-01
6.413326660792032508e-01
6.325471003850301477e-01
6.362998088200887414e-01
6.328658461570739746e-01
6.357724865277608606e-01
6.330112814903259277e-01
6.403963565826416016e-01
6.366318464279174805e-01
6.345878839492797852e-01
6.339126030604044226e-01
6.374912460645040246e-01
6.430095434188842773e-01
6.384278138478597375e-01
6.373669505119323730e-01
6.359876592954000207e-01
6.428862810134887695e-01
6.427567799886068078e-01
6.422647237777709961e-01
6.452847520510355261e-01
6.473141709963480261e-01
6.476202607154846191e-01
6.475112040837606164e-01
6.487552126248677942e-01
6.524147987365722656e-01
6.564110716183980676e-01
6.593261361122131348e-01
6.509751478830972937e-01
6.490105589230855676e-01
6.485673189163208008e-01
6.601495345433553430e-01
6.564773122469583777e-01
6.646588047345479700e-01
6.636905868848165246e-01
6.571462750434875488e-01
6.635057926177978516e-01
6.648988326390584680e-01
6.635593970616658899e-01
6.655786236127217981e-01
6.709204316139221191e-01
6.710121432940164832e-01
6.701680620511373254e-01
6.703331470489501953e-01
6.682152350743612024e-01
6.690495808919271203e-01
6.683987577756246301e-01
6.745826403299967078e-01
6.680568059285482141e-01
6.705177625020345422e-01
6.773616870244344446e-01
6.841515898704528809e-01
6.874671975771585730e-01
6.900595029195150110e-01
6.883063713709512976e-01
6.970861951510111121e-01
6.907326380411783484e-01
6.945865154266357422e-01
6.906433304150899621e-01
6.897191603978475305e-01
6.929898460706075403e-01
6.948976119359334680e-01
6.935993432998657227e-01
6.973327994346618652e-01
7.026746273040771484e-01
7.014723420143127441e-01
7.059184312820434570e-01
7.112449804941812781e-01
7.100772857666015625e-01
7.170856992403665808e-01
7.181707024574279785e-01
7.161439855893453332e-01
7.160761356353759766e-01
7.273386716842651367e-01
7.262595097223917273e-01
7.253327568372091028e-01
7.240441044171651575e-01
7.325053215026855469e-01
7.234367330869039270e-01
7.332566976547241211e-01
7.314866781234741211e-01
7.398451368014017371e-01
7.412689725557962683e-01
7.435251077016195032e-01
7.454100251197814941e-01
7.481920321782430383e-01
7.504332065582275391e-01
7.439673741658529016e-01
7.480686902999877930e-01
7.459365526835123328e-01
7.471523284912109375e-01
7.607138156890869141e-01
7.635379433631896973e-01
7.668769955635070801e-01
7.587272127469381067e-01
7.653809984525045129e-01
7.648319602012634277e-01
7.725532650947570801e-01
7.738082210222879675e-01
7.749597231547037390e-01
7.794456879297891883e-01
7.824043830235799524e-01
7.820801337560018274e-01
7.853143413861592981e-01
7.909713784853616980e-01
7.958580652872720984e-01
8.000558416048685340e-01
7.990480462710062293e-01
7.988213499387105676e-01
8.029794096946716309e-01
7.980868816375732422e-01
8.013844887415567664e-01
8.037839333216348914e-01
8.128124276796976355e-01
8.169596592585245398e-01
8.074177304903665808e-01
8.150747815767923621e-01
8.193645874659220008e-01
8.264721433321634558e-01
8.165572086970011023e-01
8.225281834602355957e-01
8.181926806767781946e-01
8.314911325772603723e-01
8.283273577690124512e-01
8.356525897979736328e-01
8.442180554072061804e-01
8.365602493286132812e-01
8.290000160535176965e-01
8.360375563303629187e-01
8.469091653823852539e-01
8.483460148175557825e-01
8.559630314509073523e-01
8.481023907661437988e-01
8.546663324038187293e-01
8.482442299524942664e-01
8.587123950322469446e-01
8.602354725201925012e-01
8.616230885187784461e-01
8.560627500216165808e-01
8.694345355033874512e-01
8.655970692634582520e-01
8.675605456034342078e-01
8.696214954058328894e-01
8.708762923876444129e-01
8.719709316889444617e-01
8.822941184043884277e-01
8.801831007003784180e-01
8.801988760630289343e-01
8.772768775622049597e-01
8.830481568972269324e-01
8.841022451718648645e-01
8.890116413434346887e-01
8.932437499364217492e-01
8.989767630894979211e-01
8.907133340835571289e-01
8.936871290206909180e-01
8.967436353365579871e-01
8.999920288721720008e-01
8.982639511426290246e-01
8.958684007326761511e-01
9.023458560307821008e-01
8.994487325350443152e-01
9.025212128957113000e-01
9.038581053415933875e-01
9.046438932418823242e-01
9.142584800720214844e-01
9.129266738891601562e-01
9.162237246831258508e-01
9.228271444638570520e-01
9.304615457852681848e-01
9.181715448697408410e-01
9.256209731101989746e-01
9.286079605420430871e-01
9.336632688840230676e-01
9.330404400825500488e-01
9.252397616704305383e-01
9.289867480595906946e-01
9.325357278188070032e-01
9.337398012479146692e-01
9.354101419448852539e-01
9.365461270014444617e-01
9.406421979268392297e-01
9.418888688087463379e-01
9.443748394648233679e-01
9.391853809356689453e-01
9.431926409403482703e-01
9.558657209078470496e-01
9.458436369895935059e-01
9.498666326204935340e-01
9.488179683685302734e-01
9.479563236236572266e-01
9.428809483846029016e-01
9.578072627385457727e-01
9.571494062741597864e-01
9.635735352834066125e-01
9.618987838427225379e-01
9.594886898994445801e-01
9.591428637504577637e-01
9.705784122149149207e-01
9.772127072016397742e-01
9.691590468088785437e-01
9.660403331120809289e-01
9.719297687212625769e-01
9.777496258417764929e-01
9.817598462104797363e-01
9.743030667304992676e-01
9.772140185038248328e-01
9.799869259198507043e-01
9.752825697263082239e-01
9.808617631594339636e-01
9.746467669804891321e-01
9.802353978157043457e-01
9.756257136662801477e-01
9.871589938799539832e-01
9.859014749526977539e-01
9.916484157244364050e-01
9.828223188718160364e-01
9.909029006958007812e-01
9.883580803871154785e-01
9.898398717244466516e-01
9.905184904734293250e-01
9.920558532079061242e-01
9.914536078770955774e-01
9.955970048904418945e-01
1.001307566960652595e+00
9.959427118301391602e-01
1.001301626364390129e+00
1.007344921429951912e+00
1.004255731900532966e+00
1.007680733998616462e+00
1.010537862777709961e+00
1.006002386411031013e+00
1.018399437268574959e+00
1.010333577791849846e+00
1.014226555824279785e+00
1.014865159988403320e+00
1.018571575482686287e+00
1.007635692755381340e+00
1.012535691261291504e+00
1.013139605522155762e+00
1.020291527112324959e+00
1.010556936264038086e+00
1.020468036333719963e+00
1.017928560574849373e+00
1.020957688490549797e+00
1.023822347323099846e+00
1.014802018801371331e+00
1.021883189678192139e+00
1.020917216936747307e+00
1.027094225088755364e+00
1.021178960800170898e+00
1.033113360404968262e+00
1.024846792221069336e+00
1.022319376468658447e+00
1.026170074939727783e+00
1.038615147272745842e+00
1.031663497289021736e+00
1.037640551726023430e+00
1.047954201698303223e+00
1.036886254946390862e+00
1.041606128215789795e+00
1.039314826329549080e+00
1.042086323102315193e+00
1.040971239407857185e+00
1.045809944470723396e+00
1.044724980990092034e+00
1.044644316037495857e+00
1.045209268728892082e+00
1.050628463427225823e+00
1.049229383468627930e+00
1.055781106154124016e+00
1.060536464055379158e+00
1.052178581555684334e+00
1.056086103121439690e+00
1.057309071222941155e+00
1.057189345359802246e+00
1.062361478805541992e+00
1.057327508926391602e+00
1.057619134585062737e+00
1.064968109130859375e+00
1.057926197846730476e+00
1.066329439481099373e+00
1.067730824152628655e+00
1.075128396352132087e+00
1.065123597780863518e+00
1.072423636913299561e+00
1.070694684982299805e+00
1.072499215602874756e+00
1.067926446596781487e+00
1.074557503064473396e+00
1.071624239285786873e+00
1.065410673618316650e+00
1.072097857793172127e+00
1.074409206708272224e+00
1.075245738029479980e+00
1.081695536772410149e+00
1.080450097719828362e+00
1.075641234715779548e+00
1.070709586143493652e+00
1.079106787840525383e+00
1.070744752883911133e+00
1.083302895228068108e+00
1.080341299374898201e+00
1.082257032394409180e+00
1.078774809837341309e+00
1.082756002744038826e+00
