9.644736842105263233e-03
1.524999999999999967e-02
1.685526315789473775e-02
1.744736842105263155e-02
1.873684210526315938e-02
2.017105263157894721e-02
2.239473684210526241e-02
2.717105263157894648e-02
3.165789473684210709e-02
3.540789473684210348e-02
3.876315789473683965e-02
4.113157894736842179e-02
4.298684210526315663e-02
4.405263157894737103e-02
4.660526315789473989e-02
4.972368421052631576e-02
5.130263157894737053e-02
5.446052631578947312e-02
5.705263157894736870e-02
5.915789473684210376e-02
6.130263157894736553e-02
6.355263157894737447e-02
6.576315789473684281e-02
6.713157894736841713e-02
6.927631578947368585e-02
7.109210526315790091e-02
7.384210526315788947e-02
7.468421052631578350e-02
7.739473684210526616e-02
7.939473684210526794e-02
8.151315789473684292e-02
8.397368421052631149e-02
8.496052631578947245e-02
8.705263157894736759e-02
8.914473684210526272e-02
9.060526315789473040e-02
9.213157894736842546e-02
9.680263157894736237e-02
9.865789473684211108e-02
1.019078947368421001e-01
1.038421052631578884e-01
1.073552631578947314e-01
1.105000000000000010e-01
1.110657894736842149e-01
1.153157894736842048e-01
1.168157894736842062e-01
1.197631578947368353e-01
1.210657894736842100e-01
1.264868421052631475e-01
1.309342105263157918e-01
1.365394736842105161e-01
1.407236842105263064e-01
1.447894736842105234e-01
1.466052631578947385e-01
1.498157894736842077e-01
1.547368421052631449e-01
1.573684210526315741e-01
1.617236842105263250e-01
1.678289473684210498e-01
1.733947368421052682e-01
1.790657894736842060e-01
1.815921052631578880e-01
1.885921052631578942e-01
1.914868421052631497e-01
1.938947368421052586e-01
1.990394736842105161e-01
2.021447368421052659e-01
2.105263157894736725e-01
2.160526315789473573e-01
2.194473684210526410e-01
2.220921052631578962e-01
2.265921052631579002e-01
2.354736842105263073e-01
2.383684210526315905e-01
2.421184210526315661e-01
2.463815789473684237e-01
2.424736842105263135e-01
2.471447368421052504e-01
2.602368421052631553e-01
2.661578947368420933e-01
2.683026315789473482e-01
2.773026315789473562e-01
2.789605263157894921e-01
2.845263157894736827e-01
2.853684210526316045e-01
2.915394736842105150e-01
3.028421052631579125e-01
2.993026315789473757e-01
3.073552631578947425e-01
3.106447368421052513e-01
3.151184210526316032e-01
3.192763157894736858e-01
3.274473684210526536e-01
3.330921052631579116e-01
3.319342105263157761e-01
3.412763157894737054e-01
3.365526315789473810e-01
3.449868421052631473e-01
3.469736842105263230e-01
3.496447368421052859e-01
3.557763157894736628e-01
3.632763157894736694e-01
3.643157894736842040e-01
3.710526315789473562e-01
3.734078947368421053e-01
3.749868421052631740e-01
3.741842105263157858e-01
3.790263157894737112e-01
3.840789473684210753e-01
3.876710526315789718e-01
3.967631578947368176e-01
3.976315789473684470e-01
3.988552631578947127e-01
4.080657894736842151e-01
4.138815789473684337e-01
4.102236842105262959e-01
4.095789473684210424e-01
4.103026315789473633e-01
4.161052631578947558e-01
4.285657894736842333e-01
4.282631578947368456e-01
4.273421052631579120e-01
4.287894736842105536e-01
4.288421052631579133e-01
4.381842105263157872e-01
4.449342105263157654e-01
4.401842105263157889e-01
4.514736842105263048e-01
4.476184210526315543e-01
4.531447368421052668e-01
4.482368421052631557e-01
4.563815789473684159e-01
4.487368421052631562e-01
4.566578947368420960e-01
4.694078947368420796e-01
4.678289473684210664e-01
4.788289473684210762e-01
4.776447368421052886e-01
4.794078947368420884e-01
4.810131578947368647e-01
4.870394736842105221e-01
5.011710526315789060e-01
4.924736842105263412e-01
5.016973684210526141e-01
5.030657894736841884e-01
4.803289473684210775e-01
4.834078947368420920e-01
4.863815789473684426e-01
4.968157894736842106e-01
5.126315789473684381e-01
5.143552631578947043e-01
5.167500000000000426e-01
5.180526315789473202e-01
5.286315789473684523e-01
5.249736842105263701e-01
5.294999999999999707e-01
5.263552631578947150e-01
5.169210526315789478e-01
5.303421052631579480e-01
5.311710526315789327e-01
5.405657894736841662e-01
5.361842105263158187e-01
5.415131578947368629e-01
5.463026315789473175e-01
5.523815789473683902e-01
5.540657894736842337e-01
5.493157894736842017e-01
5.520263157894736983e-01
5.453552631578947318e-01
5.509342105263157485e-01
5.596315789473683688e-01
5.628947368421052255e-01
5.546447368421052460e-01
5.590657894736842382e-01
5.556710526315788989e-01
5.674473684210525892e-01
5.781710526315789744e-01
5.749473684210526514e-01
5.765789473684210797e-01
5.875657894736842080e-01
5.788157894736841724e-01
5.723947368421052895e-01
5.727499999999999813e-01
5.795921052631578529e-01
5.775000000000000133e-01
5.849473684210526603e-01
5.778947368421052388e-01
5.855000000000000204e-01
5.865131578947367919e-01
5.820263157894737249e-01
5.890526315789473832e-01
5.994342105263157361e-01
6.182236842105263142e-01
6.053157894736842515e-01
6.077105263157894788e-01
6.169605263157894592e-01
6.218684210526316258e-01
6.193815789473684497e-01
6.159868421052631104e-01
6.134210526315789780e-01
6.142631578947368443e-01
6.177105263157894877e-01
6.238421052631578645e-01
6.285657894736842444e-01
6.226578947368420769e-01
6.323815789473684612e-01
6.199210526315789282e-01
6.314868421052631797e-01
6.339210526315789407e-01
6.275921052631578956e-01
6.330921052631578450e-01
6.251710526315789052e-01
6.318815789473684053e-01
6.324078947368421133e-01
6.340526315789474232e-01
6.369210526315789433e-01
6.254605263157895223e-01
6.309868421052631238e-01
6.410000000000000142e-01
6.380657894736841973e-01
6.381842105263157983e-01
6.544210526315789034e-01
6.606842105263157627e-01
6.536447368421052229e-01
6.602631578947368851e-01
6.440131578947367874e-01
6.408815789473684132e-01
6.564342105263157867e-01
6.621447368421052859e-01
6.634999999999999787e-01
6.586578947368421089e-01
6.592894736842105363e-01
6.609342105263157352e-01
6.537105263157895196e-01
6.641578947368420582e-01
6.686578947368421177e-01
6.721973684210525990e-01
6.719736842105262786e-01
6.697894736842104901e-01
6.673552631578947292e-01
6.770394736842105798e-01
6.733289473684210824e-01
6.802236842105263692e-01
6.829736842105262884e-01
6.866447368421052522e-01
6.893421052631578672e-01
6.870131578947368256e-01
6.855263157894736503e-01
6.904210526315789354e-01
6.799210526315789815e-01
6.937763157894736299e-01
6.974342105263158231e-01
6.985263157894736619e-01
7.036052631578947336e-01
7.022631578947368114e-01
6.918947368421052291e-01
6.905394736842105363e-01
6.921184210526315495e-01
6.880131578947368265e-01
6.939473684210526461e-01
7.065921052631578547e-01
7.121447368421052193e-01
7.091973684210526319e-01
7.149999999999999689e-01
6.977499999999999813e-01
7.067236842105263372e-01
7.096578947368421542e-01
7.160394736842105035e-01
7.223815789473684301e-01
7.249342105263157920e-01
7.173026315789473584e-01
7.177763157894736512e-01
7.203815789473684283e-01
7.243552631578947798e-01
7.319999999999999840e-01
7.258026315789474214e-01
7.268947368421052602e-01
7.326315789473684115e-01
7.250789473684210451e-01
7.195921052631578663e-01
7.109868421052631948e-01
7.258157894736841920e-01
7.318421052631578494e-01
7.256447368421052868e-01
7.345394736842105754e-01
7.281184210526315814e-01
7.393947368421052158e-01
7.357236842105263630e-01
7.371710526315788936e-01
7.367368421052631344e-01
7.420921052631579418e-01
7.311184210526315841e-01
7.287236842105263568e-01
7.287500000000000089e-01
7.350657894736841724e-01
7.314605263157895054e-01
7.508421052631578663e-01
7.467763157894736770e-01
7.490131578947368807e-01
7.450131578947368771e-01
7.506578947368420796e-01
7.501710526315789052e-01
7.426052631578947683e-01
7.570789473684210735e-01
7.471710526315789025e-01
7.529605263157894690e-01
7.593552631578946999e-01
7.517368421052631478e-01
7.558552631578947523e-01
7.649210526315789460e-01
7.568552631578947532e-01
7.547894736842105656e-01
7.550921052631578423e-01
7.540526315789474188e-01
7.608157894736842231e-01
7.564210526315789940e-01
7.553684210526315779e-01
7.691973684210526852e-01
7.561315789473683768e-01
7.512499999999999734e-01
7.560394736842105390e-01
7.625263157894737187e-01
7.678289473684209998e-01
7.687105263157895108e-01
7.687500000000000444e-01
7.711315789473683902e-01
7.688815789473684159e-01
7.742763157894736459e-01
7.625263157894737187e-01
7.620131578947368922e-01
7.666052631578947896e-01
7.793157894736841840e-01
7.758289473684210069e-01
7.791578947368421604e-01
7.820000000000000284e-01
7.769736842105262609e-01
7.796842105263157574e-01
7.882500000000000062e-01
7.834078947368421364e-01
7.817368421052631744e-01
7.947499999999999565e-01
7.943684210526316125e-01
7.935657894736841689e-01
7.949473684210526248e-01
7.964605263157894521e-01
7.928026315789473699e-01
7.920394736842105710e-01
7.804210526315789043e-01
7.823026315789474161e-01
7.939868421052631575e-01
7.902500000000000080e-01
7.931710526315789433e-01
7.998157894736842577e-01
7.890789473684211019e-01
7.852368421052631220e-01
7.903289473684210753e-01
7.932500000000000107e-01
7.891578947368420582e-01
7.925131578947368638e-01
7.997368421052631904e-01
7.998289473684210282e-01
8.004605263157894557e-01
8.023815789473683902e-01
7.917631578947368354e-01
7.904736842105263284e-01
8.014868421052631087e-01
8.064078947368421568e-01
8.084210526315789291e-01
8.086973684210526647e-01
7.990789473684209998e-01
7.964868421052631042e-01
7.985263157894736397e-01
8.052500000000000213e-01
8.024999999999999911e-01
8.111315789473684257e-01
8.153289473684210975e-01
8.050394736842104715e-01
8.161973684210526159e-01
8.138684210526315743e-01
8.088815789473684514e-01
8.129473684210526407e-01
8.091315789473684239e-01
7.928684210526315557e-01
8.030789473684210034e-01
7.976578947368421213e-01
8.045131578947368745e-01
8.115394736842105328e-01
8.152894736842105639e-01
8.241184210526315557e-01
8.217631578947368620e-01
8.164868421052631220e-01
8.093421052631578627e-01
8.197499999999999787e-01
8.284736842105263621e-01
8.294868421052631335e-01
8.196710526315789114e-01
8.254605263157894779e-01
8.310394736842104946e-01
8.281578947368420929e-01
8.261710526315789727e-01
8.086578947368421311e-01
8.154078947368420538e-01
8.280526315789473735e-01
8.268289473684210522e-01
8.314078947368420680e-01
8.294078947368420662e-01
8.356052631578947398e-01
8.367763157894736459e-01
8.288026315789474019e-01
8.294605263157894814e-01
8.243289473684211055e-01
8.219210526315789966e-01
8.259342105263157707e-01
8.377631578947368762e-01
8.270657894736842541e-01
8.206315789473683786e-01
8.241842105263157414e-01
8.289999999999999591e-01
8.371842105263157530e-01
8.349736842105263124e-01
8.246315789473683822e-01
8.333815789473684177e-01
8.359078947368421275e-01
8.307631578947368700e-01
8.362368421052631673e-01
8.349605263157894308e-01
8.394078947368420751e-01
8.439736842105263204e-01
8.449999999999999734e-01
8.443026315789473601e-01
8.392368421052631700e-01
8.509342105263157929e-01
8.437631578947368816e-01
8.425526315789473308e-01
8.488815789473683759e-01
8.488026315789474197e-01
8.496973684210525901e-01
8.413289473684210096e-01
8.412631578947368238e-01
8.389868421052631975e-01
8.397105263157894628e-01
8.364473684210526061e-01
8.452236842105262937e-01
8.356184210526316214e-01
8.434210526315789602e-01
8.430526315789473868e-01
8.452894736842104795e-01
8.373552631578947691e-01
8.519342105263157938e-01
8.468684210526316036e-01
8.534210526315789691e-01
8.520921052631579284e-01
8.523815789473684346e-01
8.459605263157894406e-01
8.569210526315789167e-01
8.574868421052631584e-01
8.609868421052631060e-01
8.601184210526315876e-01
8.668947368421052735e-01
8.670526315789474081e-01
8.601052631578947061e-01
8.498552631578947247e-01
8.511973684210526470e-01
8.441578947368421071e-01
8.453026315789473610e-01
8.457894736842105354e-01
8.553684210526315557e-01
8.551710526315789984e-01
8.569342105263157983e-01
8.606184210526315326e-01
8.555526315789473424e-01
8.544868421052631557e-01
8.444736842105262653e-01
8.502894736842104839e-01
8.439605263157894388e-01
8.585789473684209971e-01
8.639078947368421524e-01
8.744210526315789878e-01
8.735131578947368247e-01
8.749473684210525848e-01
8.671973684210526612e-01
8.591447368421052388e-01
8.661315789473684745e-01
8.659473684210525768e-01
8.679078947368421559e-01
8.679605263157894601e-01
8.729999999999999982e-01
8.728684210526316267e-01
8.695263157894737027e-01
8.602368421052631886e-01
8.526184210526315255e-01
8.529078947368421426e-01
8.473421052631578965e-01
8.574736842105262768e-01
8.644342105263157494e-01
8.652368421052631930e-01
8.686447368421053028e-01
8.702894736842105017e-01
8.669078947368421550e-01
8.724210526315789860e-01
8.792763157894737391e-01
8.790526315789474188e-01
8.747236842105262644e-01
8.706315789473684230e-01
8.762631578947368549e-01
8.727631578947367963e-01
8.719342105263158116e-01
8.777236842105262671e-01
8.752631578947368540e-01
8.741710526315789043e-01
8.684868421052631682e-01
8.689473684210525795e-01
8.703552631578946874e-01
8.759210526315789336e-01
8.839605263157894743e-01
8.882894736842105177e-01
8.846315789473684355e-01
8.835921052631579009e-01
8.725789473684210096e-01
8.733684210526315717e-01
8.822763157894736308e-01
8.771710526315789069e-01
8.846842105263157396e-01
8.752499999999999725e-01
8.739210526315789318e-01
8.782236842105263230e-01
8.801447368421052575e-01
8.792894736842105097e-01
8.792236842105263239e-01
8.838552631578947549e-01
8.823947368421052317e-01
8.805789473684210167e-01
8.831447368421052602e-01
8.789342105263158178e-01
8.728815789473683973e-01
8.687236842105263701e-01
8.754078947368421071e-01
8.880657894736841973e-01
8.839736842105263559e-01
8.818815789473684053e-01
8.881710526315789167e-01
8.908947368421052948e-01
8.930131578947368975e-01
8.951315789473683893e-01
8.926710526315789762e-01
8.934736842105263088e-01
8.907500000000000417e-01
8.874342105263157698e-01
8.869868421052631291e-01
8.880657894736841973e-01
8.893684210526315859e-01
8.984473684210526612e-01
8.920263157894736672e-01
8.920263157894736672e-01
8.904605263157894246e-01
8.934868421052631904e-01
8.937631578947368149e-01
8.855657894736842506e-01
8.864605263157894210e-01
8.883552631578947034e-01
8.913289473684210540e-01
8.912894736842105203e-01
8.926710526315789762e-01
8.826710526315789673e-01
8.935657894736842577e-01
8.913157894736841724e-01
8.948552631578947647e-01
8.919210526315789478e-01
8.893815789473684674e-01
8.846315789473684355e-01
8.955657894736842595e-01
8.976710526315789807e-01
8.938947368421052975e-01
8.964605263157894299e-01
8.964605263157894299e-01
8.884868421052631859e-01
8.977105263157895143e-01
8.993947368421052468e-01
9.043684210526315992e-01
8.988947368421053019e-01
9.009210526315789558e-01
8.982631578947368745e-01
8.992105263157894601e-01
8.935921052631579098e-01
8.845921052631579018e-01
8.908289473684209980e-01
9.023421052631579453e-01
9.013552631578947150e-01
8.943289473684210567e-01
9.002499999999999947e-01
9.045394736842105043e-01
8.968815789473684186e-01
9.075263157894737365e-01
9.074078947368421355e-01
8.974868421052631939e-01
8.854342105263157681e-01
8.904605263157894246e-01
8.945657894736842586e-01
9.001710526315789274e-01
8.938026315789473486e-01
8.994868421052631957e-01
9.041315789473683973e-01
9.014999999999999680e-01
9.109342105263157352e-01
9.089078947368420813e-01
9.118421052631578982e-01
9.122763157894736574e-01
9.091315789473684017e-01
9.050921052631578645e-01
9.105394736842105097e-01
8.998947368421053028e-01
9.051710526315789318e-01
9.056578947368421062e-01
9.024473684210526647e-01
9.058289473684210114e-01
9.067631578947368265e-01
9.128552631578947807e-01
9.083815789473683733e-01
9.048421052631578920e-01
9.019078947368420751e-01
9.066842105263157592e-01
9.156052631578946999e-01
9.140921052631578725e-01
9.038684210526315432e-01
9.099473684210526159e-01
9.074868421052632028e-01
9.151578947368420591e-01
9.118684210526315503e-01
9.105657894736841618e-01
9.124342105263157920e-01
9.162236842105263568e-01
9.160131578947368070e-01
9.156447368421052335e-01
9.176973684210526505e-01
9.118684210526315503e-01
9.061052631578947469e-01
9.041710526315789309e-01
9.013157894736841813e-01
9.128815789473684328e-01
9.073552631578947203e-01
9.141578947368420582e-01
9.135789473684210460e-01
9.188684210526315566e-01
9.212368421052631318e-01
9.148157894736842488e-01
9.148552631578947825e-01
9.197236842105263044e-01
9.159605263157895028e-01
9.108947368421053126e-01
9.127763157894737134e-01
9.135263157894736308e-01
9.124078947368421399e-01
9.122105263157894717e-01
9.113947368421052575e-01
9.246842105263157752e-01
9.169342105263157405e-01
9.076710526315789895e-01
9.157894736842104866e-01
9.156578947368421151e-01
9.109342105263157352e-01
9.096052631578946945e-01
9.108684210526315495e-01
9.099473684210526159e-01
9.082236842105263497e-01
9.122500000000000053e-01
9.092894736842105363e-01
9.179605263157895045e-01
9.175657894736841680e-01
9.210263157894736930e-01
9.250000000000000444e-01
9.234210526315789203e-01
9.283157894736842053e-01
9.215526315789474010e-01
9.212236842105263612e-01
9.234605263157894539e-01
9.255263157894736414e-01
9.196578947368421186e-01
9.208947368421052104e-01
9.209473684210526256e-01
9.250526315789473486e-01
9.248421052631579098e-01
9.228552631578947896e-01
9.176578947368421169e-01
9.141842105263158214e-01
9.146842105263157663e-01
9.196973684210526523e-01
9.242236842105263639e-01
9.235263157894736397e-01
9.262368421052631362e-01
9.268289473684210300e-01
9.281052631578947665e-01
9.264605263157894566e-01
9.168289473684210211e-01
9.172105263157894761e-01
9.183421052631578485e-01
9.206447368421052380e-01
9.274868421052631096e-01
9.236184210526315885e-01
9.240526315789473477e-01
9.201184210526315299e-01
9.257894736842104955e-01
9.190394736842105727e-01
9.158552631578947834e-01
9.128552631578947807e-01
9.210526315789473450e-01
9.223157894736842000e-01
9.209473684210526256e-01
9.176973684210526505e-01
9.148947368421053161e-01
9.245526315789474037e-01
9.241184210526315335e-01
9.270394736842105798e-01
9.297894736842104990e-01
9.291315789473684195e-01
9.316842105263157814e-01
9.299078947368421000e-01
9.270657894736842319e-01
9.273552631578947381e-01
9.287499999999999645e-01
9.283289473684210868e-01
9.266315789473684728e-01
9.279605263157895134e-01
9.301973684210526061e-01
9.291315789473684195e-01
9.341052631578947718e-01
9.353026315789473299e-01
9.305263157894736459e-01
9.333289473684210913e-01
9.280789473684210034e-01
9.291184210526315379e-01
9.266447368421052433e-01
9.240657894736842293e-01
9.336578947368421311e-01
9.312368421052631406e-01
9.384078947368420520e-01
9.382500000000000284e-01
9.340657894736842382e-01
9.304736842105263417e-01
9.313026315789473264e-01
9.309605263157895161e-01
9.356578947368421328e-01
9.334605263157894628e-01
9.344605263157894637e-01
9.352500000000000258e-01
9.351052631578947727e-01
9.338157894736842657e-01
9.330263157894737036e-01
9.341578947368420760e-01
9.366842105263157858e-01
9.351315789473684248e-01
9.380657894736842417e-01
9.338552631578946883e-01
9.245789473684210558e-01
9.300000000000000488e-01
9.356578947368421328e-01
9.403552631578947496e-01
9.366052631578947185e-01
9.401315789473684292e-01
9.378026315789473877e-01
9.365657894736841849e-01
9.397499999999999742e-01
9.319473684210526354e-01
9.329078947368421026e-01
9.357499999999999707e-01
9.345657894736841831e-01
9.340000000000000524e-01
9.371973684210526123e-01
9.353947368421052788e-01
9.305526315789474090e-01
9.357631578947368522e-01
9.350263157894737054e-01
9.367631578947368531e-01
9.352236842105262626e-01
9.295921052631579418e-01
9.389999999999999458e-01
9.346315789473683688e-01
9.381447368421053090e-01
9.369210526315789878e-01
9.349342105263157565e-01
9.406842105263157894e-01
9.432236842105262697e-01
9.396842105263157885e-01
9.384868421052631193e-01
9.366710526315789043e-01
9.424342105263158187e-01
9.331447368421053046e-01
9.311578947368420733e-01
9.418684210526315770e-01
9.433815789473684044e-01
9.460789473684210193e-01
9.442236842105262706e-01
9.437894736842105115e-01
9.443684210526315237e-01
9.392894736842105630e-01
9.279210526315789798e-01
9.291052631578947674e-01
9.368289473684210389e-01
9.382500000000000284e-01
9.396973684210526701e-01
9.410657894736842444e-01
9.458947368421052326e-01
9.490789473684210220e-01
9.465789473684210753e-01
9.417236842105263239e-01
9.456710526315789123e-01
9.458552631578946990e-01
9.468552631578946999e-01
9.424736842105263523e-01
9.430526315789473646e-01
9.399605263157895241e-01
9.452631578947368052e-01
9.444868421052631247e-01
9.461578947368420867e-01
9.358684210526315717e-01
9.425394736842105381e-01
9.485263157894736619e-01
9.457499999999999796e-01
9.431184210526315503e-01
9.460921052631579009e-01
9.507499999999999840e-01
9.496052631578947301e-01
9.449605263157895285e-01
9.498684210526315841e-01
9.480263157894737169e-01
9.499736842105263035e-01
9.427763157894736290e-01
9.493289473684211055e-01
9.428552631578946963e-01
9.425263157894736565e-01
9.446842105263157929e-01
9.458552631578946990e-01
9.506578947368421462e-01
9.501973684210526239e-01
9.513815789473684115e-01
9.478421052631579302e-01
9.515657894736841982e-01
9.461447368421053161e-01
9.425263157894736565e-01
9.356973684210526665e-01
9.447631578947368602e-01
9.478947368421052344e-01
9.487499999999999822e-01
9.461973684210526203e-01
9.480263157894737169e-01
9.457236842105263275e-01
9.483552631578947567e-01
9.480657894736842506e-01
9.433289473684211002e-01
9.485394736842105434e-01
9.516578947368421471e-01
9.519868421052631868e-01
9.509078947368421186e-01
9.519605263157894237e-01
9.514210526315789451e-01
9.516842105263157992e-01
9.514736842105263603e-01
9.468684210526315814e-01
9.530263157894737214e-01
9.492763157894736903e-01
9.520657894736842541e-01
9.509473684210526523e-01
9.533157894736842275e-01
9.512763157894736921e-01
9.509999999999999565e-01
9.436578947368421399e-01
9.391973684210526141e-01
9.408815789473684577e-01
9.420526315789473637e-01
9.501710526315789718e-01
9.514868421052631309e-01
9.548421052631579364e-01
9.548947368421052406e-01
9.554342105263158302e-01
9.535131578947368958e-01
9.442500000000000338e-01
9.454342105263158214e-01
9.525000000000000133e-01
9.513947368421052930e-01
9.560657894736842577e-01
9.580526315789473779e-01
9.554736842105263639e-01
9.566184210526316178e-01
9.555263157894736681e-01
9.534473684210525990e-01
9.555394736842105496e-01
9.511447368421052095e-01
9.502236842105262760e-01
9.553157894736842293e-01
9.508157894736841698e-01
9.432500000000000329e-01
9.465263157894736601e-01
9.503552631578947585e-01
9.535789473684210815e-01
9.437236842105263257e-01
9.538289473684210540e-01
9.468947368421052335e-01
9.458684210526315805e-01
9.521315789473684399e-01
9.511973684210526248e-01
9.480526315789473690e-01
9.456315789473683786e-01
9.523552631578947603e-01
9.540526315789473744e-01
9.550394736842104937e-01
9.512894736842105736e-01
9.532500000000000417e-01
9.524342105263158276e-01
9.554342105263158302e-01
9.496447368421052637e-01
9.436315789473683768e-01
9.403552631578947496e-01
9.459736842105262999e-01
9.490263157894737178e-01
9.498157894736841689e-01
9.495000000000000107e-01
9.563684210526315344e-01
9.557105263157894548e-01
9.565526315789473211e-01
9.600921052631579133e-01
9.541973684210526274e-01
9.553421052631578814e-01
9.572105263157895116e-01
9.507763157894736361e-01
9.528947368421052388e-01
9.517763157894736370e-01
9.505394736842105452e-01
9.513947368421052930e-01
9.588157894736841769e-01
9.615131578947367919e-01
9.591052631578946830e-01
9.581973684210526310e-01
9.527368421052631042e-01
9.542763157894736947e-01
9.556973684210526843e-01
9.553815789473684150e-01
9.571710526315789780e-01
9.581842105263157494e-01
9.576973684210526860e-01
9.619473684210526621e-01
9.596842105263158063e-01
9.613815789473684204e-01
9.570526315789473770e-01
9.569605263157894282e-01
9.615921052631578592e-01
9.617368421052631122e-01
9.598947368421052451e-01
9.570263157894737249e-01
9.543552631578947620e-01
9.575131578947367883e-01
9.598947368421052451e-01
9.583552631578947656e-01
9.461447368421053161e-01
9.561315789473684434e-01
9.549342105263157743e-01
9.573552631578947647e-01
9.591578947368420982e-01
9.614736842105263692e-01
9.651578947368421035e-01
9.651447368421052220e-01
9.566184210526316178e-01
9.586710526315789238e-01
9.588026315789474063e-01
9.628421052631579435e-01
9.557631578947368700e-01
9.541315789473684417e-01
9.548421052631579364e-01
9.611315789473684479e-01
9.612236842105262857e-01
9.605921052631578583e-01
9.598157894736841778e-01
9.625394736842105559e-01
9.612236842105262857e-01
9.619736842105263142e-01
9.606184210526316214e-01
9.601447368421052175e-01
9.619473684210526621e-01
9.615131578947367919e-01
9.598157894736841778e-01
9.554078947368420671e-01
9.571052631578947922e-01
9.608684210526315939e-01
9.587631578947368727e-01
9.560657894736842577e-01
9.584078947368420698e-01
9.599868421052631939e-01
9.600131578947368460e-01
9.609736842105263133e-01
9.527499999999999858e-01
9.593815789473684186e-01
9.650394736842105026e-01
9.592368421052631655e-01
9.581052631578946821e-01
9.635921052631578609e-01
9.608026315789474081e-01
9.633684210526315406e-01
9.632763157894737027e-01
9.622368421052631682e-01
9.653026315789473566e-01
9.576578947368421524e-01
9.469999999999999529e-01
9.506447368421052646e-01
