5.263157894736841987e-03
5.263157894736841987e-03
5.894736842105263372e-03
7.526315789473683911e-03
1.478947368421052594e-02
2.042105263157894743e-02
2.194736842105263208e-02
2.315789473684210648e-02
2.621052631578947231e-02
2.910526315789473822e-02
3.331578947368420834e-02
3.668421052631579138e-02
3.847368421052631271e-02
4.100000000000000172e-02
4.357894736842105043e-02
4.415789473684210431e-02
4.657894736842105310e-02
4.910526315789473517e-02
5.194736842105263097e-02
5.421052631578947290e-02
5.552631578947368751e-02
5.721052631578947556e-02
5.921052631578947040e-02
6.068421052631579188e-02
6.336842105263157388e-02
6.678947368421052355e-02
6.526315789473684237e-02
6.715789473684211086e-02
6.910526315789473906e-02
7.184210526315790157e-02
7.478947368421053066e-02
7.099999999999999367e-02
7.657894736842105199e-02
7.857894736842105377e-02
8.015789473684210853e-02
8.173684210526316329e-02
8.531578947368420596e-02
8.484210526315789924e-02
8.757894736842104788e-02
8.810526315789474205e-02
8.968421052631578294e-02
9.389473684210526694e-02
9.726315789473684303e-02
9.657894736842105587e-02
9.826315789473684392e-02
9.989473684210525839e-02
9.968421052631579182e-02
1.053684210526315834e-01
1.107368421052631613e-01
1.094210526315789467e-01
1.146842105263157913e-01
1.215789473684210503e-01
1.209999999999999964e-01
1.250000000000000000e-01
1.322631578947368325e-01
1.250526315789473597e-01
1.304210526315789376e-01
1.331578947368421140e-01
1.422105263157894817e-01
1.436842105263158031e-01
1.508421052631578885e-01
1.550526315789473586e-01
1.616842105263157914e-01
1.636315789473684335e-01
1.609473684210526445e-01
1.721578947368420931e-01
1.696315789473684110e-01
1.802631578947368474e-01
1.797368421052631671e-01
1.884736842105263210e-01
1.886315789473684279e-01
1.879473684210526407e-01
1.987894736842105159e-01
2.029473684210526263e-01
1.980000000000000093e-01
2.078947368421052710e-01
1.948947368421052595e-01
2.161578947368421044e-01
2.239473684210526450e-01
2.211052631578947492e-01
2.267368421052631533e-01
2.314210526315789440e-01
2.419999999999999929e-01
2.368947368421052690e-01
2.315789473684210509e-01
2.483684210526315717e-01
2.523684210526315752e-01
2.508947368421052815e-01
2.619473684210526510e-01
2.686842105263158031e-01
2.622631578947368647e-01
2.726842105263158067e-01
2.791052631578947452e-01
2.826842105263158156e-01
2.917368421052631833e-01
2.862631578947368305e-01
2.804736842105263195e-01
2.963684210526315588e-01
2.926842105263157690e-01
3.068421052631579160e-01
3.144736842105262942e-01
3.095263157894737049e-01
3.131578947368420796e-01
3.128947368421052810e-01
3.093684210526315703e-01
3.078947368421052766e-01
3.315263157894736690e-01
3.272631578947368669e-01
3.255263157894736636e-01
3.362105263157894597e-01
3.483157894736841897e-01
3.388421052631578889e-01
3.392105263157894623e-01
3.457894736842105354e-01
3.504210526315789664e-01
3.486842105263157632e-01
3.522631578947368336e-01
3.581578947368421195e-01
3.597894736842105479e-01
3.666842105263157792e-01
3.584210526315789735e-01
3.747894736842105057e-01
3.631578947368421240e-01
3.644736842105263386e-01
3.843684210526315814e-01
3.833157894736842208e-01
3.945263157894736694e-01
3.852631578947368629e-01
3.760526315789473606e-01
3.786842105263157898e-01
3.831578947368420862e-01
3.696315789473684221e-01
3.778947368421052833e-01
3.966842105263158058e-01
4.045263157894736783e-01
4.103684210526316045e-01
4.131052631578947532e-01
4.176315789473684092e-01
4.159999999999999809e-01
4.178947368421052633e-01
4.278947368421052722e-01
4.349999999999999978e-01
4.273684210526315641e-01
4.331578947368421306e-01
4.120526315789473926e-01
4.136842105263157654e-01
4.237368421052631340e-01
4.229473684210526274e-01
4.326315789473684226e-01
4.438421052631578712e-01
4.467894736842105141e-01
4.570526315789473770e-01
4.546842105263158018e-01
4.593157894736842328e-01
4.513684210526315854e-01
4.441578947368420849e-01
4.462105263157894464e-01
4.525789473684210251e-01
4.600000000000000200e-01
4.614736842105263137e-01
4.690526315789473877e-01
4.803684210526315557e-01
4.919473684210526332e-01
4.825789473684210518e-01
4.785789473684210482e-01
4.847368421052631327e-01
4.824736842105263324e-01
4.868947368421052690e-01
4.808421052631579040e-01
4.767368421052631811e-01
4.868421052631579093e-01
4.807894736842105443e-01
4.752631578947368318e-01
4.826315789473684115e-01
4.857894736842105488e-01
5.012105263157894397e-01
4.912105263157894863e-01
5.101052631578947283e-01
5.088947368421052886e-01
5.058421052631578707e-01
5.071052631578947256e-01
4.684736842105263199e-01
5.134736842105263044e-01
4.876315789473684159e-01
5.043157894736841618e-01
4.955263157894737036e-01
4.816842105263157703e-01
5.028947368421052833e-01
5.040526315789474188e-01
5.015789473684210131e-01
5.101052631578947283e-01
5.356842105263157627e-01
5.410000000000000364e-01
5.167368421052631611e-01
5.383157894736841920e-01
5.465263157894736379e-01
5.385789473684210460e-01
5.368947368421053135e-01
5.257894736842104733e-01
5.435789473684210504e-01
5.301578947368420502e-01
5.445789473684210513e-01
5.522105263157894850e-01
5.264210526315789007e-01
5.511052631578947647e-01
5.353157894736841893e-01
5.367368421052631788e-01
5.541052631578947674e-01
5.432631578947368922e-01
5.607894736842105043e-01
5.548421052631579142e-01
5.354736842105263239e-01
5.420526315789473415e-01
5.405789473684210478e-01
5.336842105263157610e-01
5.457894736842104910e-01
5.316842105263157592e-01
5.693157894736842195e-01
5.433684210526316116e-01
5.574210526315789282e-01
5.591578947368420760e-01
5.809473684210526567e-01
5.654736842105263506e-01
5.811578947368420955e-01
5.604210526315789309e-01
5.140000000000000124e-01
5.557368421052631957e-01
5.939999999999999725e-01
5.769999999999999574e-01
5.749473684210526514e-01
5.798947368421052406e-01
5.854210526315789531e-01
5.495263157894736405e-01
5.865789473684210886e-01
5.793157894736842284e-01
5.934210526315789602e-01
5.938421052631579489e-01
5.648947368421052273e-01
5.855263157894736725e-01
5.665263157894736556e-01
6.038947368421052619e-01
5.799999999999999600e-01
5.894736842105262609e-01
6.067894736842105452e-01
6.043157894736842506e-01
6.022105263157894184e-01
5.841052631578946830e-01
6.093684210526315592e-01
5.734210526315789425e-01
5.972631578947368292e-01
6.088947368421052664e-01
6.065789473684211064e-01
6.164210526315789807e-01
6.121578947368421231e-01
6.187368421052631406e-01
6.224736842105262902e-01
6.095263157894736938e-01
6.035263157894736885e-01
6.012105263157895285e-01
6.114210526315789762e-01
6.189999999999999947e-01
5.962105263157895241e-01
6.328947368421052877e-01
6.229999999999999982e-01
6.129473684210526852e-01
6.154210526315789798e-01
6.122631578947368425e-01
6.262105263157894397e-01
6.397368421052631593e-01
6.435263157894737240e-01
6.345263157894737160e-01
6.291578947368421382e-01
6.354210526315789975e-01
6.487894736842104715e-01
6.406842105263157450e-01
6.330526315789474223e-01
6.424736842105263079e-01
6.388947368421052930e-01
6.410526315789473184e-01
6.283157894736841609e-01
6.425789473684210273e-01
6.347368421052631549e-01
6.289473684210525883e-01
6.421578947368421497e-01
6.492105263157894601e-01
6.577368421052631753e-01
6.392105263157894512e-01
6.528947368421053055e-01
6.426315789473684426e-01
6.526315789473684514e-01
6.487894736842104715e-01
6.246842105263158418e-01
6.479473684210526052e-01
6.462631578947368727e-01
6.351578947368421435e-01
6.516315789473684505e-01
6.433157894736841742e-01
6.648421052631579009e-01
6.392105263157894512e-01
6.557368421052631735e-01
6.644210526315789123e-01
6.593684210526316036e-01
6.657894736842104866e-01
6.594736842105263230e-01
6.493157894736841795e-01
6.618947368421053135e-01
6.543684210526315992e-01
6.584736842105263221e-01
6.634736842105263266e-01
6.625263157894736299e-01
6.733157894736842008e-01
6.768947368421052158e-01
6.575263157894737365e-01
6.760526315789473495e-01
6.582631578947368833e-01
6.572105263157894672e-01
6.849473684210526381e-01
6.764736842105263381e-01
6.550526315789473308e-01
6.518421052631578894e-01
6.656842105263157672e-01
6.792105263157894868e-01
6.773157894736842044e-01
6.744210526315789211e-01
6.765789473684210575e-01
6.611052631578947514e-01
6.723157894736842000e-01
6.738421052631579089e-01
6.777368421052631930e-01
6.666315789473684639e-01
6.802631578947367919e-01
6.888421052631579222e-01
6.800000000000000488e-01
6.888421052631579222e-01
6.827368421052631975e-01
7.016842105263157992e-01
6.955263157894736592e-01
6.937368421052632073e-01
6.802105263157894877e-01
7.010526315789473717e-01
7.067368421052631078e-01
7.044736842105263630e-01
6.995789473684210780e-01
7.032105263157895081e-01
7.033157894736842275e-01
6.961052631578947825e-01
6.943157894736842195e-01
6.790526315789473522e-01
6.963684210526315255e-01
7.099999999999999645e-01
6.981052631578947842e-01
7.074210526315789505e-01
7.067894736842105230e-01
6.907368421052632046e-01
7.044210526315789478e-01
6.981052631578947842e-01
6.981052631578947842e-01
6.881052631578947754e-01
7.203684210526315468e-01
7.235263157894736841e-01
7.187368421052631184e-01
7.079473684210526585e-01
7.161052631578946892e-01
6.786842105263157787e-01
7.088421052631579400e-01
7.065789473684210842e-01
7.160526315789473850e-01
7.256842105263158205e-01
7.206315789473684008e-01
7.025263157894736654e-01
7.045263157894736672e-01
7.137368421052631140e-01
7.174736842105262635e-01
7.181052631578946910e-01
7.226842105263158178e-01
7.218947368421052557e-01
7.264736842105262715e-01
7.247894736842105390e-01
7.206842105263158160e-01
7.139473684210526638e-01
7.239473684210526727e-01
6.934210526315789380e-01
7.013157894736842257e-01
7.248947368421052584e-01
7.108421052631579418e-01
7.202105263157895232e-01
7.199999999999999734e-01
7.272631578947368336e-01
7.334210526315789735e-01
7.371052631578947079e-01
7.218947368421052557e-01
7.088947368421052442e-01
7.394736842105262831e-01
7.271578947368421142e-01
7.306842105263158249e-01
7.377368421052631353e-01
7.448421052631578609e-01
7.355789473684209989e-01
7.435789473684210060e-01
7.237368421052631229e-01
6.932631578947368034e-01
7.454210526315789842e-01
7.204210526315789620e-01
7.332105263157894237e-01
7.287368421052631273e-01
7.382631578947368434e-01
7.558421052631578707e-01
7.398947368421052717e-01
7.415263157894737001e-01
7.432105263157894326e-01
7.325789473684211073e-01
7.225263157894736832e-01
7.444736842105262875e-01
7.475263157894737054e-01
7.306315789473684097e-01
7.159999999999999698e-01
7.408947368421052726e-01
7.327368421052631309e-01
7.478947368421052788e-01
7.370526315789474037e-01
7.432631578947368478e-01
7.404210526315789798e-01
7.502631578947368540e-01
7.130526315789473824e-01
7.510000000000000009e-01
7.491578947368421337e-01
7.605263157894737169e-01
7.454736842105262884e-01
7.543157894736841618e-01
7.437368421052631406e-01
7.544210526315789922e-01
7.481578947368421328e-01
7.423684210526315663e-01
7.532631578947368567e-01
7.592631578947368620e-01
7.581052631578947265e-01
7.465789473684210087e-01
7.578947368421052877e-01
7.400526315789474063e-01
7.458421052631578618e-01
7.236315789473684035e-01
7.458947368421052770e-01
7.597894736842105701e-01
7.456315789473684230e-01
7.457894736842105576e-01
7.636842105263157432e-01
7.540000000000000036e-01
7.647368421052631593e-01
7.501578947368421346e-01
7.489473684210525839e-01
7.666315789473684417e-01
7.571578947368421408e-01
7.583684210526315805e-01
7.516842105263158436e-01
7.631052631578947310e-01
7.680526315789473202e-01
7.752631578947368762e-01
7.729473684210526052e-01
7.732105263157894592e-01
7.801578947368420502e-01
7.788947368421053064e-01
7.533684210526315761e-01
7.487894736842105603e-01
7.511578947368421355e-01
7.584210526315789958e-01
7.606842105263157405e-01
7.623684210526315841e-01
7.709473684210526034e-01
7.687368421052631628e-01
7.733684210526315939e-01
7.602105263157894477e-01
7.550000000000000044e-01
7.676842105263157467e-01
7.454736842105262884e-01
7.701578947368421524e-01
7.715263157894737267e-01
7.894210526315789123e-01
7.677894736842105772e-01
7.878421052631578991e-01
7.843157894736841884e-01
7.589473684210525928e-01
7.762631578947368771e-01
7.703684210526315912e-01
7.802631578947368807e-01
7.668947368421052957e-01
7.856842105263157627e-01
7.657368421052631602e-01
7.855789473684210433e-01
7.820526315789473326e-01
7.655263157894737214e-01
7.664736842105263070e-01
7.371052631578947079e-01
7.796842105263157574e-01
7.682631578947368700e-01
7.838421052631578956e-01
7.813157894736841858e-01
7.752105263157894610e-01
7.736315789473684479e-01
7.768947368421053046e-01
7.960000000000000409e-01
7.903684210526316090e-01
7.932105263157894770e-01
7.821578947368420520e-01
7.773157894736841822e-01
7.828947368421053099e-01
7.641578947368421471e-01
7.804210526315789043e-01
7.885789473684210460e-01
7.705263157894737258e-01
7.792105263157894646e-01
7.613684210526315832e-01
7.833684210526316027e-01
7.857368421052631779e-01
7.932631578947368922e-01
7.888947368421053152e-01
7.965789473684210531e-01
7.980000000000000426e-01
7.918421052631579027e-01
7.865263157894736290e-01
7.857368421052631779e-01
7.777894736842104750e-01
7.933157894736841964e-01
7.919473684210526221e-01
7.653157894736841715e-01
7.804736842105263195e-01
7.910000000000000364e-01
7.883157894736841920e-01
7.833684210526316027e-01
7.911578947368420600e-01
7.823684210526316019e-01
7.817894736842104786e-01
7.913157894736841946e-01
7.938421052631579045e-01
7.797368421052631726e-01
7.942631578947368931e-01
7.940526315789473433e-01
7.931578947368420618e-01
7.801578947368420502e-01
7.902631578947368896e-01
7.917368421052631833e-01
8.006315789473684719e-01
7.958421052631579062e-01
8.065789473684210620e-01
8.040000000000000480e-01
8.034736842105263399e-01
8.059473684210526345e-01
8.027368421052631930e-01
8.000526315789473486e-01
8.021052631578947656e-01
7.857894736842104821e-01
8.077894736842105017e-01
8.112631578947367972e-01
8.012105263157894841e-01
8.100000000000000533e-01
7.968947368421052113e-01
8.065263157894736468e-01
8.055263157894736459e-01
7.857368421052631779e-01
7.954736842105263328e-01
8.125789473684210673e-01
7.901578947368420591e-01
8.016842105263157769e-01
7.957368421052631868e-01
7.947894736842104901e-01
8.075789473684210629e-01
7.910000000000000364e-01
7.872105263157894717e-01
7.957368421052631868e-01
8.040000000000000480e-01
8.132631578947367990e-01
8.051578947368420724e-01
8.147368421052632037e-01
7.900000000000000355e-01
8.094736842105263452e-01
7.962105263157894797e-01
8.011578947368420689e-01
8.005263157894736414e-01
8.134736842105263488e-01
8.212105263157895019e-01
8.241578947368420893e-01
8.197368421052632081e-01
8.162631578947368016e-01
7.986842105263157743e-01
8.031578947368420707e-01
7.967894736842104919e-01
7.983157894736842008e-01
8.189999999999999503e-01
8.053684210526316223e-01
7.966315789473684683e-01
8.226315789473683804e-01
7.933684210526316116e-01
8.082105263157894903e-01
8.139473684210526416e-01
8.173157894736842177e-01
8.122105263157894939e-01
8.005789473684210567e-01
8.012631578947367883e-01
8.118947368421052246e-01
8.133157894736842142e-01
8.019473684210526310e-01
8.151052631578947771e-01
8.181578947368420840e-01
8.278421052631579347e-01
8.147368421052632037e-01
8.207368421052632090e-01
8.251578947368420902e-01
8.126842105263157867e-01
8.272631578947368114e-01
8.252631578947368096e-01
8.068947368421052202e-01
8.091578947368420760e-01
8.276315789473683848e-01
8.314210526315789496e-01
8.065263157894736468e-01
8.258947368421052371e-01
8.162631578947368016e-01
8.203157894736842204e-01
8.144736842105263497e-01
7.994736842105263364e-01
8.139473684210526416e-01
8.277368421052631042e-01
8.291578947368420938e-01
8.137368421052632028e-01
8.161052631578947780e-01
8.204210526315789398e-01
8.248947368421052362e-01
8.315263157894736690e-01
8.190526315789473655e-01
8.192631578947368043e-01
8.304210526315789487e-01
8.299473684210526558e-01
8.341578947368420982e-01
8.265789473684210797e-01
8.305263157894736681e-01
8.185263157894736574e-01
8.109473684210526390e-01
7.997368421052631904e-01
8.177368421052632064e-01
8.019473684210526310e-01
8.229999999999999538e-01
8.273684210526315308e-01
8.318947368421052424e-01
8.361052631578946848e-01
8.246315789473683822e-01
8.332105263157895125e-01
8.300526315789473752e-01
8.295789473684210824e-01
8.259999999999999565e-01
8.179473684210526452e-01
8.167368421052632055e-01
8.277894736842105194e-01
8.126842105263157867e-01
8.121578947368420787e-01
8.363157894736842346e-01
8.332105263157895125e-01
8.282105263157895081e-01
8.313157894736842302e-01
8.321052631578947922e-01
8.108947368421052238e-01
8.302631578947368141e-01
8.204736842105263550e-01
8.176315789473683759e-01
8.066315789473683662e-01
8.266842105263157992e-01
8.260526315789473717e-01
8.304736842105263639e-01
8.386842105263158098e-01
8.324736842105263657e-01
8.386842105263158098e-01
8.289999999999999591e-01
8.424210526315789593e-01
8.425789473684210940e-01
8.353684210526315379e-01
8.259999999999999565e-01
8.458947368421052548e-01
8.448421052631579498e-01
8.399999999999999689e-01
8.300526315789473752e-01
8.436842105263158142e-01
8.365789473684210886e-01
8.234210526315789425e-01
8.259999999999999565e-01
8.231052631578947842e-01
8.244210526315789433e-01
8.265263157894736645e-01
8.324736842105263657e-01
8.372631578947368203e-01
8.454736842105262662e-01
8.342631578947368176e-01
8.352105263157895143e-01
8.450526315789473886e-01
8.313157894736842302e-01
8.253157894736842248e-01
8.254210526315789442e-01
8.091578947368420760e-01
8.286842105263158009e-01
8.373684210526315397e-01
8.415789473684210931e-01
8.347894736842105257e-01
8.295263157894736672e-01
8.332105263157895125e-01
8.296842105263158018e-01
8.174210526315789371e-01
8.155263157894736548e-01
8.385789473684210904e-01
8.228947368421052344e-01
8.332105263157895125e-01
8.156842105263157894e-01
8.298947368421052406e-01
8.425789473684210940e-01
8.288947368421052397e-01
8.414736842105262626e-01
8.288421052631579355e-01
8.378421052631579435e-01
8.439999999999999725e-01
8.284736842105263621e-01
8.380526315789473824e-01
8.505789473684211011e-01
8.323684210526315352e-01
8.332631578947368167e-01
8.142105263157894957e-01
8.432105263157895214e-01
8.394736842105262609e-01
8.439999999999999725e-01
8.431578947368421062e-01
8.290526315789473744e-01
8.351052631578946839e-01
8.441052631578946919e-01
8.326842105263158045e-01
8.455789473684210966e-01
8.358947368421052460e-01
8.449999999999999734e-01
8.361578947368421000e-01
8.483684210526315495e-01
8.511578947368421133e-01
8.461578947368421089e-01
8.390526315789473832e-01
8.439473684210526683e-01
8.418421052631579471e-01
8.490526315789473921e-01
8.454736842105262662e-01
8.492631578947368309e-01
8.507894736842105399e-01
8.505263157894736858e-01
8.496315789473684044e-01
8.429999999999999716e-01
8.520526315789473948e-01
8.378421052631579435e-01
8.403157894736842382e-01
8.426842105263158134e-01
8.442105263157895223e-01
8.298421052631579364e-01
8.356315789473683919e-01
8.474210526315789638e-01
8.457894736842105354e-01
8.549473684210526780e-01
8.560526315789473983e-01
8.554736842105262751e-01
8.375789473684210895e-01
8.483157894736842453e-01
8.515263157894736867e-01
8.473157894736842444e-01
8.533684210526315539e-01
8.437894736842105337e-01
8.573157894736842533e-01
8.436842105263158142e-01
8.457368421052631202e-01
8.527894736842105416e-01
8.542105263157894202e-01
8.528947368421052611e-01
8.464210526315789629e-01
8.345789473684210868e-01
8.462105263157895241e-01
8.564210526315789718e-01
8.503157894736842470e-01
8.529999999999999805e-01
8.268421052631579338e-01
8.472631578947368292e-01
8.514736842105262715e-01
8.578947368421052655e-01
8.527368421052631264e-01
8.549999999999999822e-01
8.401578947368421035e-01
8.472631578947368292e-01
8.511052631578946981e-01
8.579999999999999849e-01
8.522105263157894184e-01
8.514736842105262715e-01
8.541052631578947008e-01
8.613157894736842568e-01
8.606842105263158293e-01
8.573157894736842533e-01
8.447894736842105345e-01
8.578421052631578503e-01
8.310526315789473761e-01
8.494210526315789656e-01
8.217894736842105141e-01
8.489473684210526727e-01
8.417368421052631167e-01
8.566315789473684106e-01
8.563157894736842524e-01
8.575263157894736921e-01
8.584736842105262777e-01
8.588947368421052664e-01
8.555263157894736903e-01
8.598421052631578521e-01
8.618421052631578538e-01
8.613684210526315610e-01
8.376315789473683937e-01
8.545263157894736894e-01
8.572631578947368380e-01
8.588421052631578512e-01
8.589999999999999858e-01
8.478421052631578414e-01
8.603157894736842559e-01
8.630526315789474046e-01
8.659999999999999920e-01
8.391578947368421026e-01
8.678421052631578592e-01
8.648947368421052717e-01
8.554736842105262751e-01
8.598947368421052673e-01
8.625789473684210007e-01
8.633157894736842586e-01
8.502105263157895276e-01
8.598421052631578521e-01
8.534210526315789691e-01
8.632105263157894282e-01
8.609999999999999876e-01
8.402631578947368229e-01
8.579999999999999849e-01
8.604736842105262795e-01
8.595263157894736938e-01
8.623684210526315619e-01
8.673157894736842621e-01
8.681052631578947132e-01
8.583684210526315583e-01
8.311578947368420955e-01
8.516315789473684061e-01
8.619999999999999885e-01
8.664736842105262848e-01
8.462631578947368283e-01
8.674210526315789815e-01
8.554210526315789709e-01
8.532105263157894193e-01
8.671578947368421275e-01
8.500526315789473930e-01
8.651052631578947105e-01
8.603684210526315601e-01
8.663684210526315654e-01
8.653684210526315645e-01
8.675789473684210051e-01
8.608947368421052682e-01
8.640526315789474054e-01
8.643157894736842595e-01
8.694736842105262875e-01
8.689999999999999947e-01
8.547894736842105434e-01
8.641052631578947096e-01
8.666842105263158347e-01
8.702631578947368496e-01
8.562105263157894219e-01
8.695789473684210069e-01
8.401052631578946883e-01
8.684736842105262866e-01
8.417368421052631167e-01
8.557368421052631291e-01
8.584736842105262777e-01
8.595263157894736938e-01
8.711052631578947159e-01
8.733157894736841564e-01
8.663157894736842612e-01
8.748421052631578654e-01
8.582105263157894237e-01
8.549473684210526780e-01
8.606842105263158293e-01
8.706842105263158382e-01
8.689999999999999947e-01
8.704210526315789842e-01
8.757368421052631469e-01
8.694736842105262875e-01
8.704736842105262884e-01
8.701578947368421302e-01
8.552105263157894210e-01
8.684210526315789824e-01
8.659999999999999920e-01
8.665789473684210042e-01
8.624736842105262813e-01
8.395789473684210913e-01
8.537894736842105425e-01
8.648947368421052717e-01
8.681578947368421284e-01
8.588421052631578512e-01
8.588421052631578512e-01
8.689473684210525795e-01
8.409473684210526656e-01
8.704736842105262884e-01
8.695263157894737027e-01
8.628947368421052699e-01
8.434736842105262644e-01
8.606842105263158293e-01
8.644210526315789789e-01
8.670526315789474081e-01
8.585263157894736930e-01
8.615789473684209998e-01
8.657894736842105532e-01
8.759473684210525857e-01
8.618947368421052690e-01
8.650526315789474063e-01
8.202105263157895010e-01
8.485789473684210993e-01
8.606842105263158293e-01
8.563157894736842524e-01
8.412631578947368238e-01
8.636842105263158320e-01
8.773157894736841600e-01
8.765789473684210131e-01
8.699999999999999956e-01
8.741052631578947185e-01
8.682105263157894326e-01
8.735789473684210105e-01
8.770526315789474170e-01
8.662105263157894308e-01
8.718421052631578627e-01
8.753684210526315734e-01
8.732105263157894370e-01
8.741578947368421337e-01
8.778947368421052833e-01
8.824210526315789949e-01
8.777894736842105639e-01
8.599999999999999867e-01
8.724736842105262902e-01
8.659999999999999920e-01
8.782105263157894415e-01
8.597368421052631327e-01
8.734210526315789869e-01
8.805263157894737125e-01
8.729999999999999982e-01
8.721052631578947167e-01
8.762631578947368549e-01
8.704210526315789842e-01
8.622105263157894273e-01
8.675263157894737009e-01
8.797368421052631504e-01
8.745263157894737072e-01
8.772105263157894406e-01
8.584736842105262777e-01
8.688421052631578601e-01
8.729473684210525830e-01
8.786315789473684301e-01
8.567894736842105452e-01
8.725263157894737054e-01
8.539473684210526772e-01
8.527368421052631264e-01
8.731052631578947176e-01
8.734736842105262911e-01
8.850526315789473131e-01
8.857894736842105710e-01
8.656842105263158338e-01
8.779473684210525875e-01
8.652631578947368451e-01
8.657368421052631380e-01
8.696842105263158373e-01
8.734736842105262911e-01
8.621578947368421231e-01
8.778421052631578680e-01
8.864210526315789984e-01
8.807368421052631513e-01
8.768947368421052824e-01
8.747368421052631460e-01
8.829473684210525919e-01
8.766842105263158436e-01
8.662105263157894308e-01
8.782105263157894415e-01
8.773684210526315752e-01
8.766315789473684283e-01
8.716842105263158391e-01
8.790526315789474188e-01
8.738421052631578645e-01
8.582631578947368389e-01
8.741052631578947185e-01
8.730526315789474134e-01
8.647368421052631371e-01
8.745263157894737072e-01
8.788947368421052841e-01
8.687894736842105559e-01
8.741052631578947185e-01
8.767368421052631478e-01
8.774210526315789904e-01
8.764210526315789895e-01
8.790000000000000036e-01
8.774736842105262946e-01
8.771052631578947212e-01
8.825789473684210185e-01
8.850526315789473131e-01
8.837894736842105692e-01
8.800000000000000044e-01
8.725789473684210096e-01
8.635789473684210016e-01
8.662631578947368460e-01
8.533684210526315539e-01
