6.882392391562461853e-01
6.669565588235855103e-01
6.538159623742103577e-01
6.444615200161933899e-01
6.371992230415344238e-01
6.309174224734306335e-01
6.251536384224891663e-01
6.196304857730865479e-01
6.143684461712837219e-01
6.094638109207153320e-01
6.049278154969215393e-01
6.006537601351737976e-01
5.966539904475212097e-01
5.928918570280075073e-01
5.892761424183845520e-01
5.857606679201126099e-01
5.822229459881782532e-01
5.787488967180252075e-01
5.752972289919853210e-01
5.718410462141036987e-01
5.683092027902603149e-01
5.648245140910148621e-01
5.612307190895080566e-01
5.576625615358352661e-01
5.540188476443290710e-01
5.504407882690429688e-01
5.467976331710815430e-01
5.432098060846328735e-01
5.394252389669418335e-01
5.357856675982475281e-01
5.321279913187026978e-01
5.285746678709983826e-01
5.249266624450683594e-01
5.212495476007461548e-01
5.178010016679763794e-01
5.141915082931518555e-01
5.109706595540046692e-01
5.074252188205718994e-01
5.040141493082046509e-01
5.007353127002716064e-01
4.972681328654289246e-01
4.939620271325111389e-01
4.907937832176685333e-01
4.878014251589775085e-01
4.847702607512474060e-01
4.817783311009407043e-01
4.789981022477149963e-01
4.759856313467025757e-01
4.731732979416847229e-01
4.702329114079475403e-01
4.675668142735958099e-01
4.650073722004890442e-01
4.622673653066158295e-01
4.594972096383571625e-01
4.570191092789173126e-01
4.548303596675395966e-01
4.522783011198043823e-01
4.498180821537971497e-01
4.473272189497947693e-01
4.450161419808864594e-01
4.425735585391521454e-01
4.403607510030269623e-01
4.381616041064262390e-01
4.357202388346195221e-01
4.334133341908454895e-01
4.312354587018489838e-01
4.292849972844123840e-01
4.274930879473686218e-01
4.253003261983394623e-01
4.234516322612762451e-01
4.210485816001892090e-01
4.193622134625911713e-01
4.173373505473136902e-01
4.155431501567363739e-01
4.135640300810337067e-01
4.118134602904319763e-01
4.099927730858325958e-01
4.082773663103580475e-01
4.063954651355743408e-01
4.046190865337848663e-01
4.030050374567508698e-01
4.011769182980060577e-01
3.997962586581707001e-01
3.982855454087257385e-01
3.963155522942543030e-01
3.948466926813125610e-01
3.930034302175045013e-01
3.918387666344642639e-01
3.901454508304595947e-01
3.883768320083618164e-01
3.872225284576416016e-01
3.855749107897281647e-01
3.841227740049362183e-01
3.821888454258441925e-01
3.807441666722297668e-01
3.793676123023033142e-01
3.787015341222286224e-01
3.772313296794891357e-01
3.753810301423072815e-01
3.742624223232269287e-01
3.731186911463737488e-01
3.716738335788249969e-01
3.705144785344600677e-01
3.702869601547718048e-01
3.686358258128166199e-01
3.664708621799945831e-01
3.647903650999069214e-01
3.637418039143085480e-01
3.626292794942855835e-01
3.619807772338390350e-01
3.607402183115482330e-01
3.595428057014942169e-01
3.580419346690177917e-01
3.568901233375072479e-01
3.552893996238708496e-01
3.545533120632171631e-01
3.532694354653358459e-01
3.534666113555431366e-01
3.515800014138221741e-01
3.507841788232326508e-01
3.494375012814998627e-01
3.479983359575271606e-01
3.469064198434352875e-01
3.460463993251323700e-01
3.454133458435535431e-01
3.441851511597633362e-01
3.433566540479660034e-01
3.419266715645790100e-01
3.411437496542930603e-01
3.405596166849136353e-01
3.404722996056079865e-01
3.385250382125377655e-01
3.369352594017982483e-01
3.363152258098125458e-01
3.360288999974727631e-01
3.353227227926254272e-01
3.346083573997020721e-01
3.332480117678642273e-01
3.310772478580474854e-01
3.304520212113857269e-01
3.304499424993991852e-01
3.307777717709541321e-01
3.292313367128372192e-01
3.281312361359596252e-01
3.274019174277782440e-01
3.255335502326488495e-01
3.252904266119003296e-01
3.257907964289188385e-01
3.249465636909008026e-01
3.238595873117446899e-01
3.238021358847618103e-01
3.222914077341556549e-01
3.204114735126495361e-01
3.196360208094120026e-01
3.191246241331100464e-01
3.190143257379531860e-01
3.183971904218196869e-01
3.162482269108295441e-01
3.159255683422088623e-01
3.155319616198539734e-01
3.146103918552398682e-01
3.142802752554416656e-01
3.136528432369232178e-01
3.129365891218185425e-01
3.112599179148674011e-01
3.106116913259029388e-01
3.098178692162036896e-01
3.095418997108936310e-01
3.087772987782955170e-01
3.083176091313362122e-01
3.073624037206172943e-01
3.077013045549392700e-01
3.071758896112442017e-01
3.058604523539543152e-01
3.048141486942768097e-01
3.038983643054962158e-01
3.033125549554824829e-01
3.025087043642997742e-01
3.024814501404762268e-01
3.020121753215789795e-01
3.008608594536781311e-01
3.009116239845752716e-01
2.999639362096786499e-01
3.005192503333091736e-01
3.006007671356201172e-01
2.993761338293552399e-01
2.988896705210208893e-01
2.993731871247291565e-01
2.993614263832569122e-01
2.975285537540912628e-01
2.955904603004455566e-01
2.950349561870098114e-01
2.942364215850830078e-01
2.951459474861621857e-01
2.955317795276641846e-01
2.928404733538627625e-01
2.913462892174720764e-01
2.914385683834552765e-01
2.910533472895622253e-01
2.904091961681842804e-01
2.896922342479228973e-01
2.892097570002079010e-01
2.889626212418079376e-01
2.885791286826133728e-01
2.884108498692512512e-01
2.874039523303508759e-01
2.869988977909088135e-01
2.859067581593990326e-01
2.863249816000461578e-01
2.863117866218090057e-01
2.859031334519386292e-01
2.865265794098377228e-01
2.863212488591670990e-01
2.854614481329917908e-01
2.843582406640052795e-01
2.829224951565265656e-01
2.822682857513427734e-01
2.809002771973609924e-01
2.825013883411884308e-01
2.826553620398044586e-01
2.816526405513286591e-01
2.807559669017791748e-01
2.814644277095794678e-01
2.802308425307273865e-01
2.782299481332302094e-01
2.785810492932796478e-01
2.780483700335025787e-01
2.775495089590549469e-01
2.767155766487121582e-01
2.768505178391933441e-01
2.769528813660144806e-01
2.757038101553916931e-01
2.759331054985523224e-01
2.752971351146697998e-01
2.743884250521659851e-01
2.736435532569885254e-01
2.737200111150741577e-01
2.736320532858371735e-01
2.725629843771457672e-01
2.746276892721652985e-01
2.756783440709114075e-01
2.733524963259696960e-01
2.715683281421661377e-01
2.714372016489505768e-01
2.715733237564563751e-01
2.695792987942695618e-01
2.696110047399997711e-01
2.703015357255935669e-01
2.699585109949111938e-01
2.687078900635242462e-01
2.678998783230781555e-01
2.685011141002178192e-01
2.679305039346218109e-01
2.685241252183914185e-01
2.674403078854084015e-01
2.663137950003147125e-01
2.663975991308689117e-01
2.661452144384384155e-01
2.654892429709434509e-01
2.655708417296409607e-01
2.654687389731407166e-01
2.650933675467967987e-01
2.646688558161258698e-01
2.646985016763210297e-01
2.662568911910057068e-01
2.645104341208934784e-01
2.632845081388950348e-01
2.627916894853115082e-01
2.619864530861377716e-01
2.616958171129226685e-01
2.614332288503646851e-01
2.615942135453224182e-01
2.612892091274261475e-01
2.611809372901916504e-01
2.621338367462158203e-01
2.600021734833717346e-01
2.584837637841701508e-01
2.591368481516838074e-01
2.584100663661956787e-01
2.586921304464340210e-01
2.586379125714302063e-01
2.600183524191379547e-01
2.591786272823810577e-01
2.575951330363750458e-01
2.570736818015575409e-01
2.561861351132392883e-01
2.558481581509113312e-01
2.556047961115837097e-01
2.553071491420269012e-01
2.558880858123302460e-01
2.554706707596778870e-01
2.555741742253303528e-01
2.551653645932674408e-01
2.535018511116504669e-01
2.532806172966957092e-01
2.540078461170196533e-01
2.538611814379692078e-01
2.536410950124263763e-01
2.542445287108421326e-01
2.528743147850036621e-01
2.532430924475193024e-01
2.524114064872264862e-01
2.521942630410194397e-01
2.537604495882987976e-01
2.541890330612659454e-01
2.526463586837053299e-01
2.509118486195802689e-01
2.505206931382417679e-01
2.497590836137533188e-01
2.505781613290309906e-01
2.490540426224470139e-01
2.488209847360849380e-01
2.491110749542713165e-01
2.490211166441440582e-01
2.479835022240877151e-01
2.469754926860332489e-01
2.479279879480600357e-01
2.469680178910493851e-01
2.457097079604864120e-01
2.456616815179586411e-01
2.466463446617126465e-01
2.477640900760889053e-01
2.474898044019937515e-01
2.471739035099744797e-01
2.458387743681669235e-01
2.462079059332609177e-01
2.462145723402500153e-01
2.475629821419715881e-01
2.458035610616207123e-01
2.441260591149330139e-01
2.442832496017217636e-01
2.446903027594089508e-01
2.432567644864320755e-01
2.438283190131187439e-01
2.445765994489192963e-01
2.450971957296133041e-01
2.482222318649291992e-01
2.457346450537443161e-01
2.442258875817060471e-01
2.441102210432291031e-01
2.428470756858587265e-01
2.423569336533546448e-01
2.436978295445442200e-01
2.419158834964036942e-01
2.404716517776250839e-01
2.415650337934494019e-01
2.405228037387132645e-01
2.398136742413043976e-01
2.409108765423297882e-01
2.410104442387819290e-01
2.395957112312316895e-01
2.392718847841024399e-01
2.385003790259361267e-01
2.392490357160568237e-01
2.396902795881032944e-01
2.403791788965463638e-01
2.398709654808044434e-01
2.392431981861591339e-01
2.383950278162956238e-01
2.376675549894571304e-01
2.366035319864749908e-01
2.385831177234649658e-01
2.392224911600351334e-01
2.379953861236572266e-01
2.365026865154504776e-01
2.384654041379690170e-01
2.366924416273832321e-01
2.361806854605674744e-01
2.356527037918567657e-01
2.365764603018760681e-01
2.362694162875413895e-01
2.350947577506303787e-01
2.344333138316869736e-01
2.336839511990547180e-01
2.345786150544881821e-01
2.356150429695844650e-01
2.380182892084121704e-01
2.363262232393026352e-01
2.341887243092060089e-01
2.352990061044692993e-01
2.336110174655914307e-01
2.334821298718452454e-01
2.345384508371353149e-01
2.343097832053899765e-01
2.347653806209564209e-01
2.330382149666547775e-01
2.334353122860193253e-01
2.329033501446247101e-01
2.325598224997520447e-01
2.321674600243568420e-01
2.323728203773498535e-01
2.314776424318552017e-01
2.308437973260879517e-01
2.313188035041093826e-01
2.305057626217603683e-01
2.307658474892377853e-01
2.299134749919176102e-01
2.284473702311515808e-01
2.283221501857042313e-01
2.303283344954252243e-01
2.310912720859050751e-01
2.311668470501899719e-01
2.295836396515369415e-01
2.297978606075048447e-01
2.282463721930980682e-01
2.296374738216400146e-01
2.281616758555173874e-01
2.279554586857557297e-01
2.270595859736204147e-01
2.273469250649213791e-01
2.289067488163709641e-01
2.267991211265325546e-01
2.274617832154035568e-01
2.271585613489151001e-01
2.271470576524734497e-01
2.266905568540096283e-01
2.259706240147352219e-01
2.261770013719797134e-01
2.255946695804595947e-01
2.254205215722322464e-01
2.259733788669109344e-01
2.255921065807342529e-01
2.250843681395053864e-01
2.260466329753398895e-01
2.264073006808757782e-01
2.265623919665813446e-01
2.262100204825401306e-01
2.244729343801736832e-01
2.253988459706306458e-01
2.241345550864934921e-01
2.258762232959270477e-01
2.268108595162630081e-01
2.244439441710710526e-01
2.238443195819854736e-01
2.246734481304883957e-01
2.234344072639942169e-01
2.286976892501115799e-01
2.272161822766065598e-01
2.257497590035200119e-01
2.242588698863983154e-01
2.225561626255512238e-01
2.227315325289964676e-01
2.236266452819108963e-01
2.225761525332927704e-01
2.217804472893476486e-01
2.246007360517978668e-01
2.235321886837482452e-01
2.225103471428155899e-01
2.214134112000465393e-01
2.204684372991323471e-01
2.205092385411262512e-01
2.221950571984052658e-01
2.221754565834999084e-01
2.214440144598484039e-01
2.210846375674009323e-01
2.216068767011165619e-01
2.220477145165205002e-01
2.205850183963775635e-01
2.222296260297298431e-01
2.212462294846773148e-01
2.203243412077426910e-01
2.188362367451190948e-01
2.181494571268558502e-01
2.192114461213350296e-01
2.191533409059047699e-01
2.194430306553840637e-01
2.187464665621519089e-01
2.197129558771848679e-01
2.190239764750003815e-01
2.179664447903633118e-01
2.176521737128496170e-01
2.197792902588844299e-01
2.178230546414852142e-01
2.168726958334445953e-01
2.172933034598827362e-01
2.182311918586492538e-01
2.177424039691686630e-01
2.171221189200878143e-01
2.174995280802249908e-01
2.171691749244928360e-01
2.165532335638999939e-01
2.175051979720592499e-01
2.166354302316904068e-01
2.174758333712816238e-01
2.171206232160329819e-01
2.153873983770608902e-01
2.166794165968894958e-01
2.162761241197586060e-01
2.164488006383180618e-01
2.137310914695262909e-01
2.154669705778360367e-01
2.157529406249523163e-01
2.138216570019721985e-01
2.136196848005056381e-01
2.139505296945571899e-01
2.136677540838718414e-01
2.139802202582359314e-01
2.150239590555429459e-01
2.167721502482891083e-01
2.145697865635156631e-01
2.145916409790515900e-01
2.134150508791208267e-01
2.139945346862077713e-01
2.147864252328872681e-01
2.151066567748785019e-01
2.138663846999406815e-01
2.131686881184577942e-01
2.120199631899595261e-01
2.126574069261550903e-01
2.134017422795295715e-01
2.125091012567281723e-01
2.129058931022882462e-01
2.127740718424320221e-01
2.126207090914249420e-01
2.135333605110645294e-01
2.122839037328958511e-01
2.115017026662826538e-01
2.109936717897653580e-01
2.113677524030208588e-01
2.105531711131334305e-01
2.118434719741344452e-01
2.121843099594116211e-01
2.107016034424304962e-01
2.108446415513753891e-01
2.109830733388662338e-01
2.104990277439355850e-01
2.121027410030364990e-01
2.106565125286579132e-01
2.106919977813959122e-01
2.109960094094276428e-01
2.100900039076805115e-01
2.105910405516624451e-01
2.097559422254562378e-01
2.102343719452619553e-01
2.115388214588165283e-01
2.099744714796543121e-01
2.091053184121847153e-01
2.078547924757003784e-01
2.088361084461212158e-01
2.095739040523767471e-01
2.117575369775295258e-01
2.089326363056898117e-01
2.085992023348808289e-01
2.096625827252864838e-01
2.089399769902229309e-01
2.085287943482398987e-01
2.099311333149671555e-01
2.126255799084901810e-01
2.077823132276535034e-01
2.077567819505929947e-01
2.074723634868860245e-01
2.074856664985418320e-01
2.074165549129247665e-01
2.087455783039331436e-01
2.082033213227987289e-01
2.096228040754795074e-01
2.149690855294466019e-01
2.097664568573236465e-01
2.106984220445156097e-01
2.087185289710760117e-01
2.074575629085302353e-01
2.073767911642789841e-01
2.073370404541492462e-01
2.076854947954416275e-01
2.063120380043983459e-01
2.072501480579376221e-01
2.077346164733171463e-01
2.061299011111259460e-01
2.074693776667118073e-01
2.089582178741693497e-01
2.063427623361349106e-01
2.049061488360166550e-01
2.053645979613065720e-01
2.060180660337209702e-01
2.048365548253059387e-01
2.049198616296052933e-01
2.055677622556686401e-01
2.051674425601959229e-01
2.043202426284551620e-01
2.083042133599519730e-01
2.074677012860774994e-01
2.067186664789915085e-01
2.066586650907993317e-01
2.048316448926925659e-01
2.036015614867210388e-01
2.030826974660158157e-01
2.035698518157005310e-01
2.029784601181745529e-01
2.028935439884662628e-01
2.036332786083221436e-01
2.036671750247478485e-01
2.028643079102039337e-01
2.042886540293693542e-01
2.041679732501506805e-01
2.037860974669456482e-01
2.051213271915912628e-01
2.038777228444814682e-01
2.033890970051288605e-01
2.029626779258251190e-01
2.026200797408819199e-01
2.036574967205524445e-01
2.031489480286836624e-01
2.036090642213821411e-01
2.030835580080747604e-01
2.019388154149055481e-01
2.019916214048862457e-01
2.021807227283716202e-01
2.019747998565435410e-01
2.013073805719614029e-01
2.018058132380247116e-01
2.043491173535585403e-01
2.028128914535045624e-01
2.021892052143812180e-01
2.010183408856391907e-01
2.014328707009553909e-01
2.007168289273977280e-01
1.990145109593868256e-01
1.996898185461759567e-01
2.001655511558055878e-01
2.050212789326906204e-01
2.029652390629053116e-01
2.015466056764125824e-01
2.015212383121252060e-01
2.008276768028736115e-01
1.997744645923376083e-01
1.991187315434217453e-01
1.992728151381015778e-01
1.992661468684673309e-01
2.011256758123636246e-01
2.029424738138914108e-01
2.007242552936077118e-01
1.997659523040056229e-01
1.994248349219560623e-01
2.003820016980171204e-01
2.021304536610841751e-01
2.012222651392221451e-01
1.991824507713317871e-01
2.002780362963676453e-01
2.000869307667016983e-01
1.989002246409654617e-01
1.977993398904800415e-01
1.985272541642189026e-01
1.990174390375614166e-01
1.980948019772768021e-01
1.999641936272382736e-01
1.982790250331163406e-01
1.983645558357238770e-01
1.977966465055942535e-01
1.974259838461875916e-01
1.973776817321777344e-01
1.972568873316049576e-01
1.982206907123327255e-01
1.975884344428777695e-01
1.978274583816528320e-01
1.983756981790065765e-01
1.985014397650957108e-01
1.975971516221761703e-01
1.989042982459068298e-01
1.962727829813957214e-01
1.968613117933273315e-01
1.979719419032335281e-01
1.973945591598749161e-01
1.971840448677539825e-01
1.979643143713474274e-01
2.003450170159339905e-01
1.999416835606098175e-01
1.976632792502641678e-01
1.958907637745141983e-01
1.956161037087440491e-01
1.959528811275959015e-01
1.957034785300493240e-01
1.948790829628705978e-01
1.959834713488817215e-01
1.963003315031528473e-01
1.961679998785257339e-01
1.958540268242359161e-01
1.956750396639108658e-01
1.946354005485773087e-01
1.941761523485183716e-01
1.955130454152822495e-01
1.956691555678844452e-01
1.956499479711055756e-01
1.952631510794162750e-01
1.944566890597343445e-01
1.955494582653045654e-01
1.948473490774631500e-01
1.951525099575519562e-01
1.964408718049526215e-01
1.962721850723028183e-01
1.957244724035263062e-01
1.971339490264654160e-01
1.939849834889173508e-01
1.939569264650344849e-01
1.938307173550128937e-01
1.937213018536567688e-01
1.948251631110906601e-01
1.940360423177480698e-01
1.962836645543575287e-01
1.947292350232601166e-01
1.944369170814752579e-01
1.935652960091829300e-01
1.929622534662485123e-01
1.942681670188903809e-01
1.944636069238185883e-01
1.935525517910718918e-01
1.947287227958440781e-01
1.927928924560546875e-01
1.930832229554653168e-01
1.939954441040754318e-01
1.933191269636154175e-01
1.941261906176805496e-01
1.924914605915546417e-01
1.921550873667001724e-01
1.932873092591762543e-01
1.931878793984651566e-01
1.931422986090183258e-01
1.935313288122415543e-01
1.930877324193716049e-01
1.919301133602857590e-01
1.926171239465475082e-01
1.922395043075084686e-01
1.933708935976028442e-01
1.932340860366821289e-01
1.928345356136560440e-01
1.928139328956604004e-01
1.923425849527120590e-01
1.922000553458929062e-01
1.937649548053741455e-01
1.912074834108352661e-01
1.908736787736415863e-01
1.912682112306356430e-01
1.919566579163074493e-01
1.900068614631891251e-01
1.907846666872501373e-01
1.921568159013986588e-01
1.915187034755945206e-01
1.909194849431514740e-01
1.928330007940530777e-01
1.944982837885618210e-01
1.930574681609869003e-01
1.920291688293218613e-01
1.920167021453380585e-01
1.924135740846395493e-01
1.929743159562349319e-01
1.942762173712253571e-01
1.914026774466037750e-01
1.908111255615949631e-01
1.905364841222763062e-01
1.894147377461194992e-01
1.919504534453153610e-01
1.904296353459358215e-01
1.891550216823816299e-01
1.894843522459268570e-01
1.882870979607105255e-01
1.889650169759988785e-01
1.925467476248741150e-01
1.913444306701421738e-01
1.913511324673891068e-01
1.897975318133831024e-01
1.898818835616111755e-01
1.896662805229425430e-01
1.895890254527330399e-01
1.907374504953622818e-01
1.893860921263694763e-01
1.895886901766061783e-01
1.891792807728052139e-01
1.891829203814268112e-01
1.895676795393228531e-01
1.898819711059331894e-01
1.894898619502782822e-01
1.882370002567768097e-01
1.875035110861063004e-01
1.884239185601472855e-01
1.907083131372928619e-01
1.914493180811405182e-01
1.900186203420162201e-01
1.894974429160356522e-01
1.892916839569807053e-01
1.876493580639362335e-01
1.873326376080513000e-01
1.885891985148191452e-01
1.904110983014106750e-01
1.895935833454132080e-01
1.894323062151670456e-01
1.884304396808147430e-01
1.887973789125680923e-01
1.880144588649272919e-01
1.879302989691495895e-01
1.914677731692790985e-01
1.881329789757728577e-01
1.877370011061429977e-01
1.886758189648389816e-01
1.875506695359945297e-01
1.867006700485944748e-01
1.891800053417682648e-01
1.887745019048452377e-01
1.893171407282352448e-01
1.884077601134777069e-01
1.883407831192016602e-01
1.882569175213575363e-01
1.868478022515773773e-01
1.867317408323287964e-01
1.871247608214616776e-01
1.880884524434804916e-01
1.892969645559787750e-01
1.877479590475559235e-01
1.864746883511543274e-01
1.858065165579319000e-01
1.852248255163431168e-01
1.860952619463205338e-01
1.869477946311235428e-01
1.859538126736879349e-01
1.855595856904983521e-01
1.856899745762348175e-01
1.850027535110712051e-01
1.845453437417745590e-01
1.851020902395248413e-01
1.852772124111652374e-01
1.866040099412202835e-01
1.851485557854175568e-01
1.856615487486124039e-01
1.853560674935579300e-01
1.847425848245620728e-01
1.855986285954713821e-01
1.842323597520589828e-01
1.843188833445310593e-01
1.855160985141992569e-01
1.854317020624876022e-01
1.847243271768093109e-01
1.843051575124263763e-01
1.827886104583740234e-01
1.853753402829170227e-01
1.846804115921258926e-01
1.860387083142995834e-01
1.865900978446006775e-01
1.865212358534336090e-01
1.865288354456424713e-01
1.855410933494567871e-01
1.850040312856435776e-01
1.847525481134653091e-01
1.838083527982234955e-01
1.839875932782888412e-01
1.847713701426982880e-01
1.834917124360799789e-01
1.850889939814805984e-01
1.851599644869565964e-01
1.838342137634754181e-01
1.829181667417287827e-01
1.830322723835706711e-01
1.830469667911529541e-01
1.839051116257905960e-01
1.843453850597143173e-01
1.844106055796146393e-01
1.826979517936706543e-01
1.842320207506418228e-01
1.840129550546407700e-01
1.840830892324447632e-01
1.839433088898658752e-01
1.842543538659811020e-01
1.849225405603647232e-01
1.865926161408424377e-01
1.832635328173637390e-01
1.821469720453023911e-01
1.829931400716304779e-01
1.861919146031141281e-01
1.841208897531032562e-01
1.827715430408716202e-01
1.837081201374530792e-01
1.838248353451490402e-01
1.823261994868516922e-01
1.822570022195577621e-01
1.829625610262155533e-01
1.832661814987659454e-01
1.823497656732797623e-01
1.823031716048717499e-01
1.835545692592859268e-01
1.843820102512836456e-01
1.830371115356683731e-01
1.828467082232236862e-01
1.824179980903863907e-01
1.821079608052968979e-01
1.828499287366867065e-01
1.808754224330186844e-01
1.819385364651679993e-01
1.817703209817409515e-01
1.836816109716892242e-01
1.827728375792503357e-01
1.812575254589319229e-01
1.815815046429634094e-01
1.816969476640224457e-01
1.822246033698320389e-01
1.864659581333398819e-01
1.866166926920413971e-01
1.864445358514785767e-01
1.858190037310123444e-01
1.825163159519433975e-01
1.816927585750818253e-01
1.815231107175350189e-01
1.803304962813854218e-01
1.805618237704038620e-01
1.805837210267782211e-01
1.815397050231695175e-01
1.798702813684940338e-01
1.812866684049367905e-01
1.808336284011602402e-01
1.795674022287130356e-01
1.809634305536746979e-01
1.813351921737194061e-01
1.822163686156272888e-01
1.829820722341537476e-01
1.811798512935638428e-01
1.811864580959081650e-01
1.798062920570373535e-01
1.809526737779378891e-01
1.813128739595413208e-01
1.815676037222146988e-01
1.813918165862560272e-01
1.810484118759632111e-01
1.809727642685174942e-01
1.815442331135272980e-01
1.829117927700281143e-01
1.810610331594944000e-01
1.805714052170515060e-01
1.799520347267389297e-01
1.813101153820753098e-01
1.803874727338552475e-01
1.805119775235652924e-01
1.811870187520980835e-01
1.796386092901229858e-01
1.805156320333480835e-01
1.802161093801259995e-01
1.790942195802927017e-01
1.791176609694957733e-01
1.812222376465797424e-01
1.801963560283184052e-01
1.782203819602727890e-01
1.781001277267932892e-01
1.785635501146316528e-01
1.784963961690664291e-01
1.792509071528911591e-01
1.797248143702745438e-01
1.793280001729726791e-01
1.786165647208690643e-01
1.789735071361064911e-01
1.789441611617803574e-01
1.785336043685674667e-01
1.801478844135999680e-01
1.792604625225067139e-01
1.789508666843175888e-01
1.803838480263948441e-01
1.787667348980903625e-01
1.786497607827186584e-01
1.772384755313396454e-01
1.763722319155931473e-01
1.774454731494188309e-01
1.783673446625471115e-01
1.791756823658943176e-01
1.781023666262626648e-01
1.796906813979148865e-01
1.805982477962970734e-01
1.797869373112916946e-01
1.786658409982919693e-01
1.777155622839927673e-01
1.787618994712829590e-01
1.785464938730001450e-01
1.800214778631925583e-01
1.800562348216772079e-01
1.791608259081840515e-01
1.780526898801326752e-01
1.760868281126022339e-01
1.768539994955062866e-01
1.771913561969995499e-01
1.767366118729114532e-01
1.762435380369424820e-01
1.781753171235322952e-01
1.777312196791172028e-01
1.798467524349689484e-01
1.778964214026927948e-01
1.800855621695518494e-01
1.784197427332401276e-01
1.779242064803838730e-01
1.791313830763101578e-01
1.772032119333744049e-01
1.771682165563106537e-01
1.772301159799098969e-01
1.771803647279739380e-01
1.761193200945854187e-01
1.768542509526014328e-01
1.764516234397888184e-01
1.766402479261159897e-01
1.783829983323812485e-01
1.777621470391750336e-01
1.769704595208168030e-01
1.775940712541341782e-01
1.780429612845182419e-01
1.777814831584692001e-01
1.781271174550056458e-01
1.792219895869493484e-01
1.778120975941419601e-01
1.756446622312068939e-01
1.763413120061159134e-01
