8.582452952861785445e-01
6.521950125694274680e-01
5.330045685172081216e-01
4.573812276124954446e-01
4.131816074252128712e-01
3.858150169253349304e-01
3.683385491371155007e-01
3.552343323826789856e-01
3.453841656446456909e-01
3.362942412495613098e-01
3.287042289972305076e-01
3.215692207217216714e-01
3.170510545372963174e-01
3.103683710098266713e-01
3.039127305150032266e-01
2.989942774176597706e-01
2.941313207149505726e-01
2.890649169683456310e-01
2.834964960813522450e-01
2.803638994693756215e-01
2.758330941200256570e-01
2.697377994656562916e-01
2.668429784476756828e-01
2.640136219561100006e-01
2.578962773084640392e-01
2.551331117749214283e-01
2.517315670847892761e-01
2.469047151505947002e-01
2.439293190836906433e-01
2.414594046771526281e-01
2.364879012107849177e-01
2.334586068987846430e-01
2.306289225816726685e-01
2.287346564233302959e-01
2.266575112938880865e-01
2.212412603199482020e-01
2.173622339963912908e-01
2.150230400264263042e-01
2.125197410583496149e-01
2.109350048005581013e-01
2.077241025865078083e-01
2.043556340038776287e-01
2.011293694376945496e-01
1.994866855442523901e-01
1.960333399474620819e-01
1.939011126756668146e-01
1.904789723455905803e-01
1.873756758868694305e-01
1.844633474946021923e-01
1.826746530830860027e-01
1.818743981420993805e-01
1.772875592112541088e-01
1.765310645103454479e-01
1.718909136950969585e-01
1.701863020658493098e-01
1.682259790599346105e-01
1.666377142071723827e-01
1.646103151142597198e-01
1.616552598774433080e-01
1.615566574037075043e-01
1.587946370244026073e-01
1.566878519952297211e-01
1.554251745343208368e-01
1.553546875715255682e-01
1.527835708111524582e-01
1.487896662205457632e-01
1.447612173855304663e-01
1.435763657093048207e-01
1.431808702647686116e-01
1.400702230632305256e-01
1.387088663876056560e-01
1.362051706761121805e-01
1.362962849438190405e-01
1.327502079308033045e-01
1.316931612789630779e-01
1.331408575177192577e-01
1.283159762620925959e-01
1.269540023058652878e-01
1.253596104681491963e-01
1.234439853578805923e-01
1.206674724817276001e-01
1.199631646275520352e-01
1.179488450288772583e-01
1.152048356831073816e-01
1.184693880379199954e-01
1.147859606891870471e-01
1.117041613906621933e-01
1.100088834762573270e-01
1.104071024805307333e-01
1.111090190708637210e-01
1.065324317663907949e-01
1.073271304368972751e-01
1.056803159415721921e-01
1.015456642955541583e-01
1.024776812642812784e-01
9.890017732977866849e-02
9.713281095027923029e-02
9.995277337729931155e-02
9.747071824967860898e-02
9.539952464401721399e-02
9.292023554444313327e-02
9.302604533731936853e-02
9.098076820373535156e-02
9.111822098493575772e-02
8.796997778117657263e-02
8.640998341143131534e-02
8.718521259725094119e-02
8.332753404974937994e-02
8.529293015599251349e-02
8.435375243425369263e-02
8.410993479192256650e-02
8.301614895462990085e-02
8.304942734539508264e-02
7.901211231946944635e-02
7.915919087827205658e-02
7.800192013382911682e-02
7.529161255806685049e-02
7.439568340778350553e-02
7.442591842263937552e-02
7.631943188607692719e-02
7.681402713060378473e-02
7.261823508888483325e-02
7.244435548782349188e-02
7.039434351027011594e-02
7.036997675895691196e-02
6.938530988991260806e-02
7.007152959704399109e-02
6.836688779294490537e-02
6.745683439075947363e-02
6.658013947308064062e-02
6.548459418117999475e-02
6.653573010116815845e-02
6.396260708570480902e-02
6.577772647142410278e-02
6.427262127399444025e-02
6.325744949281215945e-02
6.201318595558404784e-02
6.180375870317220827e-02
5.977903641760349412e-02
5.792810115963220596e-02
5.800777301192283630e-02
5.856255088001489917e-02
5.821033120155334750e-02
5.697780344635248323e-02
5.526666473597287993e-02
5.242187548428774158e-02
5.467282347381115237e-02
5.186699237674474716e-02
5.300771072506904602e-02
5.296259745955467224e-02
5.239176601171493391e-02
5.022583175450563708e-02
5.283427368849515776e-02
5.118929836899042268e-02
5.070662461221218248e-02
5.206532012671231946e-02
4.901731126010418216e-02
4.845799282193184038e-02
5.002389010041952133e-02
4.614517930895090103e-02
4.583687316626310071e-02
4.442075639963150024e-02
4.200016772374511043e-02
4.204929489642381807e-02
4.455464277416467528e-02
4.348011333495378772e-02
4.207762330770492554e-02
4.178061448037624637e-02
4.026004672050476074e-02
4.201927743852138658e-02
4.316210616379976411e-02
4.245658498257398605e-02
3.953259233385324201e-02
3.896020585671067238e-02
3.965320028364658494e-02
4.130054991692304334e-02
3.793686954304575920e-02
3.596797576174139838e-02
3.610099703073501448e-02
3.625364955514669141e-02
3.640887578949332515e-02
3.939199615269899091e-02
3.880677288398146768e-02
3.541893716901541034e-02
3.371128672733902931e-02
3.587114643305540362e-02
3.370671393349766731e-02
3.246122961863875250e-02
3.169096605852246562e-02
3.304995838552713533e-02
3.337708758190274100e-02
3.208363438025117059e-02
3.319977102801204005e-02
3.042572038248181343e-02
2.857474945485592027e-02
3.024036455899476936e-02
3.151284353807568689e-02
3.261875472962856570e-02
3.057743432000279565e-02
3.091480992734432082e-02
2.839174652472138335e-02
2.939044712111353944e-02
3.294291710481047492e-02
2.956002578139305115e-02
2.693072305992245605e-02
2.730464506894349913e-02
2.606715364381671091e-02
2.927762633189558844e-02
2.846341924741864135e-02
3.158082598820328990e-02
2.985967965796589713e-02
2.754566278308629920e-02
2.493012091144919395e-02
2.625810625031590323e-02
2.726308470591902802e-02
2.660524705424904823e-02
2.498502600938081603e-02
2.688193358480930190e-02
2.514960551634430955e-02
2.387570766732096533e-02
2.439842298626899650e-02
2.525164298713207175e-02
2.271760161966085434e-02
2.233789106830954413e-02
2.306414232589304447e-02
2.262222142890095780e-02
2.356530046090483596e-02
2.222307100892067025e-02
1.974412966519594262e-02
2.194060049951076369e-02
2.271083379164338251e-02
2.316692750900983810e-02
2.219719793647527764e-02
2.202732115983963013e-02
2.027275520376860957e-02
2.172751785255968432e-02
1.971156904473900934e-02
2.218138421885669162e-02
2.105549192056059907e-02
1.835953695699572494e-02
1.807929780334234168e-02
1.923813759349286487e-02
1.919665778987109800e-02
2.154318620450794766e-02
1.757491510361432890e-02
1.778970248997211595e-02
1.788425152190029760e-02
1.711628199554979940e-02
2.119985357858240535e-02
2.167602023109793663e-02
2.241573496721684794e-02
1.839129426516592641e-02
1.704187323339283536e-02
1.749199610203504632e-02
1.538211354054510628e-02
1.629623952321708133e-02
1.761672673746943543e-02
1.786187328398227553e-02
1.938346540555357933e-02
1.732525150291621546e-02
1.739874281920492788e-02
1.896291929297149251e-02
1.707096043974161079e-02
1.543175028637051513e-02
1.547135123983025586e-02
1.567160990089178085e-02
1.796888601966202190e-02
1.849968042224645753e-02
1.606803527101874352e-02
1.912434524856507917e-02
1.541893896646797692e-02
1.640397049486637046e-02
1.392751131206750904e-02
1.457397378981113364e-02
1.381094953976571595e-02
1.446627890691161086e-02
1.345454952679574559e-02
1.570496382191777229e-02
1.361739151179790566e-02
1.302453889511525666e-02
1.097881286405026982e-02
1.137568117119371926e-02
1.389128156006336212e-02
1.440343009307980607e-02
1.506739901378750801e-02
1.468750326894223759e-02
1.396661791950464318e-02
1.422957098111510277e-02
1.308433394879102672e-02
1.243659071624278988e-02
1.187610551714897086e-02
1.230700165033340489e-02
1.303181867115199566e-02
1.298683038912713458e-02
1.206796369515359367e-02
1.132364992517977988e-02
1.423261789605021442e-02
1.338627694640308688e-02
1.459907782264053752e-02
1.268003117293119500e-02
1.068428112193942070e-02
1.147758276201784645e-02
1.185797592625021865e-02
1.246207957156002591e-02
1.230225586332380806e-02
1.075934735126793385e-02
1.088642736431211233e-02
1.056079077534377575e-02
1.070410874672234058e-02
1.043043087702244520e-02
9.459414379671215664e-03
8.762272889725863934e-03
1.027073687873780727e-02
9.615280013531447151e-03
1.065957092214375734e-02
1.000500043155625428e-02
1.088445889763534069e-02
1.000180027913302218e-02
1.042019727174192667e-02
9.684717119671403668e-03
1.106650759465992520e-02
1.078767266590148141e-02
1.407244820147752692e-02
1.142485472373664344e-02
1.083951673936098779e-02
9.372398117557167660e-03
8.520606765523552548e-03
8.161314111202955940e-03
7.664657640270888458e-03
7.470957958139479507e-03
1.246274842415004934e-02
1.133939723949879338e-02
1.282104107085615431e-02
1.273310557007789612e-02
1.223012823611497810e-02
1.209512266796082189e-02
1.214142988901585271e-02
1.256258876528590883e-02
1.010046298615634511e-02
1.120363730005919864e-02
1.043355504516512225e-02
8.380145393311977040e-03
8.713165717199444077e-03
9.709680033847690322e-03
1.112765276338905165e-02
8.257572050206362854e-03
7.205690396949649204e-03
6.672314368188381195e-03
6.602284230757505049e-03
8.473911322653293610e-03
7.385228597559034998e-03
7.729012821801006967e-03
7.159527228213846857e-03
7.105049025267362421e-03
7.850045175291597149e-03
1.035642889328300918e-02
9.016728377901017666e-03
9.545567817986011852e-03
8.491199929267168045e-03
8.167512691579758774e-03
9.188113186974078070e-03
1.024983357638120651e-02
8.691703109070659031e-03
7.056395115796476603e-03
7.646834291517734354e-03
6.853347388096153389e-03
7.056029024533927094e-03
8.264537237118929278e-03
8.451116085052490928e-03
6.626362795941531658e-03
6.623606570065021862e-03
6.678554369136691440e-03
6.835398986004293312e-03
7.265216601081192320e-03
7.850990619044751623e-03
6.738978042267263109e-03
6.241527816746384252e-03
5.858902120962738991e-03
6.151215767022222454e-03
6.437383824959397316e-03
8.142640499863773237e-03
8.533654967322945595e-03
7.047426747158169399e-03
5.933827674016356642e-03
5.160074878949672331e-03
8.373256714548915625e-03
7.823032594751566302e-03
6.410288519691676075e-03
6.007835606578737324e-03
4.892407555598765438e-03
4.946633393410592924e-03
5.934297223575413227e-03
6.026393815409392465e-03
6.174845655914395701e-03
7.053462031763046980e-03
5.237901071086526091e-03
7.422201801091432571e-03
8.044587192125618111e-03
7.377408328466117382e-03
6.891077256295829838e-03
7.259820727631450046e-03
7.179522339720278631e-03
6.614971417002379547e-03
6.306557054631412203e-03
6.925530277658254082e-03
5.680017883423716003e-03
6.047713500447571104e-03
5.819663486909121622e-03
6.661377847194671631e-03
5.633485119324177851e-03
4.858065792359411543e-03
4.594565322622656996e-03
3.996381384786218752e-03
4.351620620582252741e-03
4.801111313281580632e-03
5.618281906936317856e-03
5.880772380623966629e-03
6.747327663470059286e-03
4.940207640174776316e-03
4.997339879628271211e-03
5.291718628723174160e-03
5.570503533817827702e-03
5.494862911291420460e-03
6.009300088044256319e-03
4.787281807512045080e-03
6.735546782147138964e-03
7.342614885419607336e-03
7.523970049805939371e-03
6.408616027329117060e-03
6.379216071218251835e-03
5.343724181875586857e-03
4.597211536020040339e-03
4.493323538918047796e-03
5.347918695770203720e-03
6.725983426440507520e-03
5.051267868839204485e-03
3.900975303258746776e-03
3.585448523517698136e-03
3.557554713916033593e-03
4.374562448356300245e-03
4.314910434186458414e-03
6.204600434284657066e-03
7.847584690898657192e-03
6.274906871840357954e-03
6.065805244725197207e-03
5.514845909783616489e-03
4.739068006165325989e-03
4.114675254095345389e-03
5.078827554825693369e-03
5.850276141427457159e-03
4.721369058825075453e-03
5.456755205523222338e-03
4.548532364424318075e-03
5.381839559413492333e-03
5.037268449086695910e-03
4.324725625338032842e-03
3.647813969291746443e-03
4.302167845889925783e-03
4.556213307660072695e-03
4.746412369422614227e-03
5.843224003911018372e-03
5.085703078657388340e-03
5.131361226085573088e-03
3.816496895160525950e-03
4.261863161809742104e-03
4.271292581688612526e-03
4.540636844467371702e-03
4.415204608812927853e-03
5.623203411232680082e-03
5.950892984401434660e-03
5.396252783248201360e-03
5.167162511497735977e-03
5.244059581309556614e-03
4.148285824339836662e-03
5.111901526106521487e-03
4.148436768446117640e-03
3.903930820524692362e-03
3.467349865240976301e-03
3.868214669637382030e-03
3.080135944765061227e-03
3.241249767597764730e-03
5.026797298341989517e-03
4.840440896805376161e-03
5.124870548024773251e-03
4.084734362550079823e-03
3.393200150458142335e-03
3.626416227780282411e-03
3.142657555872574622e-03
2.886042330646887595e-03
3.642694832524284894e-03
2.872111415490507993e-03
3.601828106911853129e-03
3.509868431137874722e-03
3.622412431286648089e-03
3.404388012131676251e-03
3.099043737165629864e-03
3.174296382348984567e-03
3.338475461350754077e-03
3.850361419608816504e-03
3.652177011827006763e-03
3.347725758794695226e-03
4.272963729454204787e-03
2.576082851737737569e-03
2.794569183606654406e-03
2.970031043514609163e-03
4.025673685828223651e-03
4.023470752872526819e-03
4.178350535221397530e-03
3.967181988991796623e-03
3.831902169622480869e-03
3.728878631955012766e-03
4.221430583857000048e-03
4.138786182738840753e-03
3.649899555603042158e-03
3.466655267402529716e-03
4.354316776152699839e-03
3.668869100511074240e-03
3.188814898021519011e-03
3.730947314761578863e-03
3.543693217216059479e-03
3.479353361763060180e-03
3.119935095310211008e-03
2.792165573919191783e-03
3.325287718325853348e-03
3.641904587857425126e-03
4.901446145959198128e-03
4.181610402883961970e-03
4.094408365199342023e-03
3.004042606335133314e-03
2.758585568517446691e-03
2.947321406099945480e-03
3.413782286224886862e-03
2.959837543312460011e-03
2.608944103121757421e-03
2.747536462265998125e-03
3.072827600408345634e-03
2.620890841353684490e-03
2.201969566522166220e-03
1.699204801116138653e-03
1.899998250883072528e-03
2.416291474946774716e-03
2.759782184148207220e-03
2.298726461594924244e-03
2.806372832856140944e-03
2.719423884991556493e-03
2.242591010872274811e-03
1.978564023738727060e-03
2.096227137371897697e-03
2.388673555105924780e-03
2.610555861610919411e-03
2.770092058926820928e-03
2.584583353018388065e-03
2.470398653531447226e-03
3.486123960465192882e-03
4.301607829984277313e-03
3.867557900957763022e-03
2.812503592576831406e-03
2.343033568467945034e-03
2.313224412500858133e-03
1.925115572521462993e-03
2.859474439173936670e-03
3.158574664848856454e-03
2.436574985040351748e-03
3.326395025942474517e-03
2.669805171899497596e-03
1.735783973708748904e-03
1.634789418312721041e-03
2.009083505254238670e-03
1.916102811810560438e-03
2.021287614479660814e-03
1.627224183175712911e-03
1.494322839425876650e-03
2.702765591675415462e-03
2.939669223269447858e-03
2.457880333531648007e-03
2.519979217322543090e-03
2.555699087679386139e-03
2.875232280348427767e-03
3.470094944350421602e-03
3.527055785525590181e-03
2.537859120639041240e-03
1.751718009472824633e-03
2.002342173364013520e-03
2.608323254389688199e-03
1.974211269407533196e-03
2.388658997369930235e-03
2.116667060181498701e-03
2.427686631563119590e-03
2.016661758534610445e-03
2.084290783386677504e-03
2.528417017310857860e-03
2.123221743386238640e-03
1.971731137018650770e-03
1.983999242656864399e-03
1.969201551401056176e-03
1.596370129846036434e-03
1.567454778705723627e-03
1.395512084127403839e-03
1.223033806309104009e-03
1.478814156143926084e-03
1.887467730557545976e-03
1.875782778370194137e-03
2.086173993302509015e-03
2.133834970300085756e-03
2.554978290572762316e-03
2.178305393317714507e-03
2.684752206550911242e-03
1.978121569845825260e-03
2.143423707457259211e-03
1.688913936959579587e-03
3.205217755748890340e-03
2.624757721787318414e-03
1.889923083945177582e-03
1.797057886142283591e-03
1.641009136801585598e-03
1.977854667347856039e-03
2.077099226880818605e-03
2.241418283665552649e-03
2.081002455088310117e-03
2.022339936229400163e-03
2.050589359714649791e-03
1.756515837041661187e-03
1.362595538375899282e-03
1.983280587592162018e-03
1.968025337555445817e-03
2.035645741852931505e-03
1.994284454849548464e-03
1.675804817932657941e-03
1.629762703669257505e-03
1.317342155380174431e-03
1.314861213904805395e-03
1.143704561400227249e-03
2.002602769061923114e-03
1.982278702780604189e-03
1.872920195455662863e-03
2.981047879438847390e-03
3.344029869185760791e-03
2.465495181968435819e-03
2.519532683072611603e-03
2.237255970248952421e-03
1.956366881495341745e-03
1.600732412771321790e-03
1.834714837605133566e-03
1.545711464132182300e-03
2.136960235657170241e-03
2.095084669417701488e-03
1.826316193910315676e-03
1.530503580579534216e-03
1.819891468039713887e-03
1.512647353229112836e-03
1.572520690388046205e-03
1.262943289475515485e-03
1.236414135200902906e-03
1.512893175822682765e-03
1.679567972314544065e-03
1.526252756593748884e-03
1.593243380193598655e-03
1.195745010045357135e-03
1.281131172436289446e-03
1.219681650400161700e-03
1.182270490971859545e-03
1.279242227610666305e-03
1.105721990461461159e-03
1.416585751576349052e-03
1.689350919332355304e-03
1.180383941391482906e-03
1.517442180193029257e-03
1.480497195734642359e-03
1.656482310499995860e-03
1.567227707710117102e-03
1.973939864546991798e-03
2.032185741700232202e-03
1.754550970508716914e-03
1.566288477624766442e-03
1.342151965945959048e-03
1.376357825938612136e-03
1.496558036888018294e-03
1.082857284927740693e-03
1.426520373206585559e-03
2.110262145288288680e-03
1.798099643201567146e-03
1.117350120330229315e-03
1.488176813290920195e-03
1.315146288834512190e-03
1.825150258082430853e-03
1.292114160605706275e-03
1.149752110359259036e-03
1.228485003230161878e-03
1.101910808938555463e-03
9.389805461978539391e-04
1.174420064489822791e-03
9.158404311165214019e-04
1.252944930456578732e-03
1.619032525923103094e-03
1.183788917842321098e-03
1.282435515895485791e-03
9.622347250115125938e-04
1.451358775375410828e-03
1.560539385536685586e-03
1.606232579797506419e-03
1.463527535088360396e-03
1.034475024789571849e-03
1.188994804397225337e-03
1.329018497199285819e-03
1.277706469409167767e-03
1.183446706272661773e-03
1.178896083729341626e-03
1.221721216279547705e-03
9.934218047419562068e-04
1.086793621652759612e-03
1.047025102889165326e-03
1.092517260985914618e-03
1.471904673962853849e-03
1.289589026418980124e-03
9.852629824308677640e-04
1.185598652227781713e-03
1.452283782418817195e-03
1.593352123745717152e-03
1.824815906002186282e-03
1.453683291038032534e-03
1.114331616554409179e-03
1.020338507078122304e-03
1.054341583221685228e-03
1.352715320535935462e-03
1.321100213681347755e-03
2.011755385319702414e-03
1.785233875853009479e-03
1.839598495280370116e-03
1.625770106329582632e-03
1.233842041983734816e-03
1.133142989419866310e-03
1.166754472069442229e-03
1.403603317157831043e-03
1.257817057194188237e-03
1.196556261857040270e-03
1.326543473987840203e-03
9.679984679678455429e-04
9.133746192674152336e-04
1.315333030652254733e-03
8.061463449848815799e-04
8.659293263917789297e-04
1.014610151469241871e-03
1.161856662656646309e-03
9.351798100396991210e-04
8.600307075539604263e-04
9.697663102997466705e-04
1.316585170570760965e-03
1.313549521728418724e-03
9.746386276674456894e-04
8.767711507971398966e-04
8.332240206073038714e-04
1.288479147478938059e-03
1.568033383227884683e-03
1.487510625156573908e-03
1.399438563385046975e-03
1.144479113281704442e-03
9.570353431627154350e-04
1.083238868159242018e-03
8.660964405862614946e-04
8.721078367670998411e-04
6.464726655394769771e-04
8.731196037842891677e-04
1.000909486901946409e-03
1.025306830706540582e-03
7.887794301495887773e-04
7.393651671009138010e-04
5.991801808704622090e-04
1.312364767363760534e-03
8.876816573319956660e-04
1.101522940007271202e-03
8.976471144706010818e-04
1.268672221340239091e-03
9.822676591284106983e-04
9.515323574305512445e-04
1.084346079733222766e-03
7.956829562317579768e-04
1.150177395902574019e-03
1.134536463359836402e-03
9.172318052151240842e-04
8.952560485340655284e-04
8.702775114215910868e-04
8.355387486517429569e-04
9.402513242093846202e-04
8.727916268981061659e-04
9.759170439792797186e-04
8.077789301751181266e-04
9.388562117237597921e-04
6.909880234161391637e-04
7.331274857278913693e-04
8.060645064688287892e-04
9.669743652921169779e-04
8.582106762332841971e-04
8.146140622557141104e-04
7.929182567750104205e-04
7.760571046674158207e-04
7.871659778174944439e-04
7.873425769503228150e-04
6.874532293295488195e-04
6.551790153025649705e-04
8.408231573412194631e-04
7.662362098926678083e-04
9.555837794323451383e-04
1.148640495375730054e-03
1.118926025810651481e-03
8.804301935015246706e-04
1.081304694525897460e-03
9.514359509921633141e-04
7.503257264033890827e-04
5.679074165527708828e-04
7.655521098058670542e-04
8.281710790470242934e-04
9.514796605799346945e-04
1.257125285337679045e-03
8.834222826408222318e-04
7.131300088076386167e-04
7.723958842689171433e-04
7.310471133678220429e-04
7.855804709834046445e-04
6.965771070099435313e-04
7.184311936725862758e-04
9.205883645336144106e-04
6.326633243588730910e-04
7.163570524426176710e-04
9.551237642881460054e-04
7.433731218043249534e-04
7.517711128457449377e-04
7.633005225216038525e-04
6.106767665187362798e-04
6.728262073011137328e-04
5.777110985945909999e-04
9.361881209770217104e-04
7.137759996112436490e-04
8.986874905531294861e-04
6.738178984960540912e-04
6.578284468560013703e-04
9.323231133748777211e-04
9.443054514122195542e-04
6.398821540642529292e-04
6.952461633773054494e-04
7.130506259272806130e-04
4.891014032182283700e-04
5.984876959701068266e-04
7.413210456434171864e-04
8.299680979689582965e-04
8.926661030272953212e-04
6.913836186868138611e-04
7.963486154039855830e-04
7.197855142294429026e-04
6.451910259784199731e-04
6.760190750355832496e-04
5.745804824982770004e-04
6.326570175588131385e-04
4.751016080263070545e-04
6.724915205268189094e-04
5.497170161106624143e-04
8.296070940559729717e-04
7.165170289226807220e-04
7.199151863460428796e-04
6.555765750817954974e-04
7.325024103920441338e-04
6.671432107395958372e-04
7.067568672937341251e-04
5.909073879593051970e-04
5.763994049630127847e-04
5.182577158848288967e-04
5.707129887014162229e-04
7.980695649166591249e-04
8.986573506263084493e-04
6.487661928986198766e-04
5.268296350550372370e-04
5.586593244515825497e-04
6.168230436742305322e-04
7.759618994896300571e-04
7.710762438364326954e-04
6.677108402072917236e-04
6.348334565700497912e-04
6.106036162236705422e-04
5.260676007310394198e-04
5.594546397333033600e-04
5.028837236750405499e-04
6.828169076470658400e-04
7.361576877883635678e-04
7.601662138768006550e-04
4.870790486165788242e-04
6.047857241355814040e-04
4.599782987497746944e-04
5.601106648100539608e-04
5.997102074616122774e-04
8.500723401084542058e-04
5.333250592229887843e-04
6.946629357116762982e-04
6.703792925691232519e-04
5.931307343416847722e-04
5.709714838303625800e-04
6.178628478664905050e-04
6.400727550499140783e-04
9.336209390312433026e-04
5.953939456958323500e-04
5.587343701336066736e-04
6.563115246535744084e-04
7.358220573223661631e-04
6.975519863772206008e-04
9.438340581255033829e-04
8.464455211651511057e-04
6.398189441824797107e-04
4.976963413355406157e-04
6.837229739176109433e-04
5.197300357394851961e-04
5.907689119339920580e-04
6.154377981147263633e-04
5.039184401539386965e-04
5.726041301386431293e-04
4.774010121764149517e-04
5.469887415529228964e-04
9.509434545179829218e-04
6.684451349428854666e-04
5.893764020584058450e-04
6.405831489246338172e-04
6.102257015299983106e-04
5.538498924579470916e-04
5.058591879787855284e-04
5.505390145117416978e-04
5.915376881603151343e-04
7.559497731563169726e-04
4.431549241417087615e-04
6.355094796163029752e-04
7.980683411005883975e-04
8.102028135908767364e-04
6.477635652117896825e-04
4.866225310252047967e-04
5.384163217968307219e-04
7.451904086337890910e-04
6.498808405012823208e-04
5.744482557929586185e-04
4.209959399304352592e-04
6.537895133078563958e-04
7.978524510690477179e-04
5.251505186606664427e-04
7.630749736563302360e-04
6.427444990549701980e-04
6.223500065971165462e-04
6.277259904891252735e-04
7.449339733284432658e-04
7.219921921205241016e-04
6.599403131986036897e-04
5.392917802964803265e-04
6.262405178858899014e-04
9.515815487247891941e-04
7.981204631505534270e-04
8.902504603611304922e-04
6.036314749508165040e-04
4.105485015315934907e-04
6.188356201164424419e-04
8.045680449868086292e-04
5.707326854462735355e-04
7.626448132214136422e-04
4.159952477493789047e-04
4.703714599600061991e-04
4.248115597874857702e-04
5.392266597482375584e-04
5.275191280816216455e-04
5.559592384088319229e-04
5.876412062207237320e-04
4.336396748840343316e-04
4.255853848007973175e-04
4.707930376753210913e-04
5.180845939321443872e-04
7.100284426996949626e-04
5.810827773530035994e-04
5.858653908944688954e-04
4.126722051296383142e-04
4.381164391816127937e-04
5.719715816667303009e-04
6.885695387609302781e-04
6.588731077499688105e-04
4.257006556144915630e-04
5.893987181480042636e-04
5.707128468202427463e-04
5.959316593362018032e-04
5.045219295425340533e-04
5.649225706292782413e-04
5.323755249264650047e-04
6.376412071404047527e-04
4.570056880766060203e-04
4.617003512976225574e-04
4.250218553352169693e-04
4.594986705342307578e-04
4.892285425739828931e-04
6.916067541169468313e-04
5.213583222939633050e-04
5.111223435960710049e-04
4.195114088361151516e-04
3.848946173093281578e-04
5.786763140349648893e-04
6.000542627589311884e-04
4.464777135581244000e-04
5.034629390138434463e-04
5.682300041371490373e-04
6.496943795355036421e-04
4.931279210723005669e-04
7.807237045199145065e-04
