6.915079355239868164e-01
6.916740536689758301e-01
6.919937431812286377e-01
6.914892792701721191e-01
6.867927014827728271e-01
6.747140586376190186e-01
6.583300828933715820e-01
6.443574726581573486e-01
6.357197761535644531e-01
6.300078630447387695e-01
6.240577697753906250e-01
6.185969114303588867e-01
6.174674630165100098e-01
6.119154095649719238e-01
6.086701750755310059e-01
6.064744293689727783e-01
6.031893789768218994e-01
6.006633639335632324e-01
5.998187959194183350e-01
5.969718694686889648e-01
5.951293110847473145e-01
5.925472378730773926e-01
5.899612903594970703e-01
5.873431563377380371e-01
5.876672267913818359e-01
5.831845402717590332e-01
5.816039144992828369e-01
5.788647532463073730e-01
5.776968300342559814e-01
5.755002498626708984e-01
5.728195309638977051e-01
5.708790719509124756e-01
5.695448219776153564e-01
5.677180290222167969e-01
5.668588280677795410e-01
5.645734071731567383e-01
5.631580054759979248e-01
5.612825751304626465e-01
5.597453713417053223e-01
5.579467117786407471e-01
5.566467940807342529e-01
5.581730008125305176e-01
5.540896654129028320e-01
5.529804527759552002e-01
5.520534217357635498e-01
5.508226752281188965e-01
5.478934049606323242e-01
5.465811192989349365e-01
5.446597933769226074e-01
5.429186224937438965e-01
5.420348048210144043e-01
5.418932735919952393e-01
5.398305058479309082e-01
5.380839705467224121e-01
5.359582304954528809e-01
5.346185266971588135e-01
5.328749716281890869e-01
5.331927239894866943e-01
5.318252444267272949e-01
5.317409932613372803e-01
5.293929874897003174e-01
5.288958549499511719e-01
5.261087119579315186e-01
5.275031030178070068e-01
5.232156813144683838e-01
5.212480723857879639e-01
5.213105380535125732e-01
5.195296108722686768e-01
5.206801891326904297e-01
5.171368718147277832e-01
5.162770450115203857e-01
5.152364373207092285e-01
5.146583914756774902e-01
5.152077674865722656e-01
5.112089514732360840e-01
5.109905302524566650e-01
5.091038346290588379e-01
5.115498006343841553e-01
5.102760493755340576e-01
5.079204738140106201e-01
5.070911645889282227e-01
5.041653811931610107e-01
5.039562135934829712e-01
5.016897320747375488e-01
5.005300641059875488e-01
5.009176433086395264e-01
5.042509138584136963e-01
5.005795359611511230e-01
5.008720755577087402e-01
4.975871741771697998e-01
4.961149245500564575e-01
4.966658353805541992e-01
4.943032115697860718e-01
4.981009513139724731e-01
4.920543730258941650e-01
4.970639646053314209e-01
4.931432902812957764e-01
4.919142723083496094e-01
4.913932532072067261e-01
4.884783774614334106e-01
4.885399639606475830e-01
4.881517589092254639e-01
4.880607724189758301e-01
4.853020310401916504e-01
4.855638742446899414e-01
4.825989454984664917e-01
4.824243783950805664e-01
4.846352785825729370e-01
4.806746840476989746e-01
4.786157906055450439e-01
4.835152029991149902e-01
4.836643040180206299e-01
4.827693700790405273e-01
4.803509414196014404e-01
4.756120592355728149e-01
4.776517152786254883e-01
4.860285967588424683e-01
4.730055928230285645e-01
4.742136001586914062e-01
4.715999811887741089e-01
4.759323149919509888e-01
4.740170240402221680e-01
4.716017395257949829e-01
4.708192348480224609e-01
4.712267518043518066e-01
4.806571751832962036e-01
4.691095203161239624e-01
4.714390188455581665e-01
4.679032266139984131e-01
4.647002816200256348e-01
4.653307795524597168e-01
4.667728543281555176e-01
4.727559387683868408e-01
4.633245021104812622e-01
4.622875899076461792e-01
4.633191674947738647e-01
4.632326215505599976e-01
4.631060361862182617e-01
4.646927565336227417e-01
4.683317840099334717e-01
4.655693024396896362e-01
4.611726254224777222e-01
4.611941725015640259e-01
4.628355801105499268e-01
4.558020234107971191e-01
4.564849734306335449e-01
4.549044668674468994e-01
4.578966200351715088e-01
4.570775628089904785e-01
4.567686468362808228e-01
4.547600448131561279e-01
4.560602903366088867e-01
4.520142972469329834e-01
4.611280262470245361e-01
4.547488689422607422e-01
4.514175653457641602e-01
4.507051408290863037e-01
4.509342312812805176e-01
4.566186070442199707e-01
4.560645371675491333e-01
4.505348801612854004e-01
4.501830637454986572e-01
4.481948018074035645e-01
4.552137106657028198e-01
4.475382864475250244e-01
4.447689354419708252e-01
4.488579034805297852e-01
4.482776671648025513e-01
4.453793764114379883e-01
4.457262456417083740e-01
4.471606612205505371e-01
4.472848474979400635e-01
4.444260597229003906e-01
4.541757106781005859e-01
4.462799131870269775e-01
4.475263059139251709e-01
4.461181610822677612e-01
4.522057771682739258e-01
4.461134821176528931e-01
4.427711963653564453e-01
4.447662085294723511e-01
4.407825767993927002e-01
4.413011670112609863e-01
4.420505911111831665e-01
4.542397856712341309e-01
4.395541250705718994e-01
4.365974366664886475e-01
4.369917213916778564e-01
4.414274841547012329e-01
4.378827810287475586e-01
4.366810619831085205e-01
4.405012279748916626e-01
4.404446482658386230e-01
4.333672076463699341e-01
4.428280591964721680e-01
4.374726861715316772e-01
4.403435289859771729e-01
4.332737773656845093e-01
4.315135180950164795e-01
4.358616769313812256e-01
4.435577392578125000e-01
4.448165297508239746e-01
4.379529356956481934e-01
4.443827420473098755e-01
4.360239803791046143e-01
4.330199360847473145e-01
4.336010515689849854e-01
4.329352974891662598e-01
4.287658482789993286e-01
4.287181645631790161e-01
4.287900775671005249e-01
4.298256039619445801e-01
4.296014308929443359e-01
4.370198845863342285e-01
4.304655194282531738e-01
4.257757067680358887e-01
4.272336810827255249e-01
4.342876672744750977e-01
4.284490197896957397e-01
4.236035197973251343e-01
4.239673614501953125e-01
4.276558458805084229e-01
4.296424984931945801e-01
4.251549094915390015e-01
4.268747270107269287e-01
4.319728612899780273e-01
4.311768114566802979e-01
4.313536435365676880e-01
4.266335219144821167e-01
4.221188575029373169e-01
4.239387065172195435e-01
4.209057092666625977e-01
4.244765192270278931e-01
4.239200055599212646e-01
4.233060330152511597e-01
4.246868789196014404e-01
4.192154407501220703e-01
4.204223901033401489e-01
4.268559217453002930e-01
4.285565763711929321e-01
4.200187176465988159e-01
4.196686744689941406e-01
4.210687279701232910e-01
4.260255098342895508e-01
4.193454980850219727e-01
4.173651337623596191e-01
4.209519326686859131e-01
4.217739403247833252e-01
4.269755780696868896e-01
4.208666831254959106e-01
4.211855530738830566e-01
4.195726215839385986e-01
4.175959378480911255e-01
4.233264178037643433e-01
4.271353781223297119e-01
4.203794747591018677e-01
4.176208078861236572e-01
4.173358976840972900e-01
4.157967567443847656e-01
4.170177876949310303e-01
4.142645597457885742e-01
4.316162616014480591e-01
4.183780848979949951e-01
4.200628548860549927e-01
4.211074560880661011e-01
4.155449271202087402e-01
4.173960089683532715e-01
4.283725619316101074e-01
4.166490286588668823e-01
4.141890853643417358e-01
4.277317523956298828e-01
4.153498709201812744e-01
4.309425950050354004e-01
4.158400446176528931e-01
4.153396338224411011e-01
4.084751754999160767e-01
4.165460169315338135e-01
4.139150083065032959e-01
4.264564812183380127e-01
4.124846458435058594e-01
4.130498766899108887e-01
4.143326878547668457e-01
4.151906669139862061e-01
4.176555126905441284e-01
4.094291925430297852e-01
4.172303676605224609e-01
4.213671833276748657e-01
4.141153246164321899e-01
4.148446023464202881e-01
4.187868535518646240e-01
4.095923602581024170e-01
4.164640456438064575e-01
4.216542541980743408e-01
4.072436690330505371e-01
4.114351570606231689e-01
4.138361662626266479e-01
4.085526466369628906e-01
4.080349802970886230e-01
4.100629687309265137e-01
4.106939435005187988e-01
4.275899976491928101e-01
4.210063964128494263e-01
4.265879392623901367e-01
4.077795147895812988e-01
4.067113846540451050e-01
4.123314321041107178e-01
4.071381986141204834e-01
4.159143418073654175e-01
4.069299548864364624e-01
4.089210033416748047e-01
4.076531529426574707e-01
4.079511910676956177e-01
4.063896685838699341e-01
4.026725888252258301e-01
4.032866209745407104e-01
4.256187230348587036e-01
4.033275991678237915e-01
4.037817418575286865e-01
4.270203709602355957e-01
4.220786094665527344e-01
4.140819758176803589e-01
4.153257310390472412e-01
4.035956263542175293e-01
4.108482450246810913e-01
4.140706658363342285e-01
4.147154539823532104e-01
4.032900333404541016e-01
4.117238819599151611e-01
4.118093997240066528e-01
4.040810167789459229e-01
3.984469473361968994e-01
4.101439267396926880e-01
4.032606482505798340e-01
4.044267833232879639e-01
4.062195271253585815e-01
4.023853540420532227e-01
4.059791266918182373e-01
3.997745364904403687e-01
4.150090068578720093e-01
4.013090431690216064e-01
4.004279673099517822e-01
4.019672274589538574e-01
4.002416729927062988e-01
3.971010744571685791e-01
4.068294912576675415e-01
4.082297533750534058e-01
4.053055495023727417e-01
4.005607962608337402e-01
4.036540091037750244e-01
4.088755995035171509e-01
3.994598239660263062e-01
4.084417819976806641e-01
3.961649835109710693e-01
3.996206670999526978e-01
4.018723070621490479e-01
4.141342937946319580e-01
4.106684774160385132e-01
4.183651506900787354e-01
4.121818542480468750e-01
4.062517285346984863e-01
3.958063274621963501e-01
3.952095061540603638e-01
3.974545598030090332e-01
3.938973248004913330e-01
4.094485789537429810e-01
4.108884036540985107e-01
4.006196558475494385e-01
4.077957868576049805e-01
3.999564796686172485e-01
3.984028697013854980e-01
4.056706130504608154e-01
4.094623476266860962e-01
3.954969346523284912e-01
4.103593081235885620e-01
4.084984809160232544e-01
4.110711365938186646e-01
4.010173976421356201e-01
3.997806608676910400e-01
4.033196717500686646e-01
4.030309319496154785e-01
4.003761112689971924e-01
3.908524066209793091e-01
3.917499035596847534e-01
3.983730077743530273e-01
3.978317975997924805e-01
3.926575481891632080e-01
4.027051478624343872e-01
3.964152187108993530e-01
4.020512700080871582e-01
4.041017144918441772e-01
3.949062675237655640e-01
3.970084041357040405e-01
3.926628530025482178e-01
3.931663334369659424e-01
3.938277661800384521e-01
4.202458262443542480e-01
3.986758142709732056e-01
3.923602253198623657e-01
3.926780521869659424e-01
4.027736485004425049e-01
4.013253450393676758e-01
3.936887234449386597e-01
4.209504425525665283e-01
4.087443798780441284e-01
3.964081406593322754e-01
3.913729190826416016e-01
3.934888839721679688e-01
3.999007642269134521e-01
3.943366110324859619e-01
3.932927697896957397e-01
4.089034199714660645e-01
3.915834724903106689e-01
3.965784311294555664e-01
3.894834816455841064e-01
3.951160907745361328e-01
3.975560367107391357e-01
3.880618214607238770e-01
3.870768249034881592e-01
3.933109045028686523e-01
3.934099823236465454e-01
3.893298208713531494e-01
3.861027210950851440e-01
3.871875703334808350e-01
3.948544561862945557e-01
3.963070511817932129e-01
3.909721076488494873e-01
3.889521509408950806e-01
3.984666466712951660e-01
3.985772877931594849e-01
3.912150859832763672e-01
3.931944370269775391e-01
3.865873664617538452e-01
3.856712430715560913e-01
3.894755840301513672e-01
3.871117532253265381e-01
4.085364937782287598e-01
3.911172300577163696e-01
4.008103311061859131e-01
3.894271850585937500e-01
4.012493193149566650e-01
3.837413489818572998e-01
3.989012092351913452e-01
3.878012895584106445e-01
3.891337811946868896e-01
3.928250074386596680e-01
3.840464502573013306e-01
3.884467035531997681e-01
3.866471797227859497e-01
4.163159132003784180e-01
4.077442586421966553e-01
4.321799278259277344e-01
3.925426751375198364e-01
3.868369162082672119e-01
3.817515671253204346e-01
3.965019285678863525e-01
4.020446091890335083e-01
3.944531977176666260e-01
3.864594101905822754e-01
3.921754211187362671e-01
3.898533284664154053e-01
3.890390694141387939e-01
3.861396312713623047e-01
3.907195329666137695e-01
4.251800030469894409e-01
3.870932012796401978e-01
3.946273326873779297e-01
3.896615803241729736e-01
3.899750113487243652e-01
3.902498483657836914e-01
3.925074636936187744e-01
3.865563869476318359e-01
4.099827855825424194e-01
3.919050693511962891e-01
3.882589489221572876e-01
4.149771630764007568e-01
3.854820579290390015e-01
3.925727009773254395e-01
3.804337531328201294e-01
3.812483847141265869e-01
3.874235451221466064e-01
3.941019177436828613e-01
3.892568647861480713e-01
3.793737590312957764e-01
3.878232389688491821e-01
3.883388936519622803e-01
3.881130665540695190e-01
3.919344544410705566e-01
3.997645676136016846e-01
3.864949941635131836e-01
4.048011898994445801e-01
3.861267417669296265e-01
3.911726176738739014e-01
3.816216289997100830e-01
4.061403274536132812e-01
3.909192681312561035e-01
3.849033415317535400e-01
3.904277086257934570e-01
3.986980766057968140e-01
3.961836099624633789e-01
3.882980793714523315e-01
3.872681260108947754e-01
3.892121464014053345e-01
3.947148472070693970e-01
3.840065002441406250e-01
3.771556317806243896e-01
3.884358555078506470e-01
3.813246637582778931e-01
3.829462081193923950e-01
3.807440400123596191e-01
3.822906613349914551e-01
3.790699392557144165e-01
3.876505941152572632e-01
3.807342499494552612e-01
3.788351118564605713e-01
3.949231505393981934e-01
3.819992989301681519e-01
3.857135474681854248e-01
3.885861188173294067e-01
3.801446557044982910e-01
3.856343030929565430e-01
3.794089257717132568e-01
3.836713582277297974e-01
3.873727172613143921e-01
4.068202078342437744e-01
4.009827077388763428e-01
3.912349343299865723e-01
3.808176815509796143e-01
3.890207856893539429e-01
3.914221376180648804e-01
3.770006895065307617e-01
3.915591686964035034e-01
3.866236209869384766e-01
3.810356855392456055e-01
3.880885541439056396e-01
3.986266404390335083e-01
3.964322954416275024e-01
3.827368021011352539e-01
3.799080252647399902e-01
3.779014945030212402e-01
3.792450428009033203e-01
3.774793595075607300e-01
3.812868446111679077e-01
3.751128613948822021e-01
3.749067187309265137e-01
3.775092810392379761e-01
3.824277371168136597e-01
3.813987523317337036e-01
3.873367607593536377e-01
3.788364976644515991e-01
3.847545832395553589e-01
3.852808922529220581e-01
3.860805630683898926e-01
3.961171805858612061e-01
3.759446144104003906e-01
3.795554041862487793e-01
3.717960119247436523e-01
3.767070323228836060e-01
3.831599056720733643e-01
3.916843533515930176e-01
3.736508190631866455e-01
3.779325187206268311e-01
3.802707046270370483e-01
3.957105875015258789e-01
3.843544423580169678e-01
3.823819756507873535e-01
3.927124738693237305e-01
3.785915672779083252e-01
3.966685235500335693e-01
3.912620842456817627e-01
3.851289749145507812e-01
3.830916583538055420e-01
3.808827847242355347e-01
3.840313404798507690e-01
3.775243461132049561e-01
3.741974234580993652e-01
3.838194310665130615e-01
3.965279012918472290e-01
3.889232277870178223e-01
3.867206871509552002e-01
3.797115385532379150e-01
3.829791694879531860e-01
3.882208168506622314e-01
3.709017932415008545e-01
3.872311562299728394e-01
3.787953853607177734e-01
3.780105859041213989e-01
4.055367261171340942e-01
3.813850879669189453e-01
3.739996552467346191e-01
3.843930959701538086e-01
3.930612206459045410e-01
3.943875730037689209e-01
3.795132935047149658e-01
3.744831532239913940e-01
3.764399439096450806e-01
3.747023940086364746e-01
3.764271140098571777e-01
3.758514374494552612e-01
3.802454769611358643e-01
3.761986345052719116e-01
4.033691436052322388e-01
3.755057901144027710e-01
3.745726197957992554e-01
3.734910339117050171e-01
3.914006948471069336e-01
4.113445132970809937e-01
3.871725499629974365e-01
3.824095726013183594e-01
3.869287520647048950e-01
3.810439109802246094e-01
3.736715316772460938e-01
3.799015879631042480e-01
3.786445260047912598e-01
4.246125072240829468e-01
3.899181336164474487e-01
3.887125700712203979e-01
3.842024803161621094e-01
3.754453957080841064e-01
3.702812343835830688e-01
3.705814033746719360e-01
3.786664903163909912e-01
3.736469298601150513e-01
3.702228963375091553e-01
3.780028522014617920e-01
3.782098293304443359e-01
3.706960380077362061e-01
3.810781389474868774e-01
3.723370730876922607e-01
3.791128844022750854e-01
3.809766322374343872e-01
4.018827825784683228e-01
3.772363513708114624e-01
3.753601014614105225e-01
3.778331875801086426e-01
3.789187073707580566e-01
3.732976764440536499e-01
3.774703890085220337e-01
3.736332356929779053e-01
3.668414056301116943e-01
3.687861710786819458e-01
3.740271478891372681e-01
3.762249946594238281e-01
3.746466636657714844e-01
3.860636651515960693e-01
3.748510777950286865e-01
3.862922787666320801e-01
3.890842050313949585e-01
3.781830072402954102e-01
3.946723639965057373e-01
3.760964423418045044e-01
3.812566250562667847e-01
3.760987669229507446e-01
3.854182809591293335e-01
3.742730617523193359e-01
3.786603659391403198e-01
3.738603591918945312e-01
3.765550553798675537e-01
3.705179691314697266e-01
3.774228990077972412e-01
3.727807104587554932e-01
3.703441321849822998e-01
3.759255856275558472e-01
3.771107494831085205e-01
3.773374706506729126e-01
3.697581738233566284e-01
3.725270628929138184e-01
3.698012977838516235e-01
3.662336319684982300e-01
3.722955882549285889e-01
3.768537044525146484e-01
3.802608251571655273e-01
3.958586156368255615e-01
3.725560605525970459e-01
3.754746317863464355e-01
3.868499398231506348e-01
3.900160640478134155e-01
3.737491965293884277e-01
3.727688193321228027e-01
3.818213790655136108e-01
3.699265569448471069e-01
3.806661218404769897e-01
3.771608620882034302e-01
3.787122070789337158e-01
3.757173568010330200e-01
3.716275393962860107e-01
3.829968720674514771e-01
3.686422407627105713e-01
3.715099692344665527e-01
3.921481519937515259e-01
3.781622052192687988e-01
3.685410916805267334e-01
3.707263618707656860e-01
3.686180561780929565e-01
3.815001100301742554e-01
3.753906041383743286e-01
3.674288988113403320e-01
3.728840351104736328e-01
3.691379725933074951e-01
3.709544539451599121e-01
3.801165521144866943e-01
3.728362619876861572e-01
3.735200464725494385e-01
3.924309760332107544e-01
3.736429959535598755e-01
3.997977972030639648e-01
3.850903958082199097e-01
3.733759522438049316e-01
3.746448904275894165e-01
3.784967958927154541e-01
3.785094469785690308e-01
3.786461055278778076e-01
3.766614496707916260e-01
3.678410798311233521e-01
3.687251061201095581e-01
3.979399800300598145e-01
3.798192292451858521e-01
3.763604164123535156e-01
3.924967944622039795e-01
3.833592534065246582e-01
3.715944141149520874e-01
3.808904439210891724e-01
3.782361596822738647e-01
3.761390149593353271e-01
3.690088391304016113e-01
3.691308200359344482e-01
3.703169822692871094e-01
3.647086322307586670e-01
3.710189163684844971e-01
3.710914999246597290e-01
3.682805895805358887e-01
3.835152387619018555e-01
3.694211393594741821e-01
3.727137148380279541e-01
3.840903192758560181e-01
3.682986497879028320e-01
3.747784793376922607e-01
3.752922415733337402e-01
3.787536770105361938e-01
3.931762427091598511e-01
3.749353140592575073e-01
3.724317103624343872e-01
3.763336241245269775e-01
3.685679435729980469e-01
3.846769779920578003e-01
3.759567737579345703e-01
3.690659403800964355e-01
3.682674467563629150e-01
3.657151907682418823e-01
3.742993921041488647e-01
3.726382553577423096e-01
3.805842697620391846e-01
3.692177981138229370e-01
3.692231178283691406e-01
3.673445135354995728e-01
3.695880919694900513e-01
3.653101325035095215e-01
3.890918493270874023e-01
3.735089600086212158e-01
3.963862657546997070e-01
3.693676143884658813e-01
3.771760761737823486e-01
3.932613879442214966e-01
3.848455399274826050e-01
3.748310655355453491e-01
3.690012246370315552e-01
3.714444041252136230e-01
3.717343211174011230e-01
3.692558258771896362e-01
3.640781641006469727e-01
3.964128494262695312e-01
3.702788352966308594e-01
3.769294321537017822e-01
3.731086403131484985e-01
3.934987336397171021e-01
3.784251809120178223e-01
3.784331232309341431e-01
3.766584396362304688e-01
4.279565662145614624e-01
3.687285482883453369e-01
3.779159337282180786e-01
3.902253508567810059e-01
3.712307512760162354e-01
3.662690520286560059e-01
3.708284497261047363e-01
3.768777847290039062e-01
3.990757763385772705e-01
3.780213445425033569e-01
3.793347775936126709e-01
3.813812583684921265e-01
3.761332035064697266e-01
3.800045996904373169e-01
3.749249428510665894e-01
4.006552249193191528e-01
3.680399358272552490e-01
3.757157623767852783e-01
3.741055727005004883e-01
3.886131048202514648e-01
3.747431486845016479e-01
3.688812106847763062e-01
3.734004497528076172e-01
3.664012253284454346e-01
3.648242354393005371e-01
3.871112018823623657e-01
3.683898001909255981e-01
3.849856257438659668e-01
3.907127976417541504e-01
3.901650458574295044e-01
3.752154409885406494e-01
3.876122236251831055e-01
3.651174604892730713e-01
3.692179918289184570e-01
3.672139048576354980e-01
3.827931135892868042e-01
3.725453913211822510e-01
3.679944872856140137e-01
3.679872453212738037e-01
3.745880573987960815e-01
3.654862642288208008e-01
3.694292753934860229e-01
3.736294358968734741e-01
3.727496266365051270e-01
3.921704441308975220e-01
3.698054850101470947e-01
3.702864944934844971e-01
3.799692243337631226e-01
3.682469427585601807e-01
3.703491240739822388e-01
3.726547807455062866e-01
3.697039186954498291e-01
3.691728860139846802e-01
3.811054825782775879e-01
3.787752687931060791e-01
3.691742718219757080e-01
3.684453964233398438e-01
4.003706127405166626e-01
3.836916089057922363e-01
3.704764991998672485e-01
3.736882507801055908e-01
3.907276839017868042e-01
4.096295237541198730e-01
3.706347346305847168e-01
3.762852400541305542e-01
3.683996349573135376e-01
3.629083633422851562e-01
3.704324066638946533e-01
3.708814680576324463e-01
3.816067129373550415e-01
3.747269660234451294e-01
3.653016686439514160e-01
3.675262629985809326e-01
3.674389123916625977e-01
3.677911758422851562e-01
3.734903335571289062e-01
3.927161693572998047e-01
3.761229515075683594e-01
3.788268268108367920e-01
3.725576251745223999e-01
3.777953535318374634e-01
3.809625506401062012e-01
3.890746384859085083e-01
3.707216382026672363e-01
3.675080835819244385e-01
3.671990633010864258e-01
3.652185499668121338e-01
3.728801459074020386e-01
3.872586339712142944e-01
3.827174305915832520e-01
3.711935579776763916e-01
3.744008243083953857e-01
3.670110702514648438e-01
3.773775249719619751e-01
3.847897052764892578e-01
3.812094032764434814e-01
3.715693056583404541e-01
3.628829121589660645e-01
3.694379180669784546e-01
3.746602833271026611e-01
3.815978616476058960e-01
3.941638916730880737e-01
3.686580061912536621e-01
3.786509931087493896e-01
3.715515285730361938e-01
3.687428236007690430e-01
3.772669136524200439e-01
3.633736371994018555e-01
4.021032452583312988e-01
3.724576979875564575e-01
3.703059852123260498e-01
3.767599910497665405e-01
3.687537908554077148e-01
3.941355049610137939e-01
3.982785940170288086e-01
3.891859054565429688e-01
3.760314285755157471e-01
3.809905946254730225e-01
3.791195750236511230e-01
3.800549954175949097e-01
3.798552453517913818e-01
3.692279011011123657e-01
3.729170858860015869e-01
3.759754002094268799e-01
3.709642440080642700e-01
3.776561915874481201e-01
3.630655705928802490e-01
3.938030451536178589e-01
3.936227858066558838e-01
3.777759820222854614e-01
3.715848326683044434e-01
3.648929297924041748e-01
3.655468225479125977e-01
3.694902956485748291e-01
3.676761388778686523e-01
3.653706908226013184e-01
3.707570731639862061e-01
3.723849803209304810e-01
3.674641251564025879e-01
3.665917515754699707e-01
4.081699550151824951e-01
3.722113966941833496e-01
3.736431896686553955e-01
3.887428343296051025e-01
3.602357655763626099e-01
3.617708384990692139e-01
3.736951947212219238e-01
3.669843822717666626e-01
3.855915814638137817e-01
3.741106688976287842e-01
3.754930049180984497e-01
3.909904062747955322e-01
3.819556087255477905e-01
3.675369918346405029e-01
3.618930578231811523e-01
3.645616173744201660e-01
3.725954294204711914e-01
3.811536729335784912e-01
4.268617033958435059e-01
3.813749998807907104e-01
3.825001865625381470e-01
3.711157143115997314e-01
3.800388425588607788e-01
3.703527450561523438e-01
3.751116842031478882e-01
3.767037093639373779e-01
4.019122123718261719e-01
3.873220384120941162e-01
3.790324032306671143e-01
3.727189898490905762e-01
3.729102760553359985e-01
3.776450455188751221e-01
3.694779574871063232e-01
3.777232766151428223e-01
3.681013286113739014e-01
3.706976324319839478e-01
3.623588979244232178e-01
3.685203492641448975e-01
3.727106153964996338e-01
3.656123280525207520e-01
3.656134158372879028e-01
3.698541671037673950e-01
3.771592974662780762e-01
3.743074238300323486e-01
3.723874539136886597e-01
3.676565885543823242e-01
3.756118118762969971e-01
3.968507051467895508e-01
3.766853213310241699e-01
3.712208122014999390e-01
4.031725376844406128e-01
3.614420443773269653e-01
3.683976382017135620e-01
3.673364520072937012e-01
3.684000819921493530e-01
3.667203485965728760e-01
3.812773227691650391e-01
3.708347231149673462e-01
3.791687190532684326e-01
3.742615282535552979e-01
4.026662260293960571e-01
3.639600723981857300e-01
3.677831292152404785e-01
3.720506131649017334e-01
3.714580535888671875e-01
3.852847218513488770e-01
3.763497620820999146e-01
3.676490932703018188e-01
3.730876445770263672e-01
3.751903474330902100e-01
3.747200667858123779e-01
3.696224987506866455e-01
4.041992574930191040e-01
3.637082725763320923e-01
3.754212409257888794e-01
3.784072995185852051e-01
3.717488050460815430e-01
3.632873296737670898e-01
3.701849281787872314e-01
3.686990737915039062e-01
3.651567697525024414e-01
3.691751807928085327e-01
3.606513589620590210e-01
3.699468523263931274e-01
