1.568421052631579007e-02
2.753947368421052685e-02
3.438157894736842274e-02
4.128947368421052866e-02
4.834210526315789458e-02
5.490789473684210692e-02
5.927631578947368390e-02
6.234210526315789314e-02
6.513157894736841536e-02
6.755263157894736414e-02
6.939473684210525906e-02
7.117105263157894046e-02
7.263157894736842202e-02
7.426315789473683648e-02
7.556578947368421117e-02
7.855263157894737391e-02
8.044736842105262853e-02
8.326315789473684448e-02
8.589473684210525983e-02
8.853947368421052899e-02
9.088157894736842435e-02
9.344736842105262620e-02
9.614473684210526894e-02
1.012894736842105264e-01
1.048684210526315830e-01
1.096184210526315733e-01
1.135657894736842172e-01
1.191315789473684217e-01
1.238026315789473725e-01
1.279078947368421093e-01
1.329473684210526196e-01
1.391184210526315856e-01
1.466710526315789520e-01
1.520526315789473559e-01
1.581315789473684286e-01
1.647105263157894739e-01
1.718421052631579071e-01
1.776842105263157778e-01
1.828815789473684228e-01
1.882500000000000007e-01
1.941578947368421126e-01
2.009210526315789447e-01
2.049736842105263079e-01
2.103289473684210598e-01
2.196315789473684277e-01
2.270526315789473670e-01
2.303289473684210498e-01
2.420789473684210602e-01
2.461973684210526370e-01
2.500131578947368260e-01
2.575394736842105403e-01
2.560000000000000053e-01
2.576052631578947261e-01
2.703552631578947096e-01
2.786315789473683968e-01
2.826315789473684004e-01
2.859078947368420831e-01
2.909342105263157952e-01
2.999736842105263368e-01
3.031184210526315925e-01
3.102631578947368518e-01
3.133026315789473881e-01
3.189078947368421124e-01
3.213157894736842213e-01
3.176578947368420835e-01
3.346842105263158063e-01
3.431973684210526399e-01
3.451447368421052819e-01
3.460131578947368558e-01
3.480657894736842173e-01
3.539605263157894477e-01
3.503026315789473655e-01
3.553947368421052633e-01
3.623157894736842022e-01
3.719078947368421040e-01
3.750263157894737076e-01
3.776578947368420813e-01
3.757236842105263208e-01
3.785921052631578965e-01
3.821842105263157929e-01
3.851973684210526216e-01
3.937105263157894552e-01
4.036315789473683968e-01
4.035000000000000253e-01
4.051842105263158134e-01
4.100526315789473908e-01
4.146842105263157663e-01
4.209473684210526256e-01
4.151842105263157667e-01
4.178947368421052633e-01
4.263421052631579111e-01
4.285131578947368181e-01
4.311973684210526070e-01
4.327500000000000235e-01
4.341842105263157836e-01
4.279078947368420982e-01
4.307894736842104999e-01
4.219999999999999862e-01
4.182500000000000107e-01
4.415526315789473633e-01
4.528684210526315868e-01
4.554342105263157747e-01
4.603815789473684195e-01
4.571315789473684443e-01
4.655394736842105030e-01
4.693552631578947198e-01
4.653289473684210642e-01
4.635131578947368491e-01
4.703026315789473610e-01
4.686973684210526403e-01
4.714078947368420813e-01
4.742236842105262973e-01
4.893289473684210300e-01
4.901315789473684181e-01
4.865657894736842293e-01
4.914342105263158067e-01
4.782894736842105421e-01
4.755526315789473935e-01
4.938684210526315677e-01
4.979210526315789309e-01
4.983421052631579196e-01
5.008684210526316294e-01
4.997368421052631460e-01
4.901447368421052442e-01
4.897763157894736707e-01
5.064473684210526461e-01
5.031842105263157894e-01
5.010921052631579498e-01
5.165394736842104928e-01
5.126710526315789718e-01
5.204342105263157769e-01
5.231447368421052735e-01
5.299078947368420778e-01
5.284605263157894361e-01
5.231447368421052735e-01
5.229605263157894868e-01
5.233947368421052460e-01
5.200263157894736699e-01
5.161842105263158009e-01
5.220131578947367901e-01
5.287105263157895196e-01
5.300921052631578645e-01
5.390921052631578725e-01
5.396447368421052326e-01
5.293947368421052513e-01
5.410131578947368070e-01
5.468157894736842550e-01
5.314605263157894388e-01
5.468815789473684408e-01
5.578552631578946874e-01
5.464999999999999858e-01
5.682368421052631513e-01
5.574605263157894619e-01
5.438157894736842524e-01
5.526842105263157778e-01
5.465394736842105194e-01
5.448026315789473717e-01
5.425921052631579311e-01
5.553815789473683928e-01
5.639868421052631753e-01
5.649605263157895241e-01
5.691447368421053143e-01
5.623026315789473317e-01
5.598421052631579187e-01
5.654210526315789354e-01
5.741973684210526230e-01
5.766842105263157992e-01
5.650921052631578956e-01
5.637236842105263213e-01
5.782236842105262786e-01
5.836052631578947381e-01
5.866842105263158080e-01
5.889078947368421302e-01
5.830394736842104964e-01
5.818815789473684719e-01
5.732631578947368078e-01
5.808026315789474037e-01
5.787894736842105203e-01
5.786447368421052673e-01
5.780394736842104919e-01
5.804605263157894823e-01
5.740921052631579036e-01
5.851184210526315654e-01
5.825921052631578556e-01
5.858815789473684754e-01
5.938289473684210673e-01
6.012631578947368327e-01
6.056052631578947576e-01
5.972631578947368292e-01
5.908157894736841831e-01
5.935000000000000275e-01
5.938815789473683715e-01
5.872894736842104724e-01
5.921052631578946901e-01
5.813684210526315344e-01
5.906710526315789300e-01
6.022763157894737152e-01
6.059342105263157974e-01
6.074736842105262768e-01
6.138947368421052708e-01
6.119736842105263364e-01
6.110789473684210549e-01
6.008552631578947256e-01
5.933157894736842408e-01
6.031710526315789966e-01
6.118421052631578538e-01
6.222499999999999698e-01
6.105789473684209989e-01
5.927894736842105328e-01
6.064605263157895054e-01
6.137236842105263657e-01
6.257368421052631469e-01
6.151315789473684736e-01
6.215394736842104750e-01
6.300921052631578423e-01
6.325526315789473664e-01
6.329078947368420582e-01
6.218026315789473291e-01
6.296052631578947789e-01
6.370000000000000107e-01
6.404473684210526541e-01
6.235921052631578920e-01
6.324736842105262991e-01
6.146315789473684177e-01
6.152499999999999636e-01
6.382368421052631025e-01
6.381842105263157983e-01
6.304078947368421115e-01
6.398026315789473450e-01
6.502236842105263426e-01
6.420263157894736672e-01
6.487894736842104715e-01
6.495921052631579151e-01
6.441973684210526852e-01
6.476973684210526327e-01
6.533421052631579462e-01
6.453947368421052433e-01
6.503947368421052477e-01
6.365526315789473699e-01
6.447105263157895116e-01
6.575789473684210407e-01
6.529605263157894912e-01
6.415789473684210265e-01
6.530789473684210922e-01
6.535394736842105035e-01
6.582500000000000018e-01
6.410394736842105479e-01
6.390000000000000124e-01
6.412631578947368682e-01
6.455921052631579116e-01
6.528947368421053055e-01
6.444868421052631913e-01
6.494210526315788989e-01
6.483815789473684754e-01
6.496447368421052193e-01
6.600000000000000311e-01
6.731052631578947620e-01
6.681578947368420618e-01
6.655657894736841662e-01
6.482631578947368745e-01
6.559473684210526123e-01
6.604342105263157903e-01
6.545394736842105043e-01
6.588947368421053108e-01
6.610000000000000320e-01
6.541578947368421604e-01
6.708947368421052104e-01
6.727894736842104928e-01
6.694999999999999840e-01
6.611315789473684035e-01
6.720921052631578796e-01
6.659210526315789691e-01
6.705657894736841707e-01
6.594210526315789078e-01
6.623552631578947247e-01
6.718947368421052113e-01
6.744473684210526843e-01
6.829473684210526363e-01
6.785526315789474072e-01
6.750526315789473486e-01
6.721710526315789469e-01
6.724605263157894530e-01
6.723552631578947336e-01
6.736578947368421222e-01
6.798289473684210327e-01
6.802105263157894877e-01
6.773552631578947381e-01
6.756052631578947087e-01
6.744736842105263364e-01
6.892368421052631478e-01
6.994342105263158249e-01
6.886578947368421355e-01
6.731578947368420662e-01
6.732894736842105488e-01
6.868684210526315725e-01
6.826184210526315965e-01
6.689210526315789718e-01
6.823421052631578609e-01
6.808421052631579151e-01
6.880526315789473601e-01
6.888289473684210407e-01
6.851052631578947727e-01
6.951578947368420858e-01
6.993552631578947576e-01
6.906842105263157894e-01
6.820789473684210069e-01
6.967763157894736326e-01
6.940526315789473655e-01
6.958157894736841653e-01
6.918026315789473912e-01
6.921447368421053126e-01
6.919342105263157627e-01
6.947763157894736308e-01
6.826710526315789007e-01
6.945526315789474214e-01
6.901447368421053108e-01
6.821842105263158373e-01
6.717763157894737214e-01
6.874342105263158142e-01
6.821315789473684221e-01
6.806315789473684763e-01
6.877894736842105061e-01
7.025131578947368949e-01
7.035000000000000142e-01
7.052368421052631620e-01
7.029342105263157725e-01
7.088947368421052442e-01
7.034605263157894806e-01
7.207763157894736539e-01
7.070263157894737249e-01
7.009473684210526523e-01
7.106710526315789256e-01
7.061578947368420955e-01
7.026973684210526816e-01
6.968684210526315814e-01
7.088157894736841769e-01
7.155526315789473291e-01
7.141578947368421026e-01
7.188026315789474152e-01
7.253289473684210176e-01
7.147105263157894628e-01
6.976842105263157956e-01
7.080131578947368443e-01
7.056052631578947354e-01
7.107894736842105265e-01
7.089999999999999636e-01
7.158289473684210646e-01
7.132763157894737027e-01
7.204473684210526141e-01
7.218815789473683742e-01
6.985394736842105434e-01
7.106710526315789256e-01
7.216842105263158169e-01
7.158947368421052504e-01
7.185526315789473317e-01
7.055921052631578538e-01
7.068289473684210567e-01
7.108947368421052460e-01
7.191184210526315734e-01
7.093815789473684186e-01
7.215921052631578680e-01
7.064210526315789496e-01
7.196710526315789336e-01
7.177763157894736512e-01
7.103947368421053010e-01
7.091052631578946830e-01
7.256710526315789389e-01
7.247500000000000053e-01
7.296447368421052904e-01
7.257236842105263541e-01
7.277763157894736601e-01
7.271184210526315805e-01
7.149210526315789016e-01
7.280657894736841662e-01
7.361315789473684701e-01
7.270657894736841653e-01
7.244736842105262697e-01
7.369868421052631069e-01
7.349736842105263346e-01
7.374210526315789771e-01
7.270789473684210469e-01
7.364868421052631620e-01
7.275000000000000355e-01
7.225394736842105647e-01
7.225000000000000311e-01
7.223289473684210149e-01
7.140394736842105017e-01
7.177763157894736512e-01
7.340789473684210531e-01
7.241052631578946963e-01
7.353552631578947896e-01
7.304473684210526230e-01
7.394342105263157494e-01
7.216578947368420538e-01
7.300657894736841680e-01
7.307368421052631291e-01
7.304736842105262751e-01
7.272763157894737152e-01
7.122368421052631682e-01
7.130789473684210344e-01
7.241578947368421115e-01
7.374210526315789771e-01
7.287631578947368904e-01
7.260263157894736308e-01
7.282499999999999529e-01
7.461710526315789016e-01
7.348157894736842000e-01
7.350394736842105203e-01
7.190263157894737356e-01
7.447763157894736752e-01
7.354605263157895090e-01
7.413552631578946839e-01
7.376447368421052975e-01
7.413947368421052175e-01
7.470657894736841831e-01
7.336973684210525981e-01
7.310263157894736352e-01
7.479868421052631167e-01
7.459736842105263444e-01
7.518026315789473335e-01
7.387631578947367883e-01
7.352763157894737223e-01
7.320921052631579329e-01
7.335263157894736930e-01
7.491578947368421337e-01
7.482763157894737338e-01
7.344210526315789744e-01
7.439868421052631131e-01
7.438815789473683937e-01
7.364605263157895099e-01
7.380131578947368709e-01
7.317236842105263595e-01
7.365526315789473477e-01
7.497236842105262644e-01
7.558026315789473371e-01
7.489342105263158134e-01
7.579210526315789398e-01
7.450263157894736477e-01
7.410921052631579409e-01
7.388421052631578556e-01
7.571184210526316072e-01
7.614473684210526505e-01
7.566973684210526185e-01
7.313157894736842524e-01
7.469868421052631158e-01
7.498026315789473317e-01
7.573552631578946981e-01
7.678815789473684150e-01
7.625921052631579045e-01
7.624605263157894219e-01
7.575526315789473664e-01
7.481315789473683697e-01
7.433421052631579151e-01
7.372499999999999609e-01
7.498157894736842133e-01
7.608684210526315272e-01
7.550394736842105381e-01
7.600131578947368904e-01
7.517631578947367998e-01
7.469342105263158116e-01
7.505526315789473601e-01
7.377631578947367874e-01
7.544473684210526443e-01
7.543947368421052291e-01
7.505657894736842417e-01
7.502105263157894388e-01
7.590000000000000080e-01
7.687631578947368149e-01
7.695657894736842586e-01
7.663552631578947061e-01
7.504605263157895223e-01
7.476052631578947727e-01
7.557763157894736850e-01
7.477368421052631442e-01
7.472105263157894361e-01
7.614605263157894210e-01
7.611710526315789149e-01
7.562631578947368594e-01
7.755131578947368487e-01
7.770526315789473282e-01
7.706842105263157494e-01
7.688684210526315344e-01
7.627105263157895054e-01
7.613026315789473975e-01
7.541315789473683751e-01
7.521710526315789069e-01
7.693552631578947087e-01
7.709473684210526034e-01
7.574342105263157654e-01
7.551710526315789096e-01
7.552368421052632064e-01
7.564868421052631797e-01
7.701184210526316187e-01
7.720657894736842053e-01
7.622894736842105168e-01
7.743947368421052468e-01
7.708815789473684177e-01
7.761052631578947425e-01
7.735263157894737285e-01
7.749868421052631406e-01
7.609078947368420609e-01
7.688684210526315344e-01
7.626184210526315566e-01
7.624868421052631851e-01
7.663815789473684692e-01
7.692631578947368709e-01
7.689868421052631353e-01
7.711973684210526869e-01
7.690789473684210842e-01
7.686710526315789771e-01
7.874078947368421399e-01
7.892894736842105408e-01
7.847368421052631771e-01
7.853552631578947230e-01
7.878289473684210176e-01
7.721184210526316205e-01
7.682368421052631069e-01
7.728947368421053010e-01
7.746710526315789824e-01
7.711710526315789238e-01
7.728552631578947674e-01
7.763157894736841813e-01
7.786052631578946892e-01
7.840000000000000302e-01
7.788421052631578911e-01
7.746184210526315672e-01
7.855921052631579249e-01
7.766184210526315690e-01
7.757368421052631691e-01
7.654078947368421204e-01
7.594605263157894193e-01
7.839210526315789629e-01
7.842368421052631211e-01
7.791973684210525830e-01
7.690000000000000169e-01
7.734342105263157796e-01
7.778157894736842382e-01
7.821710526315789336e-01
7.898157894736842488e-01
7.860131578947368025e-01
7.753552631578947141e-01
7.790000000000000258e-01
7.849210526315789638e-01
7.761184210526316241e-01
7.778815789473684239e-01
7.715263157894737267e-01
7.785789473684210371e-01
7.807894736842104777e-01
7.799342105263158409e-01
7.740131578947367919e-01
7.792236842105263461e-01
7.925657894736841680e-01
7.848421052631578965e-01
7.841710526315789354e-01
7.902368421052631264e-01
7.863289473684210718e-01
7.900131578947368061e-01
7.844078947368421373e-01
7.966842105263157725e-01
7.899736842105262724e-01
7.770394736842105576e-01
7.914473684210526772e-01
7.973421052631578521e-01
7.906052631578946999e-01
7.887368421052631806e-01
7.956447368421052380e-01
7.918421052631579027e-01
7.870789473684211002e-01
7.985789473684210549e-01
7.995921052631579373e-01
7.965131578947368673e-01
7.891184210526315246e-01
7.874868421052632073e-01
7.977368421052631886e-01
7.951052631578947594e-01
7.906315789473684630e-01
7.838157894736842435e-01
7.807105263157895214e-01
7.792763157894736503e-01
7.769210526315789567e-01
7.864868421052632064e-01
7.918421052631579027e-01
7.893289473684210744e-01
7.977105263157894255e-01
7.609736842105263577e-01
7.673947368421052406e-01
7.880263157894736858e-01
7.935263157894736352e-01
7.967631578947368398e-01
7.833157894736841875e-01
7.693815789473684719e-01
7.859078947368420831e-01
7.938026315789473708e-01
7.758552631578947700e-01
7.911184210526315264e-01
7.951973684210525972e-01
8.026578947368421257e-01
8.019210526315789789e-01
7.996184210526315894e-01
7.973421052631578521e-01
7.929473684210526230e-01
7.952368421052631309e-01
7.893552631578947265e-01
7.952894736842105461e-01
7.754605263157894335e-01
7.955394736842105186e-01
8.002500000000000169e-01
7.750657894736842080e-01
7.929210526315789709e-01
7.945657894736841698e-01
8.010000000000000453e-01
8.059342105263157530e-01
8.001447368421052975e-01
7.950657894736842257e-01
7.944868421052631025e-01
7.958421052631579062e-01
8.022763157894736707e-01
8.008552631578947922e-01
7.925263157894736343e-01
7.876184210526315788e-01
8.013421052631578556e-01
8.084473684210525812e-01
7.986842105263157743e-01
8.003421052631578547e-01
7.819078947368420796e-01
7.996447368421052415e-01
8.125526315789474152e-01
7.982631578947368967e-01
7.914736842105263293e-01
7.903026315789474232e-01
8.006447368421052424e-01
8.147105263157894406e-01
8.008552631578947922e-01
7.972763157894736663e-01
8.046710526315788981e-01
8.049605263157895152e-01
8.040921052631578858e-01
8.081052631578947709e-01
8.133815789473683999e-01
8.130131578947368265e-01
8.044473684210525777e-01
7.983684210526316161e-01
8.099473684210526381e-01
7.917105263157894202e-01
8.092894736842105585e-01
7.856052631578946954e-01
7.968947368421052113e-01
7.980657894736842284e-01
8.053947368421052744e-01
8.018552631578946821e-01
8.034210526315789247e-01
8.064210526315789274e-01
7.983289473684210824e-01
7.973289473684210815e-01
8.031184210526315370e-01
8.073026315789473273e-01
8.187763157894736299e-01
8.127368421052632019e-01
8.054342105263158080e-01
7.918289473684210211e-01
8.029868421052631655e-01
8.131710526315789611e-01
8.059210526315789824e-01
8.042763157894736725e-01
7.832105263157894681e-01
7.963815789473683848e-01
7.890000000000000346e-01
8.027763157894737267e-01
7.950263157894736921e-01
8.052236842105263692e-01
8.141842105263158436e-01
8.173289473684210993e-01
8.192236842105262706e-01
8.134078947368420520e-01
8.081578947368420751e-01
7.993815789473683875e-01
7.743552631578947132e-01
7.940526315789473433e-01
8.032368421052631380e-01
7.938289473684210229e-01
8.059342105263157530e-01
7.949078947368420911e-01
8.107631578947368522e-01
8.091842105263158391e-01
8.178289473684210442e-01
8.136710526315789060e-01
8.199605263157895285e-01
8.158815789473684577e-01
8.080394736842104741e-01
8.162894736842105647e-01
8.058815789473684488e-01
8.261447368421052095e-01
8.214868421052631264e-01
8.269078947368421195e-01
8.320921052631579107e-01
8.157894736842105088e-01
7.976710526315790029e-01
8.191842105263157370e-01
8.181315789473684319e-01
8.155657894736841884e-01
8.223684210526315264e-01
8.155000000000000027e-01
8.056447368421052468e-01
8.081315789473684230e-01
7.993552631578947354e-01
8.052894736842105550e-01
7.987631578947368416e-01
7.861315789473684035e-01
8.184605263157894717e-01
8.163552631578947505e-01
8.312894736842105781e-01
8.213026315789473397e-01
8.107236842105263186e-01
8.199605263157895285e-01
8.227499999999999813e-01
8.206973684210526754e-01
8.287236842105263346e-01
8.148157894736841600e-01
8.078157894736842648e-01
8.090000000000000524e-01
8.249473684210526514e-01
8.152763157894736823e-01
8.215789473684210753e-01
8.180789473684210167e-01
8.212894736842105692e-01
8.256447368421052646e-01
8.381578947368421018e-01
8.302500000000000435e-01
8.279473684210526541e-01
8.260394736842104901e-01
8.219868421052631824e-01
8.312368421052631628e-01
8.278947368421052388e-01
8.232894736842105710e-01
8.098815789473684523e-01
8.252105263157895054e-01
8.199210526315789949e-01
8.201578947368420858e-01
8.291447368421052122e-01
8.301447368421052131e-01
8.199999999999999512e-01
7.899736842105262724e-01
8.119473684210526399e-01
8.232500000000000373e-01
8.152500000000000302e-01
8.268815789473684674e-01
8.284210526315789469e-01
8.258815789473684665e-01
8.227368421052632108e-01
8.119868421052631735e-01
8.098157894736841556e-01
8.081710526315789567e-01
7.979736842105262795e-01
8.231447368421053179e-01
8.283947368421052948e-01
8.306578947368421506e-01
8.267105263157894512e-01
8.212763157894736876e-01
8.245657894736841964e-01
8.313421052631578823e-01
8.395000000000000240e-01
8.321315789473684443e-01
8.276052631578947327e-01
8.127105263157894388e-01
8.274342105263158276e-01
8.334473684210526034e-01
8.272105263157895072e-01
8.208947368421052326e-01
8.259736842105263044e-01
8.164078947368420547e-01
8.378552631578947141e-01
8.434210526315789602e-01
8.324210526315789505e-01
8.302894736842105772e-01
8.215526315789474232e-01
8.256710526315789167e-01
8.299473684210526558e-01
8.261315789473684390e-01
8.217499999999999805e-01
8.328026315789474054e-01
8.306447368421052690e-01
8.252236842105262760e-01
8.329473684210526585e-01
8.265789473684210797e-01
8.166184210526316045e-01
8.234078947368420609e-01
8.293289473684209989e-01
8.255394736842105452e-01
8.208815789473684621e-01
8.403026315789473566e-01
8.375000000000000222e-01
8.300263157894737232e-01
8.266842105263157992e-01
8.374605263157894885e-01
8.355394736842105541e-01
8.366184210526316223e-01
8.395394736842105576e-01
8.475789473684210984e-01
8.418289473684210655e-01
8.458947368421052548e-01
8.438684210526316010e-01
8.407105263157894637e-01
8.369736842105263142e-01
8.377499999999999947e-01
8.380394736842105008e-01
8.197894736842105123e-01
8.286842105263158009e-01
8.255000000000000115e-01
8.290526315789473744e-01
8.230921052631579027e-01
8.240394736842104884e-01
8.199473684210526470e-01
8.173947368421052850e-01
8.213421052631578734e-01
8.386052631578947425e-01
8.383947368421053037e-01
8.367763157894736459e-01
8.328289473684210575e-01
8.340131578947368451e-01
8.424078947368420778e-01
8.311973684210526292e-01
8.412368421052631717e-01
8.373815789473684212e-01
8.458815789473683733e-01
8.480657894736841618e-01
8.443026315789473601e-01
8.223026315789473406e-01
8.171578947368420831e-01
8.259078947368421186e-01
8.444868421052631469e-01
8.289342105263157734e-01
8.349999999999999645e-01
8.354473684210526052e-01
8.400394736842105026e-01
8.485526315789473362e-01
8.447368421052631193e-01
8.333421052631578840e-01
8.296052631578947345e-01
8.366052631578947407e-01
8.305657894736842017e-01
8.378026315789474099e-01
8.399342105263157832e-01
8.375526315789473264e-01
8.302368421052631620e-01
8.192631578947368043e-01
8.202763157894736867e-01
8.317236842105263372e-01
8.524210526315789682e-01
8.515263157894736867e-01
8.485657894736842177e-01
8.425526315789473308e-01
8.390526315789473832e-01
8.486842105263158187e-01
8.534342105263157396e-01
8.357763157894736450e-01
8.351710526315789807e-01
8.276710526315789185e-01
8.246710526315789158e-01
8.328552631578947096e-01
8.281973684210526265e-01
8.408947368421052504e-01
8.401842105263157556e-01
8.276184210526316143e-01
8.270131578947368389e-01
8.405394736842105585e-01
8.372236842105262866e-01
8.466710526315789354e-01
8.491052631578946963e-01
8.470394736842105088e-01
8.421710526315789869e-01
8.391184210526315690e-01
8.503157894736842470e-01
8.298157894736841733e-01
8.263552631578947594e-01
8.353947368421053010e-01
8.316447368421052699e-01
8.335000000000000187e-01
8.455131578947367998e-01
8.526315789473684070e-01
8.527368421052631264e-01
8.495394736842105665e-01
8.521578947368421142e-01
8.378157894736841804e-01
8.456710526315789345e-01
8.544605263157895036e-01
8.465263157894736823e-01
8.325000000000000178e-01
8.290921052631579080e-01
8.433947368421053081e-01
8.277105263157894521e-01
8.327368421052631087e-01
8.460263157894737374e-01
8.330131578947368443e-01
8.399342105263157832e-01
8.297368421052631060e-01
8.344342105263158338e-01
8.358684210526315939e-01
8.473947368421053117e-01
8.485526315789473362e-01
8.500394736842105115e-01
8.525000000000000355e-01
8.641710526315788954e-01
8.415789473684210931e-01
8.511315789473684612e-01
8.461052631578946936e-01
8.470526315789473903e-01
8.282105263157895081e-01
8.241710526315789709e-01
8.297631578947368691e-01
8.504078947368420849e-01
8.552894736842104884e-01
8.594210526315789744e-01
8.552763157894737178e-01
8.537368421052631273e-01
8.451184210526315743e-01
8.456184210526316303e-01
8.503421052631578991e-01
8.525131578947368061e-01
8.618026315789473202e-01
8.441710526315789886e-01
8.510789473684210460e-01
8.391578947368421026e-01
8.355657894736842062e-01
8.420526315789473859e-01
8.431578947368421062e-01
8.450657894736841591e-01
8.478157894736841893e-01
8.561447368421052362e-01
8.563552631578947860e-01
8.619868421052631069e-01
8.668289473684210877e-01
8.580526315789474001e-01
8.401578947368421035e-01
8.316184210526316178e-01
8.347236842105263399e-01
8.473026315789473628e-01
8.556710526315789433e-01
8.531710526315789966e-01
8.374868421052631406e-01
8.473421052631578965e-01
8.270657894736842541e-01
8.533684210526315539e-01
8.560657894736841689e-01
8.563421052631579045e-01
8.493157894736842461e-01
8.503026315789473655e-01
8.435921052631578654e-01
8.443289473684210122e-01
8.583026315789473726e-01
8.399210526315789016e-01
8.319342105263157761e-01
8.455000000000000293e-01
8.441842105263157592e-01
8.493157894736842461e-01
8.630394736842105230e-01
8.476578947368420547e-01
8.616710526315789487e-01
8.675000000000000488e-01
8.712763157894737320e-01
8.603157894736842559e-01
8.518026315789474223e-01
8.563157894736842524e-01
8.483552631578947789e-01
8.533815789473684355e-01
8.466447368421052833e-01
8.534605263157895028e-01
8.558552631578947301e-01
8.558684210526316116e-01
8.413026315789473575e-01
8.612105263157894264e-01
8.611052631578947070e-01
8.513026315789473664e-01
8.422368421052631726e-01
8.448157894736841866e-01
8.566973684210525963e-01
8.556052631578947576e-01
8.597631578947368958e-01
8.452763157894737089e-01
8.380526315789473824e-01
8.385000000000000231e-01
8.446842105263158151e-01
8.279473684210526541e-01
8.359868421052631948e-01
8.438947368421052531e-01
8.542894736842104875e-01
8.474210526315789638e-01
8.500131578947368594e-01
8.541052631578947008e-01
8.686710526315789549e-01
8.709605263157894628e-01
8.585921052631578787e-01
8.506447368421052868e-01
8.539210526315789140e-01
8.506184210526315237e-01
8.429078947368421337e-01
8.581184210526315859e-01
8.605000000000000426e-01
8.662236842105263124e-01
8.662631578947368460e-01
8.700394736842105292e-01
8.601184210526315876e-01
