1.052631578947368397e-02
2.269736842105263275e-02
2.407894736842105393e-02
2.690789473684210634e-02
2.967105263157894871e-02
3.519736842105262997e-02
4.289473684210526327e-02
4.756578947368420712e-02
5.434210526315789297e-02
5.802631578947368279e-02
6.243421052631578649e-02
6.756578947368420407e-02
7.197368421052631471e-02
7.664473684210526550e-02
8.302631578947368418e-02
8.552631578947368640e-02
9.210526315789473173e-02
9.565789473684210842e-02
9.940789473684211175e-02
1.061184210526315841e-01
1.155921052631578988e-01
1.193421052631578883e-01
1.244078947368421062e-01
1.307894736842105388e-01
1.398684210526315863e-01
1.453289473684210575e-01
1.549999999999999989e-01
1.609210526315789369e-01
1.692105263157894779e-01
1.791447368421052733e-01
1.883552631578947478e-01
1.973684210526315819e-01
2.111184210526315663e-01
2.193421052631578938e-01
2.235526315789473639e-01
2.335526315789473728e-01
2.406578947368420984e-01
2.532236842105263230e-01
2.638157894736842257e-01
2.763815789473684226e-01
2.853289473684210709e-01
2.926315789473684092e-01
3.017105263157894846e-01
3.119078947368421062e-01
3.195394736842105399e-01
3.350000000000000200e-01
3.381578947368421018e-01
3.521710526315789402e-01
3.636842105263157765e-01
3.686184210526315952e-01
3.772368421052631482e-01
3.902631578947368673e-01
3.872368421052631571e-01
3.989473684210526061e-01
4.152631578947368340e-01
4.209868421052631593e-01
4.306578947368421284e-01
4.405263157894737103e-01
4.472368421052631549e-01
4.520394736842105465e-01
4.592763157894736992e-01
4.630263157894736747e-01
4.790789473684210487e-01
4.792763157894736614e-01
4.769078947368420862e-01
4.953289473684210353e-01
5.055263157894737125e-01
5.230263157894736725e-01
5.171710526315789203e-01
5.329605263157894957e-01
5.348684210526315486e-01
5.330263157894736814e-01
5.470394736842105754e-01
5.474999999999999867e-01
5.588815789473684514e-01
5.601315789473684248e-01
5.671052631578947789e-01
5.730263157894737169e-01
5.770394736842104910e-01
5.819736842105263097e-01
5.869078947368421284e-01
5.927631578947368807e-01
6.125657894736842302e-01
6.109210526315789203e-01
6.126973684210526017e-01
6.124342105263157476e-01
6.198026315789473273e-01
6.146710526315789513e-01
6.265789473684210131e-01
6.350657894736841946e-01
6.386184210526315574e-01
6.489473684210526061e-01
6.477631578947368185e-01
6.400000000000000133e-01
6.565789473684210398e-01
6.541447368421052788e-01
6.719078947368420929e-01
6.795394736842105265e-01
6.821710526315789558e-01
6.932894736842105665e-01
6.907236842105263230e-01
6.830921052631578894e-01
6.882236842105262653e-01
6.962500000000000355e-01
7.078947368421052433e-01
7.035526315789473184e-01
6.962500000000000355e-01
7.139473684210526638e-01
7.157894736842105310e-01
7.251973684210526461e-01
7.248026315789474205e-01
7.235526315789473362e-01
7.273684210526315530e-01
7.384210526315789780e-01
7.184210526315789602e-01
7.290131578947368629e-01
7.408552631578947389e-01
7.524342105263157610e-01
7.484868421052631726e-01
7.504605263157895223e-01
7.541447368421052566e-01
7.601973684210526772e-01
7.623026315789473983e-01
7.628289473684211064e-01
7.667105263157895090e-01
7.574342105263157654e-01
7.714473684210526594e-01
7.714473684210526594e-01
7.763815789473683671e-01
7.796052631578946901e-01
7.767105263157895179e-01
7.773684210526315974e-01
7.769736842105262609e-01
8.003289473684210842e-01
7.915131578947368629e-01
7.988815789473684426e-01
7.992763157894736681e-01
8.060526315789473539e-01
8.103289473684210931e-01
8.059210526315789824e-01
8.157236842105263230e-01
8.169078947368421106e-01
8.155263157894736548e-01
8.092763157894736770e-01
8.175000000000000044e-01
8.106578947368421328e-01
8.184868421052631238e-01
8.231578947368420884e-01
8.356578947368421550e-01
8.306578947368421506e-01
8.299999999999999600e-01
8.320394736842104955e-01
8.385526315789473273e-01
8.372368421052631682e-01
8.386842105263158098e-01
8.461842105263157610e-01
8.443421052631578938e-01
8.398026315789474117e-01
8.409868421052631993e-01
8.537500000000000089e-01
8.547368421052631282e-01
8.455263157894736814e-01
8.535526315789473406e-01
8.518421052631578450e-01
8.672368421052631948e-01
8.654605263157895134e-01
8.649999999999999911e-01
8.652631578947368451e-01
8.685526315789473539e-01
8.692763157894737303e-01
8.765131578947368274e-01
8.750000000000000000e-01
8.796052631578947789e-01
8.710526315789474117e-01
8.761184210526316019e-01
8.752631578947368540e-01
8.862499999999999822e-01
8.903289473684210531e-01
8.843421052631579293e-01
8.839473684210525928e-01
8.846710526315789691e-01
8.784868421052631771e-01
8.865131578947368363e-01
8.859210526315789425e-01
8.915789473684210265e-01
8.926315789473684426e-01
8.919078947368420662e-01
8.980263157894736725e-01
8.790131578947368851e-01
8.982894736842105265e-01
9.007894736842104733e-01
9.003289473684210620e-01
8.985526315789473806e-01
9.067105263157895223e-01
9.088157894736842435e-01
9.137499999999999512e-01
9.084868421052632037e-01
9.088815789473684292e-01
9.145394736842105132e-01
9.076315789473684559e-01
9.080921052631578672e-01
9.070394736842105621e-01
9.140131578947368052e-01
9.141447368421052877e-01
9.207236842105263053e-01
9.184868421052632126e-01
9.147368421052631815e-01
9.117763157894737125e-01
9.146052631578946990e-01
9.225657894736841724e-01
9.214473684210526816e-01
9.272368421052631371e-01
9.178947368421052078e-01
9.300000000000000488e-01
9.296052631578947123e-01
9.318421052631579160e-01
9.274342105263158054e-01
9.257236842105263097e-01
9.343421052631578627e-01
9.360526315789473584e-01
9.341447368421053055e-01
9.339473684210526372e-01
9.355921052631579471e-01
9.378289473684210398e-01
9.417763157894737391e-01
9.413815789473684026e-01
9.334868421052631149e-01
9.353289473684210931e-01
9.351315789473684248e-01
9.366447368421052522e-01
9.411842105263157343e-01
9.421710526315789647e-01
9.369736842105262919e-01
9.444078947368420573e-01
9.455263157894736592e-01
9.438157894736841635e-01
9.475000000000000089e-01
9.512500000000000400e-01
9.443421052631578716e-01
9.505921052631578494e-01
9.546052631578947345e-01
9.580921052631579116e-01
9.542105263157895090e-01
9.541447368421052122e-01
9.577631578947368718e-01
9.534210526315789469e-01
9.490789473684210220e-01
9.561184210526315619e-01
9.540789473684210265e-01
9.526315789473683848e-01
9.521052631578947878e-01
9.599342105263157787e-01
9.590789473684210309e-01
9.621052631578946857e-01
9.636842105263158098e-01
9.609210526315788981e-01
9.654605263157894912e-01
9.549342105263157743e-01
9.552631578947368141e-01
9.602631578947368185e-01
9.650657894736842657e-01
9.648026315789474117e-01
9.671710526315789869e-01
9.631578947368421018e-01
9.660526315789473850e-01
9.692105263157895223e-01
9.669736842105263186e-01
9.661842105263157565e-01
9.683552631578947745e-01
9.676315789473683981e-01
9.682236842105262919e-01
9.632894736842104733e-01
9.636842105263158098e-01
9.715131578947368007e-01
9.728289473684210709e-01
9.691447368421052255e-01
9.717763157894736548e-01
9.709868421052632037e-01
9.730263157894737391e-01
9.707236842105263497e-01
9.726315789473684026e-01
9.712499999999999467e-01
9.703947368421053099e-01
9.664473684210526105e-01
9.733552631578947789e-01
9.740131578947368585e-01
9.742763157894737125e-01
9.750657894736841635e-01
9.764473684210526194e-01
9.786842105263158231e-01
9.748026315789474205e-01
9.786842105263158231e-01
9.732236842105262964e-01
9.755921052631578716e-01
9.742763157894737125e-01
9.759868421052632081e-01
9.742105263157895267e-01
9.786842105263158231e-01
9.784868421052631549e-01
9.781578947368421151e-01
9.780921052631579293e-01
9.772368421052631815e-01
9.826315789473684115e-01
9.806578947368420618e-01
9.777631578947368896e-01
9.811184210526315841e-01
9.790789473684210487e-01
9.825657894736842257e-01
9.799342105263157965e-01
9.805921052631578760e-01
9.842763157894737214e-01
9.807236842105263586e-01
9.807894736842105443e-01
9.796052631578947567e-01
9.790131578947368629e-01
9.825657894736842257e-01
9.849999999999999867e-01
9.844736842105262786e-01
9.828289473684210797e-01
9.846052631578947612e-01
9.832894736842104910e-01
9.851973684210526550e-01
9.862499999999999600e-01
9.881578947368421240e-01
9.870394736842105221e-01
9.886842105263158320e-01
9.884210526315789780e-01
9.884210526315789780e-01
9.878289473684210842e-01
9.873684210526315619e-01
9.873684210526315619e-01
9.888157894736842035e-01
9.858552631578947345e-01
9.869736842105263364e-01
9.849342105263158009e-01
9.863157894736842568e-01
9.889473684210526860e-01
9.881578947368421240e-01
9.855921052631578805e-01
9.884210526315789780e-01
9.888157894736842035e-01
9.886842105263158320e-01
9.903289473684210309e-01
9.913157894736842612e-01
9.899999999999999911e-01
9.898684210526316196e-01
9.883552631578947922e-01
9.901973684210526594e-01
9.911842105263157787e-01
9.894736842105262831e-01
9.876315789473684159e-01
9.887500000000000178e-01
9.905921052631578849e-01
9.892105263157894290e-01
9.903947368421052166e-01
9.885526315789473495e-01
9.901973684210526594e-01
9.896052631578947656e-01
9.911184210526315930e-01
9.909868421052631104e-01
9.917105263157894868e-01
9.929605263157894601e-01
9.896052631578947656e-01
9.882894736842104955e-01
9.911842105263157787e-01
9.917763157894736725e-01
9.916447368421053010e-01
9.905921052631578849e-01
9.930263157894736459e-01
9.928947368421052744e-01
9.925657894736842346e-01
9.908552631578947389e-01
9.936184210526315397e-01
9.941447368421052477e-01
9.940131578947368762e-01
9.917763157894736725e-01
9.932236842105263142e-01
9.937500000000000222e-01
9.942105263157894335e-01
9.913157894736842612e-01
9.916447368421053010e-01
9.923684210526315663e-01
9.928289473684210886e-01
9.910526315789474072e-01
9.918421052631578583e-01
9.936842105263158365e-01
9.943421052631579160e-01
9.923026315789473806e-01
9.934868421052631682e-01
9.917763157894736725e-01
9.938157894736842080e-01
9.953289473684210353e-01
9.949999999999999956e-01
9.957236842105262609e-01
9.948026315789473273e-01
9.950657894736841813e-01
9.948026315789473273e-01
9.949342105263158098e-01
9.950657894736841813e-01
9.944736842105262875e-01
9.951315789473683671e-01
9.943421052631579160e-01
9.926315789473684204e-01
9.932894736842104999e-01
9.951973684210526638e-01
9.944736842105262875e-01
9.948684210526316241e-01
9.960526315789474117e-01
9.956578947368420751e-01
9.950657894736841813e-01
9.938815789473683937e-01
9.930921052631579427e-01
9.940789473684210620e-01
9.952631578947368496e-01
9.958552631578947434e-01
9.956578947368420751e-01
9.938815789473683937e-01
9.965131578947368229e-01
9.966447368421053055e-01
9.971710526315789025e-01
9.970394736842105310e-01
9.953947368421052211e-01
9.975000000000000533e-01
9.957894736842105576e-01
9.959210526315789291e-01
9.945394736842104733e-01
9.931578947368421284e-01
9.945394736842104733e-01
9.973684210526315708e-01
9.969736842105263452e-01
9.961842105263157832e-01
9.961842105263157832e-01
9.953947368421052211e-01
9.947368421052631415e-01
9.957894736842105576e-01
9.933552631578946857e-01
9.961184210526315974e-01
9.966447368421053055e-01
9.967105263157894912e-01
9.971710526315789025e-01
9.956578947368420751e-01
9.970394736842105310e-01
9.946052631578947700e-01
9.962499999999999689e-01
9.955263157894737036e-01
9.977631578947367963e-01
9.976973684210526105e-01
9.957894736842105576e-01
9.949342105263158098e-01
9.975657894736842390e-01
9.965789473684210087e-01
9.963815789473684514e-01
9.952631578947368496e-01
9.962499999999999689e-01
9.965131578947368229e-01
9.973026315789473850e-01
9.969736842105263452e-01
9.961842105263157832e-01
9.976973684210526105e-01
9.978947368421052788e-01
9.975657894736842390e-01
9.975657894736842390e-01
9.978289473684210931e-01
9.967105263157894912e-01
9.967763157894736770e-01
9.973026315789473850e-01
9.977631578947367963e-01
9.967105263157894912e-01
9.974342105263157565e-01
9.980921052631579471e-01
9.978289473684210931e-01
9.977631578947367963e-01
9.979605263157894646e-01
9.978289473684210931e-01
9.978947368421052788e-01
9.985526315789473584e-01
9.981578947368421328e-01
9.981578947368421328e-01
9.977631578947367963e-01
9.963815789473684514e-01
9.980263157894736503e-01
9.973026315789473850e-01
9.983552631578946901e-01
9.972368421052631993e-01
9.968421052631578627e-01
9.976973684210526105e-01
9.975657894736842390e-01
9.982236842105263186e-01
9.981578947368421328e-01
9.979605263157894646e-01
9.978947368421052788e-01
9.973684210526315708e-01
9.986184210526315441e-01
9.984210526315789869e-01
9.978289473684210931e-01
9.975000000000000533e-01
9.986842105263158409e-01
9.982236842105263186e-01
9.988157894736842124e-01
9.982236842105263186e-01
9.976973684210526105e-01
9.970394736842105310e-01
9.990131578947368807e-01
9.987500000000000266e-01
9.986842105263158409e-01
9.986184210526315441e-01
9.990131578947368807e-01
9.988157894736842124e-01
9.982894736842105043e-01
9.977631578947367963e-01
9.983552631578946901e-01
9.982236842105263186e-01
9.978947368421052788e-01
9.976973684210526105e-01
9.990789473684210664e-01
9.980921052631579471e-01
9.986184210526315441e-01
9.978947368421052788e-01
9.972368421052631993e-01
9.980921052631579471e-01
9.976315789473684248e-01
9.984210526315789869e-01
9.985526315789473584e-01
9.982236842105263186e-01
9.985526315789473584e-01
9.985526315789473584e-01
9.986842105263158409e-01
9.985526315789473584e-01
9.978289473684210931e-01
9.976973684210526105e-01
9.983552631578946901e-01
9.980921052631579471e-01
9.987500000000000266e-01
9.987500000000000266e-01
9.986842105263158409e-01
9.990789473684210664e-01
9.990131578947368807e-01
9.986842105263158409e-01
9.986184210526315441e-01
9.976973684210526105e-01
9.988157894736842124e-01
9.980921052631579471e-01
9.984868421052631726e-01
9.988815789473683981e-01
9.990789473684210664e-01
9.996052631578947745e-01
9.993421052631579204e-01
9.985526315789473584e-01
9.990789473684210664e-01
9.981578947368421328e-01
9.988157894736842124e-01
9.982236842105263186e-01
9.982894736842105043e-01
9.984868421052631726e-01
9.982236842105263186e-01
9.981578947368421328e-01
9.980921052631579471e-01
9.990131578947368807e-01
9.993421052631579204e-01
9.990789473684210664e-01
9.990131578947368807e-01
9.990131578947368807e-01
9.992105263157894379e-01
9.981578947368421328e-01
9.981578947368421328e-01
9.978947368421052788e-01
9.978289473684210931e-01
9.990131578947368807e-01
9.991447368421052522e-01
9.990131578947368807e-01
9.995394736842104777e-01
9.992105263157894379e-01
9.994736842105262919e-01
9.986184210526315441e-01
9.992105263157894379e-01
9.990131578947368807e-01
9.982894736842105043e-01
9.988815789473683981e-01
9.982894736842105043e-01
9.992105263157894379e-01
9.990131578947368807e-01
9.990131578947368807e-01
9.988815789473683981e-01
9.983552631578946901e-01
9.990789473684210664e-01
9.994078947368421062e-01
9.986184210526315441e-01
9.994078947368421062e-01
9.989473684210525839e-01
9.994078947368421062e-01
9.992105263157894379e-01
9.991447368421052522e-01
9.993421052631579204e-01
9.994078947368421062e-01
9.989473684210525839e-01
9.990789473684210664e-01
9.989473684210525839e-01
9.995394736842104777e-01
9.994078947368421062e-01
9.994736842105262919e-01
9.994736842105262919e-01
9.996710526315789602e-01
9.994078947368421062e-01
9.994078947368421062e-01
9.994078947368421062e-01
9.996052631578947745e-01
9.993421052631579204e-01
9.991447368421052522e-01
9.988815789473683981e-01
9.992105263157894379e-01
9.996052631578947745e-01
9.994078947368421062e-01
9.994078947368421062e-01
9.988157894736842124e-01
9.991447368421052522e-01
9.989473684210525839e-01
9.992105263157894379e-01
9.995394736842104777e-01
9.995394736842104777e-01
9.991447368421052522e-01
9.997368421052631460e-01
9.986184210526315441e-01
9.993421052631579204e-01
9.997368421052631460e-01
9.995394736842104777e-01
9.995394736842104777e-01
9.995394736842104777e-01
9.996052631578947745e-01
9.994736842105262919e-01
9.994736842105262919e-01
9.996710526315789602e-01
9.996052631578947745e-01
9.993421052631579204e-01
9.995394736842104777e-01
9.992105263157894379e-01
9.994078947368421062e-01
9.994078947368421062e-01
9.996052631578947745e-01
9.997368421052631460e-01
9.995394736842104777e-01
9.992763157894737347e-01
9.991447368421052522e-01
9.986184210526315441e-01
9.990789473684210664e-01
9.990789473684210664e-01
9.992763157894737347e-01
9.997368421052631460e-01
9.995394736842104777e-01
9.996710526315789602e-01
9.994078947368421062e-01
9.996052631578947745e-01
9.993421052631579204e-01
9.989473684210525839e-01
9.993421052631579204e-01
9.996710526315789602e-01
9.995394736842104777e-01
9.988815789473683981e-01
9.995394736842104777e-01
9.995394736842104777e-01
9.993421052631579204e-01
9.994736842105262919e-01
9.994078947368421062e-01
9.995394736842104777e-01
9.995394736842104777e-01
9.998026315789473317e-01
9.990789473684210664e-01
9.992763157894737347e-01
9.997368421052631460e-01
9.995394736842104777e-01
9.993421052631579204e-01
9.997368421052631460e-01
9.996052631578947745e-01
9.996052631578947745e-01
9.994078947368421062e-01
9.998026315789473317e-01
9.996710526315789602e-01
9.988815789473683981e-01
9.998684210526316285e-01
9.994736842105262919e-01
9.999342105263158142e-01
9.996710526315789602e-01
9.996710526315789602e-01
9.990789473684210664e-01
9.992105263157894379e-01
9.996052631578947745e-01
9.990131578947368807e-01
9.998026315789473317e-01
9.992763157894737347e-01
9.997368421052631460e-01
9.992763157894737347e-01
9.998684210526316285e-01
9.996052631578947745e-01
9.996052631578947745e-01
9.996052631578947745e-01
9.994736842105262919e-01
9.996710526315789602e-01
9.998026315789473317e-01
9.995394736842104777e-01
9.992763157894737347e-01
9.994736842105262919e-01
9.996710526315789602e-01
9.994736842105262919e-01
9.995394736842104777e-01
9.995394736842104777e-01
9.996052631578947745e-01
9.996710526315789602e-01
9.996710526315789602e-01
9.994736842105262919e-01
9.994078947368421062e-01
9.996710526315789602e-01
9.995394736842104777e-01
9.995394736842104777e-01
9.998684210526316285e-01
9.995394736842104777e-01
9.996052631578947745e-01
9.993421052631579204e-01
9.997368421052631460e-01
9.994078947368421062e-01
9.994736842105262919e-01
9.997368421052631460e-01
9.998026315789473317e-01
9.997368421052631460e-01
1.000000000000000000e+00
9.996052631578947745e-01
9.992105263157894379e-01
9.994078947368421062e-01
9.997368421052631460e-01
9.997368421052631460e-01
9.996052631578947745e-01
9.996710526315789602e-01
9.992105263157894379e-01
9.991447368421052522e-01
9.998026315789473317e-01
9.996710526315789602e-01
9.997368421052631460e-01
9.999342105263158142e-01
9.998684210526316285e-01
9.998026315789473317e-01
9.997368421052631460e-01
9.996052631578947745e-01
9.994078947368421062e-01
9.998684210526316285e-01
9.999342105263158142e-01
9.999342105263158142e-01
9.997368421052631460e-01
1.000000000000000000e+00
9.998684210526316285e-01
9.998684210526316285e-01
9.998026315789473317e-01
9.996710526315789602e-01
9.996710526315789602e-01
9.998684210526316285e-01
9.999342105263158142e-01
9.994078947368421062e-01
9.997368421052631460e-01
9.998026315789473317e-01
9.996052631578947745e-01
9.998684210526316285e-01
9.996710526315789602e-01
9.990789473684210664e-01
9.998026315789473317e-01
9.998684210526316285e-01
9.997368421052631460e-01
9.999342105263158142e-01
9.997368421052631460e-01
9.996710526315789602e-01
9.996052631578947745e-01
9.998026315789473317e-01
9.997368421052631460e-01
9.996710526315789602e-01
9.996710526315789602e-01
9.998026315789473317e-01
9.996710526315789602e-01
9.996710526315789602e-01
9.998684210526316285e-01
9.996710526315789602e-01
9.991447368421052522e-01
9.999342105263158142e-01
9.995394736842104777e-01
9.998026315789473317e-01
9.998026315789473317e-01
9.998026315789473317e-01
9.997368421052631460e-01
9.998684210526316285e-01
9.996052631578947745e-01
9.998026315789473317e-01
9.996710526315789602e-01
9.995394736842104777e-01
9.996052631578947745e-01
9.997368421052631460e-01
9.998684210526316285e-01
9.999342105263158142e-01
9.999342105263158142e-01
9.996052631578947745e-01
9.998026315789473317e-01
9.999342105263158142e-01
9.996710526315789602e-01
9.996710526315789602e-01
9.998684210526316285e-01
9.995394736842104777e-01
9.999342105263158142e-01
9.996710526315789602e-01
9.999342105263158142e-01
9.999342105263158142e-01
9.996052631578947745e-01
9.994078947368421062e-01
9.993421052631579204e-01
9.998026315789473317e-01
9.998026315789473317e-01
9.998684210526316285e-01
9.996052631578947745e-01
9.998684210526316285e-01
9.995394736842104777e-01
9.999342105263158142e-01
9.998026315789473317e-01
9.998684210526316285e-01
9.998026315789473317e-01
9.998684210526316285e-01
9.999342105263158142e-01
9.999342105263158142e-01
9.999342105263158142e-01
9.998026315789473317e-01
9.999342105263158142e-01
9.999342105263158142e-01
9.999342105263158142e-01
9.998684210526316285e-01
9.997368421052631460e-01
9.996710526315789602e-01
9.998026315789473317e-01
9.996710526315789602e-01
1.000000000000000000e+00
9.999342105263158142e-01
9.998026315789473317e-01
9.999342105263158142e-01
9.997368421052631460e-01
9.999342105263158142e-01
9.998684210526316285e-01
9.996710526315789602e-01
9.998684210526316285e-01
1.000000000000000000e+00
9.998684210526316285e-01
9.999342105263158142e-01
9.999342105263158142e-01
9.999342105263158142e-01
9.998684210526316285e-01
1.000000000000000000e+00
9.999342105263158142e-01
9.999342105263158142e-01
9.998026315789473317e-01
9.996710526315789602e-01
9.999342105263158142e-01
9.998684210526316285e-01
1.000000000000000000e+00
9.996052631578947745e-01
9.998684210526316285e-01
9.998026315789473317e-01
9.996052631578947745e-01
9.998026315789473317e-01
9.998684210526316285e-01
9.996710526315789602e-01
9.999342105263158142e-01
9.999342105263158142e-01
9.998026315789473317e-01
1.000000000000000000e+00
1.000000000000000000e+00
9.998684210526316285e-01
9.998684210526316285e-01
9.998684210526316285e-01
9.998684210526316285e-01
1.000000000000000000e+00
9.998026315789473317e-01
9.998684210526316285e-01
9.998684210526316285e-01
1.000000000000000000e+00
9.999342105263158142e-01
9.998684210526316285e-01
9.998684210526316285e-01
9.996710526315789602e-01
9.998684210526316285e-01
9.998684210526316285e-01
9.999342105263158142e-01
1.000000000000000000e+00
9.997368421052631460e-01
9.998026315789473317e-01
9.999342105263158142e-01
9.998684210526316285e-01
9.998684210526316285e-01
9.998684210526316285e-01
9.998684210526316285e-01
9.998684210526316285e-01
9.997368421052631460e-01
9.998684210526316285e-01
9.998684210526316285e-01
9.999342105263158142e-01
9.994078947368421062e-01
9.999342105263158142e-01
1.000000000000000000e+00
9.998684210526316285e-01
9.999342105263158142e-01
1.000000000000000000e+00
9.998026315789473317e-01
9.999342105263158142e-01
9.998026315789473317e-01
9.999342105263158142e-01
9.998026315789473317e-01
9.999342105263158142e-01
1.000000000000000000e+00
9.998684210526316285e-01
9.999342105263158142e-01
9.996710526315789602e-01
9.999342105263158142e-01
1.000000000000000000e+00
9.998684210526316285e-01
9.999342105263158142e-01
9.998684210526316285e-01
9.999342105263158142e-01
9.998026315789473317e-01
9.998684210526316285e-01
9.998684210526316285e-01
9.999342105263158142e-01
9.997368421052631460e-01
9.999342105263158142e-01
9.999342105263158142e-01
9.999342105263158142e-01
9.998026315789473317e-01
9.996710526315789602e-01
9.999342105263158142e-01
1.000000000000000000e+00
1.000000000000000000e+00
9.998684210526316285e-01
1.000000000000000000e+00
9.997368421052631460e-01
9.999342105263158142e-01
9.999342105263158142e-01
9.998026315789473317e-01
1.000000000000000000e+00
9.998684210526316285e-01
1.000000000000000000e+00
9.998026315789473317e-01
1.000000000000000000e+00
9.999342105263158142e-01
9.999342105263158142e-01
9.998684210526316285e-01
9.999342105263158142e-01
9.998026315789473317e-01
9.998684210526316285e-01
1.000000000000000000e+00
9.998026315789473317e-01
1.000000000000000000e+00
1.000000000000000000e+00
1.000000000000000000e+00
9.999342105263158142e-01
9.999342105263158142e-01
9.999342105263158142e-01
9.999342105263158142e-01
9.999342105263158142e-01
9.999342105263158142e-01
9.999342105263158142e-01
9.999342105263158142e-01
9.998026315789473317e-01
1.000000000000000000e+00
9.999342105263158142e-01
9.998684210526316285e-01
9.999342105263158142e-01
9.999342105263158142e-01
9.998684210526316285e-01
9.998026315789473317e-01
1.000000000000000000e+00
9.998026315789473317e-01
9.999342105263158142e-01
1.000000000000000000e+00
9.999342105263158142e-01
9.999342105263158142e-01
9.998684210526316285e-01
9.999342105263158142e-01
9.999342105263158142e-01
9.996052631578947745e-01
1.000000000000000000e+00
9.998684210526316285e-01
9.999342105263158142e-01
9.999342105263158142e-01
1.000000000000000000e+00
9.998684210526316285e-01
9.998684210526316285e-01
9.999342105263158142e-01
9.996710526315789602e-01
9.997368421052631460e-01
9.999342105263158142e-01
1.000000000000000000e+00
9.999342105263158142e-01
9.998026315789473317e-01
1.000000000000000000e+00
9.999342105263158142e-01
9.998684210526316285e-01
9.999342105263158142e-01
9.999342105263158142e-01
9.996710526315789602e-01
9.998684210526316285e-01
1.000000000000000000e+00
9.999342105263158142e-01
1.000000000000000000e+00
