4.473684210526315472e-03
5.263157894736841987e-03
4.210526315789473589e-03
6.842105263157895016e-03
1.157894736842105324e-02
2.447368421052631415e-02
4.973684210526315569e-02
6.026315789473684487e-02
6.552631578947368252e-02
6.815789473684211175e-02
7.289473684210526216e-02
7.552631578947367752e-02
8.131578947368421628e-02
8.999999999999999667e-02
9.421052631578946679e-02
1.002631578947368457e-01
1.023684210526315808e-01
1.100000000000000006e-01
1.123684210526315758e-01
1.147368421052631510e-01
1.131578947368421101e-01
1.265789473684210409e-01
1.334210526315789402e-01
1.544736842105263186e-01
1.647368421052631537e-01
1.705263157894736925e-01
1.694736842105263042e-01
1.873684210526315730e-01
1.952631578947368329e-01
2.071052631578947367e-01
2.178947368421052522e-01
2.236842105263157909e-01
2.349999999999999867e-01
2.402631578947368451e-01
2.452631578947368496e-01
2.455263157894736759e-01
2.586842105263157943e-01
2.744736842105263142e-01
2.813157894736841858e-01
2.878947368421052588e-01
2.847368421052631771e-01
2.934210526315789713e-01
3.060526315789473539e-01
3.165789473684210709e-01
3.294736842105263075e-01
3.310526315789473761e-01
3.360526315789473806e-01
3.436842105263158142e-01
3.371052631578947412e-01
3.510526315789473939e-01
3.636842105263157765e-01
3.697368421052631415e-01
3.631578947368421240e-01
3.726315789473684248e-01
3.723684210526315708e-01
3.768421052631578672e-01
3.836842105263157943e-01
3.931578947368420951e-01
3.971052631578947389e-01
4.115789473684210442e-01
4.021052631578947434e-01
4.134210526315789669e-01
4.294736842105263408e-01
4.268421052631579116e-01
4.465789473684210753e-01
4.386842105263157876e-01
4.202631578947368385e-01
4.444736842105262986e-01
4.555263157894736681e-01
4.692105263157894668e-01
4.550000000000000155e-01
4.697368421052631748e-01
4.731578947368421106e-01
4.707894736842105354e-01
4.689473684210526128e-01
4.792105263157894757e-01
4.739473684210526172e-01
4.713157894736841880e-01
4.631578947368421018e-01
4.871052631578947634e-01
4.855263157894736947e-01
5.102631578947368629e-01
4.928947368421052744e-01
5.065789473684210176e-01
4.921052631578947123e-01
4.984210526315789314e-01
5.044736842105262964e-01
5.239473684210526061e-01
5.239473684210526061e-01
5.215789473684210309e-01
5.171052631578947345e-01
5.131578947368421462e-01
5.252631578947368762e-01
5.265789473684210353e-01
5.292105263157894646e-01
5.402631578947368896e-01
5.247368421052631682e-01
5.392105263157894735e-01
5.065789473684210176e-01
5.492105263157894823e-01
5.410526315789473406e-01
5.523684210526316196e-01
5.497368421052631904e-01
5.560526315789473539e-01
5.478947368421052122e-01
5.510526315789473495e-01
5.671052631578947789e-01
5.450000000000000400e-01
5.623684210526316285e-01
5.681578947368420840e-01
5.644736842105263497e-01
5.597368421052631993e-01
5.484210526315789203e-01
5.655263157894736548e-01
5.649999999999999467e-01
5.681578947368420840e-01
5.678947368421052300e-01
5.744736842105263586e-01
5.742105263157895045e-01
5.676315789473683759e-01
5.797368421052631060e-01
5.686842105263157920e-01
5.949999999999999734e-01
5.886842105263158098e-01
5.721052631578947834e-01
5.802631578947368141e-01
5.873684210526315397e-01
5.736842105263157965e-01
5.876315789473683937e-01
5.628947368421052255e-01
5.773684210526315308e-01
5.784210526315789469e-01
5.773684210526315308e-01
5.994736842105262697e-01
5.910526315789473850e-01
5.894736842105262609e-01
5.913157894736842390e-01
5.949999999999999734e-01
5.955263157894736814e-01
6.084210526315789735e-01
6.031578947368421151e-01
5.976315789473684026e-01
6.084210526315789735e-01
6.026315789473684070e-01
5.960526315789473895e-01
5.715789473684210753e-01
5.810526315789473761e-01
6.042105263157894202e-01
5.949999999999999734e-01
6.057894736842105443e-01
6.121052631578947079e-01
6.155263157894736992e-01
6.152631578947368451e-01
6.163157894736842612e-01
6.121052631578947079e-01
6.031578947368421151e-01
6.123684210526315619e-01
6.086842105263158276e-01
6.121052631578947079e-01
6.205263157894737036e-01
6.126315789473684159e-01
6.250000000000000000e-01
6.089473684210526816e-01
6.265789473684210131e-01
5.992105263157895267e-01
6.197368421052631415e-01
6.276315789473684292e-01
6.081578947368421195e-01
6.155263157894736992e-01
6.086842105263158276e-01
6.192105263157894335e-01
6.263157894736841591e-01
6.213157894736842657e-01
6.223684210526315708e-01
6.305263157894737125e-01
6.239473684210525839e-01
6.252631578947368540e-01
6.149999999999999911e-01
6.239473684210525839e-01
6.244736842105262919e-01
6.321052631578947256e-01
6.239473684210525839e-01
6.286842105263157343e-01
6.131578947368421240e-01
6.294736842105262964e-01
6.218421052631578627e-01
6.171052631578947123e-01
6.165789473684210042e-01
6.268421052631578672e-01
6.357894736842105710e-01
6.344736842105263008e-01
6.307894736842105665e-01
6.236842105263158409e-01
6.307894736842105665e-01
6.144736842105262831e-01
6.331578947368421417e-01
6.336842105263157388e-01
6.265789473684210131e-01
6.336842105263157388e-01
6.307894736842105665e-01
6.310526315789474205e-01
6.255263157894737081e-01
6.223684210526315708e-01
6.152631578947368451e-01
6.218421052631578627e-01
6.294736842105262964e-01
6.207894736842105576e-01
6.289473684210525883e-01
6.160526315789474072e-01
6.142105263157894290e-01
6.260526315789474161e-01
6.321052631578947256e-01
6.352631578947368629e-01
6.273684210526315752e-01
6.350000000000000089e-01
6.326315789473684337e-01
6.336842105263157388e-01
6.352631578947368629e-01
6.323684210526315796e-01
6.307894736842105665e-01
6.300000000000000044e-01
6.273684210526315752e-01
6.302631578947368585e-01
6.394736842105263053e-01
6.368421052631578760e-01
6.363157894736841680e-01
6.413157894736841724e-01
6.321052631578947256e-01
6.371052631578947301e-01
6.347368421052631549e-01
6.350000000000000089e-01
6.386842105263157432e-01
6.344736842105263008e-01
6.360526315789473140e-01
6.352631578947368629e-01
6.344736842105263008e-01
6.268421052631578672e-01
6.310526315789474205e-01
6.215789473684210087e-01
6.271052631578947212e-01
6.297368421052631504e-01
6.281578947368421373e-01
6.115789473684209998e-01
6.231578947368421328e-01
6.450000000000000178e-01
6.363157894736841680e-01
6.344736842105263008e-01
6.378947368421052921e-01
6.310526315789474205e-01
6.350000000000000089e-01
6.081578947368421195e-01
6.276315789473684292e-01
6.321052631578947256e-01
6.342105263157894468e-01
6.394736842105263053e-01
6.386842105263157432e-01
6.376315789473684381e-01
6.400000000000000133e-01
6.342105263157894468e-01
6.371052631578947301e-01
6.331578947368421417e-01
6.413157894736841724e-01
6.350000000000000089e-01
6.352631578947368629e-01
6.305263157894737125e-01
6.386842105263157432e-01
6.289473684210525883e-01
6.315789473684210176e-01
6.389473684210525972e-01
6.334210526315789958e-01
6.244736842105262919e-01
6.323684210526315796e-01
6.305263157894737125e-01
6.365789473684210220e-01
6.368421052631578760e-01
6.336842105263157388e-01
6.307894736842105665e-01
6.328947368421052877e-01
6.334210526315789958e-01
6.342105263157894468e-01
6.252631578947368540e-01
6.297368421052631504e-01
6.326315789473684337e-01
6.334210526315789958e-01
6.376315789473684381e-01
6.376315789473684381e-01
6.392105263157894512e-01
6.365789473684210220e-01
6.315789473684210176e-01
6.310526315789474205e-01
6.336842105263157388e-01
6.339473684210525928e-01
6.331578947368421417e-01
6.223684210526315708e-01
6.302631578947368585e-01
6.342105263157894468e-01
6.328947368421052877e-01
6.328947368421052877e-01
6.286842105263157343e-01
6.300000000000000044e-01
6.297368421052631504e-01
6.268421052631578672e-01
6.263157894736841591e-01
6.323684210526315796e-01
6.321052631578947256e-01
6.360526315789473140e-01
6.289473684210525883e-01
6.318421052631578716e-01
6.292105263157894424e-01
6.350000000000000089e-01
6.405263157894737214e-01
6.326315789473684337e-01
6.331578947368421417e-01
6.310526315789474205e-01
6.373684210526315841e-01
6.131578947368421240e-01
6.294736842105262964e-01
6.286842105263157343e-01
6.281578947368421373e-01
6.365789473684210220e-01
6.334210526315789958e-01
6.257894736842105621e-01
6.334210526315789958e-01
6.315789473684210176e-01
6.381578947368421462e-01
6.339473684210525928e-01
6.302631578947368585e-01
6.278947368421052833e-01
6.213157894736842657e-01
6.350000000000000089e-01
6.331578947368421417e-01
6.402631578947368673e-01
6.271052631578947212e-01
6.415789473684210265e-01
6.350000000000000089e-01
6.347368421052631549e-01
6.286842105263157343e-01
6.271052631578947212e-01
6.260526315789474161e-01
6.286842105263157343e-01
6.300000000000000044e-01
6.218421052631578627e-01
6.360526315789473140e-01
6.318421052631578716e-01
6.326315789473684337e-01
6.268421052631578672e-01
6.326315789473684337e-01
6.371052631578947301e-01
6.365789473684210220e-01
6.252631578947368540e-01
6.289473684210525883e-01
6.318421052631578716e-01
6.255263157894737081e-01
6.271052631578947212e-01
6.260526315789474161e-01
6.328947368421052877e-01
6.357894736842105710e-01
6.334210526315789958e-01
6.271052631578947212e-01
6.360526315789473140e-01
6.315789473684210176e-01
6.328947368421052877e-01
6.276315789473684292e-01
6.321052631578947256e-01
6.331578947368421417e-01
6.292105263157894424e-01
6.310526315789474205e-01
6.297368421052631504e-01
6.242105263157894379e-01
6.331578947368421417e-01
6.273684210526315752e-01
6.273684210526315752e-01
6.281578947368421373e-01
6.357894736842105710e-01
6.357894736842105710e-01
6.265789473684210131e-01
6.360526315789473140e-01
6.344736842105263008e-01
6.323684210526315796e-01
6.307894736842105665e-01
6.268421052631578672e-01
6.328947368421052877e-01
6.307894736842105665e-01
6.352631578947368629e-01
6.297368421052631504e-01
6.321052631578947256e-01
6.305263157894737125e-01
6.360526315789473140e-01
6.321052631578947256e-01
6.326315789473684337e-01
6.307894736842105665e-01
6.297368421052631504e-01
6.284210526315789913e-01
6.344736842105263008e-01
6.289473684210525883e-01
6.318421052631578716e-01
6.344736842105263008e-01
6.284210526315789913e-01
6.289473684210525883e-01
6.307894736842105665e-01
6.336842105263157388e-01
6.328947368421052877e-01
6.294736842105262964e-01
6.376315789473684381e-01
6.310526315789474205e-01
6.294736842105262964e-01
6.247368421052631460e-01
6.334210526315789958e-01
6.297368421052631504e-01
6.300000000000000044e-01
6.371052631578947301e-01
6.218421052631578627e-01
6.315789473684210176e-01
6.294736842105262964e-01
6.286842105263157343e-01
6.289473684210525883e-01
6.281578947368421373e-01
6.381578947368421462e-01
6.294736842105262964e-01
6.213157894736842657e-01
6.300000000000000044e-01
6.368421052631578760e-01
6.307894736842105665e-01
6.426315789473684426e-01
6.297368421052631504e-01
6.331578947368421417e-01
6.336842105263157388e-01
6.273684210526315752e-01
6.310526315789474205e-01
6.242105263157894379e-01
6.357894736842105710e-01
6.286842105263157343e-01
6.344736842105263008e-01
6.265789473684210131e-01
6.263157894736841591e-01
6.339473684210525928e-01
6.331578947368421417e-01
6.228947368421052788e-01
6.305263157894737125e-01
6.265789473684210131e-01
6.352631578947368629e-01
6.355263157894737169e-01
6.276315789473684292e-01
6.334210526315789958e-01
6.271052631578947212e-01
6.315789473684210176e-01
6.352631578947368629e-01
6.326315789473684337e-01
6.255263157894737081e-01
6.276315789473684292e-01
6.273684210526315752e-01
6.210526315789474117e-01
6.384210526315790002e-01
6.294736842105262964e-01
6.244736842105262919e-01
6.347368421052631549e-01
6.300000000000000044e-01
6.336842105263157388e-01
6.257894736842105621e-01
6.247368421052631460e-01
6.294736842105262964e-01
6.313157894736841635e-01
6.339473684210525928e-01
6.313157894736841635e-01
6.252631578947368540e-01
6.252631578947368540e-01
6.300000000000000044e-01
6.310526315789474205e-01
6.297368421052631504e-01
6.273684210526315752e-01
6.323684210526315796e-01
6.305263157894737125e-01
6.331578947368421417e-01
6.376315789473684381e-01
6.242105263157894379e-01
6.255263157894737081e-01
6.265789473684210131e-01
6.284210526315789913e-01
6.194736842105262875e-01
6.331578947368421417e-01
6.305263157894737125e-01
6.260526315789474161e-01
6.305263157894737125e-01
6.263157894736841591e-01
6.292105263157894424e-01
6.323684210526315796e-01
6.265789473684210131e-01
6.336842105263157388e-01
6.294736842105262964e-01
6.231578947368421328e-01
6.289473684210525883e-01
6.339473684210525928e-01
6.255263157894737081e-01
6.250000000000000000e-01
6.342105263157894468e-01
6.334210526315789958e-01
6.321052631578947256e-01
6.305263157894737125e-01
6.300000000000000044e-01
6.326315789473684337e-01
6.273684210526315752e-01
6.300000000000000044e-01
6.292105263157894424e-01
6.310526315789474205e-01
6.276315789473684292e-01
6.221052631578947167e-01
6.257894736842105621e-01
6.239473684210525839e-01
6.310526315789474205e-01
6.228947368421052788e-01
6.234210526315789869e-01
6.315789473684210176e-01
6.305263157894737125e-01
6.300000000000000044e-01
6.310526315789474205e-01
6.307894736842105665e-01
6.255263157894737081e-01
6.297368421052631504e-01
6.284210526315789913e-01
6.247368421052631460e-01
6.250000000000000000e-01
6.289473684210525883e-01
6.313157894736841635e-01
6.323684210526315796e-01
6.276315789473684292e-01
6.321052631578947256e-01
6.307894736842105665e-01
6.278947368421052833e-01
6.286842105263157343e-01
6.273684210526315752e-01
6.234210526315789869e-01
6.292105263157894424e-01
6.355263157894737169e-01
6.271052631578947212e-01
6.307894736842105665e-01
6.226315789473684248e-01
6.239473684210525839e-01
6.273684210526315752e-01
6.278947368421052833e-01
6.247368421052631460e-01
6.271052631578947212e-01
6.260526315789474161e-01
6.250000000000000000e-01
6.331578947368421417e-01
6.336842105263157388e-01
6.265789473684210131e-01
6.276315789473684292e-01
6.342105263157894468e-01
6.307894736842105665e-01
6.273684210526315752e-01
6.321052631578947256e-01
6.342105263157894468e-01
6.223684210526315708e-01
6.294736842105262964e-01
6.302631578947368585e-01
6.257894736842105621e-01
6.281578947368421373e-01
6.276315789473684292e-01
6.268421052631578672e-01
6.297368421052631504e-01
6.257894736842105621e-01
6.278947368421052833e-01
6.292105263157894424e-01
6.339473684210525928e-01
6.297368421052631504e-01
6.318421052631578716e-01
6.205263157894737036e-01
6.294736842105262964e-01
6.263157894736841591e-01
6.263157894736841591e-01
6.286842105263157343e-01
6.271052631578947212e-01
6.310526315789474205e-01
6.315789473684210176e-01
6.305263157894737125e-01
6.302631578947368585e-01
6.305263157894737125e-01
6.257894736842105621e-01
6.242105263157894379e-01
6.326315789473684337e-01
6.273684210526315752e-01
6.268421052631578672e-01
6.326315789473684337e-01
6.231578947368421328e-01
6.347368421052631549e-01
6.281578947368421373e-01
6.321052631578947256e-01
6.297368421052631504e-01
6.247368421052631460e-01
6.289473684210525883e-01
6.305263157894737125e-01
6.292105263157894424e-01
6.239473684210525839e-01
6.302631578947368585e-01
6.326315789473684337e-01
6.328947368421052877e-01
6.286842105263157343e-01
6.331578947368421417e-01
6.302631578947368585e-01
6.286842105263157343e-01
6.268421052631578672e-01
6.286842105263157343e-01
6.315789473684210176e-01
6.297368421052631504e-01
6.339473684210525928e-01
6.244736842105262919e-01
6.273684210526315752e-01
6.286842105263157343e-01
6.284210526315789913e-01
6.292105263157894424e-01
6.315789473684210176e-01
6.294736842105262964e-01
6.321052631578947256e-01
6.334210526315789958e-01
6.321052631578947256e-01
6.268421052631578672e-01
6.265789473684210131e-01
6.297368421052631504e-01
6.307894736842105665e-01
6.255263157894737081e-01
6.281578947368421373e-01
6.265789473684210131e-01
6.302631578947368585e-01
6.307894736842105665e-01
6.300000000000000044e-01
6.252631578947368540e-01
6.310526315789474205e-01
6.310526315789474205e-01
6.260526315789474161e-01
6.313157894736841635e-01
6.286842105263157343e-01
6.339473684210525928e-01
6.302631578947368585e-01
6.281578947368421373e-01
6.297368421052631504e-01
6.300000000000000044e-01
6.265789473684210131e-01
6.310526315789474205e-01
6.255263157894737081e-01
6.265789473684210131e-01
6.321052631578947256e-01
6.300000000000000044e-01
6.276315789473684292e-01
6.281578947368421373e-01
6.310526315789474205e-01
6.289473684210525883e-01
6.234210526315789869e-01
6.250000000000000000e-01
6.286842105263157343e-01
6.268421052631578672e-01
6.252631578947368540e-01
6.247368421052631460e-01
6.239473684210525839e-01
6.278947368421052833e-01
6.263157894736841591e-01
6.263157894736841591e-01
6.273684210526315752e-01
6.292105263157894424e-01
6.218421052631578627e-01
6.257894736842105621e-01
6.292105263157894424e-01
6.276315789473684292e-01
6.268421052631578672e-01
6.289473684210525883e-01
6.244736842105262919e-01
6.234210526315789869e-01
6.263157894736841591e-01
6.226315789473684248e-01
6.218421052631578627e-01
6.239473684210525839e-01
6.278947368421052833e-01
6.313157894736841635e-01
6.310526315789474205e-01
6.305263157894737125e-01
6.286842105263157343e-01
6.321052631578947256e-01
6.302631578947368585e-01
6.273684210526315752e-01
6.315789473684210176e-01
6.294736842105262964e-01
6.273684210526315752e-01
6.252631578947368540e-01
6.300000000000000044e-01
6.318421052631578716e-01
6.284210526315789913e-01
6.350000000000000089e-01
6.228947368421052788e-01
6.292105263157894424e-01
6.334210526315789958e-01
6.289473684210525883e-01
6.307894736842105665e-01
6.315789473684210176e-01
6.300000000000000044e-01
6.307894736842105665e-01
6.278947368421052833e-01
6.271052631578947212e-01
6.289473684210525883e-01
6.315789473684210176e-01
6.294736842105262964e-01
6.310526315789474205e-01
6.276315789473684292e-01
6.255263157894737081e-01
6.307894736842105665e-01
6.273684210526315752e-01
6.281578947368421373e-01
6.228947368421052788e-01
6.273684210526315752e-01
6.310526315789474205e-01
6.273684210526315752e-01
6.273684210526315752e-01
6.297368421052631504e-01
6.281578947368421373e-01
6.268421052631578672e-01
6.278947368421052833e-01
6.292105263157894424e-01
6.313157894736841635e-01
6.228947368421052788e-01
6.257894736842105621e-01
6.289473684210525883e-01
6.315789473684210176e-01
6.281578947368421373e-01
6.323684210526315796e-01
6.336842105263157388e-01
6.252631578947368540e-01
6.276315789473684292e-01
6.265789473684210131e-01
6.305263157894737125e-01
6.257894736842105621e-01
6.313157894736841635e-01
6.307894736842105665e-01
6.292105263157894424e-01
6.294736842105262964e-01
6.300000000000000044e-01
6.302631578947368585e-01
6.294736842105262964e-01
6.278947368421052833e-01
6.305263157894737125e-01
6.278947368421052833e-01
6.260526315789474161e-01
6.278947368421052833e-01
6.260526315789474161e-01
6.292105263157894424e-01
6.281578947368421373e-01
6.289473684210525883e-01
6.284210526315789913e-01
6.281578947368421373e-01
6.294736842105262964e-01
6.297368421052631504e-01
6.284210526315789913e-01
6.307894736842105665e-01
6.321052631578947256e-01
6.318421052631578716e-01
6.297368421052631504e-01
6.236842105263158409e-01
6.273684210526315752e-01
6.276315789473684292e-01
6.318421052631578716e-01
6.352631578947368629e-01
6.284210526315789913e-01
6.281578947368421373e-01
6.281578947368421373e-01
6.305263157894737125e-01
6.255263157894737081e-01
6.236842105263158409e-01
6.331578947368421417e-01
6.357894736842105710e-01
6.297368421052631504e-01
6.318421052631578716e-01
6.342105263157894468e-01
6.344736842105263008e-01
6.326315789473684337e-01
6.247368421052631460e-01
6.310526315789474205e-01
6.326315789473684337e-01
6.265789473684210131e-01
6.260526315789474161e-01
6.305263157894737125e-01
6.315789473684210176e-01
6.294736842105262964e-01
6.239473684210525839e-01
6.313157894736841635e-01
6.271052631578947212e-01
6.247368421052631460e-01
6.315789473684210176e-01
6.318421052631578716e-01
6.302631578947368585e-01
6.278947368421052833e-01
6.321052631578947256e-01
6.310526315789474205e-01
6.323684210526315796e-01
6.247368421052631460e-01
6.307894736842105665e-01
6.292105263157894424e-01
6.313157894736841635e-01
6.255263157894737081e-01
6.276315789473684292e-01
6.218421052631578627e-01
6.313157894736841635e-01
6.242105263157894379e-01
6.328947368421052877e-01
6.302631578947368585e-01
6.268421052631578672e-01
6.315789473684210176e-01
6.276315789473684292e-01
6.307894736842105665e-01
6.289473684210525883e-01
6.268421052631578672e-01
6.284210526315789913e-01
6.339473684210525928e-01
6.276315789473684292e-01
6.305263157894737125e-01
6.307894736842105665e-01
6.292105263157894424e-01
6.302631578947368585e-01
6.257894736842105621e-01
6.228947368421052788e-01
6.265789473684210131e-01
6.300000000000000044e-01
6.331578947368421417e-01
6.260526315789474161e-01
6.286842105263157343e-01
6.292105263157894424e-01
6.292105263157894424e-01
6.271052631578947212e-01
6.263157894736841591e-01
6.244736842105262919e-01
6.292105263157894424e-01
6.294736842105262964e-01
6.294736842105262964e-01
6.278947368421052833e-01
6.297368421052631504e-01
6.328947368421052877e-01
6.273684210526315752e-01
6.294736842105262964e-01
6.265789473684210131e-01
6.294736842105262964e-01
6.292105263157894424e-01
6.310526315789474205e-01
6.302631578947368585e-01
6.268421052631578672e-01
6.265789473684210131e-01
6.263157894736841591e-01
6.284210526315789913e-01
6.247368421052631460e-01
6.292105263157894424e-01
6.318421052631578716e-01
6.281578947368421373e-01
6.268421052631578672e-01
6.278947368421052833e-01
6.347368421052631549e-01
6.292105263157894424e-01
6.313157894736841635e-01
6.284210526315789913e-01
6.305263157894737125e-01
6.278947368421052833e-01
6.244736842105262919e-01
6.252631578947368540e-01
6.294736842105262964e-01
6.326315789473684337e-01
6.300000000000000044e-01
6.255263157894737081e-01
6.321052631578947256e-01
6.286842105263157343e-01
6.257894736842105621e-01
6.265789473684210131e-01
6.297368421052631504e-01
6.263157894736841591e-01
6.297368421052631504e-01
6.278947368421052833e-01
6.310526315789474205e-01
6.294736842105262964e-01
6.321052631578947256e-01
6.289473684210525883e-01
6.292105263157894424e-01
6.273684210526315752e-01
6.260526315789474161e-01
6.244736842105262919e-01
6.260526315789474161e-01
6.263157894736841591e-01
6.305263157894737125e-01
6.273684210526315752e-01
6.294736842105262964e-01
6.323684210526315796e-01
6.271052631578947212e-01
6.278947368421052833e-01
6.328947368421052877e-01
6.278947368421052833e-01
6.307894736842105665e-01
6.281578947368421373e-01
6.207894736842105576e-01
6.247368421052631460e-01
6.252631578947368540e-01
6.244736842105262919e-01
6.286842105263157343e-01
6.292105263157894424e-01
6.278947368421052833e-01
6.300000000000000044e-01
6.260526315789474161e-01
6.313157894736841635e-01
6.292105263157894424e-01
6.305263157894737125e-01
6.342105263157894468e-01
6.339473684210525928e-01
6.336842105263157388e-01
6.328947368421052877e-01
6.268421052631578672e-01
6.226315789473684248e-01
6.310526315789474205e-01
6.278947368421052833e-01
6.294736842105262964e-01
6.292105263157894424e-01
6.331578947368421417e-01
6.271052631578947212e-01
6.334210526315789958e-01
6.307894736842105665e-01
6.284210526315789913e-01
6.336842105263157388e-01
6.292105263157894424e-01
6.263157894736841591e-01
6.318421052631578716e-01
6.271052631578947212e-01
6.294736842105262964e-01
6.307894736842105665e-01
6.263157894736841591e-01
6.247368421052631460e-01
6.336842105263157388e-01
6.278947368421052833e-01
6.307894736842105665e-01
6.281578947368421373e-01
6.321052631578947256e-01
6.302631578947368585e-01
6.328947368421052877e-01
6.278947368421052833e-01
6.305263157894737125e-01
6.273684210526315752e-01
6.334210526315789958e-01
6.263157894736841591e-01
6.326315789473684337e-01
6.250000000000000000e-01
6.278947368421052833e-01
6.273684210526315752e-01
6.236842105263158409e-01
6.321052631578947256e-01
6.305263157894737125e-01
6.307894736842105665e-01
6.326315789473684337e-01
6.307894736842105665e-01
6.273684210526315752e-01
6.302631578947368585e-01
6.302631578947368585e-01
6.302631578947368585e-01
6.297368421052631504e-01
6.313157894736841635e-01
6.271052631578947212e-01
6.271052631578947212e-01
6.292105263157894424e-01
6.263157894736841591e-01
6.276315789473684292e-01
6.323684210526315796e-01
6.315789473684210176e-01
6.292105263157894424e-01
6.289473684210525883e-01
6.339473684210525928e-01
6.286842105263157343e-01
6.286842105263157343e-01
6.265789473684210131e-01
6.313157894736841635e-01
6.302631578947368585e-01
6.281578947368421373e-01
6.286842105263157343e-01
6.294736842105262964e-01
6.294736842105262964e-01
6.268421052631578672e-01
6.313157894736841635e-01
6.297368421052631504e-01
6.297368421052631504e-01
6.234210526315789869e-01
6.284210526315789913e-01
6.294736842105262964e-01
6.271052631578947212e-01
6.292105263157894424e-01
6.331578947368421417e-01
6.273684210526315752e-01
6.315789473684210176e-01
6.294736842105262964e-01
6.284210526315789913e-01
6.305263157894737125e-01
6.310526315789474205e-01
6.313157894736841635e-01
6.271052631578947212e-01
6.286842105263157343e-01
6.321052631578947256e-01
6.284210526315789913e-01
6.281578947368421373e-01
6.321052631578947256e-01
6.318421052631578716e-01
6.323684210526315796e-01
6.323684210526315796e-01
6.321052631578947256e-01
6.321052631578947256e-01
6.305263157894737125e-01
