5.388032883405685647e-01
2.675498336553573386e-01
1.582400709390640314e-01
9.607647955417633612e-02
6.318911202251911718e-02
3.805551696568727771e-02
2.072178842499852042e-02
1.380739407613873482e-02
1.199253941886127030e-02
8.530056430026888500e-03
5.966642196290195335e-03
4.025813564658165325e-03
3.045582887716591445e-03
2.196492662187665788e-03
1.496929663699120326e-03
1.300169469323009166e-03
9.643958474043756723e-04
9.230114519596099854e-04
8.306513016577809615e-04
9.264858847018331723e-04
7.177265768405049606e-04
7.139942725189029737e-04
5.970644968328997059e-04
5.122669623233378150e-04
4.474775720154866793e-04
4.425472347065806172e-04
4.069108894327655218e-04
3.686674288474023451e-04
3.427118412218987725e-04
4.556563595542684414e-04
3.628992271842435002e-04
3.633838088717311512e-04
3.161471700877882757e-04
2.710205473704263460e-04
3.087246266659349312e-04
2.862922774511389434e-04
2.688223918084986725e-04
2.843298469088040401e-04
2.236748376162722815e-04
1.982164569199085127e-04
2.127823885530233437e-04
2.067837151116691421e-04
2.164020974305458421e-04
2.771466301055624864e-04
2.071763461572118049e-04
1.881465010228566771e-04
1.930845392053015530e-04
1.532657945062965046e-04
1.468054630095139092e-04
1.534820774395484586e-04
1.375656545860692967e-04
1.528228938695974756e-04
1.511519243649672771e-04
1.301283795328345204e-04
1.255131595826242173e-04
1.264594189706258422e-04
1.147738439613021910e-04
1.318882445048075224e-04
1.116859311878215522e-04
1.012280605209525620e-04
8.976072276709601825e-05
1.506453983893152218e-04
1.131207747675944147e-04
9.007387561723589355e-05
8.609011638327501714e-05
8.906260263756849143e-05
9.718197979964315620e-05
1.162505577667616308e-04
8.214900226448662850e-05
9.244499160558916899e-05
1.016258407616987770e-04
8.471528344671242210e-05
9.009692366817035052e-05
7.818344165571034226e-05
8.140969002852216092e-05
6.909847033966797793e-05
7.533782263635657728e-05
6.195817113621159846e-05
8.614232137915678322e-05
6.567586715391370857e-05
6.111865804996341738e-05
6.203119046404026720e-05
5.821227896376513080e-05
6.433150883822236210e-05
5.707557720597833124e-05
5.966813114355318248e-05
5.553410774155054512e-05
5.676760229107457873e-05
6.196460744831711596e-05
5.709538963856175271e-05
5.529699519684072855e-05
5.651779465551953627e-05
5.209285372984595461e-05
4.648589019780046967e-05
5.099529516883194447e-05
4.595373320626094937e-05
5.218732112552970512e-05
3.987261061411118135e-05
5.312379034876358035e-05
4.611792101059108837e-05
4.038043898617616194e-05
3.821344544121530043e-05
5.199297993385698646e-05
3.957907720177900182e-05
3.791531853494234519e-05
3.805864143942016837e-05
4.429868258739588918e-05
4.030265154142398387e-05
3.482233059912687032e-05
4.262115853634895621e-05
3.721544326253933968e-05
4.449069365364266559e-05
3.245030038669938357e-05
4.250961683283094317e-05
3.512133462209021402e-05
3.740136198757681860e-05
4.187128324701916155e-05
3.654434785858029364e-05
3.389948415133403614e-05
3.243330884288298237e-05
3.695920313475653665e-05
3.716725223057437688e-05
3.358692028996301679e-05
3.813245457422454181e-05
2.756212288659298928e-05
3.706314655573805930e-05
3.409258533793035895e-05
3.491249299258925021e-05
2.718297328101470999e-05
2.325818495592102476e-05
3.304299370938678932e-05
2.925487387983594090e-05
2.441546312184073166e-05
2.427770232316106558e-05
2.490040187694830684e-05
3.261040601501008631e-05
2.230631762358825789e-05
2.523479997762478888e-05
2.548904849390964887e-05
2.291557775606634028e-05
2.118741231242893196e-05
2.566352704889140888e-05
2.426720930088777163e-05
2.427801709927735054e-05
2.708655083552003042e-05
2.269772494400967844e-05
3.939793168683536351e-05
3.071302780881524357e-05
2.707661678869044408e-05
2.318183251190930469e-05
2.367624911130405895e-05
2.226335018349345638e-05
2.465698526066262275e-05
2.298360395798226886e-05
1.790248879842693122e-05
2.253634665976278416e-05
2.262919151689857177e-05
1.798275943656335720e-05
1.673440019658301161e-05
2.599487588668125749e-05
2.157837352569913627e-05
1.641711714910343222e-05
2.374559899180894650e-05
2.386504756941576556e-05
1.933781150000868501e-05
1.599010574864223532e-05
1.773003932612482323e-05
1.842479050537804006e-05
3.308591549284755913e-05
2.464408917148830505e-05
1.873239216365618631e-05
1.794195450202096389e-05
1.540694784125662477e-05
1.916910796353477189e-05
1.681971216385136494e-05
1.606904907021089525e-05
1.377662674713064984e-05
1.726657828839961575e-05
1.965247447515139288e-05
2.695025468710809811e-05
1.495530505053466254e-05
1.669811144893173992e-05
1.633741794648813084e-05
1.565827606100356342e-05
1.383527951475116356e-05
1.363498304272070561e-05
1.410794511684798568e-05
1.792163775462540933e-05
1.293279110541334308e-05
1.372282195006846518e-05
1.707014516796334782e-05
2.099368075505481237e-05
1.317488422500900958e-05
2.162158134524361366e-05
1.456881736885406974e-05
1.315768404310801964e-05
1.763332893460756100e-05
1.482223306084051694e-05
1.376250074827112224e-05
1.199986013489251491e-05
1.204462960231467218e-05
1.418507035850780152e-05
1.139584865086362663e-05
1.741588439472252368e-05
1.301854363191523555e-05
1.339980890406877666e-05
1.912034695124020868e-05
2.134867199856671640e-05
1.566232845107151661e-05
1.519234338047681309e-05
1.354456026092520915e-05
1.397992864440311644e-05
1.131482672462880214e-05
1.190570646940614029e-05
1.276829534617718241e-05
1.335808165094931576e-05
1.824908581511408624e-05
9.700083046482177112e-06
1.130617370108666296e-05
1.267933603230631013e-05
1.150231892097508569e-05
1.163363508567272288e-05
1.167958312180417056e-05
1.116483572332072004e-05
1.160433166660368409e-05
1.145390424426295828e-05
1.074214032996678657e-05
1.021887355818762512e-05
1.354492960672359880e-05
1.039121480062021874e-05
9.396885388923692517e-06
1.455566325603285804e-05
1.108680494326108533e-05
9.304859213443706151e-06
1.099027695090626434e-05
8.781328597251559015e-06
1.059619394254696022e-05
9.747186504682759162e-06
1.078913578567153309e-05
1.296794071095064249e-05
1.074561168934451416e-05
8.464749589620623399e-06
9.767566825757967986e-06
9.779602078197057613e-06
1.010556711662502561e-05
1.013996029541885946e-05
1.104912107621203143e-05
9.431445869267918508e-06
1.101846396522887517e-05
9.914076963468687948e-06
1.000226789074076771e-05
9.104925084102433175e-06
8.451619851257419891e-06
1.015671382447180736e-05
8.401732929996797561e-06
1.130774035118520260e-05
9.766182301973458380e-06
8.404320124100194566e-06
9.567709366820053451e-06
9.046994955497212115e-06
8.060370328166755255e-06
7.575634708700818179e-06
6.940587581993895583e-06
1.046988172674900784e-05
9.943773738996241834e-06
9.034376716954284348e-06
8.912607972888508473e-06
8.277331244244123131e-06
7.081536841724300418e-06
9.170655766865820963e-06
7.980891950865043327e-06
7.121785347408149222e-06
8.594270593675900504e-06
8.067832686720066365e-06
8.407716359215556051e-06
8.241174919021432627e-06
7.697147020735429007e-06
1.243460951627639588e-05
8.553574434699840590e-06
8.205266476579709317e-06
6.278117007241235453e-06
7.289924405995407481e-06
8.584518536736140281e-06
7.475282382074511017e-06
8.107808844215469096e-06
7.205121619335841388e-06
7.224227192637044767e-06
8.185895421775057234e-06
7.842239165256615136e-06
1.006727729873091380e-05
7.304637483684927818e-06
7.263814950420055538e-06
8.517064679836039770e-06
6.584530046893632632e-06
6.905484633534797806e-06
8.355586578545625914e-06
5.728972882934612984e-06
9.164200673694721677e-06
7.454808428519754501e-06
9.138051063928287815e-06
6.661854649792076427e-06
6.712377535222913477e-06
7.615061122123734094e-06
6.290876308412407864e-06
7.579153225378831510e-06
7.041681601549498567e-06
5.989319743093801832e-06
6.381560933732544241e-06
8.433432958554476161e-06
6.170639608171768486e-06
9.668173606769415296e-06
9.023665143104153685e-06
5.683972767656087283e-06
6.519611042676843110e-06
1.001194368654978462e-05
6.754013338650111278e-06
6.008614036545623094e-06
7.711371335972216234e-06
6.187174312799470160e-06
6.186748987602186559e-06
8.062691540544619445e-06
6.015995722918887623e-06
6.848051725683035329e-06
5.611675351246958429e-06
5.634810327137529046e-06
7.393711575787164863e-06
6.882352408865699545e-06
7.971563809405779127e-06
6.240138463908806274e-06
6.525027310999576341e-06
5.796353480036486702e-06
6.467051707659265788e-06
5.561941361520439556e-06
6.767323566236882640e-06
9.568817085892078806e-06
6.341672860799007880e-06
7.339155126828700643e-06
5.701302097804728134e-06
6.541791117342654954e-06
7.117219684005249122e-06
7.078261160131660459e-06
7.143197944969870319e-06
7.278999873960856348e-06
5.218615478952415626e-06
4.500637237470072821e-06
7.405682845273986798e-06
7.022975023573963141e-06
7.349094676101230847e-06
6.318675718830490781e-06
7.474617177649633959e-06
5.557101121667073870e-06
6.332457860480644571e-06
7.523472095272154378e-06
6.467055914072261488e-06
1.223708313773386113e-05
6.098752919569960795e-06
5.462040007842006162e-06
6.083025755287962796e-06
1.430593379154743229e-05
5.715345423595863394e-06
6.422996011679060588e-06
6.705515033900155686e-06
7.739441616649856537e-06
7.334797237490419891e-06
6.328025028778938238e-06
5.863139836037589533e-06
6.882543038955190811e-06
6.910595902809290977e-06
8.254740987467811697e-06
6.443945858336519789e-06
5.205722436585346829e-06
5.568628671426267490e-06
6.977112525419215333e-06
6.096866627558483742e-06
6.909528610776760446e-06
5.163862260815221477e-06
5.436253331936313771e-06
5.867029676664969545e-06
4.902020828012610193e-06
5.555783809541026469e-06
5.169798214410548098e-06
5.387782175603206608e-06
7.518926304328488525e-06
5.955993492534616623e-06
5.169160044715681748e-06
7.066203011163452175e-06
5.375790715334005993e-06
6.166180128275300376e-06
6.206072521308670159e-06
5.100311091155162674e-06
7.569311537736211734e-06
5.406319155554229267e-06
6.235953605937538669e-06
5.830278746543627105e-06
4.889699584964546206e-06
6.620082353947509885e-06
5.624251843983074481e-06
5.953441518613544589e-06
6.344215853459899906e-06
6.536680621138657104e-06
4.621591051545692269e-06
4.909857648272009270e-06
4.738410575555463195e-06
6.184193080116529187e-06
5.485091924128937196e-06
5.263687035039765421e-06
6.792242083974997852e-06
5.142898544363561086e-06
5.304638648340187501e-06
4.749437130158184689e-06
5.093949312140466645e-06
5.353507890504260844e-06
6.842822858743602241e-06
1.631543491384945674e-05
6.015012013449450362e-06
9.249687127521611496e-06
7.872542323639208239e-06
4.973025738763681147e-06
5.053660379417123866e-06
4.683365614255308343e-06
5.918502506574441383e-06
4.910897700938221533e-06
5.156714178156107834e-06
4.876847492596425921e-06
6.812861056459951384e-06
4.914156147606263572e-06
5.826041729051212315e-06
4.521525352174649184e-06
5.683402878275955858e-06
6.251575132409925403e-06
4.980234916729387065e-06
4.311105158194550313e-06
4.620984827852225693e-06
7.371765468633384105e-06
4.240891757945064286e-06
5.438072821561945433e-06
5.013565419176302046e-06
4.921431695947831031e-06
4.055712020090141207e-06
3.975346726292628033e-06
6.331750000754254870e-06
4.842078624278656207e-06
4.446771640687074978e-06
5.172938745090504939e-06
3.910106806870317425e-06
4.254415762261487205e-06
5.674646581610432233e-06
5.462456601890153082e-06
4.904357501800404523e-06
4.586655063576472627e-06
4.759683542943094265e-06
6.907435840730613902e-06
5.395780112849024251e-06
7.493120665458263660e-06
4.772742408931663133e-06
5.785101461697195360e-06
6.477373653979157436e-06
4.776404693984659389e-06
5.102423688185808545e-06
6.052409844414796680e-06
5.316068381944205612e-06
5.091298885417927692e-06
4.632674381355172616e-06
4.569136717691435648e-06
4.253416545907384885e-06
4.425359747983748093e-06
5.489334444064297544e-06
4.419484480422397779e-06
6.701731331304472744e-06
8.717736318430979059e-06
5.104718593429424969e-06
5.299339727571350861e-06
4.255809199094074016e-06
3.939918178730294701e-06
4.265772759026731364e-06
4.234943867231777742e-06
5.021864240006834734e-06
4.811810413229977712e-06
4.465343795345688535e-06
4.703989498011651788e-06
4.257297450749319809e-06
6.376961573550943624e-06
7.806079520378261127e-06
5.219792910793330520e-06
3.944795230381714307e-06
5.968082200524804987e-06
4.572490274767914914e-06
5.525753431356861595e-06
3.628895751717209520e-06
5.572053146352118008e-06
4.445854983714525588e-06
4.905877972305461299e-06
5.313943483997718770e-06
6.214098675627610646e-06
4.612318161889561621e-06
6.461633188337146008e-06
4.725641474578878842e-06
4.146482478972757405e-06
5.858372765032981649e-06
5.027581141803238837e-06
5.523764457393554039e-06
4.596162989400909621e-06
5.282571169118454976e-06
5.129933106218231503e-06
5.187972487874503883e-06
4.949420736011234451e-06
4.786654199051554484e-06
3.974347259827482387e-06
4.715367731478182006e-06
5.112316057420685125e-06
4.560732372738130264e-06
4.849042989008012567e-06
4.459627757569251286e-06
7.043446066745672967e-06
4.822011101168755315e-06
4.976594800609745678e-06
8.820831021694175772e-06
4.715423324341827877e-06
5.746168039877375292e-06
4.699425062426598743e-06
4.587531498145835601e-06
9.090579214898753658e-06
6.260484838094271254e-06
4.736909204439143650e-06
8.377152198590920307e-06
6.449434204114368524e-06
6.265569891183986498e-06
6.040502307769202500e-06
5.171779775992035866e-06
4.785379132954403758e-06
5.071746454632375559e-06
4.235269238961337007e-06
4.251260475029994437e-06
4.588262322613445915e-06
4.231595335113525264e-06
5.459300746224471707e-06
4.805901630788866557e-06
4.669754889619070867e-06
4.563577022054232657e-06
4.801170302926039027e-06
4.904354318568948318e-06
3.884793545694264880e-06
5.283561495161847973e-06
6.146019268271630037e-06
4.986405065210419368e-06
5.026163421462115366e-06
5.174823400011518970e-06
4.416239244164899330e-06
4.367835708762868646e-06
5.026348753744969483e-06
3.879837390741158912e-06
4.979788241143978836e-06
4.128462683183897414e-06
4.675424111155734694e-06
5.794038020212610548e-06
5.514463441613770386e-06
5.447829585136787161e-06
5.168144843992194753e-06
3.663576035251026211e-06
5.690269199476461265e-06
4.396828171593370085e-06
5.133096965437289158e-06
4.586395994010672100e-06
6.702845439576776698e-06
4.384200224194501061e-06
3.911853832505585499e-06
4.669553436542628164e-06
3.910923283001466189e-06
5.412436939877806824e-06
4.305324659981124908e-06
6.358238670145510357e-06
4.059079583385028114e-06
4.329522607804392634e-06
5.078533877167501317e-06
4.834123046748572960e-06
5.357008285500342365e-06
5.535303148462844377e-06
4.444378623702504799e-06
5.246596447250339964e-06
4.586835211739526469e-06
4.631647402675298339e-06
5.485490873979870230e-06
5.138135747984051704e-06
8.330676723744546275e-06
4.352905421001196373e-06
4.502856450017134532e-06
3.865342455355857626e-06
4.109754445380531082e-06
4.313456338422838937e-06
3.850887355838494672e-06
5.030065426581131591e-06
4.324773385633307043e-06
5.002516923013900280e-06
4.081710471837141085e-06
5.907836407459399367e-06
5.202236957302375570e-06
4.674384490499505434e-06
4.720266383628768720e-06
6.478486443484143650e-06
4.573524461193301419e-06
4.025136013297014531e-06
4.756921111948031636e-06
4.646304091693309601e-06
4.847445802624861583e-06
5.397146810537378600e-06
4.006962694802496286e-06
3.427823594392975708e-06
4.390823937683307693e-06
3.962380924349418249e-06
5.094108632874849549e-06
5.050324307376285846e-06
4.279998779566085262e-06
4.894946778222220357e-06
3.603481468417157800e-06
4.102899606550636405e-06
5.115715453030134086e-06
3.974621290581126401e-06
5.131325610818748659e-06
4.961572085449006578e-06
3.845816218017717231e-06
3.818421123469306452e-06
3.863474626086827241e-06
3.843244235213205345e-06
3.672621937766962134e-06
5.131783018441637639e-06
3.967090106016257947e-06
4.933369973514345813e-06
3.183070612067240206e-06
4.404640981192642018e-06
3.358694289090635551e-06
4.579576011565223040e-06
3.464677661213499960e-06
3.040339220206078777e-06
2.943516096820530778e-06
4.015973559035046492e-06
3.461330720710975584e-06
3.875412357956520451e-06
3.908655435225227509e-06
3.104283723587286489e-06
3.088916173510369845e-06
3.516386118462832941e-06
3.345836739754304205e-06
3.414939419599250044e-06
4.643250531444209797e-06
4.523606685324921612e-06
3.697394276969134808e-06
5.348475701794086151e-06
4.099300076632061634e-06
3.799806449933385011e-06
3.308675127300375522e-06
4.638622499442135449e-06
3.208346106475801292e-06
3.783062220463761975e-06
3.881070165334677197e-06
3.135398355880170299e-06
3.505684412630216599e-06
3.005614098583464426e-06
2.408446198387537236e-06
2.968668536595942156e-06
3.200281059889675647e-06
3.732611457962775772e-06
2.854239812677405838e-06
6.039032473381666763e-06
5.090286822451161983e-06
3.183144599461229518e-06
2.879115982068469748e-06
3.039554326278448740e-06
4.229915089126734698e-06
3.101881588918331545e-06
3.003359665854077321e-06
2.994527039845706726e-06
2.932866118499077772e-06
2.765897806966677139e-06
3.434286372794303874e-06
3.706144832449353914e-06
2.798715001972595928e-06
2.755233867901551833e-06
3.225434261366899676e-06
2.717952952480118256e-06
3.574539027795253872e-06
3.362304960319306617e-06
3.156267234771803402e-06
2.786525681131024782e-06
2.400091477738896914e-06
2.695355510695662900e-06
3.195517956555704502e-06
2.419958354948903519e-06
2.282443631429487141e-06
2.929234733528573913e-06
1.774103179741359739e-06
2.387536653714050772e-06
3.090409245487535288e-06
2.729540346990688789e-06
1.945309895745595070e-06
2.924734928910766030e-06
2.457800155752920630e-06
2.544106200730311769e-06
2.101653331010311292e-06
2.633988754041638628e-06
1.927603705098590581e-06
2.249162821499339601e-06
1.962807573363534175e-06
1.585651045843405840e-06
1.943544475579983555e-06
1.916775693189265524e-06
2.281613990362529706e-06
2.253340767310874071e-06
1.726008690638991538e-06
2.086395863898360573e-06
1.957726885848387695e-06
2.625969545988482254e-06
4.150020845372637099e-06
3.496095655464159960e-06
1.985045355468173681e-06
2.647281144163571213e-06
1.951945512246311494e-06
1.717828627079143231e-06
2.190394172885134880e-06
1.959857877409376585e-06
2.230206251851995888e-06
1.693639040922789803e-06
1.986477866466884904e-06
2.037563046997093066e-06
1.464575518639321672e-06
2.068344292638357813e-06
1.403728151672112332e-06
1.827813002819311720e-06
1.288007655375622604e-06
2.570263802681438392e-06
1.971393430721946061e-06
1.439061509245220847e-06
1.372093038298771717e-06
2.010658283779776041e-06
1.291580787210477865e-06
1.484525762407429199e-06
1.389866667977912584e-06
1.559222363312073782e-06
1.943577194651879921e-06
1.433611458878658595e-06
1.464007505092013077e-06
1.396820891841343837e-06
1.237087360550503945e-06
1.322371781498077241e-06
1.261270716668150356e-06
1.390325780903367601e-06
1.298826714446477084e-06
1.466156243168370481e-06
1.175939610220666424e-06
1.030860477158057662e-06
1.166218595471946173e-06
1.258167839068846618e-06
1.230252701134304431e-06
1.467835568291775332e-06
1.271020761350882779e-06
1.244532711552892579e-06
1.362356033496325878e-06
1.179549997232243186e-06
1.241280432395797149e-06
1.207994705509918361e-06
1.713712123319055536e-06
1.913361522380569169e-01
3.425778424739837735e+00
4.295262908935546520e+00
4.121939921379089711e+00
3.757892131805419922e+00
3.348397827148437589e+00
2.993386840820312589e+00
2.682565355300903231e+00
2.415490007400512784e+00
2.203192329406738370e+00
2.010448384284972967e+00
1.842302417755127042e+00
1.724419331550598233e+00
1.604641163349151523e+00
1.502273011207580611e+00
1.420211207866668657e+00
1.346665251255035445e+00
1.288903152942657560e+00
1.237241268157958984e+00
1.179417455196380526e+00
1.139529263973236173e+00
1.102900278568267778e+00
1.071056693792343140e+00
1.041252529621124356e+00
1.011707574129104614e+00
9.832657217979431374e-01
9.568216264247894065e-01
9.327651798725128396e-01
9.130411565303802046e-01
8.882661879062652144e-01
8.747763633728027344e-01
8.560067832469939741e-01
8.327590703964233843e-01
8.158885419368744341e-01
7.963065147399902566e-01
7.836055576801299605e-01
7.652894973754882368e-01
7.472866833209991233e-01
7.387356579303741011e-01
7.264298260211944358e-01
7.064877688884735329e-01
6.928570330142974631e-01
6.813723146915435791e-01
6.654256224632263406e-01
6.555166363716125044e-01
6.513747453689575639e-01
6.374155819416046365e-01
6.245122969150542769e-01
6.154602706432342751e-01
6.002136826515197532e-01
5.954412460327148660e-01
5.833510935306549516e-01
5.820918142795562522e-01
5.722444534301758257e-01
5.653501391410827859e-01
5.615074217319488969e-01
5.424052774906158447e-01
5.383312284946442094e-01
5.400302231311797652e-01
5.320087611675262673e-01
5.254170238971710427e-01
5.122714608907699141e-01
5.098121613264083862e-01
5.097044646739959939e-01
4.974622488021850364e-01
4.980439096689224243e-01
4.958322882652282937e-01
4.835888296365737915e-01
4.853044778108596691e-01
4.794271707534790150e-01
4.724041849374771007e-01
4.704860895872116089e-01
4.681746006011963113e-01
4.654838442802429199e-01
4.548722326755523793e-01
4.556039929389953391e-01
4.508636087179184182e-01
4.506528675556182861e-01
4.385133236646652222e-01
4.452474385499954335e-01
4.383992493152618630e-01
4.291736662387847789e-01
4.278162598609924205e-01
4.247601121664047463e-01
4.231522768735885842e-01
4.197333008050918579e-01
4.140462785959243552e-01
4.089311808347702026e-01
4.079236060380935780e-01
4.036170274019241222e-01
3.996797800064086914e-01
3.970123499631881825e-01
3.935175836086273193e-01
3.943492412567138894e-01
3.921290129423141702e-01
3.838468968868255504e-01
3.841058939695358165e-01
3.783695429563522228e-01
3.765834957361221536e-01
3.756241470575332753e-01
3.724474847316742165e-01
3.706913948059081809e-01
3.658254802227020042e-01
3.583289116621017345e-01
3.556758493185043224e-01
3.522104471921920776e-01
3.551518172025680542e-01
3.492518395185470470e-01
3.493034571409225353e-01
3.404660373926162720e-01
3.430761784315109475e-01
3.393225848674774059e-01
3.356590777635574119e-01
3.340338915586471558e-01
3.282655924558639526e-01
3.252643257379531638e-01
3.253546535968780407e-01
3.260722845792770608e-01
3.238822311162948830e-01
3.129040002822875977e-01
3.121032059192657693e-01
3.095636308193207009e-01
3.100377738475799672e-01
3.041084259748458862e-01
3.028746873140334972e-01
3.010269135236740001e-01
2.986484348773956188e-01
3.023101776838302834e-01
2.939850538969039917e-01
2.932991743087768333e-01
2.857934087514877319e-01
2.859786629676818737e-01
2.832819521427154541e-01
2.785749331116676442e-01
2.786929726600647084e-01
2.746763974428176880e-01
2.749247789382934792e-01
2.725237354636192433e-01
2.666307121515273937e-01
2.658971428871154674e-01
2.625390782952308766e-01
2.578470200300216897e-01
2.538961797952651867e-01
2.544786766171455161e-01
2.518690288066863792e-01
2.522283166646957508e-01
2.479205831885337719e-01
2.445417180657386835e-01
2.467884331941604670e-01
2.441816642880439703e-01
2.376932784914970453e-01
2.303774356842041016e-01
2.300990670919418335e-01
2.311306357383728083e-01
2.307722240686416737e-01
2.276989370584487915e-01
2.247430473566055242e-01
2.220850765705108532e-01
2.171009227633476368e-01
2.134376287460327259e-01
2.148053452372550853e-01
2.120230257511138972e-01
2.066269844770431408e-01
2.097061127424240112e-01
2.080411657691002003e-01
2.064075589179992787e-01
2.008524537086486816e-01
1.952604651451110840e-01
1.964225292205810658e-01
1.938481971621513478e-01
1.894949227571487427e-01
1.886107012629509028e-01
1.863303378224372975e-01
1.841885671019554138e-01
1.834251388907432445e-01
1.806808441877365001e-01
1.765221640467643793e-01
1.749252423644065968e-01
1.749400123953819275e-01
1.709782242774963434e-01
1.706707775592803955e-01
1.692303478717804011e-01
1.651000797748565785e-01
1.628150522708892711e-01
1.625861793756485096e-01
1.591072142124176081e-01
1.575106009840965271e-01
1.565998390316963307e-01
1.495946243405342213e-01
1.509223476052284352e-01
1.469469055533409174e-01
1.429992102086544148e-01
1.458546906709670965e-01
1.438194207847118267e-01
1.401382595300674494e-01
1.399342507123947088e-01
1.381912380456924438e-01
1.361008644104003962e-01
1.321457266807556097e-01
1.295652732253074757e-01
1.320018291473388783e-01
1.283950954675674438e-01
1.261519350111484639e-01
1.255435124039649963e-01
1.219486311078071539e-01
1.245467737317085266e-01
1.222696274518966647e-01
1.187993101775646210e-01
1.190172962844371768e-01
1.135316580533981268e-01
1.130309179425239563e-01
1.131915308535099002e-01
1.101662315428257044e-01
1.078308798372745458e-01
1.075055025517940577e-01
1.062340110540389987e-01
1.055468007922172602e-01
1.067506149411201477e-01
9.905331581830978394e-02
1.004166007041931152e-01
1.003773771226406097e-01
9.707891792058945257e-02
9.675367698073386591e-02
9.185963720083237249e-02
9.509744644165038507e-02
9.087457880377769470e-02
8.924975991249084473e-02
8.705736324191093445e-02
8.984863832592963895e-02
8.822922408580780029e-02
8.800295814871787747e-02
8.544842749834061224e-02
8.601380959153175076e-02
8.313948139548302252e-02
8.250368908047675531e-02
8.177533522248267572e-02
8.019866272807121832e-02
8.252799957990646085e-02
7.663749381899834234e-02
7.854838110506534576e-02
7.442610859870910089e-02
