6.843829080462455750e-01
6.504717171192169189e-01
6.237358823418617249e-01
6.039652451872825623e-01
5.889554172754287720e-01
5.766926184296607971e-01
5.664087682962417603e-01
5.574468076229095459e-01
5.491336286067962646e-01
5.413289591670036316e-01
5.337560474872589111e-01
5.263338014483451843e-01
5.189944952726364136e-01
5.118170753121376038e-01
5.048585608601570129e-01
4.979470074176788330e-01
4.911848604679107666e-01
4.846256338059902191e-01
4.782125763595104218e-01
4.719065427780151367e-01
4.655410610139369965e-01
4.595195911824703217e-01
4.533112980425357819e-01
4.473962523043155670e-01
4.417801573872566223e-01
4.361928813159465790e-01
4.309414438903331757e-01
4.256922751665115356e-01
4.206333532929420471e-01
4.159162156283855438e-01
4.114183001220226288e-01
4.074462316930294037e-01
4.029653705656528473e-01
3.984766714274883270e-01
3.944023624062538147e-01
3.905944339931011200e-01
3.868417330086231232e-01
3.830744624137878418e-01
3.793671093881130219e-01
3.760639913380146027e-01
3.725589588284492493e-01
3.693631142377853394e-01
3.666104115545749664e-01
3.638481386005878448e-01
3.603548780083656311e-01
3.573410958051681519e-01
3.544238843023777008e-01
3.517625704407691956e-01
3.491030335426330566e-01
3.466204553842544556e-01
3.433361575007438660e-01
3.411866053938865662e-01
3.388138525187969208e-01
3.362405821681022644e-01
3.338637948036193848e-01
3.312668725848197937e-01
3.287515677511692047e-01
3.265423774719238281e-01
3.248348310589790344e-01
3.221807330846786499e-01
3.205919042229652405e-01
3.185552470386028290e-01
3.168477565050125122e-01
3.141023069620132446e-01
3.125133812427520752e-01
3.104974515736103058e-01
3.086033090949058533e-01
3.072456009685993195e-01
3.050076179206371307e-01
3.028042800724506378e-01
3.014001883566379547e-01
3.000198267400264740e-01
2.975430712103843689e-01
2.961083017289638519e-01
2.944605797529220581e-01
2.927808016538619995e-01
2.917185835540294647e-01
2.897182330489158630e-01
2.881961613893508911e-01
2.860911116003990173e-01
2.848300524055957794e-01
2.834521569311618805e-01
2.828607857227325439e-01
2.802120260894298553e-01
2.792413905262947083e-01
2.776269838213920593e-01
2.767238020896911621e-01
2.757427282631397247e-01
2.738174386322498322e-01
2.727766074240207672e-01
2.709089256823062897e-01
2.699342891573905945e-01
2.698355689644813538e-01
2.684561014175415039e-01
2.661748491227626801e-01
2.649367414414882660e-01
2.648231536149978638e-01
2.642856463789939880e-01
2.624340653419494629e-01
2.610875107347965240e-01
2.596560716629028320e-01
2.589391581714153290e-01
2.577397599816322327e-01
2.560033500194549561e-01
2.544083893299102783e-01
2.541592940688133240e-01
2.535247355699539185e-01
2.516733892261981964e-01
2.515755034983158112e-01
2.501821685582399368e-01
2.492760084569454193e-01
2.481874432414770126e-01
2.470338847488164902e-01
2.458225227892398834e-01
2.446392513811588287e-01
2.438122965395450592e-01
2.432927731424570084e-01
2.421658299863338470e-01
2.411242276430130005e-01
2.407068088650703430e-01
2.407467346638441086e-01
2.399263195693492889e-01
2.388931959867477417e-01
2.377700321376323700e-01
2.363802641630172729e-01
2.352536227554082870e-01
2.354714889079332352e-01
2.340343538671731949e-01
2.332199495285749435e-01
2.320361863821744919e-01
2.314010355621576309e-01
2.312646154314279556e-01
2.315202653408050537e-01
2.306517623364925385e-01
2.298475392162799835e-01
2.290204893797636032e-01
2.276691403239965439e-01
2.264818046241998672e-01
2.256987374275922775e-01
2.248415164649486542e-01
2.243078798055648804e-01
2.233688756823539734e-01
2.231269497424364090e-01
2.233127523213624954e-01
2.226146217435598373e-01
2.220677211880683899e-01
2.206516657024621964e-01
2.201103512197732925e-01
2.204895243048667908e-01
2.196138352155685425e-01
2.194092720746994019e-01
2.192734275013208389e-01
2.181910444051027298e-01
2.168961223214864731e-01
2.160014659166336060e-01
2.158955372869968414e-01
2.154855635017156601e-01
2.142280507832765579e-01
2.140246573835611343e-01
2.137544434517621994e-01
2.128736190497875214e-01
2.125570550560951233e-01
2.120643239468336105e-01
2.119409274309873581e-01
2.111268695443868637e-01
2.112443782389163971e-01
2.111133392900228500e-01
2.106361985206604004e-01
2.107582464814186096e-01
2.105991486459970474e-01
2.093548309057950974e-01
2.077708989381790161e-01
2.075016368180513382e-01
2.066027093678712845e-01
2.066904082894325256e-01
2.061357554048299789e-01
2.065991126000881195e-01
2.064536120742559433e-01
2.052025459706783295e-01
2.053795568645000458e-01
2.044792529195547104e-01
2.040600478649139404e-01
2.036127354949712753e-01
2.027552742511034012e-01
2.019082829356193542e-01
2.009294088929891586e-01
2.013958189636468887e-01
2.009580954909324646e-01
2.008973527699708939e-01
2.011012639850378036e-01
2.009920775890350342e-01
1.992772780358791351e-01
1.987270787358283997e-01
1.991628557443618774e-01
1.989934574812650681e-01
1.978554390370845795e-01
1.974980887025594711e-01
1.976214572787284851e-01
1.974042989313602448e-01
1.963593345135450363e-01
1.964722890406847000e-01
1.956734247505664825e-01
1.955627091228961945e-01
1.952457726001739502e-01
1.949938498437404633e-01
1.952096857130527496e-01
1.940241139382123947e-01
1.944976914674043655e-01
1.941766683012247086e-01
1.945139579474925995e-01
1.946755666285753250e-01
1.934644114226102829e-01
1.924176067113876343e-01
1.927945874631404877e-01
1.928860563784837723e-01
1.923484634608030319e-01
1.915601491928100586e-01
1.915051899850368500e-01
1.916828863322734833e-01
1.903076153248548508e-01
1.898918114602565765e-01
1.904680691659450531e-01
1.896094642579555511e-01
1.895854230970144272e-01
1.888533029705286026e-01
1.885073911398649216e-01
1.882584728300571442e-01
1.879217401146888733e-01
1.872735247015953064e-01
1.865314431488513947e-01
1.870916988700628281e-01
1.869698353111743927e-01
1.870425250381231308e-01
1.867865025997161865e-01
1.863118335604667664e-01
1.849031299352645874e-01
1.860125027596950531e-01
1.860469207167625427e-01
1.862370707094669342e-01
1.854312215000391006e-01
1.845972687005996704e-01
1.839828398078680038e-01
1.839336901903152466e-01
1.834254488348960876e-01
1.835125926882028580e-01
1.836416870355606079e-01
1.845666337758302689e-01
1.844434216618537903e-01
1.838157102465629578e-01
1.829187497496604919e-01
1.835615523159503937e-01
1.818801201879978180e-01
1.820291299372911453e-01
1.825974714010953903e-01
1.815385930240154266e-01
1.812404952943325043e-01
1.807937845587730408e-01
1.814256180077791214e-01
1.825405973941087723e-01
1.814754828810691833e-01
1.809868905693292618e-01
1.797861419618129730e-01
1.800996363162994385e-01
1.813325826078653336e-01
1.801057271659374237e-01
1.798937488347291946e-01
1.798445209860801697e-01
1.792571544647216797e-01
1.789797600358724594e-01
1.783591583371162415e-01
1.782054379582405090e-01
1.781415548175573349e-01
1.788732688874006271e-01
1.787523776292800903e-01
1.785378549247980118e-01
1.778213530778884888e-01
1.803764868527650833e-01
1.791227441281080246e-01
1.786458231508731842e-01
1.777505297213792801e-01
1.770918369293212891e-01
1.763429194688796997e-01
1.754261255264282227e-01
1.756578162312507629e-01
1.766216997057199478e-01
1.767132785171270370e-01
1.761521399021148682e-01
1.760236099362373352e-01
1.757028046995401382e-01
1.756892781704664230e-01
1.760647688060998917e-01
1.763402745127677917e-01
1.755419336259365082e-01
1.751158330589532852e-01
1.749055236577987671e-01
1.741649266332387924e-01
1.737548541277647018e-01
1.745970621705055237e-01
1.746219582855701447e-01
1.747569628059864044e-01
1.741087008267641068e-01
1.729437317699193954e-01
1.734415888786315918e-01
1.740248408168554306e-01
1.734006274491548538e-01
1.736311353743076324e-01
1.724152360111474991e-01
1.719401180744171143e-01
1.726145595312118530e-01
1.719567272812128067e-01
1.722437273710966110e-01
1.724890936166048050e-01
1.722221728414297104e-01
1.718367077410221100e-01
1.719096042215824127e-01
1.713292598724365234e-01
1.710554193705320358e-01
1.710430234670639038e-01
1.709096636623144150e-01
1.705773696303367615e-01
1.707174293696880341e-01
1.704001538455486298e-01
1.707815993577241898e-01
1.700551863759756088e-01
1.707959789782762527e-01
1.708386261016130447e-01
1.699205450713634491e-01
1.696582287549972534e-01
1.697388812899589539e-01
1.704059224575757980e-01
1.702503394335508347e-01
1.698879543691873550e-01
1.699146796017885208e-01
1.704732663929462433e-01
1.720659155398607254e-01
1.709647811949253082e-01
1.694906894117593765e-01
1.697250492870807648e-01
1.691469885408878326e-01
1.690305136144161224e-01
1.682480517774820328e-01
1.678736899048089981e-01
1.683198567479848862e-01
1.676462423056364059e-01
1.680813245475292206e-01
1.684789583086967468e-01
1.682726368308067322e-01
1.681573186069726944e-01
1.680037677288055420e-01
1.674677412956953049e-01
1.673678085207939148e-01
1.668678633868694305e-01
1.673011761158704758e-01
1.676382161676883698e-01
1.668912936002016068e-01
1.668168976902961731e-01
1.661699861288070679e-01
1.659058649092912674e-01
1.662617567926645279e-01
1.667067129164934158e-01
1.671455241739749908e-01
1.667349729686975479e-01
1.664061695337295532e-01
1.659484077244997025e-01
1.654519308358430862e-01
1.654580514878034592e-01
1.659207418560981750e-01
1.657960917800664902e-01
1.655613891780376434e-01
1.656926609575748444e-01
1.650283802300691605e-01
1.659209150820970535e-01
1.660623792558908463e-01
1.652882341295480728e-01
1.642229463905096054e-01
1.643566414713859558e-01
1.639017462730407715e-01
1.642676964402198792e-01
1.656369436532258987e-01
1.653705984354019165e-01
1.652167309075593948e-01
1.647385135293006897e-01
1.638817414641380310e-01
1.636654958128929138e-01
1.635960247367620468e-01
1.635374929755926132e-01
1.638191454112529755e-01
1.639331039041280746e-01
1.637812424451112747e-01
1.643619518727064133e-01
1.634929254651069641e-01
1.633368283510208130e-01
1.628641281276941299e-01
1.631858162581920624e-01
1.635786667466163635e-01
1.635940186679363251e-01
1.639637723565101624e-01
1.636185329407453537e-01
1.634029336273670197e-01
1.633627209812402725e-01
1.625298261642456055e-01
1.630476638674736023e-01
1.630026455968618393e-01
1.631428152322769165e-01
1.628148425370454788e-01
1.630698312073945999e-01
1.621472947299480438e-01
1.620830912142992020e-01
1.620971746742725372e-01
1.619339529424905777e-01
1.632343325763940811e-01
1.623699534684419632e-01
1.616417355835437775e-01
1.614674758166074753e-01
1.615363024175167084e-01
1.615947559475898743e-01
1.620350647717714310e-01
1.611073799431324005e-01
1.617130246013402939e-01
1.619412768632173538e-01
1.611570417881011963e-01
1.616336479783058167e-01
1.612544301897287369e-01
1.602825447916984558e-01
1.603230945765972137e-01
1.604638509452342987e-01
1.613950040191411972e-01
1.605050656944513321e-01
1.598807089030742645e-01
1.598149221390485764e-01
1.601074151694774628e-01
1.599685233086347580e-01
1.605854909867048264e-01
1.611353829503059387e-01
1.613029278814792633e-01
1.610557101666927338e-01
1.605237480252981186e-01
1.604712530970573425e-01
1.597708594053983688e-01
1.602827478200197220e-01
1.607704628258943558e-01
1.606071423739194870e-01
1.600200869143009186e-01
1.605303846299648285e-01
1.603108644485473633e-01
1.608726363629102707e-01
1.601911541074514389e-01
1.592157445847988129e-01
1.593621391803026199e-01
1.589126177132129669e-01
1.594651099294424057e-01
1.593181230127811432e-01
1.603324301540851593e-01
1.598696131259202957e-01
1.594381202012300491e-01
1.585790887475013733e-01
1.581210177391767502e-01
1.584645807743072510e-01
1.589978095144033432e-01
1.586121264845132828e-01
1.585514731705188751e-01
1.592755764722824097e-01
1.594917736947536469e-01
1.582938022911548615e-01
1.582370363175868988e-01
1.578586623072624207e-01
1.579777784645557404e-01
1.587782111018896103e-01
1.591668985784053802e-01
1.590434089303016663e-01
1.593689899891614914e-01
1.583584453910589218e-01
1.578569319099187851e-01
1.585286241024732590e-01
1.584161557257175446e-01
1.568384021520614624e-01
1.570611428469419479e-01
1.579691059887409210e-01
1.578178461641073227e-01
1.579342205077409744e-01
1.578853148967027664e-01
1.580140851438045502e-01
1.573108974844217300e-01
1.580835729837417603e-01
1.575835663825273514e-01
1.571002192795276642e-01
1.568039730191230774e-01
1.576851420104503632e-01
1.572179682552814484e-01
1.574085224419832230e-01
1.566142737865447998e-01
1.578710060566663742e-01
1.578112300485372543e-01
1.576933376491069794e-01
1.578189898282289505e-01
1.572288554161787033e-01
1.569337323307991028e-01
1.565588917583227158e-01
1.565319728106260300e-01
1.564745903015136719e-01
1.567031200975179672e-01
1.562914494425058365e-01
1.562280934303998947e-01
1.563300341367721558e-01
1.568263098597526550e-01
1.561333499848842621e-01
1.556732356548309326e-01
1.560185067355632782e-01
1.563180983066558838e-01
1.559518501162528992e-01
1.564768273383378983e-01
1.561022829264402390e-01
1.558848172426223755e-01
1.556098442524671555e-01
1.553328279405832291e-01
1.550861299037933350e-01
1.559868194162845612e-01
1.556301303207874298e-01
1.559496186673641205e-01
1.555418036878108978e-01
1.553396675735712051e-01
1.558725796639919281e-01
1.554846893996000290e-01
1.561565827578306198e-01
1.557195708155632019e-01
1.560650002211332321e-01
1.567156612873077393e-01
1.556595042347908020e-01
1.557790450751781464e-01
1.554297748953104019e-01
1.549024209380149841e-01
1.553034409880638123e-01
1.559609230607748032e-01
1.558774877339601517e-01
1.557026784867048264e-01
1.559086926281452179e-01
1.554901171475648880e-01
1.549660228192806244e-01
1.547210589051246643e-01
1.543093398213386536e-01
1.540753897279500961e-01
1.539564412087202072e-01
1.546787545084953308e-01
1.558428164571523666e-01
1.566465590149164200e-01
1.548531278967857361e-01
1.543424949049949646e-01
1.540021132677793503e-01
1.543581541627645493e-01
1.546818278729915619e-01
1.538107693195343018e-01
1.541394516825675964e-01
1.539017800241708755e-01
1.538262795656919479e-01
1.541066989302635193e-01
1.547745093703269958e-01
1.540505941957235336e-01
1.535757947713136673e-01
1.535076834261417389e-01
1.535119060426950455e-01
1.535964459180831909e-01
1.542110797017812729e-01
1.544673349708318710e-01
1.540686916559934616e-01
1.541754379868507385e-01
1.537697445601224899e-01
1.542112361639738083e-01
1.546460390090942383e-01
1.539052091538906097e-01
1.539621017873287201e-01
1.538660656660795212e-01
1.540233585983514786e-01
1.541268229484558105e-01
1.534563638269901276e-01
1.539550833404064178e-01
1.538691632449626923e-01
1.536882482469081879e-01
1.531976442784070969e-01
1.538771968334913254e-01
1.543657649308443069e-01
1.535415183752775192e-01
1.534546241164207458e-01
1.530860364437103271e-01
1.528596393764019012e-01
1.534040495753288269e-01
1.530537363141775131e-01
1.534371674060821533e-01
1.531563177704811096e-01
1.528056785464286804e-01
1.524231135845184326e-01
1.527728270739316940e-01
1.523822881281375885e-01
1.528567001223564148e-01
1.533692777156829834e-01
1.529522519558668137e-01
1.531406994909048080e-01
1.526751890778541565e-01
1.522954870015382767e-01
1.523206494748592377e-01
1.528603825718164444e-01
1.529664192348718643e-01
1.525931190699338913e-01
1.518819201737642288e-01
1.525280512869358063e-01
1.523185037076473236e-01
1.520070228725671768e-01
1.525998115539550781e-01
1.519719604402780533e-01
1.525925677269697189e-01
1.524209696799516678e-01
1.521655581891536713e-01
1.530387606471776962e-01
1.535515300929546356e-01
1.529669053852558136e-01
1.520639918744564056e-01
1.517513971775770187e-01
1.525140758603811264e-01
1.523678489029407501e-01
1.527065318077802658e-01
1.523902323096990585e-01
1.526417210698127747e-01
1.529476344585418701e-01
1.523709744215011597e-01
1.522490102797746658e-01
1.518650446087121964e-01
1.516112368553876877e-01
1.510943081229925156e-01
1.517900973558425903e-01
1.519897822290658951e-01
1.513175144791603088e-01
1.518439818173646927e-01
1.522173583507537842e-01
1.521195173263549805e-01
1.514979712665081024e-01
1.521790251135826111e-01
1.518488321453332901e-01
1.517039556056261063e-01
1.515879575163125992e-01
1.514170896261930466e-01
1.525427009910345078e-01
1.523792576044797897e-01
1.518413480371236801e-01
1.510389931499958038e-01
1.516404561698436737e-01
1.514890436083078384e-01
1.518103554844856262e-01
1.514128129929304123e-01
1.511171832680702209e-01
1.519058607518672943e-01
1.518502328544855118e-01
1.515559796243906021e-01
1.522567681968212128e-01
1.524306088685989380e-01
1.518900915980339050e-01
1.523504555225372314e-01
1.515311263501644135e-01
1.513725984841585159e-01
1.513193603605031967e-01
1.511723641306161880e-01
1.512359455227851868e-01
1.512181106954813004e-01
1.511961538344621658e-01
1.513935849070549011e-01
1.519085653126239777e-01
1.524735894054174423e-01
1.514823995530605316e-01
1.511644273996353149e-01
1.510531790554523468e-01
1.507353652268648148e-01
1.517122853547334671e-01
1.513757389038801193e-01
1.513675972819328308e-01
1.509556714445352554e-01
1.504137814044952393e-01
1.512191724032163620e-01
1.512820571660995483e-01
1.504650581628084183e-01
1.505098845809698105e-01
1.507125757634639740e-01
1.516033411026000977e-01
1.511992048472166061e-01
1.513291522860527039e-01
1.509825680404901505e-01
1.509886588901281357e-01
1.502661071717739105e-01
1.511196531355381012e-01
1.509096268564462662e-01
1.511629149317741394e-01
1.514560524374246597e-01
1.509658843278884888e-01
1.506772451102733612e-01
1.509393230080604553e-01
1.505177319049835205e-01
1.503603700548410416e-01
1.504950597882270813e-01
1.503151897341012955e-01
1.505117341876029968e-01
1.507249195128679276e-01
1.511968672275543213e-01
1.510216929018497467e-01
1.502848584204912186e-01
1.500258482992649078e-01
1.504372041672468185e-01
1.502621341496706009e-01
1.498229857534170151e-01
1.500063724815845490e-01
1.494379732757806778e-01
1.496726050972938538e-01
1.502130962908267975e-01
1.509355362504720688e-01
1.509012207388877869e-01
1.506242007017135620e-01
1.504662465304136276e-01
1.506464779376983643e-01
1.503692455589771271e-01
1.498798765242099762e-01
1.495218705385923386e-01
1.495407558977603912e-01
1.505157146602869034e-01
1.501404140144586563e-01
1.496909838169813156e-01
1.503200810402631760e-01
1.511000860482454300e-01
1.505198311060667038e-01
1.498750783503055573e-01
1.499163601547479630e-01
1.496773082762956619e-01
1.492403373122215271e-01
1.493307985365390778e-01
1.494105886667966843e-01
1.500034853816032410e-01
1.498191170394420624e-01
1.491364669054746628e-01
1.496279612183570862e-01
1.491338331252336502e-01
1.492055449634790421e-01
1.495375167578458786e-01
1.493540462106466293e-01
1.488603185862302780e-01
1.493599303066730499e-01
1.497489400207996368e-01
1.494064982980489731e-01
1.503297537565231323e-01
1.498182956129312515e-01
1.494715735316276550e-01
1.493123676627874374e-01
1.488969251513481140e-01
1.488818451762199402e-01
1.489976402372121811e-01
1.491557527333498001e-01
1.493782345205545425e-01
1.499517653137445450e-01
1.490831356495618820e-01
1.493093874305486679e-01
1.489492505788803101e-01
1.490951944142580032e-01
1.494108829647302628e-01
1.499781943857669830e-01
1.494932472705841064e-01
1.495992988348007202e-01
1.492621395736932755e-01
1.491839587688446045e-01
1.492379587143659592e-01
1.493018548935651779e-01
1.492191292345523834e-01
1.491116117686033249e-01
1.490672715008258820e-01
1.490678377449512482e-01
1.489660795778036118e-01
1.493023335933685303e-01
1.497050337493419647e-01
1.491397283971309662e-01
1.484485715627670288e-01
1.484428923577070236e-01
1.486120056360960007e-01
1.490959860384464264e-01
1.487068179994821548e-01
1.488573998212814331e-01
1.496087741106748581e-01
1.495439857244491577e-01
1.486652791500091553e-01
1.484074927866458893e-01
1.489665154367685318e-01
1.490544490516185760e-01
1.488532610237598419e-01
1.491094417870044708e-01
1.494914982467889786e-01
1.489459369331598282e-01
1.488384548574686050e-01
1.485605034977197647e-01
1.482028439640998840e-01
1.479903664439916611e-01
1.484099924564361572e-01
1.482122819870710373e-01
1.487223729491233826e-01
1.488664075732231140e-01
1.486760340631008148e-01
1.483904346823692322e-01
1.483542919158935547e-01
1.481678839772939682e-01
1.490190904587507248e-01
1.492526642978191376e-01
1.482854727655649185e-01
1.476736776530742645e-01
1.490872912108898163e-01
1.493611298501491547e-01
1.488495077937841415e-01
1.486753318458795547e-01
1.482422407716512680e-01
1.477632448077201843e-01
1.478352304548025131e-01
1.479137819260358810e-01
1.480380389839410782e-01
1.483911797404289246e-01
1.486036032438278198e-01
1.481974516063928604e-01
1.481953840702772141e-01
1.484583765268325806e-01
1.485298573970794678e-01
1.484251208603382111e-01
1.487908381968736649e-01
1.480246689170598984e-01
1.477752104401588440e-01
1.479767281562089920e-01
1.478561982512474060e-01
1.478065475821495056e-01
1.478543449193239212e-01
1.484136488288640976e-01
1.480099242180585861e-01
1.482813991606235504e-01
1.479886304587125778e-01
1.481354106217622757e-01
1.480938754975795746e-01
1.478080768138170242e-01
1.477469466626644135e-01
1.477621588855981827e-01
1.480991914868354797e-01
1.487202662974596024e-01
1.479613818228244781e-01
1.479062363505363464e-01
1.479507461190223694e-01
1.482121516019105911e-01
1.477306559681892395e-01
1.477513127028942108e-01
1.477599069476127625e-01
1.471680011600255966e-01
1.482554189860820770e-01
1.480753067880868912e-01
1.488244589418172836e-01
1.488282363861799240e-01
1.482306979596614838e-01
1.476212255656719208e-01
1.474126018583774567e-01
1.471519768238067627e-01
1.471971347928047180e-01
1.468942873179912567e-01
1.473419051617383957e-01
1.473711933940649033e-01
1.475023515522480011e-01
1.475853119045495987e-01
1.474832314997911453e-01
1.475081406533718109e-01
1.479474660009145737e-01
1.479656901210546494e-01
1.473283767700195312e-01
1.476938277482986450e-01
1.476840656250715256e-01
1.477410476654767990e-01
1.478240601718425751e-01
1.475325375795364380e-01
1.475071329623460770e-01
1.478146295994520187e-01
1.478841379284858704e-01
1.473368350416421890e-01
1.472150012850761414e-01
1.473906673491001129e-01
1.485492307692766190e-01
1.481333486735820770e-01
1.473815981298685074e-01
1.475871168076992035e-01
1.478353682905435562e-01
1.478033214807510376e-01
1.472820471972227097e-01
1.475074216723442078e-01
1.472027096897363663e-01
1.472300793975591660e-01
1.476409621536731720e-01
1.470903456211090088e-01
1.473629269748926163e-01
1.473816297948360443e-01
1.472977232187986374e-01
1.476684212684631348e-01
1.475385967642068863e-01
1.474172957241535187e-01
1.478688400238752365e-01
1.475700754672288895e-01
1.470682322978973389e-01
1.472056601196527481e-01
1.467814389616250992e-01
1.470579002052545547e-01
1.468833759427070618e-01
1.469273604452610016e-01
1.467165406793355942e-01
1.468795929104089737e-01
1.467709131538867950e-01
1.472332794219255447e-01
1.472504846751689911e-01
1.472426913678646088e-01
1.472592223435640335e-01
1.466929279267787933e-01
1.467332746833562851e-01
1.468647792935371399e-01
1.470875721424818039e-01
1.466840170323848724e-01
1.467226929962635040e-01
1.469351612031459808e-01
1.468256488442420959e-01
1.467508394271135330e-01
1.468850672245025635e-01
1.467595472931861877e-01
1.468529999256134033e-01
1.468276493251323700e-01
1.470260322093963623e-01
1.468306183815002441e-01
1.462576258927583694e-01
1.466468386352062225e-01
1.471379753202199936e-01
1.470974124968051910e-01
1.475803740322589874e-01
1.471449006348848343e-01
1.472473181784152985e-01
1.466925274580717087e-01
1.463615186512470245e-01
1.463406905531883240e-01
1.468539368361234665e-01
1.468408145010471344e-01
1.467360202223062515e-01
1.467594578862190247e-01
1.472355779260396957e-01
1.469966024160385132e-01
1.470954697579145432e-01
1.466084625571966171e-01
1.465370338410139084e-01
1.463305503129959106e-01
1.467421930283308029e-01
1.472864728420972824e-01
1.472922805696725845e-01
1.472118012607097626e-01
1.475163660943508148e-01
1.467166058719158173e-01
1.466188374906778336e-01
1.471946500241756439e-01
1.473020296543836594e-01
1.468176133930683136e-01
1.464234702289104462e-01
1.465249918401241302e-01
1.465396638959646225e-01
1.464027054607868195e-01
1.466947942972183228e-01
1.471598297357559204e-01
1.465248465538024902e-01
1.467533297836780548e-01
1.471468396484851837e-01
1.465867795050144196e-01
1.464300975203514099e-01
1.458884421736001968e-01
1.460913158953189850e-01
1.460209526121616364e-01
1.460986137390136719e-01
1.462564505636692047e-01
1.466729138046503067e-01
1.467180326581001282e-01
1.466365121304988861e-01
1.466422900557518005e-01
1.476685497909784317e-01
1.477099172770977020e-01
1.468278896063566208e-01
1.467430479824542999e-01
1.470037214457988739e-01
1.471701748669147491e-01
1.470161676406860352e-01
1.467534657567739487e-01
1.466418188065290451e-01
1.468992102891206741e-01
1.474980507045984268e-01
1.475588474422693253e-01
1.468795444816350937e-01
1.465731877833604813e-01
1.466078199446201324e-01
1.463383361697196960e-01
1.467931307852268219e-01
1.466744393110275269e-01
1.467842236161231995e-01
1.466108411550521851e-01
1.466547418385744095e-01
1.469091586768627167e-01
1.469522956758737564e-01
1.468379348516464233e-01
1.466779876500368118e-01
1.463078707456588745e-01
1.461279392242431641e-01
