6.898343563079833984e-01
6.370621323585510254e-01
6.080483198165893555e-01
5.891408324241638184e-01
5.722048878669738770e-01
5.564671754837036133e-01
5.413695573806762695e-01
5.268602371215820312e-01
5.118750333786010742e-01
4.973754882812500000e-01
4.826878905296325684e-01
4.681838750839233398e-01
4.540107846260070801e-01
4.402175843715667725e-01
4.269322752952575684e-01
4.140411019325256348e-01
4.016882479190826416e-01
3.900279998779296875e-01
3.790658116340637207e-01
3.687068819999694824e-01
3.590028882026672363e-01
3.497754335403442383e-01
3.414210677146911621e-01
3.332604765892028809e-01
3.257405757904052734e-01
3.186320066452026367e-01
3.120640516281127930e-01
3.056153655052185059e-01
2.998878061771392822e-01
2.945306003093719482e-01
2.891887426376342773e-01
2.844649553298950195e-01
2.798461318016052246e-01
2.756109237670898438e-01
2.716515064239501953e-01
2.679353952407836914e-01
2.643574476242065430e-01
2.609346508979797363e-01
2.578690648078918457e-01
2.547505497932434082e-01
2.520274817943572998e-01
2.492982447147369385e-01
2.465878725051879883e-01
2.442238330841064453e-01
2.418722510337829590e-01
2.395834624767303467e-01
2.374591529369354248e-01
2.356661260128021240e-01
2.337017059326171875e-01
2.317856997251510620e-01
2.303191125392913818e-01
2.283164858818054199e-01
2.267984896898269653e-01
2.253486961126327515e-01
2.238780260086059570e-01
2.223989069461822510e-01
2.211433798074722290e-01
2.199963927268981934e-01
2.184831053018569946e-01
2.173522412776947021e-01
2.161503285169601440e-01
2.150254547595977783e-01
2.139134109020233154e-01
2.128631770610809326e-01
2.118143439292907715e-01
2.109534740447998047e-01
2.100566625595092773e-01
2.089619040489196777e-01
2.080941498279571533e-01
2.072638273239135742e-01
2.064573764801025391e-01
2.055377364158630371e-01
2.048038840293884277e-01
2.040355354547500610e-01
2.031726241111755371e-01
2.024888992309570312e-01
2.018808573484420776e-01
2.011910974979400635e-01
2.004426419734954834e-01
1.998241543769836426e-01
1.990608721971511841e-01
1.985525637865066528e-01
1.979747414588928223e-01
1.972937732934951782e-01
1.967466175556182861e-01
1.961399912834167480e-01
1.956080794334411621e-01
1.950415372848510742e-01
1.947006285190582275e-01
1.940670311450958252e-01
1.936254501342773438e-01
1.932014524936676025e-01
1.926536560058593750e-01
1.922341436147689819e-01
1.917234957218170166e-01
1.912582218647003174e-01
1.908223330974578857e-01
1.904134452342987061e-01
1.899287402629852295e-01
1.895547211170196533e-01
1.891198009252548218e-01
1.887343376874923706e-01
1.884683519601821899e-01
1.880855858325958252e-01
1.876739263534545898e-01
1.872375905513763428e-01
1.869243532419204712e-01
1.867026984691619873e-01
1.862253248691558838e-01
1.859867572784423828e-01
1.856199502944946289e-01
1.852379441261291504e-01
1.849773228168487549e-01
1.846404373645782471e-01
1.844203621149063110e-01
1.841074675321578979e-01
1.837735474109649658e-01
1.835396885871887207e-01
1.831969618797302246e-01
1.830139309167861938e-01
1.827796548604965210e-01
1.824621856212615967e-01
1.821836233139038086e-01
1.820312291383743286e-01
1.818173527717590332e-01
1.814690083265304565e-01
1.811357140541076660e-01
1.809944510459899902e-01
1.807253062725067139e-01
1.805110275745391846e-01
1.802762448787689209e-01
1.800917983055114746e-01
1.799282878637313843e-01
1.796422898769378662e-01
1.795758903026580811e-01
1.792773157358169556e-01
1.791873127222061157e-01
1.788128018379211426e-01
1.786584705114364624e-01
1.784237623214721680e-01
1.783884912729263306e-01
1.781072020530700684e-01
1.779969334602355957e-01
1.778172850608825684e-01
1.775933206081390381e-01
1.774507164955139160e-01
1.772986948490142822e-01
1.770749092102050781e-01
1.773216128349304199e-01
1.768572777509689331e-01
1.766406893730163574e-01
1.764483749866485596e-01
1.763666272163391113e-01
1.761792898178100586e-01
1.760503947734832764e-01
1.759128868579864502e-01
1.757445037364959717e-01
1.755803227424621582e-01
1.755112111568450928e-01
1.753316819667816162e-01
1.752073466777801514e-01
1.750209927558898926e-01
1.748651862144470215e-01
1.748674958944320679e-01
1.746766865253448486e-01
1.746972203254699707e-01
1.744834035634994507e-01
1.743522584438323975e-01
1.742496043443679810e-01
1.740682423114776611e-01
1.740353554487228394e-01
1.739490777254104614e-01
1.737882792949676514e-01
1.736861765384674072e-01
1.735400557518005371e-01
1.735175848007202148e-01
1.733960658311843872e-01
1.733941733837127686e-01
1.731456965208053589e-01
1.730263084173202515e-01
1.729620993137359619e-01
1.728882491588592529e-01
1.727409213781356812e-01
1.726713776588439941e-01
1.728307902812957764e-01
1.724792420864105225e-01
1.724557578563690186e-01
1.723286509513854980e-01
1.723326444625854492e-01
1.721545457839965820e-01
1.719515323638916016e-01
1.719764471054077148e-01
1.720616817474365234e-01
1.718611568212509155e-01
1.718040108680725098e-01
1.715998947620391846e-01
1.715905070304870605e-01
1.714198589324951172e-01
1.713842004537582397e-01
1.714154332876205444e-01
1.712747812271118164e-01
1.711872518062591553e-01
1.711670160293579102e-01
1.710548847913742065e-01
1.709831357002258301e-01
1.708382368087768555e-01
1.709065437316894531e-01
1.708438694477081299e-01
1.707087159156799316e-01
1.705999374389648438e-01
1.707054376602172852e-01
1.705710291862487793e-01
1.704928129911422729e-01
1.704861819744110107e-01
1.702964752912521362e-01
1.703685522079467773e-01
1.702404022216796875e-01
1.702751368284225464e-01
1.701056957244873047e-01
1.700121313333511353e-01
1.700023710727691650e-01
1.699911653995513916e-01
1.699247658252716064e-01
1.698822528123855591e-01
1.696894466876983643e-01
1.698705703020095825e-01
1.697248816490173340e-01
1.696819663047790527e-01
1.696106195449829102e-01
1.695000678300857544e-01
1.694374680519104004e-01
1.694717407226562500e-01
1.693864315748214722e-01
1.693126261234283447e-01
1.692718267440795898e-01
1.695604026317596436e-01
1.692543625831604004e-01
1.692487597465515137e-01
1.691312491893768311e-01
1.690440177917480469e-01
1.691728532314300537e-01
1.690976619720458984e-01
1.690032780170440674e-01
1.689951419830322266e-01
1.691417545080184937e-01
1.690685600042343140e-01
1.689029037952423096e-01
1.688242852687835693e-01
1.687678098678588867e-01
1.686925292015075684e-01
1.687995046377182007e-01
1.686767935752868652e-01
1.685892045497894287e-01
1.687499582767486572e-01
1.685893535614013672e-01
1.684883832931518555e-01
1.685506403446197510e-01
1.685031354427337646e-01
1.684557944536209106e-01
1.684054732322692871e-01
1.684345602989196777e-01
1.683029830455780029e-01
1.683545708656311035e-01
1.683112382888793945e-01
1.682271212339401245e-01
1.682308763265609741e-01
1.681768596172332764e-01
1.682049930095672607e-01
1.681999564170837402e-01
1.681116372346878052e-01
1.681925356388092041e-01
1.681852340698242188e-01
1.680632084608078003e-01
1.680379509925842285e-01
1.680286526679992676e-01
1.679648756980895996e-01
1.680040955543518066e-01
1.679807901382446289e-01
1.679573655128479004e-01
1.679241061210632324e-01
1.678078025579452515e-01
1.678062081336975098e-01
1.678780317306518555e-01
1.677428036928176880e-01
1.677812039852142334e-01
1.677438616752624512e-01
1.677960455417633057e-01
1.677330434322357178e-01
1.677452623844146729e-01
1.676539629697799683e-01
1.676808893680572510e-01
1.677033603191375732e-01
1.677894294261932373e-01
1.675956100225448608e-01
1.676706373691558838e-01
1.675660014152526855e-01
1.675072759389877319e-01
1.676529943943023682e-01
1.674925088882446289e-01
1.675480306148529053e-01
1.674955189228057861e-01
1.676304340362548828e-01
1.674485802650451660e-01
1.675116419792175293e-01
1.674924194812774658e-01
1.674248725175857544e-01
1.673948168754577637e-01
1.674564480781555176e-01
1.673930734395980835e-01
1.673834919929504395e-01
1.674205660820007324e-01
1.673634499311447144e-01
1.672716438770294189e-01
1.672625541687011719e-01
1.672698557376861572e-01
1.673437505960464478e-01
1.672425270080566406e-01
1.672971248626708984e-01
1.673033088445663452e-01
1.673458814620971680e-01
1.671255379915237427e-01
1.672216653823852539e-01
1.671690642833709717e-01
1.672674119472503662e-01
1.671990305185317993e-01
1.672791689634323120e-01
1.671939492225646973e-01
1.673359870910644531e-01
1.671108007431030273e-01
1.672219783067703247e-01
1.670698672533035278e-01
1.670966744422912598e-01
1.671995222568511963e-01
1.671667993068695068e-01
1.670916974544525146e-01
1.671174019575119019e-01
1.671005189418792725e-01
1.671697497367858887e-01
1.670627593994140625e-01
1.672229021787643433e-01
1.671317815780639648e-01
1.670100688934326172e-01
1.670518517494201660e-01
1.670766919851303101e-01
1.671489328145980835e-01
1.669473052024841309e-01
1.670754551887512207e-01
1.669374406337738037e-01
1.669688224792480469e-01
1.670681536197662354e-01
1.669268459081649780e-01
1.670439839363098145e-01
1.670188903808593750e-01
1.669377982616424561e-01
1.670721769332885742e-01
1.669263839721679688e-01
1.670462489128112793e-01
1.670068949460983276e-01
1.669784337282180786e-01
1.670206040143966675e-01
1.669367849826812744e-01
1.669968217611312866e-01
1.670923829078674316e-01
1.669232398271560669e-01
1.669835597276687622e-01
1.669257283210754395e-01
1.669445633888244629e-01
1.669475287199020386e-01
1.670225262641906738e-01
1.669457256793975830e-01
1.669920980930328369e-01
1.669349521398544312e-01
1.669800430536270142e-01
1.670228093862533569e-01
1.669296324253082275e-01
1.669161319732666016e-01
1.669405996799468994e-01
1.668907701969146729e-01
1.670640408992767334e-01
1.668758690357208252e-01
1.668743491172790527e-01
1.670215129852294922e-01
1.668770015239715576e-01
1.668750345706939697e-01
1.669508814811706543e-01
1.669795513153076172e-01
1.669173389673233032e-01
1.669410169124603271e-01
1.668803840875625610e-01
1.670004129409790039e-01
1.668711453676223755e-01
1.670521348714828491e-01
1.668813377618789673e-01
1.670087724924087524e-01
1.670510470867156982e-01
1.670157164335250854e-01
1.669307053089141846e-01
1.669690012931823730e-01
1.669302582740783691e-01
1.671268641948699951e-01
1.669528633356094360e-01
1.669501364231109619e-01
1.669112741947174072e-01
1.669268310070037842e-01
1.668808162212371826e-01
1.669498085975646973e-01
1.670767664909362793e-01
1.669884026050567627e-01
1.669404208660125732e-01
1.669885516166687012e-01
1.668296456336975098e-01
1.669313609600067139e-01
1.670965105295181274e-01
1.669806092977523804e-01
1.670062541961669922e-01
1.669846624135971069e-01
1.669109165668487549e-01
1.669323742389678955e-01
1.670211553573608398e-01
1.670822501182556152e-01
1.669282615184783936e-01
1.669677793979644775e-01
1.669597178697586060e-01
1.670094728469848633e-01
1.670314818620681763e-01
1.671062260866165161e-01
1.669200956821441650e-01
1.670118868350982666e-01
1.669948697090148926e-01
1.670310497283935547e-01
1.670084297657012939e-01
1.669638007879257202e-01
1.669507920742034912e-01
1.670471429824829102e-01
1.669585257768630981e-01
1.670528650283813477e-01
1.671173274517059326e-01
1.670962572097778320e-01
1.671859323978424072e-01
1.669241189956665039e-01
1.671516895294189453e-01
1.671344339847564697e-01
1.669661998748779297e-01
1.670607924461364746e-01
1.670707464218139648e-01
1.670690774917602539e-01
1.670737862586975098e-01
1.671416014432907104e-01
1.670700013637542725e-01
1.671181619167327881e-01
1.671024858951568604e-01
1.671163439750671387e-01
1.670849174261093140e-01
1.671294420957565308e-01
1.670443266630172729e-01
1.671234518289566040e-01
1.674199402332305908e-01
1.669950038194656372e-01
1.670434921979904175e-01
1.671516746282577515e-01
1.671287715435028076e-01
1.670999825000762939e-01
1.671504378318786621e-01
1.671455502510070801e-01
1.671112775802612305e-01
1.671388149261474609e-01
1.673184633255004883e-01
1.671362817287445068e-01
1.671335399150848389e-01
1.671940684318542480e-01
1.672072708606719971e-01
1.671507656574249268e-01
1.671942770481109619e-01
1.671828627586364746e-01
1.672536432743072510e-01
1.672474741935729980e-01
1.672687828540802002e-01
1.672317981719970703e-01
1.671592593193054199e-01
1.672924906015396118e-01
1.672454029321670532e-01
1.674879491329193115e-01
1.672593951225280762e-01
1.673009097576141357e-01
1.672139167785644531e-01
1.672033667564392090e-01
1.672950983047485352e-01
1.673551350831985474e-01
1.671972274780273438e-01
1.673495769500732422e-01
1.672652661800384521e-01
1.673467755317687988e-01
1.672713011503219604e-01
1.672730445861816406e-01
1.672773063182830811e-01
1.673736572265625000e-01
1.674510538578033447e-01
1.673633754253387451e-01
1.673636734485626221e-01
1.674402058124542236e-01
1.674014925956726074e-01
