6.368928551673889160e-01
5.652962177991867065e-01
5.316468998789787292e-01
5.049665607511997223e-01
4.806439168751239777e-01
4.576221033930778503e-01
4.359129518270492554e-01
4.153170809149742126e-01
3.962198831140995026e-01
3.785356692969799042e-01
3.622471615672111511e-01
3.473610579967498779e-01
3.339643701910972595e-01
3.217356950044631958e-01
3.102454878389835358e-01
3.002797439694404602e-01
2.906368747353553772e-01
2.826788499951362610e-01
2.742964737117290497e-01
2.667793296277523041e-01
2.601712346076965332e-01
2.543893717229366302e-01
2.490505483001470566e-01
2.447189409285783768e-01
2.390243019908666611e-01
2.343478258699178696e-01
2.306276801973581314e-01
2.266436126083135605e-01
2.224891129881143570e-01
2.194088324904441833e-01
2.159665115177631378e-01
2.139737103134393692e-01
2.108534462749958038e-01
2.086974438279867172e-01
2.053493764251470566e-01
2.029336355626583099e-01
2.005419638007879257e-01
1.986704394221305847e-01
1.977480221539735794e-01
1.959232017397880554e-01
1.938502490520477295e-01
1.921568606048822403e-01
1.904373038560152054e-01
1.887862775474786758e-01
1.869779359549283981e-01
1.857721004635095596e-01
1.846634857356548309e-01
1.839749626815319061e-01
1.823688428848981857e-01
1.806262712925672531e-01
1.796624884009361267e-01
1.794700268656015396e-01
1.783562265336513519e-01
1.773429214954376221e-01
1.764437425881624222e-01
1.758050862699747086e-01
1.745678894221782684e-01
1.741490494459867477e-01
1.731135081499814987e-01
1.721709482371807098e-01
1.719164028763771057e-01
1.711380705237388611e-01
1.711331140249967575e-01
1.702204532921314240e-01
1.697810292243957520e-01
1.690669488161802292e-01
1.685405876487493515e-01
1.676842384040355682e-01
1.673630382865667343e-01
1.668647956103086472e-01
1.664142012596130371e-01
1.663410626351833344e-01
1.658148951828479767e-01
1.655157841742038727e-01
1.640570573508739471e-01
1.639283206313848495e-01
1.634907517582178116e-01
1.631391495466232300e-01
1.629071608185768127e-01
1.628006938844919205e-01
1.622148752212524414e-01
1.617509908974170685e-01
1.611030958592891693e-01
1.607802454382181168e-01
1.606360115110874176e-01
1.609016638249158859e-01
1.605791244655847549e-01
1.604909561574459076e-01
1.597657911479473114e-01
1.604012921452522278e-01
1.598576176911592484e-01
1.587608139961957932e-01
1.583300344645977020e-01
1.584016401320695877e-01
1.583767402917146683e-01
1.576024927198886871e-01
1.574281416833400726e-01
1.573969013988971710e-01
1.567547656595706940e-01
1.570836659520864487e-01
1.568736378103494644e-01
1.562887988984584808e-01
1.561618130654096603e-01
1.555963288992643356e-01
1.554996017366647720e-01
1.556940358132123947e-01
1.556478682905435562e-01
1.559917628765106201e-01
1.553469095379114151e-01
1.546313297003507614e-01
1.544025782495737076e-01
1.545453127473592758e-01
1.547334305942058563e-01
1.546704676002264023e-01
1.541250757873058319e-01
1.540058217942714691e-01
1.537173539400100708e-01
1.538362279534339905e-01
1.537853162735700607e-01
1.539327558130025864e-01
1.535508651286363602e-01
1.530696284025907516e-01
1.531294304877519608e-01
1.526705157011747360e-01
1.521650813519954681e-01
1.523823533207178116e-01
