2.000000000000000111e-01
2.273333333333333317e-01
3.320000000000000173e-01
4.226666666666666905e-01
5.533333333333333437e-01
6.926666666666666528e-01
7.039999999999999591e-01
7.286666666666666847e-01
7.253333333333333854e-01
7.259999999999999787e-01
7.366666666666666918e-01
7.259999999999999787e-01
7.139999999999999680e-01
7.199999999999999734e-01
7.279999999999999805e-01
7.233333333333333837e-01
7.259999999999999787e-01
7.186666666666666758e-01
7.233333333333333837e-01
7.266666666666666829e-01
7.226666666666666794e-01
7.226666666666666794e-01
7.206666666666666776e-01
7.199999999999999734e-01
7.259999999999999787e-01
7.206666666666666776e-01
7.253333333333333854e-01
7.246666666666666812e-01
7.226666666666666794e-01
7.233333333333333837e-01
7.239999999999999769e-01
7.259999999999999787e-01
7.233333333333333837e-01
7.239999999999999769e-01
7.219999999999999751e-01
7.273333333333333872e-01
7.219999999999999751e-01
7.199999999999999734e-01
7.193333333333333801e-01
7.206666666666666776e-01
7.226666666666666794e-01
7.199999999999999734e-01
7.139999999999999680e-01
7.253333333333333854e-01
7.219999999999999751e-01
7.193333333333333801e-01
7.166666666666666741e-01
7.193333333333333801e-01
7.186666666666666758e-01
7.199999999999999734e-01
7.213333333333333819e-01
7.233333333333333837e-01
7.233333333333333837e-01
7.193333333333333801e-01
7.173333333333333783e-01
7.153333333333333766e-01
7.173333333333333783e-01
7.213333333333333819e-01
7.193333333333333801e-01
7.126666666666666705e-01
7.193333333333333801e-01
7.179999999999999716e-01
7.206666666666666776e-01
7.179999999999999716e-01
7.166666666666666741e-01
7.226666666666666794e-01
7.199999999999999734e-01
7.219999999999999751e-01
7.139999999999999680e-01
7.179999999999999716e-01
7.193333333333333801e-01
7.193333333333333801e-01
7.226666666666666794e-01
7.173333333333333783e-01
7.173333333333333783e-01
7.173333333333333783e-01
7.193333333333333801e-01
7.179999999999999716e-01
7.166666666666666741e-01
7.213333333333333819e-01
7.186666666666666758e-01
7.219999999999999751e-01
7.159999999999999698e-01
7.166666666666666741e-01
7.173333333333333783e-01
7.199999999999999734e-01
7.199999999999999734e-01
7.226666666666666794e-01
7.153333333333333766e-01
7.173333333333333783e-01
7.193333333333333801e-01
7.153333333333333766e-01
7.146666666666666723e-01
7.146666666666666723e-01
7.173333333333333783e-01
7.199999999999999734e-01
7.159999999999999698e-01
7.159999999999999698e-01
7.153333333333333766e-01
7.199999999999999734e-01
7.199999999999999734e-01
7.233333333333333837e-01
7.206666666666666776e-01
7.159999999999999698e-01
7.173333333333333783e-01
7.226666666666666794e-01
7.186666666666666758e-01
7.166666666666666741e-01
7.193333333333333801e-01
7.193333333333333801e-01
7.206666666666666776e-01
7.199999999999999734e-01
7.213333333333333819e-01
7.166666666666666741e-01
7.186666666666666758e-01
7.173333333333333783e-01
7.179999999999999716e-01
7.153333333333333766e-01
7.179999999999999716e-01
7.199999999999999734e-01
7.193333333333333801e-01
7.193333333333333801e-01
7.146666666666666723e-01
7.159999999999999698e-01
7.166666666666666741e-01
7.206666666666666776e-01
7.179999999999999716e-01
7.186666666666666758e-01
7.173333333333333783e-01
7.173333333333333783e-01
7.186666666666666758e-01
7.193333333333333801e-01
7.186666666666666758e-01
7.193333333333333801e-01
7.206666666666666776e-01
7.193333333333333801e-01
7.166666666666666741e-01
7.219999999999999751e-01
7.186666666666666758e-01
7.179999999999999716e-01
7.199999999999999734e-01
7.213333333333333819e-01
7.219999999999999751e-01
7.179999999999999716e-01
7.199999999999999734e-01
7.226666666666666794e-01
7.193333333333333801e-01
7.166666666666666741e-01
7.193333333333333801e-01
7.166666666666666741e-01
7.206666666666666776e-01
7.186666666666666758e-01
7.199999999999999734e-01
7.153333333333333766e-01
7.186666666666666758e-01
7.193333333333333801e-01
7.193333333333333801e-01
7.193333333333333801e-01
7.213333333333333819e-01
7.233333333333333837e-01
7.226666666666666794e-01
7.213333333333333819e-01
7.199999999999999734e-01
7.179999999999999716e-01
7.186666666666666758e-01
7.173333333333333783e-01
7.199999999999999734e-01
7.213333333333333819e-01
7.219999999999999751e-01
7.213333333333333819e-01
7.199999999999999734e-01
7.219999999999999751e-01
7.199999999999999734e-01
7.179999999999999716e-01
7.193333333333333801e-01
7.219999999999999751e-01
7.186666666666666758e-01
7.199999999999999734e-01
7.193333333333333801e-01
7.226666666666666794e-01
7.199999999999999734e-01
7.199999999999999734e-01
7.173333333333333783e-01
7.166666666666666741e-01
7.213333333333333819e-01
7.206666666666666776e-01
7.213333333333333819e-01
7.199999999999999734e-01
7.199999999999999734e-01
7.193333333333333801e-01
7.173333333333333783e-01
7.206666666666666776e-01
7.199999999999999734e-01
7.199999999999999734e-01
7.179999999999999716e-01
7.193333333333333801e-01
7.193333333333333801e-01
7.193333333333333801e-01
7.179999999999999716e-01
7.213333333333333819e-01
7.233333333333333837e-01
7.213333333333333819e-01
7.206666666666666776e-01
7.206666666666666776e-01
7.213333333333333819e-01
7.226666666666666794e-01
7.206666666666666776e-01
7.193333333333333801e-01
7.166666666666666741e-01
7.206666666666666776e-01
7.193333333333333801e-01
7.173333333333333783e-01
7.199999999999999734e-01
7.193333333333333801e-01
7.186666666666666758e-01
7.199999999999999734e-01
7.226666666666666794e-01
7.199999999999999734e-01
7.199999999999999734e-01
7.213333333333333819e-01
7.219999999999999751e-01
7.193333333333333801e-01
7.206666666666666776e-01
7.206666666666666776e-01
7.199999999999999734e-01
7.226666666666666794e-01
7.213333333333333819e-01
7.206666666666666776e-01
7.206666666666666776e-01
7.219999999999999751e-01
7.206666666666666776e-01
7.226666666666666794e-01
7.186666666666666758e-01
7.206666666666666776e-01
7.193333333333333801e-01
7.199999999999999734e-01
7.199999999999999734e-01
7.213333333333333819e-01
7.213333333333333819e-01
7.233333333333333837e-01
7.219999999999999751e-01
7.239999999999999769e-01
7.213333333333333819e-01
7.213333333333333819e-01
7.199999999999999734e-01
7.206666666666666776e-01
7.219999999999999751e-01
7.193333333333333801e-01
7.239999999999999769e-01
7.226666666666666794e-01
7.199999999999999734e-01
7.219999999999999751e-01
7.199999999999999734e-01
7.199999999999999734e-01
7.199999999999999734e-01
7.206666666666666776e-01
7.213333333333333819e-01
7.226666666666666794e-01
7.226666666666666794e-01
7.213333333333333819e-01
7.213333333333333819e-01
7.179999999999999716e-01
7.193333333333333801e-01
7.213333333333333819e-01
7.219999999999999751e-01
7.199999999999999734e-01
7.226666666666666794e-01
7.199999999999999734e-01
7.213333333333333819e-01
7.193333333333333801e-01
7.179999999999999716e-01
7.226666666666666794e-01
7.206666666666666776e-01
7.199999999999999734e-01
7.166666666666666741e-01
7.219999999999999751e-01
7.179999999999999716e-01
7.266666666666666829e-01
7.246666666666666812e-01
7.226666666666666794e-01
7.213333333333333819e-01
7.213333333333333819e-01
7.186666666666666758e-01
7.199999999999999734e-01
7.219999999999999751e-01
7.213333333333333819e-01
7.206666666666666776e-01
7.199999999999999734e-01
7.186666666666666758e-01
7.226666666666666794e-01
7.206666666666666776e-01
7.219999999999999751e-01
7.193333333333333801e-01
7.206666666666666776e-01
7.206666666666666776e-01
7.213333333333333819e-01
7.239999999999999769e-01
7.213333333333333819e-01
7.199999999999999734e-01
7.193333333333333801e-01
7.239999999999999769e-01
7.226666666666666794e-01
7.226666666666666794e-01
7.226666666666666794e-01
7.213333333333333819e-01
7.226666666666666794e-01
7.219999999999999751e-01
7.239999999999999769e-01
7.219999999999999751e-01
7.239999999999999769e-01
7.233333333333333837e-01
7.253333333333333854e-01
7.226666666666666794e-01
7.219999999999999751e-01
7.219999999999999751e-01
7.199999999999999734e-01
7.219999999999999751e-01
7.246666666666666812e-01
7.219999999999999751e-01
7.219999999999999751e-01
7.219999999999999751e-01
7.226666666666666794e-01
7.213333333333333819e-01
7.206666666666666776e-01
7.213333333333333819e-01
7.213333333333333819e-01
7.213333333333333819e-01
7.213333333333333819e-01
7.219999999999999751e-01
7.193333333333333801e-01
7.199999999999999734e-01
7.226666666666666794e-01
7.206666666666666776e-01
7.199999999999999734e-01
7.219999999999999751e-01
7.226666666666666794e-01
7.193333333333333801e-01
7.219999999999999751e-01
7.206666666666666776e-01
7.199999999999999734e-01
7.186666666666666758e-01
7.206666666666666776e-01
7.206666666666666776e-01
7.179999999999999716e-01
7.219999999999999751e-01
7.219999999999999751e-01
7.226666666666666794e-01
7.219999999999999751e-01
7.239999999999999769e-01
7.206666666666666776e-01
7.206666666666666776e-01
7.213333333333333819e-01
7.219999999999999751e-01
7.213333333333333819e-01
7.193333333333333801e-01
7.226666666666666794e-01
7.219999999999999751e-01
7.226666666666666794e-01
7.219999999999999751e-01
7.233333333333333837e-01
7.233333333333333837e-01
7.206666666666666776e-01
7.219999999999999751e-01
7.233333333333333837e-01
7.226666666666666794e-01
7.219999999999999751e-01
7.206666666666666776e-01
7.233333333333333837e-01
7.206666666666666776e-01
7.186666666666666758e-01
7.213333333333333819e-01
7.219999999999999751e-01
7.219999999999999751e-01
7.213333333333333819e-01
7.226666666666666794e-01
7.233333333333333837e-01
7.219999999999999751e-01
7.226666666666666794e-01
7.226666666666666794e-01
7.226666666666666794e-01
7.233333333333333837e-01
7.226666666666666794e-01
7.233333333333333837e-01
7.186666666666666758e-01
7.219999999999999751e-01
7.219999999999999751e-01
7.206666666666666776e-01
7.186666666666666758e-01
7.199999999999999734e-01
7.199999999999999734e-01
7.213333333333333819e-01
7.193333333333333801e-01
7.219999999999999751e-01
7.199999999999999734e-01
7.186666666666666758e-01
7.206666666666666776e-01
7.213333333333333819e-01
7.213333333333333819e-01
7.219999999999999751e-01
7.199999999999999734e-01
7.186666666666666758e-01
7.213333333333333819e-01
7.226666666666666794e-01
7.153333333333333766e-01
7.193333333333333801e-01
7.193333333333333801e-01
7.193333333333333801e-01
7.193333333333333801e-01
7.186666666666666758e-01
7.199999999999999734e-01
7.219999999999999751e-01
7.193333333333333801e-01
7.219999999999999751e-01
7.233333333333333837e-01
7.206666666666666776e-01
7.179999999999999716e-01
7.193333333333333801e-01
7.219999999999999751e-01
7.219999999999999751e-01
7.246666666666666812e-01
7.219999999999999751e-01
7.246666666666666812e-01
7.219999999999999751e-01
7.206666666666666776e-01
7.219999999999999751e-01
7.206666666666666776e-01
7.206666666666666776e-01
7.219999999999999751e-01
7.226666666666666794e-01
7.219999999999999751e-01
7.253333333333333854e-01
7.226666666666666794e-01
7.233333333333333837e-01
7.213333333333333819e-01
7.219999999999999751e-01
7.213333333333333819e-01
7.173333333333333783e-01
7.193333333333333801e-01
7.193333333333333801e-01
7.206666666666666776e-01
7.186666666666666758e-01
7.199999999999999734e-01
7.206666666666666776e-01
7.213333333333333819e-01
7.199999999999999734e-01
7.193333333333333801e-01
7.193333333333333801e-01
7.206666666666666776e-01
7.206666666666666776e-01
7.219999999999999751e-01
7.206666666666666776e-01
7.199999999999999734e-01
7.206666666666666776e-01
7.199999999999999734e-01
7.193333333333333801e-01
7.239999999999999769e-01
7.193333333333333801e-01
7.206666666666666776e-01
7.226666666666666794e-01
7.239999999999999769e-01
7.193333333333333801e-01
7.186666666666666758e-01
7.213333333333333819e-01
7.206666666666666776e-01
7.219999999999999751e-01
7.206666666666666776e-01
7.213333333333333819e-01
7.206666666666666776e-01
7.213333333333333819e-01
7.206666666666666776e-01
7.193333333333333801e-01
7.199999999999999734e-01
7.199999999999999734e-01
7.219999999999999751e-01
7.219999999999999751e-01
7.179999999999999716e-01
7.199999999999999734e-01
7.213333333333333819e-01
7.186666666666666758e-01
7.213333333333333819e-01
7.206666666666666776e-01
7.193333333333333801e-01
7.239999999999999769e-01
7.226666666666666794e-01
7.226666666666666794e-01
7.213333333333333819e-01
7.199999999999999734e-01
7.213333333333333819e-01
7.219999999999999751e-01
7.193333333333333801e-01
7.179999999999999716e-01
7.206666666666666776e-01
7.186666666666666758e-01
7.166666666666666741e-01
7.213333333333333819e-01
7.213333333333333819e-01
7.179999999999999716e-01
7.233333333333333837e-01
7.213333333333333819e-01
7.219999999999999751e-01
7.226666666666666794e-01
7.233333333333333837e-01
7.219999999999999751e-01
7.239999999999999769e-01
7.239999999999999769e-01
7.206666666666666776e-01
7.213333333333333819e-01
7.213333333333333819e-01
7.213333333333333819e-01
7.206666666666666776e-01
7.239999999999999769e-01
7.253333333333333854e-01
7.226666666666666794e-01
7.199999999999999734e-01
7.233333333333333837e-01
7.233333333333333837e-01
7.213333333333333819e-01
7.213333333333333819e-01
7.206666666666666776e-01
7.199999999999999734e-01
7.226666666666666794e-01
7.213333333333333819e-01
7.206666666666666776e-01
7.213333333333333819e-01
7.233333333333333837e-01
7.193333333333333801e-01
7.206666666666666776e-01
7.179999999999999716e-01
7.193333333333333801e-01
7.193333333333333801e-01
7.206666666666666776e-01
7.219999999999999751e-01
7.199999999999999734e-01
7.206666666666666776e-01
7.193333333333333801e-01
7.233333333333333837e-01
7.179999999999999716e-01
7.193333333333333801e-01
7.199999999999999734e-01
7.186666666666666758e-01
7.186666666666666758e-01
7.233333333333333837e-01
7.199999999999999734e-01
7.226666666666666794e-01
7.226666666666666794e-01
7.219999999999999751e-01
7.219999999999999751e-01
7.206666666666666776e-01
7.213333333333333819e-01
7.213333333333333819e-01
7.186666666666666758e-01
7.186666666666666758e-01
7.213333333333333819e-01
7.186666666666666758e-01
7.199999999999999734e-01
7.206666666666666776e-01
7.219999999999999751e-01
7.239999999999999769e-01
7.199999999999999734e-01
7.226666666666666794e-01
7.193333333333333801e-01
7.193333333333333801e-01
7.199999999999999734e-01
7.213333333333333819e-01
7.226666666666666794e-01
7.219999999999999751e-01
7.186666666666666758e-01
7.213333333333333819e-01
7.179999999999999716e-01
7.199999999999999734e-01
7.226666666666666794e-01
7.213333333333333819e-01
7.213333333333333819e-01
7.179999999999999716e-01
7.199999999999999734e-01
7.219999999999999751e-01
7.206666666666666776e-01
7.206666666666666776e-01
7.206666666666666776e-01
7.219999999999999751e-01
7.206666666666666776e-01
7.213333333333333819e-01
7.226666666666666794e-01
7.213333333333333819e-01
7.199999999999999734e-01
7.219999999999999751e-01
7.199999999999999734e-01
7.213333333333333819e-01
7.239999999999999769e-01
7.233333333333333837e-01
7.213333333333333819e-01
7.233333333333333837e-01
7.206666666666666776e-01
7.213333333333333819e-01
7.213333333333333819e-01
7.219999999999999751e-01
7.193333333333333801e-01
7.213333333333333819e-01
7.199999999999999734e-01
7.199999999999999734e-01
7.179999999999999716e-01
7.199999999999999734e-01
7.239999999999999769e-01
7.219999999999999751e-01
7.226666666666666794e-01
7.199999999999999734e-01
7.179999999999999716e-01
7.186666666666666758e-01
7.193333333333333801e-01
7.193333333333333801e-01
7.199999999999999734e-01
7.199999999999999734e-01
7.186666666666666758e-01
7.186666666666666758e-01
7.206666666666666776e-01
7.206666666666666776e-01
7.213333333333333819e-01
7.186666666666666758e-01
7.206666666666666776e-01
7.226666666666666794e-01
7.186666666666666758e-01
7.206666666666666776e-01
7.193333333333333801e-01
7.246666666666666812e-01
7.226666666666666794e-01
7.199999999999999734e-01
7.199999999999999734e-01
7.213333333333333819e-01
7.179999999999999716e-01
7.219999999999999751e-01
7.193333333333333801e-01
7.219999999999999751e-01
7.226666666666666794e-01
7.199999999999999734e-01
7.219999999999999751e-01
7.206666666666666776e-01
7.206666666666666776e-01
7.206666666666666776e-01
7.199999999999999734e-01
7.226666666666666794e-01
7.186666666666666758e-01
7.219999999999999751e-01
7.233333333333333837e-01
7.206666666666666776e-01
7.186666666666666758e-01
7.226666666666666794e-01
7.233333333333333837e-01
7.226666666666666794e-01
7.193333333333333801e-01
7.219999999999999751e-01
7.206666666666666776e-01
7.199999999999999734e-01
7.179999999999999716e-01
7.199999999999999734e-01
7.206666666666666776e-01
7.173333333333333783e-01
7.133333333333333748e-01
7.159999999999999698e-01
7.166666666666666741e-01
7.173333333333333783e-01
7.186666666666666758e-01
7.186666666666666758e-01
7.193333333333333801e-01
7.179999999999999716e-01
7.179999999999999716e-01
7.193333333333333801e-01
7.219999999999999751e-01
7.166666666666666741e-01
7.199999999999999734e-01
7.166666666666666741e-01
7.193333333333333801e-01
7.226666666666666794e-01
7.246666666666666812e-01
7.193333333333333801e-01
7.186666666666666758e-01
7.186666666666666758e-01
7.193333333333333801e-01
7.246666666666666812e-01
7.193333333333333801e-01
7.213333333333333819e-01
7.213333333333333819e-01
7.179999999999999716e-01
7.199999999999999734e-01
7.213333333333333819e-01
7.199999999999999734e-01
7.219999999999999751e-01
7.206666666666666776e-01
7.246666666666666812e-01
7.226666666666666794e-01
7.179999999999999716e-01
7.186666666666666758e-01
7.159999999999999698e-01
7.226666666666666794e-01
7.199999999999999734e-01
7.193333333333333801e-01
7.233333333333333837e-01
7.233333333333333837e-01
7.213333333333333819e-01
7.206666666666666776e-01
7.193333333333333801e-01
7.199999999999999734e-01
7.193333333333333801e-01
7.226666666666666794e-01
7.226666666666666794e-01
7.226666666666666794e-01
7.213333333333333819e-01
7.219999999999999751e-01
7.213333333333333819e-01
7.226666666666666794e-01
7.233333333333333837e-01
7.239999999999999769e-01
7.233333333333333837e-01
7.239999999999999769e-01
7.199999999999999734e-01
7.206666666666666776e-01
7.233333333333333837e-01
7.199999999999999734e-01
7.213333333333333819e-01
7.213333333333333819e-01
7.206666666666666776e-01
7.199999999999999734e-01
7.199999999999999734e-01
7.233333333333333837e-01
7.239999999999999769e-01
7.213333333333333819e-01
7.199999999999999734e-01
7.219999999999999751e-01
7.226666666666666794e-01
7.186666666666666758e-01
7.219999999999999751e-01
7.219999999999999751e-01
7.173333333333333783e-01
7.213333333333333819e-01
7.206666666666666776e-01
7.199999999999999734e-01
7.213333333333333819e-01
7.219999999999999751e-01
7.206666666666666776e-01
7.193333333333333801e-01
7.199999999999999734e-01
7.206666666666666776e-01
7.226666666666666794e-01
7.233333333333333837e-01
7.206666666666666776e-01
7.219999999999999751e-01
7.173333333333333783e-01
7.173333333333333783e-01
7.193333333333333801e-01
7.193333333333333801e-01
7.233333333333333837e-01
7.173333333333333783e-01
7.179999999999999716e-01
7.179999999999999716e-01
7.206666666666666776e-01
7.239999999999999769e-01
7.253333333333333854e-01
7.179999999999999716e-01
7.186666666666666758e-01
7.219999999999999751e-01
7.213333333333333819e-01
7.186666666666666758e-01
7.186666666666666758e-01
7.233333333333333837e-01
7.206666666666666776e-01
7.246666666666666812e-01
7.233333333333333837e-01
7.233333333333333837e-01
7.226666666666666794e-01
7.226666666666666794e-01
7.206666666666666776e-01
7.206666666666666776e-01
7.219999999999999751e-01
7.219999999999999751e-01
7.239999999999999769e-01
7.219999999999999751e-01
7.199999999999999734e-01
7.206666666666666776e-01
7.179999999999999716e-01
7.193333333333333801e-01
7.206666666666666776e-01
7.186666666666666758e-01
7.266666666666666829e-01
7.219999999999999751e-01
7.226666666666666794e-01
7.219999999999999751e-01
7.219999999999999751e-01
7.219999999999999751e-01
7.193333333333333801e-01
7.186666666666666758e-01
7.199999999999999734e-01
7.193333333333333801e-01
7.206666666666666776e-01
7.179999999999999716e-01
7.173333333333333783e-01
7.179999999999999716e-01
7.199999999999999734e-01
7.206666666666666776e-01
7.199999999999999734e-01
7.199999999999999734e-01
7.186666666666666758e-01
7.199999999999999734e-01
7.193333333333333801e-01
7.166666666666666741e-01
7.166666666666666741e-01
7.179999999999999716e-01
7.199999999999999734e-01
7.199999999999999734e-01
7.206666666666666776e-01
7.219999999999999751e-01
7.239999999999999769e-01
7.233333333333333837e-01
7.206666666666666776e-01
7.219999999999999751e-01
7.226666666666666794e-01
7.199999999999999734e-01
7.173333333333333783e-01
7.193333333333333801e-01
7.166666666666666741e-01
7.233333333333333837e-01
7.279999999999999805e-01
7.219999999999999751e-01
7.253333333333333854e-01
7.193333333333333801e-01
7.179999999999999716e-01
7.199999999999999734e-01
7.219999999999999751e-01
7.206666666666666776e-01
7.193333333333333801e-01
7.219999999999999751e-01
7.226666666666666794e-01
7.219999999999999751e-01
7.206666666666666776e-01
7.213333333333333819e-01
7.173333333333333783e-01
7.153333333333333766e-01
7.226666666666666794e-01
7.206666666666666776e-01
7.179999999999999716e-01
7.186666666666666758e-01
7.113333333333333730e-01
6.993333333333333623e-01
7.186666666666666758e-01
7.213333333333333819e-01
7.246666666666666812e-01
7.213333333333333819e-01
7.206666666666666776e-01
7.226666666666666794e-01
7.166666666666666741e-01
7.153333333333333766e-01
7.199999999999999734e-01
7.193333333333333801e-01
7.159999999999999698e-01
7.193333333333333801e-01
7.179999999999999716e-01
7.213333333333333819e-01
7.193333333333333801e-01
7.193333333333333801e-01
7.193333333333333801e-01
7.206666666666666776e-01
7.206666666666666776e-01
7.213333333333333819e-01
7.219999999999999751e-01
7.226666666666666794e-01
7.179999999999999716e-01
7.193333333333333801e-01
7.199999999999999734e-01
7.219999999999999751e-01
7.219999999999999751e-01
7.226666666666666794e-01
7.199999999999999734e-01
7.213333333333333819e-01
7.173333333333333783e-01
7.199999999999999734e-01
7.179999999999999716e-01
7.199999999999999734e-01
7.186666666666666758e-01
7.286666666666666847e-01
7.226666666666666794e-01
7.179999999999999716e-01
7.193333333333333801e-01
7.199999999999999734e-01
7.199999999999999734e-01
7.199999999999999734e-01
7.193333333333333801e-01
7.199999999999999734e-01
7.219999999999999751e-01
7.199999999999999734e-01
7.213333333333333819e-01
7.186666666666666758e-01
7.186666666666666758e-01
7.193333333333333801e-01
7.166666666666666741e-01
7.193333333333333801e-01
7.206666666666666776e-01
7.206666666666666776e-01
7.193333333333333801e-01
7.193333333333333801e-01
7.179999999999999716e-01
7.199999999999999734e-01
7.213333333333333819e-01
7.233333333333333837e-01
7.219999999999999751e-01
7.199999999999999734e-01
7.199999999999999734e-01
7.199999999999999734e-01
7.239999999999999769e-01
7.213333333333333819e-01
7.206666666666666776e-01
7.213333333333333819e-01
7.186666666666666758e-01
7.213333333333333819e-01
7.213333333333333819e-01
7.213333333333333819e-01
7.179999999999999716e-01
7.193333333333333801e-01
7.179999999999999716e-01
7.193333333333333801e-01
7.206666666666666776e-01
7.199999999999999734e-01
7.213333333333333819e-01
7.193333333333333801e-01
7.206666666666666776e-01
7.213333333333333819e-01
7.219999999999999751e-01
7.179999999999999716e-01
7.193333333333333801e-01
7.186666666666666758e-01
7.159999999999999698e-01
7.186666666666666758e-01
7.179999999999999716e-01
7.239999999999999769e-01
7.213333333333333819e-01
7.213333333333333819e-01
7.173333333333333783e-01
7.199999999999999734e-01
7.146666666666666723e-01
7.159999999999999698e-01
7.179999999999999716e-01
7.173333333333333783e-01
7.206666666666666776e-01
7.239999999999999769e-01
7.213333333333333819e-01
7.173333333333333783e-01
7.199999999999999734e-01
7.166666666666666741e-01
7.139999999999999680e-01
7.173333333333333783e-01
7.186666666666666758e-01
7.166666666666666741e-01
7.186666666666666758e-01
7.186666666666666758e-01
7.193333333333333801e-01
7.193333333333333801e-01
7.226666666666666794e-01
7.206666666666666776e-01
7.206666666666666776e-01
7.193333333333333801e-01
7.206666666666666776e-01
7.206666666666666776e-01
7.219999999999999751e-01
7.219999999999999751e-01
7.193333333333333801e-01
7.213333333333333819e-01
7.233333333333333837e-01
7.199999999999999734e-01
7.213333333333333819e-01
7.206666666666666776e-01
7.213333333333333819e-01
7.186666666666666758e-01
7.193333333333333801e-01
7.173333333333333783e-01
7.199999999999999734e-01
7.186666666666666758e-01
7.206666666666666776e-01
7.226666666666666794e-01
7.239999999999999769e-01
7.233333333333333837e-01
7.219999999999999751e-01
7.226666666666666794e-01
7.226666666666666794e-01
7.233333333333333837e-01
7.199999999999999734e-01
7.193333333333333801e-01
7.199999999999999734e-01
7.199999999999999734e-01
7.213333333333333819e-01
7.233333333333333837e-01
7.206666666666666776e-01
7.226666666666666794e-01
7.226666666666666794e-01
7.159999999999999698e-01
7.139999999999999680e-01
7.166666666666666741e-01
7.213333333333333819e-01
7.226666666666666794e-01
7.206666666666666776e-01
7.186666666666666758e-01
7.173333333333333783e-01
7.173333333333333783e-01
7.179999999999999716e-01
7.213333333333333819e-01
