1.003617127736409431e+00
1.026071270306905037e+00
1.057006359100341797e+00
1.225867350896199470e+00
8.189540108044942590e-01
7.487216989199320105e-01
6.481085220972696570e-01
6.289166808128356934e-01
6.375895738601684570e-01
7.234022219975789758e-01
7.879644632339477539e-01
7.470094958941141394e-01
7.695209582646688196e-01
8.155407110850015906e-01
7.540970444679260254e-01
8.028568625450134277e-01
7.742374142011007043e-01
7.946518659591674805e-01
8.015284736951192590e-01
7.843950986862182617e-01
7.949090202649434778e-01
8.210168480873107910e-01
8.200662136077880859e-01
8.290247122446695593e-01
8.327083190282186242e-01
8.335759838422139856e-01
8.451818029085794715e-01
8.524815837542215613e-01
8.574959039688110352e-01
8.630007505416870117e-01
8.584544857343038293e-01
8.712256550788879395e-01
8.819902936617532996e-01
8.813786506652832031e-01
8.766957124074300500e-01
8.737650116284688684e-01
8.791535496711730957e-01
8.812444806098937988e-01
8.863886594772338867e-01
8.902856906255086633e-01
8.984928727149963379e-01
8.993693987528482703e-01
8.901426394780477258e-01
8.941797018051147461e-01
9.067550102869669226e-01
9.134511947631835938e-01
9.152755538622537879e-01
9.174779454867044715e-01
9.160131613413492468e-01
9.214863975842794153e-01
9.278194109598795203e-01
9.216387073198953894e-01
9.290427366892496375e-01
9.313343763351440430e-01
9.285424550374349328e-01
9.334940711657205847e-01
9.346363147099813196e-01
9.479743242263793945e-01
9.437254071235656738e-01
9.487242499987283972e-01
9.475365082422891883e-01
9.576842983563741418e-01
9.484115044275919226e-01
9.619310696919759485e-01
9.509474833806356164e-01
9.612017869949340820e-01
9.574717283248901367e-01
9.742835362752279016e-01
9.762141505877176550e-01
9.700460632642110559e-01
9.706141948699951172e-01
9.689809878667196008e-01
9.699421525001525879e-01
9.628112316131591797e-01
9.606425762176513672e-01
9.807958602905273438e-01
9.871847430864969519e-01
9.833549658457437781e-01
9.841374953587850305e-01
9.822708566983541223e-01
9.771736860275268555e-01
9.899697701136270789e-01
9.961009820302327844e-01
9.909716645876566199e-01
9.930004676183065149e-01
9.928351442019144324e-01
9.997196396191915246e-01
9.928480784098306922e-01
9.964821736017862586e-01
1.000319401423136467e+00
1.005052268505096436e+00
1.007079521814982170e+00
1.005927284558614021e+00
1.006627440452575684e+00
1.004317184289296394e+00
1.014400879542032952e+00
1.009584625562031990e+00
1.017295122146606445e+00
1.016274034976959229e+00
1.019943694273630852e+00
1.035368045171101814e+00
1.028204719225565666e+00
1.013387441635131836e+00
1.020879228909810310e+00
1.016501029332478767e+00
1.024268726507822747e+00
1.012871623039245605e+00
1.019957363605499268e+00
1.019895136356353760e+00
1.029382228851318359e+00
1.033097207546234131e+00
1.030088682969411140e+00
1.030505319436391121e+00
1.028713742891947502e+00
1.031031469504038567e+00
1.038291374842325920e+00
1.033043940862019783e+00
1.034594655036926270e+00
1.028553028901417976e+00
1.034198105335235596e+00
1.042067627112070793e+00
1.036484718322753906e+00
1.038759549458821541e+00
1.035583138465881348e+00
1.039225677649180168e+00
1.047495683034260994e+00
1.041188875834147209e+00
1.042227943738301521e+00
1.046306629975636726e+00
1.051321963469187493e+00
1.055899421374003166e+00
1.056778589884440178e+00
1.052642067273457771e+00
1.057015895843505859e+00
1.049330870310465569e+00
1.049233178297678704e+00
1.056301355361938477e+00
1.055866360664367676e+00
1.062894741694132561e+00
1.059874773025512695e+00
1.060692191123962402e+00
1.062465310096740723e+00
1.059177259604136223e+00
1.071480909983317131e+00
1.060961246490478516e+00
1.057048956553141350e+00
1.061517794926961189e+00
1.063265184561411614e+00
1.065638979276021248e+00
1.067990859349568611e+00
1.059660832087198967e+00
1.064905524253845215e+00
1.064617792765299553e+00
1.073188940684000725e+00
1.075527151425679451e+00
1.078670660654703850e+00
1.071560283501942878e+00
1.072357078393300300e+00
1.071984251340230232e+00
1.060977200667063469e+00
1.065116127332051521e+00
1.070621748765309578e+00
1.070966144402821785e+00
1.072924733161926270e+00
1.071714778741200691e+00
1.077751874923706055e+00
1.076058189074198479e+00
1.073642234007517571e+00
1.084550003210703606e+00
1.080546637376149421e+00
1.079008579254150391e+00
1.077828804651896233e+00
1.085422277450561523e+00
1.091987808545430427e+00
1.092258473237355476e+00
1.086144566535949707e+00
1.087302803993225098e+00
1.085510214169820076e+00
1.085490902264912849e+00
1.080287059148152595e+00
1.079040606816609627e+00
1.080478668212890625e+00
1.089371204376220703e+00
1.087497433026631599e+00
1.089029312133789062e+00
1.091165383656819587e+00
1.088043173154195076e+00
1.088801085948944092e+00
1.087853014469146729e+00
1.092933257420857673e+00
1.086420218149821038e+00
1.088827411333719963e+00
1.092505017916361565e+00
1.099463542302449470e+00
1.104413648446400886e+00
1.108344793319702148e+00
1.105054656664530510e+00
1.111941655476887947e+00
1.108156879742940193e+00
1.106480677922566658e+00
1.110360840956370110e+00
1.107272426287333245e+00
1.110298037528991699e+00
1.111895561218261719e+00
1.108641028404235840e+00
1.116909821828206306e+00
1.100158731142679924e+00
1.099108338356018066e+00
1.112089872360229492e+00
1.108074029286702400e+00
1.109339217344919915e+00
1.106769402821858650e+00
1.112685044606526619e+00
1.109009126822153801e+00
1.108530044555664062e+00
1.118370254834492927e+00
1.118709882100423103e+00
1.122075001398722405e+00
1.109934965769449944e+00
1.112288872400919670e+00
1.112179815769195557e+00
1.113657255967458015e+00
1.115876575311024910e+00
1.125239928563435798e+00
1.119513630867004395e+00
1.130701343218485588e+00
1.125772376855214363e+00
1.120177725950876946e+00
1.116893251736958748e+00
1.115992983182271248e+00
1.126972079277038574e+00
1.130141973495483398e+00
1.133264601230621338e+00
1.122039079666137695e+00
1.132114569346110100e+00
1.128329098224639893e+00
1.128212769826253181e+00
1.123423914114634270e+00
1.117235342661539788e+00
1.134687821070353264e+00
1.129335999488830566e+00
1.126392563184102302e+00
1.133595744768778557e+00
1.126351833343505859e+00
1.133616248766581291e+00
1.129771769046783447e+00
1.127482056617736816e+00
1.116794367631276375e+00
1.118603865305582756e+00
1.117895483970642090e+00
1.132415970166524177e+00
1.131727854410807366e+00
1.129677732785542732e+00
1.128742774327595955e+00
1.133261819680531746e+00
1.132874647776285881e+00
1.138152201970418220e+00
1.132284919420878166e+00
1.130532721678416008e+00
1.127786676088968987e+00
1.133965531984965081e+00
1.144993921120961433e+00
1.136279781659444099e+00
1.145875334739685059e+00
1.135325670242309570e+00
1.134964863459269280e+00
1.140015522638956780e+00
1.143301069736480713e+00
1.142140309015909905e+00
1.130676786104838127e+00
1.133858104546864753e+00
1.132933537165323967e+00
1.136907418568928962e+00
1.144783616065979004e+00
1.144923488299051995e+00
1.147726694742838616e+00
1.136275768280029297e+00
1.157540460427602058e+00
1.145654678344726562e+00
1.139559626579284668e+00
1.153716683387756348e+00
1.145462910334269280e+00
1.146237909793853760e+00
1.143004198869069343e+00
1.146742602189381843e+00
1.152687430381774902e+00
1.153339842955271477e+00
1.154149691263834709e+00
1.156268835067749023e+00
1.143786132335662842e+00
1.143190463383992439e+00
1.144475221633911133e+00
1.151389082272847419e+00
1.151863416035969978e+00
1.156404515107472664e+00
1.162005364894866943e+00
1.152442852656046623e+00
1.148580610752105713e+00
1.141104499499003166e+00
1.147167762120564705e+00
1.151234348615010505e+00
1.147552450497945076e+00
1.145045955975850349e+00
1.146538376808166504e+00
1.149595499038696289e+00
1.147334257761637444e+00
1.151281833648681641e+00
1.157280921936035156e+00
1.148467302322387695e+00
1.145944356918334961e+00
1.150753140449523926e+00
1.157766898473103767e+00
1.151375373204549080e+00
1.163416663805643791e+00
1.156531016031901116e+00
1.158995588620503669e+00
1.158986151218414307e+00
1.162058949470520020e+00
1.154244542121887207e+00
1.146749019622802734e+00
1.155008236567179436e+00
1.154376029968261719e+00
1.155372460683186775e+00
1.154657681783040291e+00
1.153239389260609871e+00
1.163786907990773445e+00
1.167203843593597412e+00
1.171056151390075684e+00
1.166567126909891838e+00
1.154896040757497078e+00
1.158135930697123284e+00
1.162309308846791511e+00
1.164560357729593987e+00
1.159035801887512207e+00
1.162605086962382073e+00
1.156749606132507324e+00
1.156106173992156982e+00
1.158178289731343513e+00
1.162381430466969734e+00
1.158023476600646973e+00
1.157394091288248772e+00
1.164016326268513923e+00
1.159152289231618171e+00
1.159684161345164055e+00
1.151502907276153564e+00
1.160072962443033928e+00
1.163449784119923835e+00
1.155131916205088372e+00
1.153567671775817871e+00
1.162609696388244629e+00
1.170197725296020508e+00
1.165057818094889397e+00
1.164547721544901604e+00
1.168830235799153572e+00
1.173708260059356689e+00
1.175090809663136726e+00
1.172427813212076897e+00
1.176519155502319336e+00
1.176134467124938965e+00
1.164141535758972168e+00
1.167492190996805901e+00
1.183268268903096443e+00
1.168876926104227776e+00
1.164198557535807366e+00
1.160719851652781243e+00
1.162991662820180183e+00
1.167828381061553955e+00
1.171381115913391113e+00
1.169688940048217773e+00
1.167156696319580078e+00
1.173124233881632561e+00
1.170703868071238274e+00
1.175591429074605232e+00
1.169676740964253669e+00
1.167258044083913093e+00
1.166511495908101326e+00
1.170555094877878899e+00
1.170597155888875252e+00
1.171546141306559319e+00
1.166181127230326409e+00
1.173044840494791741e+00
1.171401321887969971e+00
1.170666098594665527e+00
1.173107226689656502e+00
1.166991790135701423e+00
1.160418351491292244e+00
1.174153844515482659e+00
1.167314807573954338e+00
1.170269091924031502e+00
1.174073437849680657e+00
1.172003825505574470e+00
1.167788863182067871e+00
1.168891310691833496e+00
1.173161347707112556e+00
1.170573373635609871e+00
1.168053348859151130e+00
1.175601502259572273e+00
1.178868969281514412e+00
1.182375530401865715e+00
1.180998603502909416e+00
1.175360679626464844e+00
1.176179528236389160e+00
1.170562823613484627e+00
1.165999054908752441e+00
1.164785464604695564e+00
1.172662794589996338e+00
1.172401209672292000e+00
1.167714536190032959e+00
1.176562368869781494e+00
1.176392078399658203e+00
1.173468510309855217e+00
1.170960068702697754e+00
1.165503144264221191e+00
1.166869163513183594e+00
1.175018966197967529e+00
1.171839892864227295e+00
1.178997476895650154e+00
1.175664087136586433e+00
1.176960508028666252e+00
1.177993893623352051e+00
1.171075622240702385e+00
1.165639519691467285e+00
1.168969631195068359e+00
1.169155796368916755e+00
1.168883760770161873e+00
1.177437861760457283e+00
1.178242762883504158e+00
1.174793640772501702e+00
1.172145823637644524e+00
1.183088282744089836e+00
1.178668439388275146e+00
1.178470790386199951e+00
1.178279538949330574e+00
1.180173873901367188e+00
1.181344866752624512e+00
1.180020133654276604e+00
1.173317809899647957e+00
1.183042526245117188e+00
1.185380359490712410e+00
1.180502613385518318e+00
1.176896929740905762e+00
1.173530499140421623e+00
1.172369440396626716e+00
1.164641280968983894e+00
1.168000857035319084e+00
1.167121390501658196e+00
1.173028568426768059e+00
1.176708956559499031e+00
1.172486980756123787e+00
1.172684788703918457e+00
1.173965076605478997e+00
1.195796171824137444e+00
1.183375398317972893e+00
1.182332595189412361e+00
1.176925321420033699e+00
1.171635270118713379e+00
1.187579989433288574e+00
1.179410914580027336e+00
1.180709103743235344e+00
1.179191907246907478e+00
1.173840721448262459e+00
1.183745900789896721e+00
1.177737752596537346e+00
1.178048451741536384e+00
1.176683108011881584e+00
1.178437749544779534e+00
1.171787222226460701e+00
1.172903676827748543e+00
1.181095540523529053e+00
1.176307280858357673e+00
1.170144279797871834e+00
1.171340485413869148e+00
1.172405978043874031e+00
1.174638191858927483e+00
1.179008801778157478e+00
1.178535501162211174e+00
1.183854540189107185e+00
1.184804499149322510e+00
1.185540477434794182e+00
1.185784379641215081e+00
1.192229072252909416e+00
1.189846674601237053e+00
1.182033220926920647e+00
1.172632416089375740e+00
1.176277558008829827e+00
1.181615551312764412e+00
1.178976098696390862e+00
1.172423005104064941e+00
1.176967501640319824e+00
1.177040000756581550e+00
1.187632878621419197e+00
1.179923017819722419e+00
1.187824567159016853e+00
1.194638490676879883e+00
1.179170509179433113e+00
1.173731784025828118e+00
1.170014977455139160e+00
1.171813607215881348e+00
1.179703533649444580e+00
1.170782963434855217e+00
1.177907089392344231e+00
1.177062094211578369e+00
1.185223102569580078e+00
1.179318408171335930e+00
1.175421178340911865e+00
1.179882566134135002e+00
1.175555209318796868e+00
1.180026511351267571e+00
1.182844122250874763e+00
1.181863864262898689e+00
1.173893253008524651e+00
1.175730188687642341e+00
1.170801877975463867e+00
1.179032007853190178e+00
1.178683519363403320e+00
1.175498326619466072e+00
1.172363619009653801e+00
1.179791728655497307e+00
1.183313210805257087e+00
1.177994132041931152e+00
1.181489666302998787e+00
1.185809254646301270e+00
1.178950150807698494e+00
1.182112296422322517e+00
1.180252552032470703e+00
1.178722659746805901e+00
1.179557204246520996e+00
1.188685576121012444e+00
1.184787849585215325e+00
1.193505684534708733e+00
1.186996062596638923e+00
1.171241760253906250e+00
1.169715642929077148e+00
1.175913810729980469e+00
1.177719712257385254e+00
1.176059683163960701e+00
1.180234511693318611e+00
1.172517339388529534e+00
1.174623409907023186e+00
1.180627206961313957e+00
1.175938685735066658e+00
1.172247886657714844e+00
1.184145530064900642e+00
1.183694084485371834e+00
1.182727773984273201e+00
1.175620794296264648e+00
1.176163613796234131e+00
1.178843895594279045e+00
1.187038441499074226e+00
1.181030829747517830e+00
1.180133124192555671e+00
1.186564167340596443e+00
1.183155318101247078e+00
1.182742536067962646e+00
1.180756886800130134e+00
1.180622220039367676e+00
1.174373904863993401e+00
1.174554268519083733e+00
1.181605339050292969e+00
1.174925386905670166e+00
1.182361980279286628e+00
1.178657253583272224e+00
1.179159959157307869e+00
1.176839749018351311e+00
1.178727169831593757e+00
1.180090844631195068e+00
1.190026998519897461e+00
1.183740615844726562e+00
1.188828349113464355e+00
1.184325377146403069e+00
1.185197452704111809e+00
1.182488083839416504e+00
1.183643261591593498e+00
1.185420910517374748e+00
1.176880677541096931e+00
1.182994862397511726e+00
1.183741291364033943e+00
1.182605644067128425e+00
1.184165517489115471e+00
1.175122102101643806e+00
1.180851300557454353e+00
1.185039103031158447e+00
1.176416277885437012e+00
1.178354740142822266e+00
1.197558005650838142e+00
1.189003189404805427e+00
1.181703468163808113e+00
1.178039034207661873e+00
1.187014500300089592e+00
1.183530449867248535e+00
1.174881418546040779e+00
1.178280154863993401e+00
1.186341861883799309e+00
1.183279712994893318e+00
1.183277845382690430e+00
1.182776431242624993e+00
1.183691958586374993e+00
1.189319948355356926e+00
1.184750278790791755e+00
1.187420686086018806e+00
1.188302000363667732e+00
1.184519588947296143e+00
1.188114643096923828e+00
1.190956473350524902e+00
1.189922809600830078e+00
1.192343592643737793e+00
1.188990592956542969e+00
1.189136544863383049e+00
1.194565812746683831e+00
1.199266950289408440e+00
1.203068057696024651e+00
1.184468150138854980e+00
1.186704476674397712e+00
1.195000727971394783e+00
1.195837060610453362e+00
1.197123169898986816e+00
1.193200906117757087e+00
1.194047609965006584e+00
1.193951586882273430e+00
1.184804717699686760e+00
1.196832895278930664e+00
1.196572025616963630e+00
1.191422144571940178e+00
1.187618374824523926e+00
1.188476701577504402e+00
1.195138116677602058e+00
1.194282710552215576e+00
1.186591108640034919e+00
1.199763496716817146e+00
1.202081680297851562e+00
1.209275166193644280e+00
1.196253041426340813e+00
1.196998675664265877e+00
1.192208925882975334e+00
1.198642869790395027e+00
1.201935648918151855e+00
1.214103817939758301e+00
1.209399700164794922e+00
1.196750024954478020e+00
1.196286002794901604e+00
1.205151359240214104e+00
1.205590883890787834e+00
1.207665244738260979e+00
1.202661554018656487e+00
1.202694058418273926e+00
1.196325937906901116e+00
1.199770927429199219e+00
1.202398896217346191e+00
1.200016101201375252e+00
1.205865859985351562e+00
1.207251826922098870e+00
1.207330544789632087e+00
1.220141172409057617e+00
1.212600787480672127e+00
1.199551781018574959e+00
1.205673197905222649e+00
1.218607385953267341e+00
1.220909476280212402e+00
1.219365477561950684e+00
1.222425977389017815e+00
1.214411815007527595e+00
1.207262754440307617e+00
1.210485299428303962e+00
1.214682102203369141e+00
1.215927124023437500e+00
1.208214720090230232e+00
1.205726464589436775e+00
1.215749144554138184e+00
1.221386750539143806e+00
1.225537935892740959e+00
1.217531283696492439e+00
1.214725971221923828e+00
1.214697758356730217e+00
1.223528742790222168e+00
1.225912849108378166e+00
1.233010609944661384e+00
1.228781541188557869e+00
1.222663839658101326e+00
1.221649487813313728e+00
1.220964550971984863e+00
1.226318796475728279e+00
1.233104983965555901e+00
1.222851753234863281e+00
1.225536942481994629e+00
1.218242446581522698e+00
1.224677999814351326e+00
1.224466005961100334e+00
1.235332051912943596e+00
1.221523165702819824e+00
1.222877422968546623e+00
1.237273017565409416e+00
1.239613572756449456e+00
1.230874498685200935e+00
1.233920057614644294e+00
1.227469642957051521e+00
1.228594621022542244e+00
1.241099874178568596e+00
1.237572749455769783e+00
1.232700030008951897e+00
1.233262618382771736e+00
1.241910258928934807e+00
1.250774582227071052e+00
1.244626323382059807e+00
1.249498128890991211e+00
1.249358455340067620e+00
1.264663656552632576e+00
1.248117804527282715e+00
1.242241501808166504e+00
1.253562927246093750e+00
1.245968302090962654e+00
1.246720472971598381e+00
1.249359687169392830e+00
1.260125835736592537e+00
1.257101058959960938e+00
1.254408001899719238e+00
1.248315095901489258e+00
1.240719834963480706e+00
1.253914515177408928e+00
1.252823154131571526e+00
1.255505839983622307e+00
1.255624731381734138e+00
1.265099684397379631e+00
1.256986260414123535e+00
1.265397747357686287e+00
1.258859475453694587e+00
1.264844814936320061e+00
1.255871574083964104e+00
1.256102204322814941e+00
1.259285767873128181e+00
1.262787063916524177e+00
1.271692037582397461e+00
1.282259662946065193e+00
1.274392684300740486e+00
1.267124374707539802e+00
1.264405886332194084e+00
1.271278937657674080e+00
1.271063923835754395e+00
1.284018079439799065e+00
1.292117993036905998e+00
1.294027566909790039e+00
1.300833503405253166e+00
1.291043798128763909e+00
1.296760121981302971e+00
1.293919642766316658e+00
1.282576282819112068e+00
1.288705031077067131e+00
1.289444923400878906e+00
1.296920577685038323e+00
1.291915655136108398e+00
1.281216224034627205e+00
1.287417809168497795e+00
1.292710542678833008e+00
1.295509815216064453e+00
1.297379453976948982e+00
1.294693350791931152e+00
1.273391842842102051e+00
1.282380342483520508e+00
3.994182189305623520e+00
7.583967844645182588e+00
1.134400717417399029e+01
7.906690756479899385e+00
5.878060976664225556e+00
4.890505631764729522e+00
5.238858858744303681e+00
5.780291398366292022e+00
5.937144120534260772e+00
6.053211053212483428e+00
5.913353919982910156e+00
4.210774978001912139e+00
3.442568381627400864e+00
3.660882631937662612e+00
3.487745364507039536e+00
2.604115168253580581e+00
3.275224129358927261e+00
2.649432818094889175e+00
2.583737452824910630e+00
2.553113063176473130e+00
2.573578993479410659e+00
2.571743249893188477e+00
2.515246550242105972e+00
2.538118918736775864e+00
2.490177631378173828e+00
2.464617172876993667e+00
2.749736706415812026e+00
4.684488534927368164e+00
4.527151823043823242e+00
4.694458802541096709e+00
4.415891011555989287e+00
3.697976589202880859e+00
3.503670771916707505e+00
3.558974742889404297e+00
2.835789203643798828e+00
2.986522436141967773e+00
2.933411121368408203e+00
2.250938018163045395e+00
2.992313623428344727e+00
3.941950956980387222e+00
4.553473949432373047e+00
4.872104962666829131e+00
4.838919162750244141e+00
4.770625193913777373e+00
4.780958334604899385e+00
4.699252605438232422e+00
4.631389617919921875e+00
4.397376457850138642e+00
4.313790003458659150e+00
4.403661410013834931e+00
4.420420567194621064e+00
3.992456277211507309e+00
3.661395788192749023e+00
3.603696823120117188e+00
3.473588546117146958e+00
3.360983689626058091e+00
3.441684802373250474e+00
3.218650023142496597e+00
3.189304629961649429e+00
3.285248359044393052e+00
3.158681074778238784e+00
3.167887965838114273e+00
3.105761448542276870e+00
3.075815439224243164e+00
2.741002480189005386e+00
2.821146329243978013e+00
2.877622922261556138e+00
2.860184828440348159e+00
2.686725378036499023e+00
2.728611469268798828e+00
2.683065573374430191e+00
2.722836414972940933e+00
2.691335519154866684e+00
2.648232936859130859e+00
2.632748802502950181e+00
2.550583958625793457e+00
2.639568805694580078e+00
2.593916932741800796e+00
2.650452295939127456e+00
2.532540559768676758e+00
2.540913263956705581e+00
2.506865660349527847e+00
2.434564590454101562e+00
2.419956127802530776e+00
2.427042166392008316e+00
2.412255128224690903e+00
2.391978104909261216e+00
2.438631852467854966e+00
2.435089270273844253e+00
2.431090990702311050e+00
2.548311074574788559e+00
2.336970329284667969e+00
2.467813094456990708e+00
2.401430408159891616e+00
2.456148107846578110e+00
2.350705146789550781e+00
2.344623049100240220e+00
2.418324828147888184e+00
2.373239358266194809e+00
2.246287226676940918e+00
2.355594356854756821e+00
2.233265479405721177e+00
2.354561646779378403e+00
2.250271280606587876e+00
2.285479068756103516e+00
2.240919510523478042e+00
2.328591545422872056e+00
2.337355534235636245e+00
2.217184782028198242e+00
2.250642538070678711e+00
2.224184989929199219e+00
2.222794135411580552e+00
2.328686912854512681e+00
2.202722469965616714e+00
2.269402623176574707e+00
2.193594018618265640e+00
2.205128590265909683e+00
2.243270079294840347e+00
2.229846278826395523e+00
2.120085279146830093e+00
2.127746105194091797e+00
2.126149972279866684e+00
2.164739807446797837e+00
2.156897028287251938e+00
2.117570598920186509e+00
2.100745677947998047e+00
2.160025914510091294e+00
2.145469546318054199e+00
2.119539539019266616e+00
2.138062079747518052e+00
2.137951175371805679e+00
2.108179052670796860e+00
2.101218382517496597e+00
2.096823175748189438e+00
2.083881934483846177e+00
2.117673079172770034e+00
2.104841311772664536e+00
2.030941367149353027e+00
2.084505001703897964e+00
2.016937176386515151e+00
2.028071641921997070e+00
2.078280091285705566e+00
2.055068055788675796e+00
2.072809735933939468e+00
2.033419609069824219e+00
2.077098925908406724e+00
2.068110942840576172e+00
2.032094597816467285e+00
2.046426971753438462e+00
2.079688072204589844e+00
2.018407185872395981e+00
1.991045435269673591e+00
2.092067003250122070e+00
1.971948385238647461e+00
2.026011943817138672e+00
2.047059476375579834e+00
2.043792724609375000e+00
1.981944640477498298e+00
1.980353156725565666e+00
2.025231162707010757e+00
1.976154247919718498e+00
2.046814084053039551e+00
1.995462894439697266e+00
2.026137610276540268e+00
2.069916903972625732e+00
1.986732562383015877e+00
1.976475199063618904e+00
2.013599753379821777e+00
2.065331379572550308e+00
1.979229927062988281e+00
1.971044858296712166e+00
1.993891477584838867e+00
1.932005763053894043e+00
2.022202114264170181e+00
2.020069360733032227e+00
2.018790801366170395e+00
1.995575308799743652e+00
1.979419648647308350e+00
1.917748610178629631e+00
1.963503638903300041e+00
1.918100317319234138e+00
1.953284104665120369e+00
1.952215274175008064e+00
1.966935833295186287e+00
1.972898801167805916e+00
2.005360722541809082e+00
1.989806930224100823e+00
2.020647764205932617e+00
2.001170794169107925e+00
1.943208237489064460e+00
1.957490205764770508e+00
1.957684954007466560e+00
1.875374456246693855e+00
1.890237212181091309e+00
1.942373077074686760e+00
1.895564397176106697e+00
1.879777113596598381e+00
1.904878159364064460e+00
1.875554442405700684e+00
1.905122816562652588e+00
1.896490037441253662e+00
1.895365397135416741e+00
1.905003150304158455e+00
1.874427795410156250e+00
1.927255789438883538e+00
1.932762046655019050e+00
1.919782876968383789e+00
1.903187115987141853e+00
1.907486319541931152e+00
1.900652507940928215e+00
1.903541386127471924e+00
1.909612933794657463e+00
1.917262593905131096e+00
1.897514482339223152e+00
1.895398855209350586e+00
1.872601270675659180e+00
1.836657166481018066e+00
1.872302472591400146e+00
1.845370769500732422e+00
1.851425806681315178e+00
1.883955518404642815e+00
1.829506119092305427e+00
1.873345732688903809e+00
1.898038228352864509e+00
1.869632939497629875e+00
1.909910062948862786e+00
1.904830654462178474e+00
1.915289779504140144e+00
1.869144201278686523e+00
1.864526987075805664e+00
1.891847729682922363e+00
1.906583746274312263e+00
1.856598516305287605e+00
1.866428534189860100e+00
1.802286863327026367e+00
1.858610709508260017e+00
1.818348050117492676e+00
1.818050225575764900e+00
1.809728463490803962e+00
1.711985707283020020e+00
1.748183886210123772e+00
1.744891742865244622e+00
1.720232685407002693e+00
1.817969163258870369e+00
