5.412499999999999950e-02
7.593750000000000500e-02
1.000624999999999987e-01
1.097500000000000003e-01
1.236249999999999988e-01
1.328749999999999931e-01
1.511250000000000093e-01
1.619375000000000120e-01
1.673749999999999960e-01
1.756874999999999964e-01
1.836250000000000104e-01
1.927500000000000047e-01
2.101874999999999993e-01
2.275625000000000009e-01
2.458124999999999893e-01
2.600624999999999742e-01
2.701250000000000040e-01
2.994375000000000231e-01
3.116875000000000062e-01
3.177499999999999769e-01
3.311250000000000027e-01
3.291875000000000218e-01
3.607500000000000151e-01
3.652500000000000191e-01
3.726875000000000049e-01
3.896249999999999991e-01
4.251874999999999960e-01
3.824374999999999858e-01
4.091874999999999818e-01
3.794374999999999831e-01
4.078125000000000222e-01
4.359999999999999987e-01
4.284375000000000266e-01
4.225625000000000075e-01
4.478125000000000022e-01
4.362500000000000266e-01
4.435625000000000262e-01
4.642499999999999960e-01
4.828124999999999778e-01
4.786874999999999880e-01
4.905625000000000124e-01
4.693125000000000213e-01
4.621874999999999734e-01
4.912500000000000200e-01
5.193750000000000311e-01
5.304999999999999716e-01
5.003750000000000142e-01
4.926875000000000004e-01
5.246250000000000080e-01
5.203124999999999556e-01
5.174374999999999947e-01
5.481875000000000497e-01
4.916249999999999787e-01
5.404375000000000151e-01
5.082499999999999796e-01
4.946875000000000022e-01
5.396250000000000213e-01
5.124999999999999556e-01
5.828750000000000320e-01
5.726250000000000506e-01
5.027500000000000302e-01
5.493124999999999813e-01
5.537499999999999645e-01
5.326250000000000151e-01
5.619374999999999787e-01
6.126249999999999751e-01
6.218124999999999902e-01
5.846875000000000266e-01
5.941250000000000142e-01
5.511875000000000524e-01
5.946875000000000355e-01
6.189375000000000293e-01
5.958750000000000435e-01
5.260624999999999885e-01
5.228125000000000133e-01
5.103124999999999467e-01
5.442500000000000115e-01
5.903749999999999831e-01
5.939999999999999725e-01
6.109375000000000222e-01
5.336250000000000160e-01
5.746875000000000178e-01
6.027500000000000080e-01
6.138749999999999485e-01
6.005624999999999991e-01
5.945624999999999938e-01
5.836249999999999494e-01
6.046249999999999680e-01
6.281875000000000098e-01
6.016249999999999654e-01
6.711249999999999716e-01
6.088124999999999787e-01
5.920625000000000471e-01
6.375625000000000320e-01
6.214374999999999760e-01
6.052499999999999547e-01
6.258124999999999938e-01
6.178749999999999520e-01
5.874374999999999458e-01
6.055000000000000382e-01
6.512499999999999956e-01
6.259375000000000355e-01
5.528750000000000053e-01
5.990625000000000533e-01
5.905000000000000249e-01
6.055625000000000036e-01
5.747499999999999831e-01
6.023125000000000284e-01
5.588125000000000453e-01
5.908124999999999627e-01
5.980625000000000524e-01
5.721249999999999947e-01
6.035000000000000364e-01
5.720625000000000293e-01
5.826875000000000249e-01
6.183750000000000080e-01
6.555625000000000480e-01
5.926249999999999574e-01
6.576874999999999805e-01
6.440624999999999822e-01
6.351875000000000160e-01
6.703750000000000542e-01
5.955000000000000293e-01
6.394374999999999920e-01
6.344999999999999529e-01
6.231875000000000053e-01
6.266874999999999529e-01
6.260000000000000009e-01
5.925000000000000266e-01
6.222499999999999698e-01
6.289375000000000382e-01
6.492499999999999938e-01
6.645624999999999449e-01
6.415625000000000355e-01
6.511249999999999538e-01
6.640000000000000346e-01
6.360624999999999751e-01
5.639374999999999805e-01
6.276874999999999538e-01
6.316249999999999920e-01
6.483750000000000346e-01
6.361250000000000515e-01
6.897499999999999742e-01
6.078750000000000542e-01
6.353124999999999467e-01
6.248124999999999929e-01
6.397500000000000409e-01
6.141250000000000320e-01
6.043749999999999956e-01
6.453124999999999556e-01
6.257500000000000284e-01
6.721249999999999725e-01
6.083749999999999991e-01
6.531249999999999556e-01
6.573124999999999662e-01
6.749374999999999680e-01
5.995000000000000329e-01
6.647499999999999520e-01
6.626250000000000195e-01
6.758125000000000382e-01
6.614375000000000115e-01
6.603750000000000453e-01
7.083749999999999769e-01
6.150624999999999565e-01
6.620000000000000329e-01
6.203750000000000098e-01
6.353124999999999467e-01
6.544999999999999707e-01
6.476250000000000062e-01
6.321250000000000480e-01
6.300000000000000044e-01
6.529374999999999485e-01
6.408749999999999725e-01
6.319375000000000409e-01
6.364374999999999893e-01
6.711875000000000480e-01
6.451249999999999485e-01
6.540000000000000258e-01
6.757499999999999618e-01
6.814375000000000293e-01
7.141250000000000098e-01
7.028750000000000275e-01
7.193749999999999867e-01
6.534375000000000044e-01
6.813124999999999876e-01
6.886250000000000426e-01
6.750000000000000444e-01
6.969374999999999876e-01
6.673124999999999751e-01
6.534999999999999698e-01
6.832500000000000240e-01
6.859374999999999778e-01
6.694999999999999840e-01
6.291250000000000453e-01
5.985624999999999973e-01
6.850625000000000187e-01
6.611249999999999627e-01
6.882500000000000284e-01
7.343750000000000000e-01
6.738125000000000364e-01
6.306874999999999565e-01
6.832500000000000240e-01
7.109999999999999654e-01
7.251874999999999849e-01
6.421249999999999458e-01
6.496874999999999734e-01
6.774999999999999911e-01
6.544375000000000053e-01
7.129999999999999671e-01
6.786250000000000338e-01
7.112500000000000488e-01
6.563124999999999654e-01
6.613124999999999698e-01
6.574375000000000080e-01
6.640625000000000000e-01
6.791875000000000551e-01
6.562500000000000000e-01
6.834375000000000311e-01
6.895624999999999671e-01
6.825624999999999609e-01
6.687499999999999556e-01
6.737499999999999600e-01
6.763749999999999485e-01
6.578749999999999876e-01
6.820625000000000160e-01
7.100625000000000409e-01
6.738125000000000364e-01
6.881249999999999867e-01
7.405000000000000471e-01
6.816875000000000018e-01
6.383750000000000258e-01
6.213750000000000107e-01
6.678749999999999964e-01
7.049374999999999947e-01
6.858750000000000124e-01
6.744375000000000231e-01
6.801874999999999449e-01
6.862500000000000266e-01
7.193125000000000213e-01
6.396249999999999991e-01
6.122499999999999609e-01
6.551875000000000338e-01
6.563750000000000417e-01
6.162499999999999645e-01
6.446250000000000036e-01
6.226249999999999840e-01
6.395625000000000338e-01
6.688749999999999973e-01
6.644375000000000142e-01
6.940625000000000266e-01
7.090625000000000400e-01
6.708749999999999991e-01
6.263750000000000151e-01
6.658125000000000293e-01
6.601875000000000382e-01
6.799374999999999725e-01
6.871874999999999512e-01
6.770625000000000115e-01
6.651875000000000426e-01
6.568749999999999867e-01
7.043749999999999734e-01
7.143125000000000169e-01
6.906250000000000444e-01
6.771249999999999769e-01
7.029999999999999583e-01
7.093749999999999778e-01
7.143125000000000169e-01
6.840000000000000524e-01
6.673124999999999751e-01
6.767499999999999627e-01
6.286249999999999893e-01
6.574375000000000080e-01
7.265000000000000346e-01
7.319375000000000187e-01
6.901249999999999885e-01
7.428124999999999867e-01
7.313749999999999973e-01
6.948125000000000551e-01
6.886250000000000426e-01
7.239375000000000115e-01
7.105624999999999858e-01
6.851249999999999840e-01
7.197500000000000009e-01
6.650000000000000355e-01
7.157499999999999973e-01
7.169375000000000053e-01
6.991249999999999964e-01
7.327500000000000124e-01
7.496249999999999858e-01
7.343750000000000000e-01
6.919374999999999831e-01
6.714375000000000204e-01
6.488749999999999796e-01
7.181250000000000133e-01
7.037499999999999867e-01
7.136875000000000302e-01
7.165624999999999911e-01
7.141250000000000098e-01
6.888750000000000151e-01
7.267500000000000071e-01
7.400624999999999565e-01
7.563750000000000195e-01
6.816250000000000364e-01
6.908125000000000515e-01
7.073749999999999760e-01
6.775624999999999565e-01
6.707499999999999574e-01
7.236875000000000391e-01
7.099999999999999645e-01
7.146875000000000311e-01
6.821874999999999467e-01
6.445625000000000382e-01
6.276874999999999538e-01
6.528125000000000178e-01
6.999999999999999556e-01
7.338750000000000551e-01
7.473125000000000462e-01
7.153125000000000178e-01
7.723750000000000338e-01
7.100625000000000409e-01
6.844999999999999973e-01
6.853749999999999565e-01
7.188750000000000417e-01
7.379999999999999893e-01
7.205000000000000293e-01
7.279375000000000151e-01
7.294374999999999609e-01
7.031874999999999654e-01
6.690000000000000391e-01
7.126875000000000293e-01
7.129999999999999671e-01
7.393125000000000391e-01
7.526874999999999538e-01
7.253125000000000266e-01
7.137499999999999956e-01
7.184374999999999512e-01
7.312499999999999556e-01
7.369375000000000231e-01
7.050625000000000364e-01
7.333125000000000338e-01
7.172500000000000542e-01
7.176875000000000338e-01
6.841249999999999831e-01
6.718750000000000000e-01
6.844999999999999973e-01
7.214374999999999538e-01
6.979999999999999538e-01
6.843124999999999902e-01
7.507500000000000284e-01
7.694374999999999964e-01
7.414374999999999716e-01
6.946875000000000133e-01
7.119375000000000009e-01
7.076249999999999485e-01
7.137499999999999956e-01
6.818125000000000435e-01
7.273749999999999938e-01
7.386249999999999760e-01
7.508124999999999938e-01
7.548749999999999627e-01
7.206875000000000364e-01
7.482499999999999707e-01
6.859374999999999778e-01
7.069374999999999964e-01
7.248750000000000471e-01
7.558749999999999636e-01
7.256875000000000409e-01
6.983749999999999680e-01
6.740625000000000089e-01
7.089999999999999636e-01
6.991874999999999618e-01
6.916875000000000107e-01
7.002500000000000391e-01
6.990625000000000311e-01
7.606249999999999956e-01
7.759374999999999467e-01
7.178750000000000409e-01
7.313125000000000320e-01
7.302499999999999547e-01
7.066249999999999476e-01
7.470624999999999627e-01
7.498124999999999929e-01
7.196875000000000355e-01
7.476874999999999494e-01
6.883749999999999591e-01
7.002500000000000391e-01
7.361250000000000293e-01
7.620624999999999760e-01
7.379375000000000240e-01
7.271250000000000213e-01
6.885000000000000009e-01
7.332499999999999574e-01
7.366875000000000506e-01
7.355625000000000080e-01
7.525625000000000231e-01
7.170625000000000471e-01
7.302499999999999547e-01
7.203125000000000222e-01
7.265625000000000000e-01
7.508749999999999591e-01
7.127499999999999947e-01
7.050625000000000364e-01
7.279999999999999805e-01
7.549375000000000391e-01
7.646249999999999991e-01
7.723124999999999574e-01
7.138750000000000373e-01
7.792499999999999982e-01
7.476249999999999840e-01
7.544999999999999485e-01
7.547500000000000320e-01
7.196249999999999591e-01
7.505625000000000213e-01
7.289999999999999813e-01
7.235000000000000320e-01
7.243749999999999911e-01
6.929999999999999494e-01
6.786250000000000338e-01
6.846250000000000391e-01
6.657499999999999529e-01
7.119999999999999662e-01
6.511249999999999538e-01
7.138750000000000373e-01
6.947499999999999787e-01
7.473750000000000115e-01
7.518124999999999947e-01
7.568124999999999991e-01
7.551250000000000462e-01
7.435000000000000497e-01
7.406875000000000542e-01
7.566874999999999574e-01
7.087499999999999911e-01
7.546874999999999556e-01
7.458749999999999547e-01
6.747499999999999609e-01
7.294374999999999609e-01
7.081874999999999698e-01
6.828125000000000444e-01
7.260625000000000551e-01
6.997499999999999831e-01
7.234374999999999556e-01
7.586874999999999591e-01
7.378749999999999476e-01
7.259999999999999787e-01
7.379375000000000240e-01
7.536874999999999547e-01
7.740624999999999867e-01
7.475000000000000533e-01
7.195624999999999938e-01
7.553750000000000187e-01
7.318750000000000533e-01
6.966250000000000497e-01
7.228750000000000453e-01
7.911875000000000435e-01
7.593750000000000222e-01
7.770000000000000240e-01
7.643124999999999503e-01
7.718749999999999778e-01
7.345000000000000417e-01
6.791875000000000551e-01
7.511875000000000080e-01
7.333125000000000338e-01
6.894375000000000364e-01
7.236875000000000391e-01
7.516874999999999529e-01
7.258750000000000480e-01
7.650000000000000133e-01
7.375625000000000098e-01
7.368124999999999813e-01
7.585625000000000284e-01
6.977499999999999813e-01
7.183125000000000204e-01
7.687500000000000444e-01
7.630000000000000115e-01
7.121250000000000080e-01
7.724999999999999645e-01
7.501250000000000417e-01
7.476874999999999494e-01
7.462499999999999689e-01
7.603124999999999467e-01
7.165000000000000258e-01
6.726250000000000284e-01
7.034375000000000488e-01
7.472499999999999698e-01
7.396875000000000533e-01
7.521250000000000435e-01
7.335000000000000409e-01
7.872500000000000053e-01
7.316249999999999698e-01
7.200625000000000497e-01
7.203749999999999876e-01
7.641875000000000195e-01
7.801875000000000338e-01
7.542499999999999760e-01
7.790624999999999911e-01
7.768749999999999822e-01
8.077499999999999680e-01
8.031249999999999778e-01
7.522499999999999742e-01
7.268124999999999725e-01
7.014375000000000471e-01
7.397500000000000187e-01
7.223749999999999893e-01
7.687500000000000444e-01
7.399999999999999911e-01
6.533124999999999627e-01
7.298124999999999751e-01
7.158124999999999627e-01
7.405625000000000124e-01
7.408124999999999849e-01
7.525625000000000231e-01
7.397500000000000187e-01
7.139375000000000027e-01
7.542499999999999760e-01
7.378749999999999476e-01
7.758125000000000160e-01
7.843124999999999680e-01
7.469375000000000320e-01
7.343750000000000000e-01
7.441250000000000364e-01
7.867499999999999494e-01
7.410624999999999574e-01
7.303125000000000311e-01
7.496249999999999858e-01
7.258750000000000480e-01
7.254374999999999574e-01
7.396249999999999769e-01
7.636874999999999636e-01
7.455625000000000169e-01
7.205000000000000293e-01
7.379375000000000240e-01
7.978125000000000355e-01
7.804375000000000062e-01
7.570000000000000062e-01
7.579375000000000417e-01
7.309999999999999831e-01
7.379375000000000240e-01
7.784999999999999698e-01
7.070625000000000382e-01
7.059374999999999956e-01
7.627500000000000391e-01
7.586249999999999938e-01
7.506874999999999520e-01
7.478749999999999565e-01
7.548124999999999973e-01
7.358749999999999458e-01
7.714374999999999982e-01
7.660000000000000142e-01
7.791875000000000329e-01
7.413125000000000409e-01
7.630000000000000115e-01
7.580000000000000071e-01
7.720000000000000195e-01
7.622499999999999831e-01
7.597500000000000364e-01
7.510000000000000009e-01
7.564374999999999849e-01
7.435625000000000151e-01
7.465625000000000178e-01
7.523125000000000506e-01
7.703124999999999556e-01
7.638125000000000053e-01
7.675625000000000364e-01
7.585625000000000284e-01
7.448124999999999885e-01
7.758125000000000160e-01
7.781875000000000320e-01
8.050000000000000488e-01
7.652499999999999858e-01
7.681249999999999467e-01
7.453125000000000444e-01
6.938750000000000195e-01
7.581250000000000488e-01
7.410624999999999574e-01
7.687500000000000444e-01
7.530624999999999680e-01
7.352499999999999591e-01
7.663124999999999520e-01
7.617500000000000382e-01
7.365000000000000435e-01
7.766874999999999751e-01
7.711875000000000258e-01
7.787500000000000533e-01
7.883124999999999716e-01
7.711249999999999494e-01
7.771249999999999547e-01
7.300624999999999476e-01
7.621250000000000524e-01
7.794999999999999707e-01
7.576249999999999929e-01
7.613124999999999476e-01
7.722499999999999920e-01
7.991875000000000506e-01
8.108125000000000471e-01
7.848749999999999893e-01
7.824999999999999734e-01
7.651875000000000204e-01
7.646249999999999991e-01
7.318124999999999769e-01
7.953750000000000542e-01
7.427500000000000213e-01
7.600624999999999742e-01
7.618125000000000036e-01
7.560624999999999707e-01
7.723124999999999574e-01
7.942500000000000115e-01
7.584374999999999867e-01
7.986874999999999947e-01
8.082500000000000240e-01
7.937499999999999556e-01
7.736874999999999725e-01
7.363125000000000364e-01
7.644374999999999920e-01
7.694999999999999618e-01
7.499375000000000346e-01
7.698749999999999760e-01
7.775625000000000453e-01
7.908125000000000293e-01
7.504999999999999449e-01
7.554374999999999840e-01
7.685625000000000373e-01
8.021875000000000533e-01
7.291250000000000231e-01
7.748749999999999805e-01
7.865625000000000533e-01
7.980000000000000426e-01
7.840624999999999956e-01
7.574999999999999512e-01
7.590624999999999734e-01
7.798125000000000195e-01
7.876250000000000195e-01
7.851875000000000382e-01
7.600624999999999742e-01
7.521250000000000435e-01
7.898749999999999938e-01
7.527500000000000302e-01
7.446249999999999813e-01
7.438749999999999529e-01
7.425000000000000488e-01
7.528124999999999956e-01
7.555625000000000258e-01
8.004375000000000240e-01
7.463125000000000453e-01
7.660624999999999796e-01
7.499375000000000346e-01
7.337500000000000133e-01
7.414374999999999716e-01
7.932500000000000107e-01
7.752499999999999947e-01
7.694374999999999964e-01
7.892500000000000071e-01
7.664374999999999938e-01
7.588749999999999662e-01
7.669375000000000497e-01
7.549375000000000391e-01
7.415000000000000480e-01
7.458124999999999893e-01
7.681875000000000231e-01
7.373125000000000373e-01
7.331250000000000266e-01
7.279375000000000151e-01
7.760624999999999885e-01
7.596874999999999600e-01
7.879374999999999574e-01
7.825625000000000497e-01
7.874999999999999778e-01
8.077499999999999680e-01
7.893124999999999725e-01
8.285624999999999796e-01
7.599375000000000435e-01
7.519375000000000364e-01
7.730624999999999858e-01
7.526874999999999538e-01
7.750000000000000222e-01
8.063124999999999876e-01
8.029374999999999707e-01
8.060000000000000497e-01
7.953750000000000542e-01
8.072500000000000231e-01
7.668125000000000080e-01
7.886874999999999858e-01
7.710000000000000187e-01
7.253125000000000266e-01
7.406875000000000542e-01
7.730624999999999858e-01
7.688749999999999751e-01
7.822500000000000009e-01
7.642499999999999849e-01
8.038750000000000062e-01
7.934999999999999831e-01
8.098125000000000462e-01
7.791875000000000329e-01
7.832500000000000018e-01
7.666874999999999662e-01
7.351250000000000284e-01
8.034999999999999920e-01
7.586249999999999938e-01
7.620624999999999760e-01
7.916250000000000231e-01
8.439375000000000071e-01
8.016874999999999973e-01
7.895624999999999449e-01
8.081874999999999476e-01
7.866874999999999840e-01
7.784999999999999698e-01
7.697500000000000453e-01
7.820624999999999938e-01
7.954375000000000195e-01
7.860624999999999973e-01
7.113749999999999796e-01
7.023125000000000062e-01
7.656250000000000000e-01
7.853750000000000453e-01
7.714374999999999982e-01
7.452499999999999680e-01
7.531875000000000098e-01
7.381250000000000311e-01
7.600624999999999742e-01
7.889374999999999583e-01
7.971875000000000488e-01
7.866250000000000187e-01
7.871249999999999636e-01
8.024375000000000258e-01
7.698125000000000107e-01
7.706874999999999698e-01
7.651875000000000204e-01
7.176249999999999574e-01
7.336875000000000480e-01
7.512499999999999734e-01
7.388124999999999831e-01
8.212500000000000355e-01
7.986250000000000293e-01
7.757500000000000506e-01
7.800000000000000266e-01
7.877499999999999503e-01
8.084375000000000311e-01
7.856250000000000178e-01
8.219999999999999529e-01
7.908125000000000293e-01
8.010625000000000107e-01
7.843750000000000444e-01
7.877499999999999503e-01
8.176250000000000462e-01
8.008125000000000382e-01
7.716874999999999707e-01
7.966874999999999929e-01
7.288750000000000506e-01
7.574374999999999858e-01
7.904375000000000151e-01
7.792499999999999982e-01
7.966874999999999929e-01
8.031875000000000542e-01
7.543750000000000178e-01
7.613124999999999476e-01
7.965624999999999512e-01
7.822500000000000009e-01
8.069374999999999742e-01
8.175000000000000044e-01
8.213749999999999662e-01
8.081874999999999476e-01
7.871875000000000400e-01
7.763124999999999609e-01
7.345625000000000071e-01
7.423750000000000071e-01
7.568749999999999645e-01
8.036874999999999991e-01
8.004375000000000240e-01
7.818749999999999867e-01
7.580624999999999725e-01
7.822500000000000009e-01
7.563750000000000195e-01
8.019374999999999698e-01
7.565625000000000266e-01
7.588125000000000009e-01
7.747500000000000497e-01
7.666874999999999662e-01
7.560624999999999707e-01
7.831875000000000364e-01
7.991249999999999742e-01
7.882500000000000062e-01
7.780624999999999902e-01
8.193124999999999991e-01
7.871875000000000400e-01
8.123749999999999583e-01
7.911249999999999671e-01
7.677500000000000435e-01
7.495625000000000204e-01
7.724374999999999991e-01
7.237500000000000044e-01
7.647500000000000409e-01
7.804375000000000062e-01
8.040625000000000133e-01
7.627500000000000391e-01
7.398749999999999494e-01
8.016874999999999973e-01
7.885625000000000551e-01
8.318750000000000311e-01
7.738125000000000142e-01
8.016250000000000320e-01
7.850000000000000311e-01
7.799374999999999503e-01
7.763124999999999609e-01
7.831875000000000364e-01
7.787500000000000533e-01
7.988750000000000018e-01
7.964375000000000204e-01
7.457500000000000240e-01
8.066250000000000364e-01
8.198750000000000204e-01
8.254375000000000462e-01
7.833124999999999671e-01
7.921875000000000444e-01
8.137499999999999734e-01
7.826874999999999805e-01
7.870000000000000329e-01
7.796874999999999778e-01
7.711249999999999494e-01
7.725625000000000409e-01
8.090625000000000178e-01
7.500624999999999654e-01
7.794375000000000053e-01
8.040000000000000480e-01
7.794999999999999707e-01
7.511250000000000426e-01
7.504374999999999796e-01
7.863124999999999698e-01
7.826874999999999805e-01
7.744375000000000009e-01
7.994999999999999885e-01
7.877499999999999503e-01
7.640624999999999778e-01
7.721875000000000266e-01
8.142500000000000293e-01
7.983124999999999805e-01
7.945624999999999494e-01
7.855625000000000524e-01
8.017499999999999627e-01
7.840624999999999956e-01
7.741249999999999520e-01
8.040000000000000480e-01
8.316249999999999476e-01
8.024375000000000258e-01
7.613750000000000240e-01
7.417500000000000204e-01
6.929999999999999494e-01
7.306875000000000453e-01
8.043749999999999512e-01
7.696250000000000036e-01
7.854375000000000107e-01
7.750000000000000222e-01
7.739374999999999449e-01
7.540624999999999689e-01
7.625625000000000320e-01
8.101874999999999494e-01
7.908749999999999947e-01
7.858749999999999902e-01
7.564374999999999849e-01
7.783750000000000391e-01
7.774999999999999689e-01
7.711249999999999494e-01
7.615625000000000311e-01
7.881249999999999645e-01
7.708125000000000115e-01
7.978750000000000009e-01
7.539375000000000382e-01
7.921875000000000444e-01
7.984999999999999876e-01
8.356875000000000275e-01
8.171249999999999902e-01
8.112500000000000266e-01
8.238750000000000240e-01
8.128125000000000488e-01
7.753124999999999600e-01
7.941875000000000462e-01
8.114999999999999991e-01
8.208750000000000213e-01
8.047499999999999654e-01
7.841249999999999609e-01
7.746250000000000080e-01
7.620624999999999760e-01
8.001875000000000515e-01
8.191249999999999920e-01
8.343749999999999778e-01
7.962500000000000133e-01
8.073749999999999538e-01
8.169374999999999831e-01
7.873124999999999707e-01
8.138750000000000151e-01
7.995624999999999538e-01
7.991875000000000506e-01
8.005624999999999547e-01
7.788749999999999840e-01
8.075624999999999609e-01
7.979374999999999662e-01
7.868125000000000258e-01
8.094999999999999973e-01
8.016874999999999973e-01
8.165624999999999689e-01
7.948749999999999982e-01
7.600000000000000089e-01
7.889374999999999583e-01
7.980000000000000426e-01
8.191874999999999574e-01
8.113124999999999920e-01
7.943124999999999769e-01
8.327499999999999902e-01
8.210625000000000284e-01
8.215000000000000080e-01
8.092500000000000249e-01
7.532499999999999751e-01
8.000625000000000098e-01
8.082500000000000240e-01
8.116875000000000062e-01
7.910000000000000364e-01
8.021249999999999769e-01
7.634999999999999565e-01
7.838749999999999885e-01
7.724999999999999645e-01
8.069374999999999742e-01
7.953124999999999778e-01
7.860000000000000320e-01
7.769374999999999476e-01
7.901249999999999662e-01
8.033749999999999503e-01
8.033124999999999849e-01
8.125624999999999654e-01
8.070000000000000506e-01
8.211249999999999938e-01
8.062500000000000222e-01
8.176250000000000462e-01
8.118125000000000480e-01
8.176875000000000115e-01
8.388124999999999609e-01
8.110000000000000542e-01
8.048125000000000417e-01
8.049374999999999725e-01
7.773124999999999618e-01
7.739374999999999449e-01
8.118125000000000480e-01
7.973749999999999449e-01
8.220625000000000293e-01
8.105624999999999636e-01
8.137499999999999734e-01
8.003749999999999476e-01
8.265624999999999778e-01
8.100625000000000187e-01
8.028125000000000400e-01
8.127499999999999725e-01
8.154375000000000373e-01
8.104375000000000329e-01
8.072500000000000231e-01
8.216250000000000497e-01
8.149999999999999467e-01
7.641875000000000195e-01
7.885625000000000551e-01
7.714374999999999982e-01
7.692499999999999893e-01
7.820000000000000284e-01
7.890625000000000000e-01
7.804999999999999716e-01
8.161249999999999893e-01
8.141249999999999876e-01
8.198750000000000204e-01
8.316249999999999476e-01
8.170625000000000249e-01
7.869374999999999565e-01
7.976874999999999938e-01
8.613750000000000018e-01
8.087499999999999689e-01
7.840000000000000302e-01
7.788749999999999840e-01
7.966250000000000275e-01
7.779374999999999485e-01
8.023749999999999494e-01
8.462499999999999467e-01
7.906250000000000222e-01
8.181249999999999911e-01
8.205624999999999725e-01
7.900625000000000009e-01
8.005624999999999547e-01
8.569375000000000187e-01
8.240625000000000311e-01
7.814999999999999725e-01
8.045624999999999583e-01
7.965624999999999512e-01
8.053124999999999867e-01
8.088750000000000107e-01
8.001875000000000515e-01
7.878749999999999920e-01
7.684999999999999609e-01
7.905624999999999458e-01
7.990625000000000089e-01
8.108750000000000124e-01
8.144375000000000364e-01
8.048125000000000417e-01
8.141874999999999529e-01
8.231874999999999609e-01
8.329374999999999973e-01
8.077499999999999680e-01
8.198125000000000551e-01
7.961249999999999716e-01
