6.864105984568595886e-01
6.630591303110122681e-01
6.468550190329551697e-01
6.334821134805679321e-01
6.218041926622390747e-01
6.110810264945030212e-01
6.008563339710235596e-01
5.914368554949760437e-01
5.830381810665130615e-01
5.756300687789916992e-01
5.686499103903770447e-01
5.618022605776786804e-01
5.549246147274971008e-01
5.479043573141098022e-01
5.409365147352218628e-01
5.339294970035552979e-01
5.270101726055145264e-01
5.200992599129676819e-01
5.132073611021041870e-01
5.063394233584403992e-01
4.995975643396377563e-01
4.929849728941917419e-01
4.864448122680187225e-01
4.799867048859596252e-01
4.737332016229629517e-01
4.677707999944686890e-01
4.618383049964904785e-01
4.561264552175998688e-01
4.505556337535381317e-01
4.451078362762928009e-01
4.401332139968872070e-01
4.350794069468975067e-01
4.301751218736171722e-01
4.252879209816455841e-01
4.207462072372436523e-01
4.162997417151927948e-01
4.119486324489116669e-01
4.078055098652839661e-01
4.037297144532203674e-01
3.995394073426723480e-01
3.957924358546733856e-01
3.918759115040302277e-01
3.883079513907432556e-01
3.845901452004909515e-01
3.808773308992385864e-01
3.775512129068374634e-01
3.741518035531044006e-01
3.708475977182388306e-01
3.673097677528858185e-01
3.644637987017631531e-01
3.620020672678947449e-01
3.589226864278316498e-01
3.555763289332389832e-01
3.527903035283088684e-01
3.497919030487537384e-01
3.467432931065559387e-01
3.443667925894260406e-01
3.416158296167850494e-01
3.387797251343727112e-01
3.362288959324359894e-01
3.340665772557258606e-01
3.314660787582397461e-01
3.292995952069759369e-01
3.265643529593944550e-01
3.243884444236755371e-01
3.218449279665946960e-01
3.197750151157379150e-01
3.178709633648395538e-01
3.150923810899257660e-01
3.128645718097686768e-01
3.112818300724029541e-01
3.091708868741989136e-01
3.071914277970790863e-01
3.052304945886135101e-01
3.027668297290802002e-01
3.007060810923576355e-01
2.992128431797027588e-01
2.979491315782070160e-01
2.962132394313812256e-01
2.939601615071296692e-01
2.917381376028060913e-01
2.900870367884635925e-01
2.886420637369155884e-01
2.868043966591358185e-01
2.862453013658523560e-01
2.843687869608402252e-01
2.823559343814849854e-01
2.808760814368724823e-01
2.793737091124057770e-01
2.778355330228805542e-01
2.757779881358146667e-01
2.739436849951744080e-01
2.742133550345897675e-01
2.742385938763618469e-01
2.716060504317283630e-01
2.701711021363735199e-01
2.684045247733592987e-01
2.660590186715126038e-01
2.652813531458377838e-01
2.640777491033077240e-01
2.640072330832481384e-01
2.623199075460433960e-01
2.611819878220558167e-01
2.597228176891803741e-01
2.583496309816837311e-01
2.576589323580265045e-01
2.576604224741458893e-01
2.547976411879062653e-01
2.536722831428050995e-01
2.522123157978057861e-01
2.503432631492614746e-01
2.493300810456275940e-01
2.479896452277898788e-01
2.476538401097059250e-01
2.463012840598821640e-01
2.449673414230346680e-01
2.442879583686590195e-01
2.439287826418876648e-01
2.426614146679639816e-01
2.412570696324110031e-01
2.399940881878137589e-01
2.393537592142820358e-01
2.389607746154069901e-01
2.377815861254930496e-01
2.369764354079961777e-01
2.366152703762054443e-01
2.376606687903404236e-01
2.374528683722019196e-01
2.347793914377689362e-01
2.329971902072429657e-01
2.313639596104621887e-01
2.306125070899724960e-01
2.299186307936906815e-01
2.303542867302894592e-01
2.295612823218107224e-01
2.278432250022888184e-01
2.271024696528911591e-01
2.261765655130147934e-01
2.259163949638605118e-01
2.255402300506830215e-01
2.241730876266956329e-01
2.237111441791057587e-01
2.234608959406614304e-01
2.223305162042379379e-01
2.211156040430068970e-01
2.204228434711694717e-01
2.206301949918270111e-01
2.204574774950742722e-01
2.201628535985946655e-01
2.181936036795377731e-01
2.181782592087984085e-01
2.171893399208784103e-01
2.157783377915620804e-01
2.164384033530950546e-01
2.153213229030370712e-01
2.145452369004487991e-01
2.139268014580011368e-01
2.131987567991018295e-01
2.125647719949483871e-01
2.118445001542568207e-01
2.125914543867111206e-01
2.115396670997142792e-01
2.102687004953622818e-01
2.104583196341991425e-01
2.097106110304594040e-01
2.091258876025676727e-01
2.099618017673492432e-01
2.081487122923135757e-01
2.073652725666761398e-01
2.068403903394937515e-01
2.063954342156648636e-01
2.066495046019554138e-01
2.067608721554279327e-01
2.067227941006422043e-01
2.047381196171045303e-01
2.046528123319149017e-01
2.040827367454767227e-01
2.032846696674823761e-01
2.037500012665987015e-01
2.018813285976648331e-01
2.018081620335578918e-01
2.010699678212404251e-01
2.017581686377525330e-01
2.004978097975254059e-01
1.997237857431173325e-01
2.002282086759805679e-01
1.997142117470502853e-01
1.989297885447740555e-01
1.975394114851951599e-01
1.977492514997720718e-01
1.986895315349102020e-01
2.006879560649394989e-01
1.994315832853317261e-01
1.984346304088830948e-01
1.970160733908414841e-01
1.966496556997299194e-01
1.959753781557083130e-01
1.952210105955600739e-01
1.950088590383529663e-01
1.940442342311143875e-01
1.951764486730098724e-01
1.963283605873584747e-01
1.945007964968681335e-01
1.936237607151269913e-01
1.929552108049392700e-01
1.923688296228647232e-01
1.920781284570693970e-01
1.912728808820247650e-01
1.911328434944152832e-01
1.914666555821895599e-01
1.910438276827335358e-01
1.898656059056520462e-01
1.895033959299325943e-01
1.891419123858213425e-01
1.889809276908636093e-01
1.886624954640865326e-01
1.900579985231161118e-01
1.897531859576702118e-01
1.888754107058048248e-01
1.898528262972831726e-01
1.887462865561246872e-01
1.883532665669918060e-01
1.879183929413557053e-01
1.873778570443391800e-01
1.863886695355176926e-01
1.857267580926418304e-01
1.876825969666242599e-01
1.869693379849195480e-01
1.859290786087512970e-01
1.868363451212644577e-01
1.866086497902870178e-01
1.877222098410129547e-01
1.865958869457244873e-01
1.862389929592609406e-01
1.856790762394666672e-01
1.831467729061841965e-01
1.837078593671321869e-01
1.836859211325645447e-01
1.841288302093744278e-01
1.834437083452939987e-01
1.830264311283826828e-01
1.823889575898647308e-01
1.822389047592878342e-01
1.830348577350378036e-01
1.818053238093852997e-01
1.825987994670867920e-01
1.813897080719470978e-01
1.813461147248744965e-01
1.820155326277017593e-01
1.806184276938438416e-01
1.799140237271785736e-01
1.806491613388061523e-01
1.803116444498300552e-01
1.805996205657720566e-01
1.794385444372892380e-01
1.790489070117473602e-01
1.796220932155847549e-01
1.798748373985290527e-01
1.804153360426425934e-01
1.800337210297584534e-01
1.794805228710174561e-01
1.789859943091869354e-01
1.784772016108036041e-01
1.780475061386823654e-01
1.776509061455726624e-01
1.767418105155229568e-01
1.763041187077760696e-01
1.766877565532922745e-01
1.766716055572032928e-01
1.772301401942968369e-01
1.760271936655044556e-01
1.758603043854236603e-01
1.759558841586112976e-01
1.769958063960075378e-01
1.777350064367055893e-01
1.779474727809429169e-01
1.760516744107007980e-01
1.755996197462081909e-01
1.769441328942775726e-01
1.765258479863405228e-01
1.762531921267509460e-01
1.752967871725559235e-01
1.764300838112831116e-01
1.751984637230634689e-01
1.744049936532974243e-01
1.737118456512689590e-01
1.742096412926912308e-01
1.735772583633661270e-01
1.726991143077611923e-01
1.732233762741088867e-01
1.725101787596940994e-01
1.732809301465749741e-01
1.725034564733505249e-01
1.724956315010786057e-01
1.722169481217861176e-01
1.713901590555906296e-01
1.718038227409124374e-01
1.717564612627029419e-01
1.719356123358011246e-01
1.714723911136388779e-01
1.720948927104473114e-01
1.715216077864170074e-01
1.708143502473831177e-01
1.714356411248445511e-01
1.727018989622592926e-01
1.720547247678041458e-01
1.713422499597072601e-01
1.710473541170358658e-01
1.706567201763391495e-01
1.721675582230091095e-01
1.706402488052845001e-01
1.706117298454046249e-01
1.700452920049428940e-01
1.701561417430639267e-01
1.700983885675668716e-01
1.700111813843250275e-01
1.695696245878934860e-01
1.696297153830528259e-01
1.693822536617517471e-01
1.686712093651294708e-01
1.691258084028959274e-01
1.693867184221744537e-01
1.697123385965824127e-01
1.687025707215070724e-01
1.682874485850334167e-01
1.681827586144208908e-01
1.685930155217647552e-01
1.676828954368829727e-01
1.685116104781627655e-01
1.691148355603218079e-01
1.678426377475261688e-01
1.675423979759216309e-01
1.674185153096914291e-01
1.687916740775108337e-01
1.683212090283632278e-01
1.694807577878236771e-01
1.675478015094995499e-01
1.670168116688728333e-01
1.672617290169000626e-01
1.667004339396953583e-01
1.666238848119974136e-01
1.664958447217941284e-01
1.660156138241291046e-01
1.659582890570163727e-01
1.664170883595943451e-01
1.668662186712026596e-01
1.662981342524290085e-01
1.658723615109920502e-01
1.660799570381641388e-01
1.651896387338638306e-01
1.650069002062082291e-01
1.660712920129299164e-01
1.676536761224269867e-01
1.666433811187744141e-01
1.657041367143392563e-01
1.659475527703762054e-01
1.664392147213220596e-01
1.659263130277395248e-01
1.651004701852798462e-01
1.644435543566942215e-01
1.646084543317556381e-01
1.646943893283605576e-01
1.642785575240850449e-01
1.637495029717683792e-01
1.638780664652585983e-01
1.635340936481952667e-01
1.644608825445175171e-01
1.645593121647834778e-01
1.642739735543727875e-01
1.635443158447742462e-01
1.638711672276258469e-01
1.635456290096044540e-01
1.639766208827495575e-01
1.637532673776149750e-01
1.641516275703907013e-01
1.633854694664478302e-01
1.633691843599081039e-01
1.625169795006513596e-01
1.631256490945816040e-01
1.630731262266635895e-01
1.630618348717689514e-01
1.624541506171226501e-01
1.622119918465614319e-01
1.623364947736263275e-01
1.621061898767948151e-01
1.631089076399803162e-01
1.629564594477415085e-01
1.632200665771961212e-01
1.622791774570941925e-01
1.624259259551763535e-01
1.629164908081293106e-01
1.621302627027034760e-01
1.619664877653121948e-01
1.616209894418716431e-01
1.615446992218494415e-01
1.611859668046236038e-01
1.633756980299949646e-01
1.668192800134420395e-01
1.653523761779069901e-01
1.632742285728454590e-01
1.616882253438234329e-01
1.613589078187942505e-01
1.627305503934621811e-01
1.630601733922958374e-01
1.631860602647066116e-01
1.614042371511459351e-01
1.603536531329154968e-01
1.600650865584611893e-01
1.606511976569890976e-01
1.602890305221080780e-01
1.599986888468265533e-01
1.606648433953523636e-01
1.600538138300180435e-01
1.600771304219961166e-01
1.602062918245792389e-01
1.605501044541597366e-01
1.604942157864570618e-01
1.605471074581146240e-01
1.603416260331869125e-01
1.599786393344402313e-01
1.603186894208192825e-01
1.596930902451276779e-01
1.597957499325275421e-01
1.598342899233102798e-01
1.597855444997549057e-01
1.591205261647701263e-01
1.588429342955350876e-01
1.590929832309484482e-01
1.594251543283462524e-01
1.593541018664836884e-01
1.601520944386720657e-01
1.593919284641742706e-01
1.602144408971071243e-01
1.613861434161663055e-01
1.607571095228195190e-01
1.597395613789558411e-01
1.587734315544366837e-01
1.585570219904184341e-01
1.591241396963596344e-01
1.596900653094053268e-01
1.595271658152341843e-01
1.592885982245206833e-01
1.596160680055618286e-01
1.591458301991224289e-01
1.591150462627410889e-01
1.587577443569898605e-01
1.593266651034355164e-01
1.578062344342470169e-01
1.578807532787322998e-01
1.581516992300748825e-01
1.581865791231393814e-01
1.600068081170320511e-01
1.588209848850965500e-01
1.584988981485366821e-01
1.610010415315628052e-01
1.599873434752225876e-01
1.590971909463405609e-01
1.586391422897577286e-01
1.581198908388614655e-01
1.575013790279626846e-01
1.577101610600948334e-01
1.576126925647258759e-01
1.579543445259332657e-01
1.579105854034423828e-01
1.589337680488824844e-01
1.579267401248216629e-01
1.575189474970102310e-01
1.579271499067544937e-01
1.569319404661655426e-01
1.567006092518568039e-01
1.565783731639385223e-01
1.575150452554225922e-01
1.576278842985630035e-01
1.580457054078578949e-01
1.592722088098526001e-01
1.584963742643594742e-01
1.569453217089176178e-01
1.566086504608392715e-01
1.563569400459527969e-01
1.555080395191907883e-01
1.560006868094205856e-01
1.564522255212068558e-01
1.560930628329515457e-01
1.558784525841474533e-01
1.561937518417835236e-01
1.560683287680149078e-01
1.563735939562320709e-01
1.570124085992574692e-01
1.566382907330989838e-01
1.571277529001235962e-01
1.588378325104713440e-01
1.575103122740983963e-01
1.571953296661376953e-01
1.560644246637821198e-01
1.562878377735614777e-01
1.559890806674957275e-01
1.556875929236412048e-01
1.556265950202941895e-01
1.552045810967683792e-01
1.550680436193943024e-01
1.554604023694992065e-01
1.547918412834405899e-01
1.554438304156064987e-01
1.550670322030782700e-01
1.566870827227830887e-01
1.571361906826496124e-01
1.569002475589513779e-01
1.565648503601551056e-01
1.557638868689537048e-01
1.555672809481620789e-01
1.554091889411211014e-01
1.557380631566047668e-01
1.554470229893922806e-01
1.560381017625331879e-01
1.554427687078714371e-01
1.544989366084337234e-01
1.562916394323110580e-01
1.547577772289514542e-01
1.547851320356130600e-01
1.553594805300235748e-01
1.553809326142072678e-01
1.555795874446630478e-01
1.567557509988546371e-01
1.555112097412347794e-01
1.544847488403320312e-01
1.544554512947797775e-01
1.551036573946475983e-01
1.545808259397745132e-01
1.540659200400114059e-01
1.551346909254789352e-01
1.554065663367509842e-01
1.553981974720954895e-01
1.557349544018507004e-01
1.557759679853916168e-01
1.548225246369838715e-01
1.549210306257009506e-01
1.541621703654527664e-01
1.539492774754762650e-01
1.551002170890569687e-01
1.554871313273906708e-01
1.545784510672092438e-01
1.540921069681644440e-01
1.538967993110418320e-01
1.539156977087259293e-01
1.542459744960069656e-01
1.551650539040565491e-01
1.547105759382247925e-01
1.546916607767343521e-01
1.547613460570573807e-01
1.536696162074804306e-01
1.542866919189691544e-01
1.539943758398294449e-01
1.532156541943550110e-01
1.542525831609964371e-01
1.542854066938161850e-01
1.539432760328054428e-01
1.535464487969875336e-01
1.538485474884510040e-01
1.543580442667007446e-01
1.537758260965347290e-01
1.539226789027452469e-01
1.539005618542432785e-01
1.531831137835979462e-01
1.532468292862176895e-01
1.528341714292764664e-01
1.535038854926824570e-01
1.532587055116891861e-01
1.533183082938194275e-01
1.535545531660318375e-01
1.536662746220827103e-01
1.533408593386411667e-01
1.532852891832590103e-01
1.533213481307029724e-01
1.528689377009868622e-01
1.529477033764123917e-01
1.537727955728769302e-01
1.545779164880514145e-01
1.540025454014539719e-01
1.539333667606115341e-01
1.532022897154092789e-01
1.528282426297664642e-01
1.532992143183946609e-01
1.528459303081035614e-01
1.527174934744834900e-01
1.524226218461990356e-01
1.527934670448303223e-01
1.524696853011846542e-01
1.529650185257196426e-01
1.531230583786964417e-01
1.526390351355075836e-01
1.523833274841308594e-01
1.523124519735574722e-01
1.525242198258638382e-01
1.524268426001071930e-01
1.523047126829624176e-01
1.532748658210039139e-01
1.524752397090196609e-01
1.538850348442792892e-01
1.556678134948015213e-01
1.543183531612157822e-01
1.537728887051343918e-01
1.518979314714670181e-01
1.523562632501125336e-01
1.521234177052974701e-01
1.512717735022306442e-01
1.515532229095697403e-01
1.528915967792272568e-01
1.524744853377342224e-01
1.526718735694885254e-01
1.518710609525442123e-01
1.519494410604238510e-01
1.518972329795360565e-01
1.510700415819883347e-01
1.516437120735645294e-01
1.517204139381647110e-01
1.514145024120807648e-01
1.516342610120773315e-01
1.510241832584142685e-01
1.511303503066301346e-01
1.517038121819496155e-01
1.513550337404012680e-01
1.514984052628278732e-01
1.523383259773254395e-01
1.533494777977466583e-01
1.525244209915399551e-01
1.512184273451566696e-01
1.515211537480354309e-01
1.519229151308536530e-01
1.521691977977752686e-01
1.521011218428611755e-01
1.529845371842384338e-01
1.539037954062223434e-01
1.532731819897890091e-01
1.526616830378770828e-01
1.522858384996652603e-01
1.516129188239574432e-01
1.524327471852302551e-01
1.525406390428543091e-01
1.513918098062276840e-01
1.508227251470088959e-01
1.508680172264575958e-01
1.524307075887918472e-01
1.522143036127090454e-01
1.512686759233474731e-01
1.511878073215484619e-01
1.514327283948659897e-01
1.522416565567255020e-01
1.533644385635852814e-01
1.531402133405208588e-01
1.515178959816694260e-01
1.510086804628372192e-01
1.508836001157760620e-01
1.511487513780593872e-01
1.519448421895503998e-01
1.521013118326663971e-01
1.540543381124734879e-01
1.540654040873050690e-01
1.524352878332138062e-01
1.516554933041334152e-01
1.508355438709259033e-01
1.516309212893247604e-01
1.528587471693754196e-01
1.516047455370426178e-01
1.507586259394884109e-01
1.504854485392570496e-01
1.508662812411785126e-01
1.510527599602937698e-01
1.519691813737154007e-01
1.518796253949403763e-01
1.514397095888853073e-01
1.508687287569046021e-01
1.539165582507848740e-01
1.538617201149463654e-01
1.520619373768568039e-01
1.511454023420810699e-01
1.509743146598339081e-01
1.507310587912797928e-01
1.506400611251592636e-01
1.510837171226739883e-01
1.507887281477451324e-01
1.506402343511581421e-01
1.504476051777601242e-01
1.501994878053665161e-01
1.508227419108152390e-01
1.506634987890720367e-01
1.500931140035390854e-01
1.510020494461059570e-01
1.504268459975719452e-01
1.500974334776401520e-01
1.502586528658866882e-01
1.497853100299835205e-01
1.501555200666189194e-01
1.499940492212772369e-01
1.496951878070831299e-01
1.506189275532960892e-01
1.512581370770931244e-01
1.501695048063993454e-01
1.503962874412536621e-01
1.500985492020845413e-01
1.497151590883731842e-01
1.491126865148544312e-01
1.501921806484460831e-01
1.492515336722135544e-01
1.502071302384138107e-01
1.510431431233882904e-01
1.511139888316392899e-01
1.511478964239358902e-01
1.506225299090147018e-01
1.508835367858409882e-01
1.506883986294269562e-01
1.500505432486534119e-01
1.493229772895574570e-01
1.490214075893163681e-01
1.489223651587963104e-01
1.495035272091627121e-01
1.499219052493572235e-01
1.493239291012287140e-01
1.492963917553424835e-01
1.507287509739398956e-01
1.505704522132873535e-01
1.508188769221305847e-01
1.498018521815538406e-01
1.493674162775278091e-01
1.500899586826562881e-01
1.497770100831985474e-01
1.491148788481950760e-01
1.495916470885276794e-01
1.497463248670101166e-01
1.491117067635059357e-01
1.501097362488508224e-01
1.492388714104890823e-01
1.493813022971153259e-01
1.487985141575336456e-01
1.493988167494535446e-01
1.501932945102453232e-01
1.505662109702825546e-01
1.495376713573932648e-01
1.493532191962003708e-01
1.502159480005502701e-01
1.503377947956323624e-01
1.498901806771755219e-01
1.491200551390647888e-01
1.490306295454502106e-01
1.492306794971227646e-01
1.499082520604133606e-01
1.497285664081573486e-01
1.496352292597293854e-01
1.502281855791807175e-01
1.493769325315952301e-01
1.506281979382038116e-01
1.508031990379095078e-01
1.495562493801116943e-01
1.493617109954357147e-01
1.490613147616386414e-01
1.487979739904403687e-01
1.490211337804794312e-01
1.485817991197109222e-01
1.488292180001735687e-01
1.487296521663665771e-01
1.489709410816431046e-01
1.491042710840702057e-01
1.488219462335109711e-01
1.491855122148990631e-01
1.494082268327474594e-01
1.495765317231416702e-01
1.508242711424827576e-01
1.499476991593837738e-01
1.495104227215051651e-01
1.496242750436067581e-01
1.496044956147670746e-01
1.503244061022996902e-01
1.494387798011302948e-01
1.490780599415302277e-01
1.495666019618511200e-01
1.494526341557502747e-01
1.505353767424821854e-01
1.501242220401763916e-01
1.500918865203857422e-01
1.485735345631837845e-01
1.480095088481903076e-01
1.480783615261316299e-01
1.489656157791614532e-01
1.484396681189537048e-01
1.480492148548364639e-01
1.488410513848066330e-01
1.484539937227964401e-01
1.484421845525503159e-01
1.483635418117046356e-01
1.486747749149799347e-01
1.492762248963117599e-01
1.496770456433296204e-01
1.487389467656612396e-01
1.483704429119825363e-01
1.480171903967857361e-01
1.482257898896932602e-01
1.482488233596086502e-01
1.478456854820251465e-01
1.478886827826499939e-01
1.479860916733741760e-01
1.483860369771718979e-01
1.488196719437837601e-01
1.482904739677906036e-01
1.481994539499282837e-01
1.480671651661396027e-01
1.488604769110679626e-01
1.488852053880691528e-01
1.486003417521715164e-01
1.487271040678024292e-01
1.491267532110214233e-01
1.501614935696125031e-01
1.494332142174243927e-01
1.483460217714309692e-01
1.482869535684585571e-01
1.480792481452226639e-01
1.482847668230533600e-01
1.487835329025983810e-01
1.484314519912004471e-01
1.483998354524374008e-01
1.479220557957887650e-01
1.479144282639026642e-01
1.482202485203742981e-01
1.478003449738025665e-01
1.479241326451301575e-01
1.483580619096755981e-01
1.482019480317831039e-01
1.483066286891698837e-01
1.488987188786268234e-01
1.485577542334794998e-01
1.480120755732059479e-01
1.516990289092063904e-01
1.511914283037185669e-01
1.499585341662168503e-01
1.490064561367034912e-01
1.485719736665487289e-01
1.481082029640674591e-01
1.484490018337965012e-01
1.479978393763303757e-01
1.478944886475801468e-01
1.477676145732402802e-01
1.474543400108814240e-01
1.479382272809743881e-01
1.480852235108613968e-01
1.474520005285739899e-01
1.476808544248342514e-01
1.473987288773059845e-01
1.475225426256656647e-01
1.476672030985355377e-01
1.478572376072406769e-01
1.478413920849561691e-01
1.475495882332324982e-01
1.469593271613121033e-01
1.470484640449285507e-01
1.481443345546722412e-01
1.481918469071388245e-01
1.483351066708564758e-01
1.481013204902410507e-01
1.476576104760169983e-01
1.483614929020404816e-01
1.484026443213224411e-01
1.481259129941463470e-01
1.480928994715213776e-01
1.477344110608100891e-01
1.487058624625205994e-01
1.486758422106504440e-01
1.486843656748533249e-01
1.492253635078668594e-01
1.481557600200176239e-01
1.477899271994829178e-01
1.473600231111049652e-01
1.475491002202033997e-01
1.476979404687881470e-01
1.468756385147571564e-01
1.466256305575370789e-01
1.478255186229944229e-01
1.497590560466051102e-01
1.596910487860441208e-01
1.571453865617513657e-01
1.523055750876665115e-01
1.495481636375188828e-01
1.487689968198537827e-01
1.477355211973190308e-01
1.474912799894809723e-01
1.469559334218502045e-01
1.465337630361318588e-01
1.470184698700904846e-01
1.473916098475456238e-01
1.477154307067394257e-01
1.473851706832647324e-01
1.478185299783945084e-01
1.471779812127351761e-01
1.474156733602285385e-01
1.474779471755027771e-01
1.485367286950349808e-01
1.471886690706014633e-01
1.486762706190347672e-01
1.485264580696821213e-01
1.481339931488037109e-01
1.475378535687923431e-01
1.477372627705335617e-01
1.477424465119838715e-01
1.477328334003686905e-01
1.471989098936319351e-01
1.475621517747640610e-01
1.470516640692949295e-01
1.474172566086053848e-01
1.475003920495510101e-01
1.480771973729133606e-01
1.475810091942548752e-01
1.470170244574546814e-01
1.468534357845783234e-01
1.466322503983974457e-01
1.466420795768499374e-01
1.467951629310846329e-01
1.465526372194290161e-01
1.466281507164239883e-01
1.467769593000411987e-01
1.470251511782407761e-01
1.462296489626169205e-01
1.468666940927505493e-01
1.470869611948728561e-01
1.473692357540130615e-01
1.472322959452867508e-01
1.473653335124254227e-01
1.478863675147294998e-01
1.471778322011232376e-01
1.468662079423666000e-01
1.467273999005556107e-01
1.467296332120895386e-01
1.472724098712205887e-01
1.467441767454147339e-01
1.471515931189060211e-01
1.466727945953607559e-01
1.462974231690168381e-01
1.464973185211420059e-01
1.462230384349822998e-01
1.470056455582380295e-01
1.467567905783653259e-01
1.471405383199453354e-01
1.468013357371091843e-01
1.464823335409164429e-01
1.462060846388339996e-01
1.471619028598070145e-01
1.474582310765981674e-01
1.473084483295679092e-01
1.476655267179012299e-01
1.470670551061630249e-01
1.470440346747636795e-01
1.474879924207925797e-01
1.466519497334957123e-01
1.473069638013839722e-01
1.476578153669834137e-01
1.468026004731655121e-01
1.465545725077390671e-01
1.461866758763790131e-01
1.467014066874980927e-01
1.465060785412788391e-01
1.465046200901269913e-01
1.459507960826158524e-01
1.457725055515766144e-01
1.457900758832693100e-01
1.461234930902719498e-01
1.460986435413360596e-01
1.467185784131288528e-01
1.475836485624313354e-01
1.474151331931352615e-01
1.472727339714765549e-01
1.467193551361560822e-01
1.460587047040462494e-01
1.462035756558179855e-01
1.461809016764163971e-01
1.464162282645702362e-01
1.462957523763179779e-01
1.459477823227643967e-01
1.469709575176239014e-01
1.469538677483797073e-01
1.472983025014400482e-01
1.463291049003601074e-01
1.460888385772705078e-01
1.460593361407518387e-01
1.461208406835794449e-01
1.464420035481452942e-01
1.468056496232748032e-01
1.466965563595294952e-01
1.463135294616222382e-01
1.461006496101617813e-01
1.460523400455713272e-01
1.463096495717763901e-01
1.461059898138046265e-01
1.459389552474021912e-01
1.465144772082567215e-01
1.473271474242210388e-01
1.472285185009241104e-01
1.472394261509180069e-01
1.468277201056480408e-01
1.470957528799772263e-01
1.466710772365331650e-01
1.470671407878398895e-01
1.471457257866859436e-01
1.475210562348365784e-01
1.481533907353878021e-01
1.522228792309761047e-01
