5.263157894736841987e-03
5.263157894736841987e-03
6.000000000000000125e-03
5.000000000000000104e-03
7.157894736842105275e-03
8.000000000000000167e-03
1.136842105263157973e-02
2.331578947368420987e-02
5.105263157894737031e-02
6.800000000000000488e-02
7.394736842105263663e-02
7.831578947368421362e-02
8.147368421052630927e-02
8.652631578947368729e-02
9.152631578947367785e-02
9.863157894736841735e-02
1.043157894736842090e-01
1.153157894736842048e-01
1.187894736842105281e-01
1.314210526315789385e-01
1.355263157894736892e-01
1.493684210526315670e-01
1.639473684210526194e-01
1.809999999999999942e-01
1.924736842105263246e-01
2.083157894736842042e-01
2.296842105263157963e-01
2.386315789473684168e-01
2.628947368421052366e-01
2.723684210526315930e-01
2.812631578947368260e-01
3.101052631578947172e-01
3.412105263157894641e-01
3.518421052631579005e-01
3.662105263157894863e-01
3.995789473684210336e-01
4.144210526315789678e-01
4.342631578947368509e-01
4.405789473684210700e-01
4.446315789473684332e-01
4.831052631578947598e-01
4.941578947368421293e-01
5.074736842105262991e-01
5.178947368421052966e-01
5.334736842105263221e-01
5.403157894736841937e-01
5.530000000000000471e-01
5.684210526315789380e-01
5.878947368421052477e-01
5.828421052631579391e-01
6.116842105263158302e-01
6.221052631578947167e-01
6.297894736842105656e-01
6.083157894736842541e-01
6.450000000000000178e-01
6.569473684210526132e-01
6.536315789473684523e-01
6.533157894736841831e-01
6.644210526315789123e-01
6.732105263157894814e-01
6.901578947368420813e-01
6.936842105263157920e-01
7.112105263157895152e-01
7.137894736842105292e-01
7.057368421052631069e-01
7.134210526315789558e-01
7.235789473684210993e-01
7.281052631578946999e-01
7.422631578947368469e-01
7.448947368421052762e-01
7.516315789473684283e-01
7.464736842105262893e-01
7.362105263157894264e-01
7.644210526315790011e-01
7.780526315789473291e-01
7.767894736842104741e-01
7.873157894736841911e-01
7.882631578947368878e-01
7.702631578947368718e-01
7.999473684210526292e-01
7.914210526315789140e-01
7.860526315789473362e-01
8.031578947368420707e-01
7.918421052631579027e-01
8.198421052631579276e-01
8.184736842105263532e-01
8.164736842105263515e-01
8.246842105263157974e-01
8.142105263157894957e-01
8.148421052631579231e-01
8.294736842105263630e-01
8.271578947368420920e-01
8.486315789473684035e-01
8.108421052631579196e-01
8.446842105263158151e-01
8.480526315789473912e-01
8.537368421052631273e-01
8.570526315789473992e-01
8.638947368421052708e-01
8.624736842105262813e-01
8.449999999999999734e-01
8.531052631578946999e-01
8.723684210526315708e-01
8.556842105263158249e-01
8.755789473684210122e-01
8.778421052631578680e-01
8.685789473684210060e-01
8.786842105263157343e-01
8.761578947368421355e-01
8.498947368421052584e-01
8.295789473684210824e-01
8.715263157894737045e-01
8.801578947368421391e-01
8.841052631578947274e-01
8.788421052631578689e-01
8.914736842105263070e-01
8.690526315789474099e-01
8.953684210526315912e-01
8.904210526315790020e-01
8.840000000000000080e-01
8.916842105263157459e-01
9.080526315789473335e-01
9.068947368421053090e-01
9.009473684210526079e-01
9.029473684210526097e-01
9.010000000000000231e-01
9.076315789473684559e-01
9.136315789473684612e-01
9.111052631578947514e-01
9.055789473684210389e-01
8.820000000000000062e-01
9.154210526315789132e-01
9.134736842105263266e-01
9.181052631578947576e-01
9.081052631578947487e-01
9.078947368421053099e-01
9.120526315789473371e-01
9.100000000000000311e-01
9.169473684210526221e-01
9.271052631578947656e-01
9.196315789473684665e-01
9.277368421052631930e-01
9.161052631578947558e-01
9.283684210526316205e-01
9.323684210526316241e-01
9.295789473684210602e-01
9.313157894736842080e-01
9.286842105263157787e-01
9.251578947368420680e-01
8.987894736842104715e-01
9.116315789473684594e-01
9.183684210526316116e-01
9.308421052631579151e-01
9.362105263157894930e-01
8.863157894736841680e-01
9.261578947368420689e-01
9.263684210526316187e-01
9.194210526315789167e-01
9.314736842105263426e-01
9.414736842105263515e-01
9.335263157894736485e-01
9.294210526315789256e-01
9.359473684210526390e-01
9.467368421052632099e-01
9.428947368421052300e-01
9.383684210526316294e-01
9.502631578947368096e-01
9.450526315789473664e-01
9.489473684210526505e-01
9.487894736842105159e-01
9.406842105263157894e-01
9.488421052631579311e-01
9.464210526315789407e-01
9.424736842105263523e-01
9.497894736842105168e-01
9.524210526315789460e-01
9.508421052631579329e-01
9.515789473684210797e-01
9.545263157894736672e-01
9.536315789473683857e-01
9.561052631578947913e-01
9.524210526315789460e-01
9.563684210526315344e-01
9.455263157894736592e-01
9.561578947368420955e-01
9.521052631578947878e-01
9.612631578947368194e-01
9.604210526315789531e-01
9.585789473684210860e-01
9.576315789473683893e-01
9.562105263157895108e-01
9.623157894736842355e-01
9.579999999999999627e-01
9.612631578947368194e-01
9.606315789473683919e-01
9.545789473684210824e-01
9.611052631578946848e-01
9.454736842105263550e-01
9.507894736842105177e-01
9.491052631578947851e-01
9.592105263157895134e-01
9.661578947368421044e-01
9.671578947368421053e-01
9.654210526315789576e-01
9.636315789473683946e-01
9.676315789473683981e-01
9.653684210526315423e-01
9.623157894736842355e-01
9.663684210526315432e-01
9.674736842105262635e-01
9.663684210526315432e-01
9.604210526315789531e-01
9.671052631578946901e-01
9.424210526315789371e-01
9.519473684210526532e-01
9.686315789473683990e-01
9.697368421052631193e-01
9.679999999999999716e-01
9.664210526315789584e-01
9.641578947368421026e-01
9.659473684210526656e-01
9.646315789473683955e-01
9.685789473684210948e-01
9.530526315789473735e-01
9.702631578947368274e-01
9.652631578947368229e-01
9.615789473684210886e-01
9.722631578947368292e-01
9.719999999999999751e-01
9.678947368421052522e-01
9.573157894736842310e-01
9.595263157894736716e-01
9.696315789473683999e-01
9.628947368421052477e-01
9.719999999999999751e-01
9.687894736842105337e-01
9.567894736842105230e-01
9.662105263157895196e-01
9.714736842105262671e-01
9.742631578947368309e-01
9.746315789473684044e-01
9.739999999999999769e-01
9.751578947368421124e-01
9.758421052631578441e-01
9.732631578947368300e-01
9.731578947368421106e-01
9.761578947368421133e-01
9.763157894736842479e-01
9.764736842105262715e-01
9.776315789473684070e-01
9.761578947368421133e-01
9.757368421052631247e-01
9.734210526315789647e-01
9.791052631578947008e-01
9.758421052631578441e-01
9.782631578947368345e-01
9.765789473684211019e-01
9.777894736842105416e-01
9.781578947368421151e-01
9.741052631578946963e-01
9.781578947368421151e-01
9.739999999999999769e-01
9.779473684210526763e-01
9.805263157894736903e-01
9.782105263157894193e-01
9.774210526315789682e-01
9.781052631578946999e-01
9.792631578947368354e-01
9.787894736842105425e-01
9.777368421052631264e-01
9.792105263157894202e-01
9.719473684210526709e-01
9.761578947368421133e-01
9.766315789473684061e-01
9.795789473684211046e-01
9.776842105263158222e-01
9.789999999999999813e-01
9.808421052631578485e-01
9.805789473684211055e-01
9.784736842105262733e-01
9.813157894736842524e-01
9.816842105263158258e-01
9.812105263157894219e-01
9.792105263157894202e-01
9.734210526315789647e-01
9.761052631578946981e-01
9.791052631578947008e-01
9.816315789473684106e-01
9.783684210526315539e-01
9.831578947368421195e-01
9.802631578947368363e-01
9.776315789473684070e-01
9.813684210526315566e-01
9.725789473684210984e-01
9.828947368421052655e-01
9.835263157894736930e-01
9.808947368421052637e-01
9.832631578947368389e-01
9.775789473684211028e-01
9.835263157894736930e-01
9.752105263157895276e-01
9.359473684210526390e-01
9.749999999999999778e-01
9.808421052631578485e-01
9.842105263157894246e-01
9.810526315789473983e-01
9.847894736842105479e-01
9.831578947368421195e-01
9.832631578947368389e-01
9.830526315789474001e-01
9.809473684210526789e-01
9.798421052631578476e-01
9.738947368421052575e-01
9.842105263157894246e-01
9.803684210526315557e-01
9.829473684210526807e-01
9.851052631578947061e-01
9.825263157894736921e-01
9.854210526315789753e-01
9.843684210526315592e-01
9.847894736842105479e-01
9.833157894736842541e-01
9.849999999999999867e-01
9.827894736842105461e-01
9.851578947368421213e-01
9.812631578947368372e-01
9.847894736842105479e-01
9.857894736842105488e-01
9.859999999999999876e-01
9.845789473684209980e-01
9.844210526315789744e-01
9.836842105263158276e-01
9.863684210526315610e-01
9.860526315789474028e-01
9.858421052631578529e-01
9.861578947368421222e-01
9.857368421052631335e-01
9.863684210526315610e-01
9.803157894736842515e-01
9.858421052631578529e-01
9.872631578947368425e-01
9.849473684210526825e-01
9.868421052631578538e-01
9.857894736842105488e-01
9.847368421052631327e-01
9.863157894736842568e-01
9.825789473684211073e-01
9.868421052631578538e-01
9.873684210526315619e-01
9.866315789473684150e-01
9.867894736842105496e-01
9.855263157894736947e-01
9.877368421052631353e-01
9.856315789473684141e-01
9.871052631578947079e-01
9.837368421052631318e-01
9.873157894736842577e-01
9.851578947368421213e-01
9.877368421052631353e-01
9.882631578947368434e-01
9.887368421052631362e-01
9.875263157894736965e-01
9.894210526315789789e-01
9.863157894736842568e-01
9.882631578947368434e-01
9.860526315789474028e-01
9.873157894736842577e-01
9.879999999999999893e-01
9.869999999999999885e-01
9.870526315789474037e-01
9.872631578947368425e-01
9.900526315789474063e-01
