1.003009080886840820e+00
1.013022383054097419e+00
8.027915755907694129e-01
1.020841538906097412e+00
6.731979052225748328e-01
6.943350434303283691e-01
7.227693200111389160e-01
7.301822106043497351e-01
7.440142035484313965e-01
7.400521636009216309e-01
7.750717798868814734e-01
7.940403223037719727e-01
8.329658110936483117e-01
8.245350718498229980e-01
8.485104640324910852e-01
8.666342894236246375e-01
8.445168137550354004e-01
8.779465158780416223e-01
8.802093068758646277e-01
8.710746765136718750e-01
9.036239782969156531e-01
8.991564512252807617e-01
9.000008900960286828e-01
9.151120384534200403e-01
9.119061430295308801e-01
9.222934047381082800e-01
9.254304965337117883e-01
9.266378680864969519e-01
9.234624703725179407e-01
9.329291780789693567e-01
9.421339829762777063e-01
9.543820420900980261e-01
9.484577178955078125e-01
9.495911399523416785e-01
9.594863653182983398e-01
9.554035266240438196e-01
9.573099613189697266e-01
9.724544684092203406e-01
9.746770262718200684e-01
9.778270324071248742e-01
9.751877188682556152e-01
9.744643568992614746e-01
9.762639999389648438e-01
9.861292640368143347e-01
9.890883962313333777e-01
9.970820347468057898e-01
9.932581186294555664e-01
1.003699282805124993e+00
1.003253817558288574e+00
9.988619883855184289e-01
1.009826819101969475e+00
1.023004472255706787e+00
1.010729730129241943e+00
1.015643477439880371e+00
1.017596503098805671e+00
1.018850743770599365e+00
1.025937636693318611e+00
1.025023698806762695e+00
1.029573440551757812e+00
1.033239324887593513e+00
1.040678739547729492e+00
1.042687197526295906e+00
1.032988131046295166e+00
1.034691592057545906e+00
1.042330741882324219e+00
1.048492789268493652e+00
1.042340318361918206e+00
1.058855454126993889e+00
1.051642537117004395e+00
1.043974856535593743e+00
1.053816239039103264e+00
1.054551521937052483e+00
1.056840360164642334e+00
1.066463728745778328e+00
1.062622388203938728e+00
1.061265349388122559e+00
1.075774669647216797e+00
1.072037339210510254e+00
1.068668504556020027e+00
1.069308121999104744e+00
1.070851484934489006e+00
1.070574164390563965e+00
1.071185390154520745e+00
1.082221964995066399e+00
1.081820448239644294e+00
1.087611953417460198e+00
1.084444920221964592e+00
1.095887581507364983e+00
1.092647671699523926e+00
1.093593517939249748e+00
1.092367470264434814e+00
1.091554741064707512e+00
1.099800825119018555e+00
1.094974239667256599e+00
1.087806304295857673e+00
1.091590225696563721e+00
1.101592063903808594e+00
1.098625580469767327e+00
1.102665980656941658e+00
1.105410099029541016e+00
1.103495677312215095e+00
