2.000000000000000111e-01
2.000000000000000111e-01
4.266666666666666941e-01
5.400000000000000355e-01
6.146666666666666945e-01
6.686666666666666314e-01
6.899999999999999467e-01
7.339999999999999858e-01
7.346666666666666901e-01
7.613333333333333064e-01
7.573333333333333028e-01
7.500000000000000000e-01
7.626666666666667149e-01
7.660000000000000142e-01
7.620000000000000107e-01
7.653333333333333099e-01
7.800000000000000266e-01
7.660000000000000142e-01
7.740000000000000213e-01
7.700000000000000178e-01
7.773333333333333206e-01
7.793333333333333224e-01
7.766666666666666163e-01
7.753333333333333188e-01
7.740000000000000213e-01
7.740000000000000213e-01
7.793333333333333224e-01
7.780000000000000249e-01
7.773333333333333206e-01
7.766666666666666163e-01
7.760000000000000231e-01
7.726666666666666128e-01
7.733333333333333171e-01
7.760000000000000231e-01
7.786666666666666181e-01
7.786666666666666181e-01
7.773333333333333206e-01
7.766666666666666163e-01
7.780000000000000249e-01
7.780000000000000249e-01
7.780000000000000249e-01
7.766666666666666163e-01
7.766666666666666163e-01
7.760000000000000231e-01
7.753333333333333188e-01
7.760000000000000231e-01
7.746666666666666146e-01
7.760000000000000231e-01
7.773333333333333206e-01
7.773333333333333206e-01
7.753333333333333188e-01
7.740000000000000213e-01
7.753333333333333188e-01
7.766666666666666163e-01
7.800000000000000266e-01
7.760000000000000231e-01
7.753333333333333188e-01
7.753333333333333188e-01
7.766666666666666163e-01
7.746666666666666146e-01
7.753333333333333188e-01
7.746666666666666146e-01
7.766666666666666163e-01
7.746666666666666146e-01
7.800000000000000266e-01
7.806666666666666199e-01
7.740000000000000213e-01
7.753333333333333188e-01
7.780000000000000249e-01
7.800000000000000266e-01
7.766666666666666163e-01
7.746666666666666146e-01
7.720000000000000195e-01
7.733333333333333171e-01
7.733333333333333171e-01
7.740000000000000213e-01
7.726666666666666128e-01
7.740000000000000213e-01
7.746666666666666146e-01
7.766666666666666163e-01
7.760000000000000231e-01
7.780000000000000249e-01
7.760000000000000231e-01
7.780000000000000249e-01
7.800000000000000266e-01
7.786666666666666181e-01
7.780000000000000249e-01
7.766666666666666163e-01
7.706666666666667220e-01
7.720000000000000195e-01
7.760000000000000231e-01
7.753333333333333188e-01
7.746666666666666146e-01
7.740000000000000213e-01
7.740000000000000213e-01
7.726666666666666128e-01
7.746666666666666146e-01
7.773333333333333206e-01
7.793333333333333224e-01
7.753333333333333188e-01
7.753333333333333188e-01
