1.002479354540507073e+00
1.073911348978678459e+00
1.660866022109985352e+00
1.966342290242512947e+00
1.302218834559122795e+00
8.456348578135172156e-01
7.564818064371744422e-01
7.666098276774088172e-01
7.883491118748983117e-01
7.733271519343057898e-01
8.101305762926737097e-01
8.252104322115579871e-01
8.135087887446085242e-01
8.155979315439859656e-01
8.029215733210245398e-01
8.669255375862121582e-01
8.578504522641500207e-01
8.719757397969564172e-01
8.990017573038736609e-01
9.340798854827880859e-01
8.945935567220052453e-01
9.027979373931884766e-01
9.061253070831298828e-01
8.961161573727925989e-01
9.002512296040853235e-01
9.062312245368957520e-01
9.014030893643697473e-01
9.195101857185363770e-01
9.262099266052246094e-01
9.198532104492187500e-01
9.238711595535278320e-01
9.253877003987630578e-01
9.309531847635904578e-01
9.266922275225321082e-01
9.357835253079732629e-01
9.324058691660562781e-01
9.369512001673380164e-01
9.415322144826253625e-01
9.511135021845499304e-01
9.495896100997924805e-01
9.408979018529256555e-01
9.531247814496358606e-01
9.650512139002481726e-01
9.650126695632934570e-01
9.583115379015604285e-01
9.605584144592285156e-01
9.667725165685018274e-01
9.665689071019490930e-01
9.695199728012084961e-01
9.722001949946085242e-01
9.907347361246744422e-01
9.808174371719360352e-01
9.820033113161722449e-01
9.708811044692993164e-01
9.804393649101257324e-01
9.881266355514526367e-01
9.850784937540689734e-01
9.785522619883219031e-01
9.902815421422322961e-01
9.948292970657348633e-01
1.002294818560282463e+00
9.924021760622659949e-01
9.891088406244913367e-01
9.958658615748087195e-01
1.004278182983398438e+00
1.005101223786671882e+00
1.002047499020894294e+00
1.003912429014841790e+00
9.999506473541259766e-01
1.007642964522043938e+00
1.011283198992411370e+00
1.005442818005879646e+00
1.007764220237731934e+00
1.007916688919067383e+00
1.011509239673614502e+00
1.019212802251179939e+00
1.018080989519755120e+00
1.012303253014882332e+00
1.020677566528320312e+00
1.023116211096445793e+00
1.026570479075114006e+00
1.030852238337198967e+00
1.026268482208251953e+00
1.019906878471374512e+00
1.023216843605041504e+00
1.027715742588043213e+00
1.028518120447794670e+00
1.028086304664611816e+00
1.035283446311950684e+00
1.035872220993041992e+00
1.041645387808481926e+00
1.038364569346110100e+00
1.043659031391143799e+00
1.036474625269572014e+00
1.037474691867828369e+00
1.035142858823140388e+00
1.042948186397552490e+00
1.045593738555908203e+00
1.047036707401275635e+00
1.047312676906585693e+00
1.049586474895477295e+00
